0 0.43882 0.548852 0.438565 0.549194 0.438565 0.549537 0.439328 0.549537 0.439328 0.549194 0.439074 0.548852
0 0.44289 0.547137 0.442635 0.54748 0.442381 0.54748 0.442381 0.547823 0.442635 0.548166 0.44289 0.548166 0.443144 0.547823 0.44289 0.54748
0 0.43653 0.54131 0.436276 0.541652 0.436276 0.542338 0.43653 0.541995 0.436785 0.541995 0.436785 0.541652
0 0.485881 0.471375 0.485627 0.471718 0.485373 0.471718 0.485118 0.47206 0.485373 0.472403 0.485373 0.472746 0.485881 0.472746 0.485881 0.472403 0.486136 0.47206 0.48639 0.47206 0.48639 0.471375
0 0.489443 0.469318 0.489189 0.469661 0.488934 0.469661 0.488934 0.470003 0.489189 0.470346 0.489697 0.469661 0.489697 0.469318
0 0.496057 0.465204 0.495803 0.465547 0.496057 0.46589 0.496311 0.46589 0.496566 0.465547 0.496311 0.465204
0 0.498601 0.46349 0.498346 0.463833 0.498092 0.463833 0.497838 0.464176 0.497583 0.464176 0.497583 0.464861 0.498092 0.464861 0.498346 0.464518 0.498601 0.464518 0.498855 0.464176 0.49911 0.464176 0.49911 0.46349
0 0.651234 0.461776 0.650979 0.462119 0.650725 0.462119 0.650471 0.462461 0.650216 0.462461 0.649962 0.462804 0.650471 0.462804 0.650725 0.462461 0.651234 0.462461 0.651488 0.462119 0.651488 0.461776
0 0.650725 0.459719 0.650725 0.460062 0.650979 0.460405 0.651234 0.460405 0.650979 0.460062 0.650979 0.459719
0 0.509285 0.456976 0.509031 0.457319 0.509031 0.457662 0.509794 0.457662 0.50954 0.457319 0.50954 0.456976
0 0.522513 0.448749 0.522259 0.449092 0.522259 0.449434 0.522513 0.449092 0.522768 0.449092
0 0.523531 0.448063 0.523277 0.448406 0.523531 0.448749 0.523531 0.449092 0.523785 0.448749 0.523785 0.448063
0 0.52582 0.446692 0.525566 0.447035 0.525312 0.447035 0.525057 0.447377 0.524803 0.447377 0.524548 0.44772 0.524294 0.44772 0.524294 0.448063 0.524548 0.448406 0.525312 0.447377 0.525566 0.44772 0.52582 0.44772 0.526075 0.448063 0.526329 0.448063 0.526584 0.44772 0.526329 0.447377 0.526329 0.447035 0.526075 0.446692
0 0.528619 0.444978 0.528364 0.445321 0.52811 0.445321 0.528364 0.445663 0.528364 0.446006 0.528619 0.446349 0.529127 0.445663 0.529127 0.445321 0.528873 0.444978
0 0.530145 0.443949 0.529891 0.444292 0.529636 0.444292 0.529636 0.444978 0.529891 0.445321 0.530145 0.445321 0.530399 0.444978 0.530145 0.444635 0.530399 0.444292
0 0.632663 0.384299 0.632409 0.384642 0.632409 0.384985 0.632918 0.384985 0.632918 0.384299
0 0.638769 0.380528 0.638514 0.380871 0.63826 0.380871 0.638514 0.381214 0.638769 0.380871
0 0.651488 0.278711 0.651234 0.279054 0.650979 0.279054 0.650725 0.279397 0.650216 0.279397 0.649962 0.279739 0.649707 0.279739 0.649453 0.280082 0.649199 0.280082 0.648944 0.280425 0.64869 0.280425 0.648436 0.280768 0.648181 0.280768 0.647927 0.281111 0.647672 0.281111 0.647418 0.281454 0.646909 0.281454 0.646655 0.281796 0.6464 0.281796 0.646146 0.282139 0.645892 0.282139 0.645637 0.282482 0.645383 0.282482 0.645128 0.282825 0.644874 0.282825 0.64462 0.283168 0.644111 0.283168 0.643857 0.28351 0.643602 0.28351 0.643348 0.283853 0.643093 0.283853 0.642839 0.284196 0.642585 0.284196 0.64233 0.284539 0.642076 0.284539 0.641821 0.284882 0.641567 0.284882 0.641567 0.285225 0.641821 0.285225 0.642076 0.285567 0.641821 0.28591 0.641567 0.28591 0.640804 0.286939 0.640549 0.286939 0.640295 0.286596 0.641058 0.285567 0.641058 0.285225 0.640804 0.285225 0.640549 0.285567 0.640295 0.285567 0.640041 0.28591 0.639786 0.28591 0.639786 0.286253 0.639532 0.286596 0.639278 0.286253 0.639023 0.286596 0.638769 0.286596 0.638514 0.286939 0.63826 0.286939 0.638006 0.287281 0.637497 0.287281 0.637242 0.287624 0.636988 0.287624 0.636734 0.287967 0.636479 0.287967 0.636479 0.28831 0.636988 0.28831 0.637242 0.288653 0.636988 0.288996 0.636734 0.288996 0.636479 0.289338 0.63597 0.289338 0.635716 0.288996 0.63597 0.288653 0.63597 0.28831 0.635716 0.288653 0.635462 0.288653 0.635207 0.288996 0.634699 0.288996 0.634444 0.289338 0.634444 0.289681 0.633935 0.290367 0.633681 0.290024 0.633172 0.290024 0.632918 0.290367 0.633172 0.290367 0.633427 0.29071 0.633427 0.291052 0.633172 0.291395 0.632663 0.291395 0.632409 0.291052 0.632409 0.29071 0.632155 0.29071 0.6319 0.291052 0.631392 0.291052 0.631392 0.291738 0.631646 0.292081 0.631392 0.292424 0.631137 0.292424 0.630883 0.292767 0.630628 0.292767 0.630374 0.293109 0.63012 0.293109 0.629865 0.293452 0.629356 0.293452 0.629102 0.293795 0.628593 0.293795 0.628339 0.293452 0.628339 0.293109 0.628084 0.293109 0.62783 0.293452 0.627576 0.293452 0.627321 0.293795 0.627067 0.293795 0.626813 0.294138 0.626558 0.294138 0.626304 0.294481 0.626049 0.294481 0.625795 0.294823 0.625286 0.294823 0.625032 0.295166 0.624777 0.295166 0.624523 0.295509 0.624269 0.295509 0.624269 0.296195 0.624014 0.296538 0.62376 0.296538 0.624014 0.29688 0.62376 0.297223 0.623505 0.297223 0.623505 0.297566 0.62376 0.297909 0.62376 0.298252 0.624523 0.29928 0.624523 0.300309 0.624777 0.300651 0.624777 0.300994 0.625032 0.301337 0.625032 0.302023 0.625286 0.302365 0.625286 0.302708 0.625541 0.303051 0.625541 0.303394 0.625795 0.303737 0.625795 0.30408 0.626049 0.304422 0.626049 0.304765 0.626304 0.305108 0.626304 0.305451 0.626558 0.305794 0.626558 0.306136 0.626304 0.306479 0.626049 0.306479 0.626304 0.306822 0.626304 0.307165 0.626558 0.307508 0.626558 0.307851 0.626813 0.308193 0.626813 0.308879 0.627067 0.309222 0.627067 0.309565 0.627321 0.309907 0.627321 0.31025 0.627576 0.310593 0.627576 0.310936 0.62783 0.311279 0.62783 0.311622 0.628084 0.311964 0.628084 0.312307 0.628339 0.31265 0.628339 0.313336 0.628593 0.313678 0.628593 0.314021 0.628848 0.314364 0.628848 0.314707 0.629102 0.31505 0.629102 0.315393 0.629356 0.315735 0.629356 0.316078 0.629611 0.316421 0.629611 0.317107 0.629865 0.317449 0.63012 0.317449 0.630374 0.317792 0.630374 0.318478 0.630628 0.318821 0.630628 0.319164 0.630883 0.319506 0.630883 0.319849 0.631137 0.320192 0.631137 0.320535 0.631392 0.320878 0.631392 0.32122 0.631646 0.321563 0.631646 0.322249 0.6319 0.322592 0.6319 0.322935 0.632155 0.323277 0.632155 0.32362 0.632409 0.323963 0.632409 0.324306 0.632663 0.324649 0.632663 0.324991 0.632918 0.325334 0.632918 0.326706 0.633172 0.327048 0.633172 0.327391 0.633427 0.327734 0.633427 0.328077 0.633681 0.32842 0.633681 0.328762 0.633935 0.329105 0.633935 0.329448 0.633681 0.329791 0.633681 0.330477 0.633935 0.330819 0.633935 0.331162 0.63419 0.331505 0.63419 0.331848 0.634444 0.332191 0.634444 0.332876 0.634699 0.333219 0.634699 0.333562 0.634953 0.333905 0.634953 0.334248 0.635207 0.33459 0.635207 0.334933 0.635462 0.335276 0.635462 0.335619 0.635716 0.335962 0.635716 0.336304 0.635462 0.336647 0.635716 0.33699 0.635716 0.337333 0.63597 0.337676 0.63597 0.338019 0.636225 0.338361 0.636225 0.338704 0.636479 0.339047 0.63597 0.339733 0.636225 0.340075 0.636225 0.340418 0.636734 0.340418 0.636988 0.340761 0.636988 0.341104 0.637242 0.341447 0.637242 0.34179 0.637497 0.342132 0.637497 0.342475 0.637751 0.342818 0.637751 0.343161 0.638006 0.343504 0.638006 0.343846 0.637751 0.344189 0.637751 0.345218 0.637497 0.345561 0.637242 0.345561 0.637242 0.346589 0.637497 0.346932 0.637497 0.348303 0.637751 0.348646 0.637751 0.348989 0.638006 0.349332 0.638006 0.349674 0.63826 0.350017 0.63826 0.35036 0.638514 0.350703 0.638514 0.351388 0.638769 0.351731 0.638769 0.352074 0.639023 0.352417 0.639023 0.35276 0.639278 0.353103 0.639278 0.353445 0.639532 0.353788 0.639532 0.354131 0.639786 0.354474 0.639786 0.354817 0.640041 0.355159 0.640041 0.356531 0.640295 0.356874 0.640295 0.357216 0.640549 0.357559 0.640549 0.357902 0.640804 0.358245 0.640804 0.35893 0.641058 0.359273 0.641058 0.359616 0.641313 0.359959 0.641313 0.360302 0.641567 0.360644 0.641567 0.360987 0.641821 0.36133 0.641821 0.361673 0.642076 0.362016 0.642076 0.362359 0.64233 0.362701 0.64233 0.363387 0.642585 0.36373 0.642585 0.364073 0.642839 0.364415 0.642839 0.364758 0.643093 0.365101 0.643093 0.365444 0.643348 0.365787 0.643348 0.36613 0.643602 0.366472 0.643602 0.367158 0.643857 0.367501 0.643857 0.367844 0.644111 0.368186 0.644111 0.368529 0.644365 0.368872 0.644365 0.369215 0.64462 0.369558 0.64462 0.369901 0.644874 0.370243 0.644874 0.370586 0.645128 0.370929 0.645128 0.371615 0.645383 0.371957 0.645383 0.372986 0.645637 0.373329 0.645637 0.373672 0.645892 0.374014 0.645892 0.374357 0.646146 0.3747 0.646146 0.375386 0.6464 0.375728 0.6464 0.376071 0.646655 0.376414 0.646146 0.3771 0.645892 0.376757 0.645637 0.376757 0.645383 0.376414 0.645128 0.376757 0.644874 0.376757 0.64462 0.3771 0.644365 0.3771 0.644111 0.377443 0.643602 0.377443 0.643602 0.377785 0.643857 0.378128 0.643093 0.379157 0.642839 0.379157 0.642585 0.378814 0.642839 0.378471 0.642839 0.378128 0.642585 0.378128 0.641567 0.379499 0.641313 0.379499 0.641058 0.379157 0.640804 0.379499 0.640295 0.379499 0.640041 0.379842 0.639786 0.379842 0.639786 0.380185 0.639532 0.380528 0.639786 0.380871 0.639532 0.381214 0.639532 0.381556 0.639023 0.382242 0.638514 0.382242 0.63826 0.382585 0.637751 0.382585 0.637497 0.382928 0.637242 0.382928 0.636988 0.38327 0.636734 0.38327 0.636479 0.383613 0.636225 0.383613 0.63597 0.38327 0.63597 0.382585 0.635462 0.382585 0.635207 0.382928 0.634953 0.382928 0.634953 0.38327 0.634699 0.383613 0.634444 0.383613 0.63419 0.383956 0.633935 0.383613 0.633681 0.383613 0.633681 0.383956 0.633935 0.384299 0.633681 0.384642 0.633427 0.384642 0.633681 0.384985 0.633172 0.38567 0.632918 0.38567 0.632663 0.386013 0.632409 0.386013 0.632155 0.386356 0.631646 0.386356 0.631392 0.386699 0.631137 0.386356 0.630883 0.386699 0.630628 0.386699 0.630374 0.387041 0.63012 0.387041 0.629865 0.386699 0.629865 0.386356 0.629356 0.386356 0.629356 0.387384 0.629102 0.387727 0.628848 0.387727 0.628593 0.38807 0.628339 0.387727 0.628339 0.387384 0.628084 0.387041 0.62783 0.387384 0.628084 0.387727 0.62783 0.38807 0.62783 0.388413 0.627576 0.388756 0.627321 0.388756 0.627067 0.389098 0.626813 0.389098 0.626558 0.389441 0.626049 0.389441 0.625795 0.389784 0.625541 0.389784 0.625286 0.390127 0.624777 0.390127 0.624523 0.389784 0.624523 0.389441 0.624269 0.389441 0.62376 0.390127 0.624014 0.39047 0.624014 0.390812 0.62376 0.391155 0.623505 0.391155 0.623251 0.391498 0.622742 0.391498 0.622488 0.391841 0.622234 0.391841 0.621979 0.392184 0.621725 0.391841 0.621725 0.391155 0.62147 0.391155 0.621216 0.391498 0.62147 0.391841 0.620962 0.392527 0.620453 0.391841 0.620198 0.392184 0.619944 0.392184 0.619944 0.392527 0.61969 0.392869 0.619435 0.392527 0.619181 0.392869 0.618926 0.392869 0.618672 0.393212 0.618163 0.393212 0.617909 0.393555 0.617655 0.393555 0.6174 0.393898 0.617146 0.393898 0.616891 0.394241 0.616637 0.394241 0.616383 0.394583 0.616128 0.394583 0.615619 0.395269 0.615365 0.394926 0.615111 0.395269 0.614856 0.395269 0.615111 0.395612 0.614856 0.395955 0.614602 0.395955 0.614347 0.395612 0.614093 0.395955 0.613839 0.395955 0.613584 0.396298 0.61333 0.396298 0.613076 0.39664 0.612821 0.39664 0.612821 0.396983 0.612567 0.397326 0.612312 0.396983 0.612058 0.396983 0.611804 0.397326 0.611549 0.397326 0.611295 0.397669 0.61104 0.397669 0.610786 0.398012 0.610532 0.398012 0.610277 0.398354 0.610023 0.398354 0.609769 0.398697 0.609514 0.398697 0.60926 0.39904 0.608751 0.39904 0.608497 0.399383 0.608242 0.399383 0.607988 0.399726 0.607733 0.399726 0.607479 0.400069 0.607225 0.400069 0.60697 0.400411 0.606716 0.400411 0.606461 0.400754 0.605953 0.400754 0.605698 0.401097 0.605444 0.401097 0.60519 0.40144 0.604935 0.40144 0.604681 0.401783 0.604426 0.401783 0.604172 0.402125 0.603918 0.402125 0.603663 0.402468 0.603409 0.402468 0.603154 0.402811 0.602646 0.402811 0.602391 0.403154 0.602137 0.403154 0.601882 0.403497 0.601628 0.403497 0.601374 0.40384 0.601119 0.40384 0.600865 0.404182 0.600611 0.404182 0.600356 0.404525 0.600102 0.404525 0.599847 0.404868 0.599339 0.404868 0.599084 0.405211 0.59883 0.405211 0.598575 0.405554 0.598067 0.405554 0.597812 0.405211 0.597812 0.404525 0.597558 0.404525 0.597303 0.404868 0.597049 0.404868 0.596795 0.405211 0.596795 0.405554 0.597049 0.405896 0.596795 0.406239 0.59654 0.406239 0.596286 0.406582 0.596032 0.406582 0.595777 0.406925 0.595523 0.406925 0.595268 0.407268 0.59476 0.407268 0.594251 0.406582 0.593996 0.406925 0.593742 0.406925 0.593488 0.407268 0.593233 0.407268 0.592979 0.407611 0.59247 0.407611 0.592216 0.407953 0.592216 0.408639 0.591961 0.408982 0.591707 0.408639 0.591453 0.408639 0.591198 0.408982 0.590944 0.408982 0.590689 0.409325 0.590689 0.409667 0.590435 0.41001 0.590181 0.409667 0.590181 0.409325 0.589926 0.409325 0.589672 0.409667 0.589417 0.409667 0.589417 0.41001 0.589163 0.410353 0.588909 0.41001 0.588654 0.41001 0.5884 0.410353 0.588146 0.410353 0.587891 0.410696 0.587637 0.410696 0.587382 0.411039 0.587382 0.411382 0.587637 0.411724 0.587382 0.412067 0.587128 0.412067 0.586874 0.41241 0.586619 0.41241 0.58611 0.411724 0.585856 0.411724 0.585856 0.412067 0.585602 0.41241 0.585347 0.41241 0.584584 0.413438 0.58433 0.413096 0.58433 0.413438 0.584075 0.413781 0.583821 0.413438 0.583567 0.413781 0.582549 0.413781 0.582295 0.414124 0.58204 0.414124 0.581786 0.414467 0.581531 0.414467 0.580768 0.415495 0.580514 0.415495 0.580514 0.415838 0.579751 0.416867 0.579242 0.416181 0.579242 0.415838 0.578988 0.416181 0.578733 0.416181 0.578479 0.416524 0.578224 0.416524 0.577716 0.417209 0.576952 0.417209 0.576189 0.418238 0.575935 0.417895 0.57568 0.418238 0.575426 0.418238 0.575172 0.418581 0.574917 0.418581 0.574663 0.418924 0.574409 0.418924 0.574154 0.419266 0.573645 0.419266 0.573391 0.419609 0.573137 0.419609 0.572882 0.419952 0.572628 0.419952 0.572373 0.420295 0.572119 0.420295 0.571865 0.420638 0.57161 0.420638 0.57161 0.42098 0.571356 0.421323 0.571102 0.421323 0.570847 0.421666 0.56983 0.421666 0.569575 0.422009 0.569321 0.422009 0.569321 0.422695 0.569066 0.423037 0.568812 0.422695 0.568558 0.423037 0.568303 0.423037 0.568049 0.42338 0.567794 0.42338 0.56754 0.423723 0.567286 0.42338 0.567031 0.42338 0.567031 0.423723 0.566777 0.424066 0.566523 0.423723 0.566268 0.424066 0.566014 0.424066 0.565759 0.424409 0.565505 0.424409 0.565759 0.424751 0.565505 0.425094 0.564996 0.425094 0.564742 0.425437 0.564487 0.425437 0.564233 0.42578 0.563979 0.42578 0.563979 0.426466 0.563724 0.426808 0.56347 0.426466 0.563215 0.426808 0.562707 0.426808 0.562961 0.427151 0.562707 0.427494 0.562198 0.427494 0.561944 0.427837 0.561689 0.427837 0.561435 0.42818 0.56118 0.42818 0.560926 0.428522 0.560672 0.428522 0.560417 0.428865 0.560163 0.428865 0.559908 0.429208 0.559654 0.429208 0.5594 0.429551 0.558891 0.429551 0.558636 0.429894 0.558382 0.429894 0.558128 0.430237 0.557873 0.430237 0.557619 0.430579 0.557365 0.430579 0.55711 0.430922 0.556856 0.430922 0.556601 0.431265 0.556093 0.431265 0.555838 0.431608 0.555584 0.431608 0.555329 0.431951 0.555075 0.431951 0.554821 0.432293 0.554566 0.432293 0.554312 0.432636 0.554057 0.432636 0.553803 0.432979 0.553549 0.432979 0.553294 0.433322 0.552786 0.433322 0.552531 0.433665 0.552277 0.433665 0.551768 0.43435 0.552022 0.434693 0.551768 0.435036 0.551768 0.435379 0.551514 0.435722 0.551514 0.436407 0.551005 0.437093 0.551005 0.438464 0.551259 0.438807 0.551005 0.43915 0.551005 0.440864 0.55075 0.441207 0.550496 0.441207 0.550496 0.44155 0.550242 0.441892 0.549987 0.441892 0.549733 0.442235 0.549479 0.441892 0.54897 0.441892 0.548715 0.44155 0.548461 0.44155 0.547952 0.440864 0.547698 0.440864 0.547443 0.440521 0.547443 0.440178 0.547189 0.439835 0.547189 0.43915 0.546935 0.43915 0.546426 0.438464 0.545917 0.438464 0.545663 0.438121 0.545408 0.438464 0.544645 0.438464 0.544391 0.438807 0.544136 0.438807 0.543882 0.43915 0.543628 0.43915 0.543373 0.438807 0.543119 0.43915 0.542864 0.43915 0.54261 0.439493 0.542356 0.439493 0.542101 0.439835 0.541847 0.439835 0.541592 0.440178 0.541338 0.440178 0.541084 0.440521 0.540575 0.440521 0.540321 0.440178 0.539557 0.440178 0.539557 0.440864 0.539303 0.441207 0.539049 0.441207 0.538794 0.44155 0.53854 0.44155 0.53854 0.441892 0.538285 0.442235 0.537522 0.442235 0.537268 0.441892 0.535996 0.443606 0.535742 0.443606 0.535487 0.443264 0.535487 0.442578 0.535996 0.441892 0.535742 0.44155 0.535742 0.441207 0.534724 0.441207 0.534724 0.441892 0.53447 0.442235 0.534215 0.441892 0.534215 0.44155 0.533961 0.441892 0.533706 0.441892 0.533706 0.442235 0.533961 0.442578 0.53447 0.442578 0.53447 0.442235 0.534724 0.441892 0.534978 0.442235 0.534978 0.443264 0.535233 0.443606 0.534978 0.443949 0.534215 0.443949 0.533961 0.443606 0.533961 0.443264 0.533706 0.443264 0.532943 0.444292 0.532689 0.444292 0.532434 0.444635 0.53218 0.444635 0.531926 0.444978 0.531671 0.444978 0.531163 0.444292 0.530908 0.444292 0.530908 0.445321 0.530399 0.446006 0.529891 0.446006 0.529891 0.446349 0.530145 0.446692 0.529891 0.447035 0.529636 0.447035 0.529382 0.446692 0.528619 0.44772 0.528364 0.44772 0.52811 0.448063 0.527856 0.44772 0.527856 0.447377 0.527601 0.447035 0.527601 0.446692 0.527347 0.447035 0.527092 0.447035 0.527092 0.447377 0.527347 0.44772 0.527347 0.448406 0.527092 0.448749 0.526838 0.448749 0.526584 0.449092 0.526329 0.449092 0.526075 0.449434 0.525566 0.449434 0.525312 0.449777 0.525057 0.449777 0.524803 0.45012 0.524548 0.45012 0.524294 0.450463 0.52404 0.450463 0.523785 0.450806 0.523531 0.450806 0.523277 0.451148 0.523022 0.451148 0.522768 0.451491 0.522259 0.451491 0.522005 0.451834 0.52175 0.451834 0.521496 0.452177 0.521241 0.452177 0.520987 0.45252 0.520733 0.45252 0.520478 0.452863 0.520224 0.452863 0.519969 0.453205 0.519715 0.452863 0.519715 0.452177 0.519461 0.452177 0.519206 0.45252 0.518952 0.45252 0.518698 0.452863 0.518443 0.452863 0.518189 0.45252 0.518189 0.452177 0.518443 0.451834 0.518189 0.451491 0.517934 0.451834 0.517426 0.451834 0.517426 0.45252 0.518189 0.453548 0.517934 0.453891 0.517934 0.454234 0.51768 0.454577 0.517426 0.454234 0.517171 0.454577 0.516662 0.454577 0.516408 0.454234 0.516662 0.453891 0.516408 0.453548 0.516408 0.45252 0.516154 0.452863 0.515899 0.452863 0.515645 0.453205 0.515899 0.453548 0.515899 0.453891 0.516154 0.454234 0.515899 0.454577 0.515645 0.454577 0.51539 0.454919 0.514882 0.454919 0.514627 0.455262 0.514373 0.455262 0.514119 0.455605 0.513864 0.455605 0.51361 0.455948 0.513355 0.455948 0.513101 0.456291 0.512847 0.456291 0.512338 0.455605 0.512592 0.455262 0.512847 0.455262 0.512592 0.454919 0.512338 0.455262 0.512083 0.455262 0.511829 0.455605 0.511575 0.455605 0.51132 0.455948 0.511575 0.455948 0.511829 0.456291 0.511829 0.456634 0.51132 0.457319 0.511066 0.457319 0.510557 0.458005 0.510811 0.458348 0.510811 0.45869 0.510557 0.459033 0.510303 0.459033 0.510048 0.45869 0.509794 0.459033 0.50954 0.459033 0.509285 0.459376 0.509031 0.459376 0.508776 0.459719 0.508522 0.459719 0.508268 0.460062 0.508013 0.460062 0.507759 0.460405 0.50725 0.460405 0.506996 0.460747 0.506741 0.460747 0.506487 0.46109 0.505724 0.460062 0.505469 0.460062 0.505215 0.460405 0.504961 0.460405 0.505215 0.460747 0.505215 0.46109 0.505469 0.461433 0.504961 0.462119 0.504706 0.462119 0.504452 0.462461 0.503943 0.462461 0.503689 0.462804 0.50318 0.462804 0.502671 0.462119 0.502417 0.462119 0.502162 0.461776 0.501908 0.462119 0.501654 0.462119 0.501908 0.462461 0.501654 0.462804 0.501399 0.462804 0.501145 0.462461 0.501145 0.462119 0.50089 0.462119 0.50089 0.463147 0.501145 0.463147 0.501399 0.46349 0.501399 0.464176 0.501145 0.464518 0.500636 0.464518 0.500382 0.464861 0.500127 0.464861 0.499873 0.465204 0.499618 0.464861 0.498855 0.46589 0.498601 0.465547 0.498346 0.465547 0.498092 0.46589 0.497838 0.46589 0.497583 0.466232 0.497329 0.46589 0.497075 0.466232 0.49682 0.466232 0.49682 0.466575 0.496566 0.466918 0.496311 0.466918 0.495803 0.467604 0.495548 0.467604 0.495294 0.467261 0.495039 0.467261 0.494276 0.468289 0.493767 0.467604 0.493767 0.467261 0.493513 0.466918 0.493259 0.466918 0.493004 0.467261 0.493259 0.467604 0.493259 0.467947 0.493004 0.468289 0.49275 0.468289 0.492241 0.468975 0.491732 0.468289 0.491732 0.467947 0.491478 0.467947 0.491224 0.468289 0.490969 0.468289 0.490969 0.468632 0.491987 0.470003 0.491732 0.470346 0.491224 0.470346 0.490969 0.470689 0.490715 0.470346 0.49046 0.470689 0.490206 0.470689 0.489952 0.471032 0.489697 0.471032 0.489443 0.471375 0.488934 0.471375 0.48868 0.471718 0.488425 0.471718 0.488171 0.47206 0.487917 0.47206 0.487662 0.472403 0.487408 0.472403 0.487153 0.472746 0.486899 0.472746 0.486645 0.473089 0.48639 0.473089 0.486136 0.473432 0.485627 0.473432 0.485373 0.473774 0.485118 0.473774 0.484864 0.474117 0.48461 0.474117 0.484355 0.47446 0.483338 0.47446 0.483083 0.474117 0.483083 0.473774 0.482829 0.473432 0.482574 0.473432 0.48232 0.473774 0.482574 0.474117 0.483083 0.474117 0.483338 0.47446 0.483083 0.474803 0.482829 0.474803 0.482574 0.475146 0.481811 0.475146 0.481557 0.474803 0.481302 0.475146 0.481302 0.475489 0.481048 0.475831 0.480794 0.475831 0.480794 0.476174 0.480539 0.476517 0.480285 0.476517 0.480031 0.476174 0.479522 0.476174 0.479522 0.476517 0.479267 0.47686 0.478759 0.47686 0.478504 0.476517 0.478504 0.476174 0.47825 0.476174 0.477995 0.476517 0.477741 0.476517 0.477995 0.47686 0.477487 0.477545 0.477232 0.477545 0.476978 0.477888 0.476723 0.477888 0.476723 0.478231 0.476469 0.478574 0.476215 0.478574 0.475706 0.477888 0.475452 0.477888 0.475197 0.478231 0.474943 0.478231 0.474688 0.478574 0.474434 0.478574 0.474688 0.478917 0.474943 0.478574 0.475197 0.478574 0.475452 0.478917 0.474434 0.480288 0.473925 0.480288 0.473671 0.480631 0.473416 0.480631 0.473162 0.480974 0.472908 0.480974 0.472653 0.481316 0.472399 0.481316 0.472144 0.481659 0.47189 0.481659 0.471636 0.482002 0.471381 0.482002 0.471127 0.481659 0.470873 0.481659 0.470618 0.481316 0.470364 0.481659 0.470364 0.482002 0.470109 0.482345 0.470109 0.482688 0.469855 0.483031 0.469601 0.483031 0.469346 0.483373 0.469092 0.483373 0.468837 0.483716 0.468583 0.483716 0.468329 0.484059 0.468074 0.484059 0.46782 0.484402 0.467311 0.484402 0.467057 0.484745 0.466802 0.484745 0.466548 0.485087 0.466294 0.485087 0.466039 0.48543 0.465785 0.485087 0.465785 0.484745 0.466039 0.484402 0.466039 0.483716 0.465785 0.484059 0.46553 0.484059 0.465276 0.484402 0.465022 0.484402 0.464767 0.484745 0.464513 0.484745 0.464258 0.485087 0.46375 0.485087 0.46375 0.485773 0.463495 0.486116 0.463495 0.486459 0.463241 0.486802 0.462987 0.486802 0.462987 0.487144 0.462732 0.487487 0.462478 0.487144 0.462223 0.487487 0.461715 0.487487 0.46146 0.487144 0.46146 0.486802 0.461206 0.486802 0.460951 0.487144 0.460697 0.487144 0.460697 0.487487 0.460951 0.48783 0.460443 0.488516 0.460188 0.488516 0.459934 0.488858 0.459679 0.488858 0.459425 0.489201 0.459171 0.489201 0.458916 0.489544 0.458408 0.489544 0.458153 0.489887 0.457899 0.489544 0.457644 0.489887 0.45739 0.489887 0.457136 0.489544 0.456627 0.489544 0.456627 0.49023 0.456881 0.490573 0.456627 0.490915 0.456372 0.490915 0.456118 0.491258 0.455609 0.491258 0.455355 0.491601 0.454592 0.491601 0.454337 0.491944 0.454083 0.491944 0.453829 0.492287 0.453574 0.492287 0.45332 0.492629 0.452811 0.492629 0.452557 0.492972 0.451793 0.492972 0.451539 0.493315 0.451285 0.493315 0.45103 0.493658 0.450521 0.493658 0.450267 0.494001 0.450013 0.494001 0.449758 0.494344 0.449504 0.494344 0.449504 0.494686 0.44925 0.495029 0.448995 0.494686 0.448995 0.494344 0.448741 0.494686 0.448486 0.494686 0.448232 0.495029 0.447978 0.495029 0.447978 0.495372 0.447723 0.495715 0.447214 0.495715 0.44696 0.496058 0.446706 0.496058 0.446451 0.4964 0.446197 0.4964 0.446197 0.496743 0.445943 0.497086 0.445688 0.497086 0.445434 0.497429 0.445179 0.497429 0.444925 0.497772 0.444671 0.497772 0.444416 0.498115 0.444162 0.498115 0.443907 0.498457 0.443399 0.498457 0.443144 0.4988 0.44289 0.4988 0.442635 0.499143 0.442381 0.499143 0.442127 0.499486 0.441872 0.499486 0.441618 0.499829 0.441364 0.499829 0.441109 0.500171 0.440855 0.500171 0.4406 0.500514 0.440092 0.500514 0.439837 0.500857 0.439583 0.500857 0.439328 0.5012 0.439074 0.5012 0.43882 0.501543 0.438565 0.501543 0.438311 0.501885 0.438056 0.501885 0.437802 0.502228 0.436276 0.502228 0.436021 0.502571 0.435767 0.502571 0.435513 0.502914 0.435258 0.502914 0.435258 0.503257 0.435004 0.5036 0.434749 0.5036 0.434495 0.503257 0.434241 0.5036 0.433986 0.5036 0.433732 0.503942 0.433477 0.503942 0.433223 0.504285 0.432969 0.504285 0.432714 0.504628 0.432206 0.504628 0.431951 0.504971 0.431697 0.504971 0.431951 0.505314 0.431697 0.505656 0.431188 0.505656 0.430934 0.505999 0.430679 0.505999 0.430425 0.506342 0.43017 0.506342 0.429916 0.506685 0.429662 0.506685 0.429407 0.507028 0.429153 0.507028 0.428898 0.507371 0.42839 0.507371 0.428135 0.507713 0.427881 0.507713 0.427627 0.508056 0.426863 0.508056 0.426863 0.508399 0.426609 0.508742 0.426355 0.508742 0.4261 0.509085 0.425846 0.509085 0.425591 0.509427 0.425337 0.509427 0.425083 0.509085 0.424828 0.509427 0.424574 0.509427 0.42432 0.50977 0.424574 0.510113 0.424574 0.510456 0.424828 0.510799 0.424828 0.511142 0.425083 0.511484 0.425083 0.511827 0.425337 0.51217 0.425337 0.512513 0.425591 0.512856 0.425591 0.513198 0.425846 0.513541 0.425846 0.514227 0.4261 0.51457 0.4261 0.514913 0.426355 0.515255 0.426355 0.515598 0.426609 0.515941 0.426609 0.516284 0.426863 0.516627 0.426863 0.516969 0.427372 0.517655 0.427372 0.518684 0.427627 0.519026 0.427627 0.519369 0.427881 0.519712 0.427881 0.520055 0.428135 0.520398 0.428135 0.52074 0.42839 0.521083 0.42839 0.521426 0.428644 0.521769 0.428644 0.522455 0.428898 0.522797 0.428898 0.52314 0.429153 0.523483 0.429153 0.523826 0.429407 0.524169 0.429407 0.524511 0.429662 0.524854 0.429662 0.525197 0.429916 0.52554 0.429916 0.525883 0.43017 0.526226 0.43017 0.526911 0.430425 0.527254 0.430425 0.527597 0.432714 0.530682 0.432714 0.531025 0.432969 0.531368 0.432969 0.531711 0.433223 0.531711 0.433477 0.532053 0.433477 0.532396 0.433732 0.532739 0.433732 0.533082 0.433986 0.533082 0.434241 0.533425 0.434241 0.533768 0.435004 0.534796 0.435004 0.535139 0.435767 0.536167 0.435767 0.53651 0.435513 0.536853 0.435767 0.537196 0.435767 0.537539 0.436021 0.537881 0.436021 0.538224 0.436276 0.538567 0.43653 0.538224 0.436785 0.538224 0.437039 0.538567 0.436785 0.53891 0.437039 0.539253 0.437548 0.539253 0.437802 0.53891 0.438056 0.539253 0.438565 0.539253 0.43882 0.539595 0.440092 0.539595 0.440346 0.539253 0.4406 0.539253 0.440855 0.539595 0.441109 0.539253 0.441364 0.539253 0.441364 0.53891 0.441618 0.538567 0.441872 0.538567 0.441872 0.538224 0.443144 0.53651 0.443144 0.535139 0.443399 0.534796 0.443399 0.534453 0.443653 0.53411 0.443653 0.533425 0.444671 0.532053 0.444925 0.532053 0.445179 0.531711 0.446197 0.531711 0.446451 0.531368 0.446706 0.531711 0.447214 0.531711 0.447469 0.532053 0.447723 0.531711 0.447978 0.532053 0.448232 0.531711 0.448741 0.531711 0.448995 0.531368 0.44925 0.531368 0.449504 0.531025 0.449758 0.531025 0.450013 0.530682 0.450267 0.530682 0.450521 0.530339 0.450776 0.530339 0.45103 0.529997 0.451285 0.529997 0.451539 0.529654 0.452048 0.529654 0.452048 0.529311 0.452302 0.528968 0.452302 0.528625 0.453065 0.527597 0.45332 0.527597 0.453574 0.52794 0.453829 0.527597 0.454083 0.52794 0.454592 0.52794 0.454846 0.527597 0.4551 0.52794 0.455609 0.52794 0.455864 0.528282 0.456118 0.52794 0.456372 0.52794 0.456627 0.528282 0.457136 0.528282 0.45739 0.52794 0.457644 0.528282 0.457644 0.528625 0.458408 0.528625 0.458662 0.528282 0.458916 0.528625 0.458916 0.528968 0.459171 0.528968 0.459425 0.528625 0.459934 0.528625 0.460188 0.528968 0.461206 0.528968 0.46146 0.529311 0.46146 0.529654 0.462223 0.529654 0.462478 0.529997 0.462732 0.529997 0.462987 0.530339 0.463241 0.529997 0.463495 0.530339 0.463495 0.530682 0.464513 0.530682 0.465022 0.531368 0.465276 0.531368 0.46553 0.531711 0.466039 0.531711 0.466294 0.532053 0.466294 0.532396 0.467057 0.533425 0.467057 0.53411 0.46782 0.535139 0.468074 0.535139 0.468329 0.535482 0.468329 0.536167 0.468583 0.53651 0.468583 0.536853 0.468837 0.537196 0.468837 0.537539 0.469601 0.538567 0.469601 0.53891 0.469855 0.539253 0.469601 0.539595 0.469601 0.539938 0.469855 0.540281 0.469855 0.540624 0.470109 0.540624 0.470364 0.540967 0.470364 0.54131 0.470618 0.54131 0.470873 0.541652 0.470873 0.542681 0.471127 0.543024 0.471127 0.543366 0.471381 0.543709 0.471381 0.544052 0.471636 0.544395 0.471636 0.545081 0.47189 0.545423 0.47189 0.545766 0.472144 0.546109 0.472144 0.546452 0.472399 0.546795 0.472399 0.547137 0.472653 0.54748 0.472653 0.547823 0.472908 0.548166 0.472653 0.548509 0.472399 0.548509 0.472399 0.549194 0.47189 0.54988 0.47189 0.550908 0.471636 0.551251 0.471636 0.552965 0.47189 0.553308 0.471636 0.553651 0.471636 0.553994 0.47189 0.554337 0.471636 0.554679 0.47189 0.555022 0.47189 0.555365 0.472144 0.555708 0.472144 0.556394 0.472399 0.556736 0.472399 0.557079 0.472653 0.557422 0.472653 0.557765 0.472908 0.558108 0.472908 0.55845 0.47418 0.560165 0.47418 0.560507 0.474434 0.56085 0.474434 0.561193 0.474688 0.561536 0.474943 0.561193 0.475197 0.561536 0.475197 0.561879 0.475452 0.561879 0.475706 0.561536 0.476215 0.561536 0.476215 0.561193 0.47596 0.56085 0.476215 0.560507 0.476469 0.560507 0.476723 0.560165 0.476978 0.560165 0.477232 0.560507 0.476978 0.56085 0.476978 0.561193 0.477232 0.561536 0.477487 0.561193 0.477741 0.561193 0.477741 0.56085 0.477487 0.560507 0.477487 0.560165 0.477741 0.559822 0.47825 0.559822 0.478504 0.559479 0.478759 0.559822 0.479013 0.559479 0.479267 0.559479 0.479522 0.559136 0.479776 0.559479 0.480031 0.559479 0.480285 0.559136 0.481048 0.559136 0.481302 0.558793 0.481557 0.558793 0.481811 0.55845 0.48232 0.55845 0.482574 0.558108 0.482829 0.558108 0.483083 0.557765 0.483338 0.557765 0.483592 0.557422 0.483846 0.557422 0.484101 0.557079 0.484355 0.557079 0.48461 0.556736 0.484864 0.556736 0.485118 0.556394 0.485627 0.556394 0.485881 0.556051 0.486136 0.556051 0.48639 0.555708 0.486645 0.555708 0.486899 0.555365 0.487153 0.555365 0.487408 0.555022 0.487662 0.555022 0.487917 0.554679 0.488171 0.554679 0.488425 0.554337 0.48868 0.554337 0.488934 0.553994 0.489443 0.553994 0.489697 0.553651 0.489952 0.553651 0.490206 0.553308 0.49046 0.553308 0.490715 0.552965 0.490969 0.552965 0.491224 0.552623 0.491478 0.552623 0.491732 0.55228 0.491987 0.55228 0.492241 0.551937 0.492496 0.551937 0.493004 0.551251 0.493259 0.551251 0.493513 0.550908 0.493767 0.550908 0.494022 0.550566 0.494276 0.550566 0.494531 0.550223 0.494785 0.550223 0.495039 0.54988 0.495548 0.54988 0.495803 0.549537 0.496057 0.549537 0.496311 0.549194 0.496566 0.549194 0.49682 0.548852 0.497075 0.548852 0.497329 0.548509 0.497583 0.548509 0.497838 0.548166 0.498092 0.548166 0.498346 0.547823 0.498855 0.547823 0.49911 0.54748 0.499364 0.54748 0.499618 0.547137 0.499873 0.547137 0.500127 0.546795 0.500382 0.546795 0.500636 0.546452 0.50089 0.546452 0.501145 0.546109 0.501399 0.546109 0.501654 0.545766 0.502162 0.545766 0.502417 0.545423 0.502671 0.545423 0.502925 0.545081 0.50318 0.545081 0.503434 0.544738 0.503689 0.544738 0.503943 0.544395 0.504197 0.544395 0.504452 0.544052 0.504961 0.544052 0.505215 0.543709 0.505469 0.543709 0.505724 0.543366 0.505978 0.543366 0.506233 0.543024 0.506487 0.543024 0.506741 0.542681 0.506996 0.542681 0.50725 0.542338 0.507504 0.542338 0.507759 0.541995 0.508268 0.541995 0.508522 0.541652 0.509285 0.541652 0.50954 0.54131 0.509794 0.54131 0.510048 0.540967 0.510303 0.540967 0.510557 0.54131 0.510811 0.540967 0.511066 0.54131 0.511066 0.541652 0.51132 0.541995 0.511575 0.541995 0.511829 0.542338 0.511829 0.542681 0.511575 0.543024 0.511829 0.543366 0.511829 0.543709 0.512083 0.543709 0.512338 0.544052 0.512338 0.544395 0.512847 0.544395 0.513101 0.544052 0.513355 0.544052 0.51361 0.543709 0.513864 0.543709 0.514119 0.543366 0.514373 0.543366 0.514627 0.543024 0.515136 0.543024 0.51539 0.542681 0.515645 0.542681 0.515899 0.542338 0.516154 0.542338 0.516408 0.541995 0.516662 0.541995 0.516917 0.541652 0.517171 0.541652 0.517426 0.54131 0.51768 0.54131 0.517934 0.540967 0.518443 0.540967 0.518698 0.540624 0.518952 0.540624 0.519206 0.540281 0.519461 0.540281 0.519715 0.539938 0.519969 0.539938 0.520224 0.539595 0.520478 0.539595 0.520733 0.539253 0.520987 0.539253 0.521241 0.53891 0.52175 0.53891 0.522005 0.538567 0.522259 0.538567 0.522259 0.538224 0.522513 0.537881 0.522768 0.537881 0.523022 0.537539 0.523277 0.537881 0.523531 0.537539 0.523785 0.537539 0.52404 0.537196 0.524548 0.537196 0.524294 0.536853 0.524548 0.53651 0.524803 0.53651 0.524803 0.536167 0.524548 0.535824 0.524294 0.535824 0.52404 0.535482 0.52404 0.534796 0.524294 0.534453 0.524548 0.534453 0.524548 0.53411 0.524294 0.53411 0.52404 0.534453 0.523785 0.534453 0.523531 0.53411 0.52404 0.533425 0.524548 0.533425 0.524803 0.533082 0.524803 0.532739 0.525566 0.531711 0.526075 0.531711 0.526329 0.531368 0.526584 0.531711 0.526584 0.532053 0.526838 0.531711 0.527092 0.531711 0.527092 0.531368 0.527347 0.531025 0.527601 0.531025 0.527856 0.530682 0.52811 0.531025 0.528364 0.531025 0.528364 0.530682 0.528619 0.530339 0.528873 0.530339 0.529636 0.529311 0.529891 0.529311 0.530654 0.528282 0.530908 0.528282 0.531163 0.52794 0.531417 0.52794 0.531671 0.527597 0.531926 0.527597 0.53218 0.527254 0.532434 0.527254 0.532689 0.526911 0.533198 0.526911 0.533452 0.526568 0.534215 0.526568 0.53447 0.526226 0.534724 0.526226 0.534978 0.525883 0.535487 0.525883 0.535742 0.52554 0.535996 0.52554 0.53625 0.525197 0.536505 0.525197 0.536759 0.524854 0.537013 0.524854 0.537268 0.524511 0.537522 0.524511 0.537777 0.524169 0.538031 0.524169 0.538285 0.523826 0.538794 0.523826 0.539049 0.523483 0.539303 0.523483 0.539557 0.52314 0.539812 0.52314 0.540066 0.522797 0.540321 0.522797 0.540575 0.522455 0.540829 0.522455 0.541084 0.522112 0.541338 0.522112 0.541592 0.522455 0.542101 0.522455 0.542356 0.522112 0.543373 0.522112 0.543628 0.521769 0.544391 0.521769 0.544645 0.521426 0.5449 0.521426 0.5449 0.520398 0.545154 0.520055 0.545408 0.520055 0.545663 0.519712 0.54668 0.519712 0.546935 0.519369 0.547189 0.519369 0.547189 0.519026 0.547443 0.518684 0.547443 0.518341 0.548207 0.517312 0.548461 0.517312 0.548715 0.516969 0.549224 0.516969 0.549479 0.516627 0.549733 0.516627 0.549733 0.516284 0.549987 0.515941 0.55075 0.515941 0.551005 0.515598 0.551259 0.515598 0.551514 0.515255 0.552531 0.515255 0.552786 0.514913 0.55304 0.514913 0.553294 0.51457 0.553549 0.51457 0.553803 0.514227 0.554312 0.514227 0.554566 0.513884 0.554821 0.513884 0.555075 0.513541 0.555329 0.513541 0.555584 0.513198 0.555838 0.513198 0.555838 0.512856 0.556093 0.512513 0.556347 0.512513 0.556601 0.51217 0.556856 0.51217 0.55711 0.511827 0.557365 0.511827 0.557619 0.511484 0.557873 0.511484 0.558128 0.511142 0.558382 0.511142 0.558636 0.510799 0.559145 0.510799 0.5594 0.510456 0.559654 0.510456 0.559654 0.510113 0.559908 0.50977 0.560163 0.50977 0.560417 0.509427 0.560672 0.509427 0.560926 0.509085 0.561944 0.509085 0.562198 0.508742 0.562452 0.508742 0.562707 0.508399 0.562961 0.508399 0.563215 0.508056 0.564233 0.508056 0.564487 0.507713 0.564742 0.508056 0.565759 0.508056 0.566014 0.508399 0.566268 0.508056 0.566523 0.508399 0.566777 0.508056 0.567286 0.508056 0.56754 0.507713 0.567794 0.507713 0.568049 0.507371 0.568303 0.507371 0.568558 0.507028 0.568812 0.507028 0.569066 0.506685 0.569321 0.506685 0.569575 0.506342 0.56983 0.506342 0.570084 0.505999 0.570593 0.505999 0.570847 0.505656 0.571102 0.505656 0.571102 0.505314 0.571356 0.504971 0.57161 0.505314 0.571865 0.504971 0.572119 0.504971 0.572119 0.504628 0.572373 0.504285 0.573137 0.504285 0.573137 0.5036 0.573391 0.503257 0.573645 0.5036 0.573645 0.503942 0.5739 0.503942 0.574154 0.5036 0.574409 0.5036 0.574663 0.503257 0.574917 0.503257 0.575172 0.502914 0.575426 0.502914 0.57568 0.502571 0.575935 0.502571 0.576189 0.502228 0.576698 0.502228 0.576952 0.501885 0.577207 0.501885 0.577461 0.501543 0.577716 0.501543 0.57797 0.5012 0.578224 0.5012 0.578479 0.500857 0.578733 0.500857 0.578988 0.500514 0.579242 0.500514 0.579496 0.500171 0.580005 0.500171 0.580259 0.499829 0.580514 0.499829 0.580768 0.499486 0.581023 0.499486 0.581277 0.499143 0.581531 0.499143 0.581786 0.4988 0.58204 0.4988 0.582295 0.498457 0.582803 0.498457 0.583058 0.498115 0.583567 0.498115 0.583821 0.498457 0.583821 0.4988 0.584075 0.499143 0.58433 0.4988 0.584584 0.4988 0.584838 0.498457 0.585093 0.498457 0.585347 0.498115 0.585602 0.498115 0.585856 0.497772 0.58611 0.497772 0.586365 0.497429 0.586874 0.497429 0.587128 0.497086 0.587382 0.497086 0.587637 0.496743 0.587891 0.496743 0.588146 0.4964 0.5884 0.4964 0.588654 0.496058 0.588909 0.496058 0.589163 0.495715 0.589672 0.495715 0.589672 0.495029 0.590181 0.494344 0.590435 0.494686 0.590435 0.495029 0.590689 0.495029 0.590944 0.494686 0.591198 0.494686 0.591453 0.494344 0.591707 0.494344 0.591961 0.494001 0.592216 0.494001 0.59247 0.493658 0.592724 0.493658 0.592979 0.493315 0.593488 0.493315 0.593996 0.492629 0.594505 0.492629 0.59476 0.492287 0.595014 0.492287 0.595268 0.491944 0.595523 0.491944 0.595777 0.491601 0.596286 0.491601 0.59654 0.491258 0.596795 0.491258 0.597049 0.490915 0.597303 0.490915 0.597558 0.490573 0.597812 0.490573 0.598067 0.49023 0.598321 0.49023 0.598575 0.489887 0.599084 0.489887 0.599339 0.489544 0.599593 0.489544 0.599847 0.489201 0.600102 0.489201 0.600356 0.488858 0.600611 0.488858 0.600865 0.488516 0.601119 0.488516 0.601374 0.488173 0.601628 0.488173 0.601882 0.48783 0.602391 0.48783 0.602646 0.487487 0.6029 0.487487 0.603154 0.487144 0.603409 0.487144 0.603663 0.486802 0.603918 0.486802 0.604172 0.486459 0.604426 0.486459 0.604681 0.486116 0.604935 0.486116 0.60519 0.485773 0.605698 0.485773 0.605953 0.48543 0.606207 0.48543 0.606461 0.485087 0.606716 0.485087 0.60697 0.484745 0.607225 0.484745 0.607479 0.484402 0.607733 0.484402 0.607988 0.484059 0.608242 0.484059 0.608497 0.483716 0.609005 0.483716 0.60926 0.483373 0.609514 0.483373 0.609769 0.483031 0.610023 0.483031 0.610277 0.482688 0.610532 0.482688 0.610786 0.482345 0.61104 0.482345 0.611295 0.482002 0.611804 0.482002 0.612058 0.481659 0.612312 0.481659 0.612567 0.481316 0.612821 0.481316 0.613076 0.480974 0.61333 0.480974 0.613584 0.480631 0.613839 0.480631 0.614093 0.480288 0.614347 0.480288 0.614602 0.479945 0.615111 0.479945 0.615365 0.479602 0.615619 0.479602 0.615874 0.47926 0.616128 0.47926 0.616383 0.478917 0.616637 0.478917 0.616891 0.478574 0.617146 0.478574 0.6174 0.478231 0.617655 0.478231 0.617909 0.477888 0.618418 0.477888 0.618672 0.477545 0.618926 0.477545 0.619181 0.477203 0.619435 0.477203 0.61969 0.47686 0.619944 0.47686 0.620198 0.476517 0.620453 0.476517 0.620707 0.476174 0.621216 0.476174 0.62147 0.475831 0.621725 0.475831 0.621979 0.475489 0.622234 0.475489 0.622488 0.475146 0.622742 0.475146 0.622997 0.474803 0.623251 0.474803 0.623505 0.47446 0.62376 0.47446 0.624014 0.474117 0.624523 0.474117 0.624777 0.473774 0.625032 0.473774 0.625286 0.473432 0.625541 0.473432 0.625795 0.473089 0.626049 0.473089 0.626304 0.472746 0.626558 0.472746 0.626813 0.472403 0.627067 0.472403 0.627321 0.47206 0.62783 0.47206 0.628084 0.471718 0.628339 0.471718 0.628593 0.471375 0.628848 0.471375 0.629102 0.471032 0.629356 0.471032 0.629611 0.470689 0.629865 0.470689 0.63012 0.470346 0.630628 0.470346 0.630883 0.470003 0.631137 0.470003 0.631392 0.469661 0.631646 0.469661 0.6319 0.469318 0.632155 0.469318 0.632409 0.468975 0.632663 0.468975 0.632918 0.468632 0.632918 0.468289 0.632663 0.467947 0.632663 0.467604 0.632918 0.467261 0.633172 0.467261 0.633427 0.466918 0.633681 0.466918 0.633935 0.466575 0.63419 0.466575 0.634444 0.466232 0.634699 0.466232 0.634953 0.46589 0.635207 0.46589 0.635462 0.465547 0.635716 0.465547 0.63597 0.465204 0.636479 0.465204 0.636734 0.464861 0.636988 0.464861 0.637242 0.464518 0.637497 0.464518 0.637751 0.464176 0.638006 0.464176 0.63826 0.463833 0.638514 0.463833 0.638769 0.46349 0.639023 0.46349 0.639278 0.463147 0.639786 0.463147 0.640041 0.462804 0.640295 0.462804 0.640549 0.462461 0.640804 0.462461 0.641058 0.462119 0.641313 0.462119 0.641567 0.461776 0.641821 0.461776 0.642076 0.461433 0.64233 0.461433 0.642585 0.46109 0.643093 0.46109 0.643348 0.460747 0.643602 0.460747 0.643857 0.460405 0.644365 0.460405 0.64462 0.460747 0.64462 0.46109 0.644874 0.461433 0.644874 0.460747 0.64462 0.460405 0.64462 0.460062 0.644874 0.459719 0.645128 0.459719 0.645383 0.460062 0.645892 0.460062 0.646146 0.460405 0.646146 0.460747 0.6464 0.46109 0.6464 0.461433 0.646655 0.461433 0.646909 0.46109 0.647164 0.461433 0.647164 0.461776 0.647927 0.461776 0.648181 0.461433 0.648436 0.461433 0.64869 0.461776 0.648944 0.461433 0.649199 0.461433 0.649453 0.46109 0.649707 0.46109 0.650216 0.460405 0.650216 0.459719 0.649962 0.459376 0.650216 0.459033 0.649962 0.45869 0.649962 0.458348 0.650216 0.458005 0.649962 0.457662 0.650216 0.457319 0.649962 0.456976 0.649962 0.456634 0.649707 0.456634 0.649453 0.456291 0.649453 0.453891 0.650471 0.45252 0.650725 0.45252 0.650979 0.452177 0.651234 0.45252 0.651743 0.45252 0.651997 0.452863 0.652506 0.452863 0.65276 0.453205 0.65276 0.453548 0.653015 0.453548 0.653269 0.453891 0.653269 0.454577 0.653523 0.454919 0.653523 0.455262 0.653778 0.455605 0.653523 0.455948 0.653778 0.456291 0.654032 0.455948 0.654286 0.456291 0.654286 0.456634 0.654541 0.456976 0.654541 0.457319 0.654795 0.457662 0.654795 0.458005 0.65505 0.458348 0.65505 0.45869 0.655304 0.459033 0.655304 0.459376 0.65505 0.459719 0.655558 0.459719 0.655813 0.459376 0.656067 0.459376 0.656322 0.459033 0.656576 0.459033 0.65683 0.45869 0.657339 0.45869 0.657593 0.458348 0.657848 0.458348 0.658102 0.458005 0.658357 0.458005 0.658611 0.457662 0.658865 0.457662 0.65912 0.457319 0.659374 0.457319 0.659629 0.456976 0.659883 0.456976 0.660137 0.456634 0.660646 0.456634 0.660901 0.456291 0.661155 0.456291 0.661409 0.455948 0.661664 0.455948 0.661918 0.455605 0.662172 0.455605 0.662427 0.455262 0.662681 0.455262 0.662936 0.454919 0.663444 0.454919 0.663699 0.454577 0.663953 0.454577 0.664208 0.454234 0.664462 0.454234 0.664716 0.453891 0.664971 0.453891 0.665225 0.453548 0.66548 0.453548 0.665988 0.452863 0.666751 0.452863 0.667006 0.45252 0.66726 0.45252 0.667515 0.452177 0.667769 0.452177 0.668023 0.451834 0.668278 0.451834 0.668532 0.451491 0.668787 0.451491 0.669041 0.451148 0.669295 0.451148 0.66955 0.450806 0.670059 0.450806 0.670313 0.450463 0.670567 0.450463 0.670822 0.45012 0.670822 0.449777 0.671076 0.449434 0.671585 0.449434 0.671839 0.449092 0.672094 0.449434 0.672348 0.449092 0.672602 0.449092 0.673111 0.448406 0.673366 0.448749 0.67362 0.448406 0.673874 0.448406 0.673874 0.44772 0.674129 0.447377 0.674383 0.44772 0.674637 0.447377 0.674637 0.447035 0.674129 0.446349 0.674383 0.446006 0.674129 0.445663 0.674129 0.445321 0.673874 0.444978 0.673874 0.444635 0.67362 0.444635 0.67362 0.444978 0.673874 0.445321 0.673366 0.446006 0.673366 0.448063 0.673111 0.448406 0.672857 0.448406 0.672602 0.448749 0.671839 0.448749 0.671585 0.449092 0.67133 0.448749 0.671076 0.448749 0.670822 0.448406 0.670822 0.448063 0.671076 0.44772 0.67133 0.44772 0.671076 0.447377 0.671076 0.447035 0.670567 0.447035 0.670313 0.446692 0.67133 0.445321 0.671585 0.445321 0.671839 0.444978 0.672094 0.444978 0.672348 0.444635 0.672602 0.444635 0.672602 0.443949 0.672857 0.443606 0.672857 0.443264 0.672602 0.442921 0.672602 0.442578 0.672348 0.442235 0.672348 0.441892 0.672094 0.44155 0.672348 0.441207 0.672348 0.440864 0.672094 0.440521 0.672094 0.440178 0.671839 0.439835 0.671839 0.439493 0.671585 0.43915 0.671585 0.438807 0.67133 0.438464 0.67133 0.438121 0.671076 0.437779 0.671076 0.436407 0.670822 0.436064 0.670822 0.435722 0.670567 0.435379 0.670567 0.435036 0.670313 0.434693 0.670313 0.434008 0.670059 0.433665 0.670059 0.433322 0.669804 0.432979 0.669804 0.432636 0.66955 0.432293 0.66955 0.431951 0.669295 0.431608 0.669295 0.431265 0.669041 0.430922 0.669041 0.430579 0.668787 0.430237 0.668787 0.429551 0.668532 0.429208 0.668532 0.428865 0.668278 0.428522 0.668278 0.42818 0.668023 0.427837 0.668023 0.427494 0.667769 0.427151 0.667769 0.426808 0.667515 0.426466 0.667515 0.426123 0.66726 0.42578 0.66726 0.425094 0.667006 0.424751 0.667006 0.424409 0.666751 0.424066 0.666751 0.423723 0.666497 0.42338 0.666497 0.423037 0.666243 0.422695 0.666243 0.422352 0.665988 0.422009 0.665988 0.421323 0.665734 0.42098 0.665734 0.420638 0.66548 0.420295 0.66548 0.419952 0.665225 0.419609 0.665225 0.419266 0.664971 0.418924 0.664971 0.418581 0.664716 0.418238 0.664716 0.417895 0.664462 0.417552 0.664462 0.416867 0.664208 0.416524 0.664208 0.416181 0.663953 0.415838 0.663953 0.415495 0.663699 0.415153 0.663699 0.41481 0.663444 0.414467 0.663444 0.414124 0.66319 0.413781 0.66319 0.413438 0.662936 0.413096 0.662936 0.41241 0.662681 0.412067 0.662681 0.411724 0.662427 0.411382 0.662427 0.411039 0.662172 0.410696 0.662172 0.410353 0.661918 0.41001 0.661918 0.409667 0.661664 0.409325 0.661664 0.408639 0.661409 0.408296 0.661409 0.407953 0.661155 0.407611 0.661409 0.407268 0.661155 0.406925 0.661409 0.406582 0.661664 0.406582 0.661664 0.406239 0.661409 0.405896 0.661664 0.405554 0.661664 0.405211 0.661918 0.404868 0.661918 0.404525 0.662172 0.404182 0.662172 0.403497 0.662681 0.402811 0.662427 0.402468 0.663444 0.401097 0.663699 0.401097 0.663953 0.400754 0.664208 0.400754 0.664462 0.400411 0.664716 0.400411 0.664971 0.400069 0.665225 0.400069 0.66548 0.399726 0.665988 0.399726 0.666243 0.399383 0.666497 0.399383 0.666751 0.39904 0.667006 0.39904 0.66726 0.398697 0.667515 0.398697 0.667769 0.398354 0.668023 0.398354 0.668278 0.398012 0.668532 0.398012 0.668787 0.397669 0.669295 0.397669 0.66955 0.397326 0.669804 0.397326 0.670059 0.396983 0.670313 0.396983 0.670567 0.39664 0.670822 0.39664 0.671076 0.396298 0.67133 0.396298 0.671585 0.395955 0.672094 0.395955 0.672348 0.395612 0.672602 0.395612 0.672857 0.395269 0.673111 0.395269 0.673366 0.394926 0.67362 0.394926 0.673874 0.394583 0.674129 0.394583 0.674383 0.394241 0.674637 0.394241 0.674892 0.393898 0.675401 0.393898 0.675655 0.393555 0.675909 0.393555 0.676164 0.393212 0.676418 0.393212 0.676673 0.392869 0.676927 0.392869 0.677181 0.392527 0.677436 0.392527 0.67769 0.392184 0.677945 0.392184 0.678199 0.391841 0.678708 0.391841 0.678962 0.391498 0.679216 0.391498 0.679471 0.391155 0.679725 0.391155 0.67998 0.390812 0.680234 0.390812 0.680488 0.39047 0.680743 0.39047 0.680997 0.390127 0.681506 0.390127 0.68176 0.389784 0.682015 0.389784 0.682269 0.389441 0.682524 0.389441 0.682778 0.389098 0.683032 0.389098 0.683287 0.388756 0.683541 0.388756 0.683795 0.388413 0.68405 0.388413 0.684304 0.38807 0.684813 0.38807 0.685067 0.387727 0.685322 0.387727 0.685576 0.387384 0.685831 0.387384 0.685831 0.387041 0.686085 0.386699 0.686339 0.387041 0.686594 0.386699 0.686339 0.386356 0.686339 0.386013 0.686085 0.38567 0.686085 0.385327 0.685831 0.384985 0.685831 0.384299 0.685576 0.383956 0.685576 0.383613 0.685322 0.38327 0.685322 0.382928 0.685067 0.382928 0.684813 0.38327 0.684559 0.382928 0.684559 0.382585 0.683795 0.382585 0.683541 0.382242 0.683541 0.381899 0.683287 0.381556 0.683795 0.380871 0.684304 0.380871 0.684304 0.379842 0.68405 0.379499 0.68405 0.379157 0.683795 0.378814 0.683795 0.378471 0.683541 0.378128 0.683541 0.377785 0.683287 0.377443 0.683287 0.3771 0.683795 0.376414 0.68405 0.376414 0.684304 0.376071 0.684559 0.376071 0.684559 0.375728 0.684304 0.375386 0.684304 0.375043 0.68405 0.3747 0.68405 0.374357 0.683795 0.374014 0.683795 0.373672 0.683541 0.373329 0.683795 0.372986 0.68405 0.372986 0.684304 0.372643 0.684559 0.372643 0.684813 0.3723 0.685322 0.3723 0.685576 0.371957 0.685576 0.371272 0.685322 0.370929 0.685322 0.370586 0.685067 0.370243 0.685067 0.369901 0.684813 0.369558 0.684813 0.369215 0.684559 0.368872 0.684559 0.368529 0.684304 0.368186 0.684304 0.367501 0.68405 0.367158 0.68405 0.366815 0.683795 0.366472 0.683795 0.36613 0.683541 0.365787 0.683541 0.365444 0.683287 0.365101 0.683287 0.364758 0.683032 0.364415 0.683032 0.364073 0.682778 0.36373 0.682778 0.363044 0.682524 0.362701 0.682524 0.362359 0.682269 0.362016 0.682269 0.361673 0.682015 0.36133 0.682015 0.360987 0.68176 0.360644 0.68176 0.360302 0.681506 0.359959 0.681506 0.359616 0.681252 0.359273 0.681252 0.358588 0.680997 0.358245 0.680997 0.357902 0.680743 0.357559 0.680743 0.357216 0.680488 0.356874 0.680488 0.356531 0.680234 0.356188 0.680234 0.355845 0.67998 0.355502 0.67998 0.354817 0.679725 0.354474 0.679725 0.354131 0.679471 0.353788 0.679471 0.353445 0.679216 0.353103 0.679216 0.35276 0.678962 0.352417 0.678962 0.352074 0.678708 0.351731 0.678708 0.351388 0.678453 0.351046 0.678453 0.35036 0.678199 0.350017 0.678199 0.349674 0.677945 0.349332 0.677945 0.348989 0.67769 0.348646 0.67769 0.348303 0.677436 0.34796 0.677436 0.347617 0.677181 0.347275 0.677181 0.346932 0.676927 0.346589 0.676927 0.345903 0.676673 0.345561 0.676673 0.345218 0.676418 0.344875 0.676418 0.344532 0.676164 0.344189 0.676164 0.343846 0.675909 0.343504 0.675909 0.343161 0.675655 0.342818 0.675655 0.342475 0.674637 0.342475 0.674383 0.342818 0.674129 0.342475 0.674129 0.342132 0.673874 0.34179 0.674383 0.341104 0.674637 0.341104 0.674892 0.340761 0.675146 0.340761 0.675401 0.340418 0.675909 0.340418 0.676164 0.340075 0.676418 0.340075 0.676673 0.339733 0.676927 0.339733 0.677181 0.33939 0.677436 0.33939 0.67769 0.339047 0.677945 0.339047 0.678199 0.338704 0.678453 0.338704 0.678708 0.338361 0.679216 0.338361 0.679471 0.338019 0.679725 0.338019 0.67998 0.337676 0.680234 0.337676 0.680488 0.337333 0.680743 0.337333 0.680997 0.33699 0.681252 0.33699 0.681506 0.336647 0.68176 0.336647 0.682015 0.336304 0.68176 0.335962 0.68176 0.335619 0.681506 0.335276 0.681506 0.334933 0.681252 0.33459 0.681252 0.334248 0.680997 0.333905 0.680997 0.333219 0.680743 0.332876 0.680743 0.332533 0.680488 0.332191 0.680488 0.331848 0.680234 0.331505 0.680234 0.331162 0.67998 0.330819 0.67998 0.330477 0.679725 0.330134 0.679725 0.329791 0.679471 0.329448 0.679471 0.328762 0.679216 0.32842 0.679216 0.328077 0.678962 0.327734 0.678962 0.327391 0.678708 0.327048 0.678708 0.326706 0.678453 0.326363 0.678453 0.32602 0.678199 0.325677 0.678199 0.324991 0.677945 0.324649 0.677945 0.324306 0.67769 0.323963 0.67769 0.32362 0.677436 0.323277 0.677436 0.322935 0.677181 0.322592 0.677181 0.322249 0.676927 0.321906 0.676927 0.321563 0.676673 0.32122 0.676673 0.320535 0.676418 0.320192 0.676418 0.319849 0.676164 0.319506 0.676164 0.319164 0.675909 0.318821 0.675909 0.318478 0.675655 0.318135 0.675655 0.317792 0.675401 0.317449 0.675401 0.317107 0.675146 0.316764 0.675146 0.316078 0.674892 0.315735 0.674892 0.315393 0.674637 0.31505 0.674637 0.314707 0.674383 0.314364 0.674383 0.314021 0.674129 0.313678 0.674129 0.313336 0.673874 0.312993 0.673874 0.312307 0.67362 0.311964 0.67362 0.311622 0.673366 0.311279 0.673111 0.311279 0.673111 0.311622 0.672857 0.311964 0.672602 0.311964 0.672348 0.312307 0.671585 0.312307 0.67133 0.31265 0.670822 0.31265 0.670567 0.312993 0.670313 0.312993 0.670059 0.313336 0.669804 0.313336 0.66955 0.313678 0.669295 0.313678 0.669041 0.314021 0.668787 0.314021 0.668532 0.314364 0.668278 0.314364 0.668023 0.314707 0.667515 0.314707 0.66726 0.31505 0.667006 0.31505 0.666751 0.315393 0.666497 0.315393 0.666243 0.315735 0.665988 0.315735 0.665734 0.316078 0.66548 0.316078 0.665225 0.316421 0.664971 0.316421 0.664716 0.316764 0.664208 0.316764 0.663953 0.317107 0.663699 0.317107 0.663444 0.317449 0.66319 0.317449 0.662936 0.317792 0.662681 0.317792 0.662427 0.318135 0.662172 0.318135 0.661918 0.318478 0.661409 0.318478 0.661155 0.318821 0.660901 0.318821 0.660646 0.319164 0.659629 0.319164 0.659374 0.318821 0.659629 0.318478 0.659374 0.318135 0.659374 0.316764 0.65912 0.316421 0.65912 0.316078 0.658865 0.315735 0.658865 0.315393 0.658611 0.315393 0.658357 0.31505 0.658357 0.314707 0.658102 0.314364 0.658102 0.314021 0.658357 0.313678 0.658102 0.313336 0.658102 0.312993 0.657848 0.31265 0.657848 0.312307 0.657593 0.311964 0.657593 0.311622 0.657339 0.311279 0.657339 0.310936 0.657085 0.310593 0.657085 0.309907 0.65683 0.309565 0.65683 0.309222 0.656576 0.308879 0.656576 0.308536 0.656322 0.308193 0.656322 0.307851 0.656067 0.307508 0.656067 0.307165 0.655813 0.306822 0.655813 0.306136 0.655558 0.305794 0.655558 0.305451 0.655304 0.305108 0.655304 0.304765 0.65505 0.304422 0.65505 0.30408 0.654795 0.303737 0.654795 0.303394 0.654541 0.303051 0.654541 0.302708 0.654286 0.302365 0.654286 0.30168 0.654032 0.301337 0.654032 0.300309 0.654286 0.299966 0.654541 0.300309 0.654795 0.299966 0.655304 0.299966 0.655558 0.299623 0.655813 0.299623 0.656067 0.29928 0.656322 0.29928 0.656576 0.298937 0.65683 0.298937 0.65683 0.298594 0.657085 0.298252 0.657085 0.296195 0.65683 0.295852 0.65683 0.295166 0.656576 0.294823 0.656576 0.294481 0.656322 0.294138 0.656322 0.293795 0.656067 0.293452 0.656067 0.293109 0.655813 0.292767 0.655813 0.292424 0.655558 0.292081 0.655558 0.291738 0.655304 0.291395 0.655304 0.29071 0.65505 0.290367 0.65505 0.289338 0.654795 0.288996 0.654795 0.288653 0.654541 0.288653 0.654286 0.28831 0.654286 0.287967 0.654032 0.287624 0.654032 0.287281 0.653778 0.286939 0.653778 0.286253 0.653523 0.28591 0.653523 0.285567 0.653269 0.285225 0.653269 0.284882 0.653015 0.284539 0.653015 0.284196 0.65276 0.283853 0.65276 0.28351 0.652506 0.283168 0.652506 0.282825 0.652251 0.282482 0.652251 0.281111 0.651997 0.280768 0.651997 0.280425 0.651743 0.280082 0.651743 0.279739 0.651488 0.279397
