0 0.512805 0.695492 0.5125 0.695799 0.511585 0.695799 0.51128 0.696105 0.510976 0.696105 0.510976 0.697025 0.511585 0.697025 0.51189 0.696719 0.5125 0.696719 0.512805 0.696412 0.51311 0.696412 0.51311 0.696105 0.512805 0.695799
0 0.562805 0.694266 0.5625 0.694572 0.56189 0.694572 0.562195 0.694879 0.562195 0.695186 0.5625 0.695186 0.562805 0.694879 0.563415 0.694879 0.56372 0.694572 0.56372 0.694266
0 0.514329 0.693039 0.514329 0.693346 0.514634 0.693652 0.514329 0.693959 0.514329 0.694572 0.515244 0.694572 0.515244 0.694266 0.515549 0.693959 0.515549 0.693652 0.515244 0.693346 0.515244 0.693039
0 0.51372 0.688746 0.513415 0.689052 0.51311 0.689052 0.51311 0.689359 0.513415 0.689666 0.513415 0.690279 0.51372 0.690279 0.514024 0.689972 0.514329 0.689972 0.514634 0.689666 0.514634 0.689359 0.514329 0.689052 0.514329 0.688746
0 0.51311 0.684759 0.51311 0.686293 0.513415 0.686599 0.513415 0.687213 0.514024 0.687213 0.514024 0.686293 0.51372 0.685986 0.51372 0.685679 0.514024 0.685373 0.514024 0.684759
0 0.511585 0.681693 0.51128 0.681999 0.51128 0.682306 0.511585 0.682613 0.511585 0.683226 0.51189 0.682919 0.5125 0.682919 0.512805 0.682613 0.512805 0.682306 0.512195 0.681693
0 0.570122 0.672493 0.570122 0.673413 0.570732 0.673413 0.571037 0.673106 0.571037 0.672493
0 0.569512 0.66912 0.569207 0.669427 0.568902 0.669427 0.569207 0.669733 0.569207 0.670347 0.570122 0.670347 0.570122 0.669733 0.569817 0.669427 0.569817 0.66912
0 0.553354 0.624962 0.553049 0.625268 0.553049 0.625575 0.553354 0.625882 0.553354 0.626495 0.553659 0.626802 0.553659 0.627415 0.553963 0.627722 0.553963 0.628642 0.554268 0.628948 0.554878 0.628948 0.554878 0.628642 0.555183 0.628335 0.555183 0.627722 0.554878 0.627415 0.554878 0.626495 0.554573 0.626495 0.554268 0.626188 0.554268 0.625575 0.553963 0.625268 0.553963 0.624962
0 0.524085 0.518859 0.52378 0.519166 0.523171 0.519166 0.523171 0.519473 0.523476 0.519779 0.523476 0.520086 0.52378 0.520393 0.524085 0.520393 0.52439 0.520086 0.524695 0.520086 0.524695 0.519779 0.52439 0.519473 0.52439 0.518859
0 0.522866 0.517633 0.522866 0.518553 0.523171 0.518246 0.523476 0.518246 0.523476 0.517633
0 0.521341 0.514566 0.521341 0.515486 0.521646 0.515793 0.521646 0.516713 0.522561 0.516713 0.522561 0.515793 0.522256 0.515486 0.522256 0.514873 0.521951 0.514566
0 0.519512 0.509046 0.519512 0.50966 0.519817 0.509966 0.519817 0.510273 0.520427 0.510273 0.520732 0.509966 0.520732 0.50966 0.520427 0.509353 0.520427 0.509046
0 0.518293 0.505673 0.518293 0.506593 0.518902 0.506593 0.519207 0.506286 0.519207 0.505673
0 0.518598 0.501993 0.518293 0.5023 0.518598 0.502607 0.518598 0.50322 0.519512 0.50322 0.519512 0.502607 0.519207 0.5023 0.519207 0.501993
0 0.517378 0.498927 0.517073 0.499233 0.517073 0.49954 0.517378 0.499847 0.517378 0.500153 0.517988 0.500153 0.517988 0.49954 0.517683 0.499233 0.517683 0.498927
0 0.516768 0.497393 0.516768 0.498313 0.517378 0.498313 0.517378 0.4977 0.517073 0.497393
0 0.516463 0.495247 0.516159 0.495554 0.516159 0.496473 0.516463 0.496473 0.516768 0.496167 0.516768 0.495554
0 0.517073 0.491874 0.516768 0.49218 0.516159 0.49218 0.516159 0.492487 0.515854 0.492794 0.515854 0.493407 0.517073 0.493407 0.517378 0.493714 0.517073 0.49402 0.517073 0.494327 0.517378 0.494634 0.517378 0.49494 0.517988 0.49494 0.517988 0.494327 0.517683 0.49402 0.517683 0.493714 0.517378 0.493714 0.517073 0.493407 0.517378 0.4931 0.517378 0.492487 0.517073 0.49218
0 0.514939 0.49126 0.514634 0.491567 0.514024 0.491567 0.514329 0.491874 0.514024 0.49218 0.514024 0.493407 0.514634 0.493407 0.515244 0.492794 0.514939 0.492487 0.514939 0.49218 0.515244 0.491874 0.515549 0.491874 0.515549 0.491567 0.515244 0.49126
0 0.514329 0.487887 0.514024 0.488194 0.51372 0.488194 0.51372 0.4885 0.514024 0.488807 0.514024 0.48942 0.514329 0.489727 0.514329 0.49034 0.514939 0.49034 0.514939 0.489727 0.514634 0.48942 0.514634 0.4885 0.514329 0.488194
0 0.51311 0.485741 0.51311 0.486354 0.513415 0.486661 0.513415 0.486967 0.51372 0.486967 0.514024 0.486661 0.51372 0.486354 0.51372 0.485741
0 0.5125 0.481447 0.512195 0.481754 0.512195 0.482367 0.5125 0.482674 0.5125 0.483287 0.512805 0.483594 0.513415 0.483594 0.513415 0.482367 0.51311 0.482061 0.51311 0.481447
0 0.510976 0.478994 0.510671 0.479301 0.510366 0.479301 0.510671 0.479607 0.510671 0.479914 0.510976 0.479607 0.51128 0.479914 0.51128 0.480221 0.51189 0.480221 0.51189 0.479607 0.51128 0.478994
0 0.504573 0.478074 0.504268 0.478381 0.503659 0.478381 0.503354 0.478688 0.502439 0.478688 0.502134 0.478994 0.501524 0.478994 0.50122 0.479301 0.50061 0.479301 0.500305 0.479607 0.499695 0.479607 0.49939 0.479914 0.498476 0.479914 0.498171 0.480221 0.497561 0.480221 0.497256 0.480527 0.496646 0.480527 0.496341 0.480834 0.495427 0.480834 0.495122 0.481141 0.494512 0.481141 0.494207 0.481447 0.493598 0.481447 0.493293 0.481754 0.492683 0.481754 0.492378 0.482061 0.491463 0.482061 0.491159 0.482367 0.490549 0.482367 0.490244 0.482674 0.489634 0.482674 0.489329 0.482981 0.488415 0.482981 0.48811 0.483287 0.4875 0.483287 0.487195 0.483594 0.486585 0.483594 0.48628 0.483901 0.485671 0.483901 0.485366 0.484207 0.484451 0.484207 0.484146 0.484514 0.483537 0.484514 0.483232 0.484821 0.482622 0.484821 0.482317 0.485127 0.481402 0.485127 0.481098 0.485434 0.480488 0.485434 0.480183 0.485741 0.479573 0.485741 0.479268 0.486047 0.478659 0.486047 0.478354 0.486354 0.477439 0.486354 0.477134 0.486661 0.476524 0.486661 0.47622 0.486967 0.47561 0.486967 0.475305 0.487274 0.474695 0.487274 0.47439 0.48758 0.473476 0.48758 0.473171 0.487887 0.472561 0.487887 0.472256 0.488194 0.471646 0.488194 0.471341 0.4885 0.470427 0.4885 0.470122 0.488807 0.469512 0.488807 0.469207 0.489114 0.468598 0.489114 0.468293 0.48942 0.467683 0.48942 0.467378 0.489727 0.466463 0.489727 0.466159 0.490034 0.465549 0.490034 0.465244 0.49034 0.464634 0.49034 0.464329 0.490647 0.463415 0.490647 0.46311 0.490954 0.4625 0.490954 0.462195 0.49126 0.461585 0.49126 0.46128 0.491567 0.460671 0.491567 0.460366 0.491874 0.459451 0.491874 0.459451 0.49218 0.459756 0.492487 0.460366 0.492487 0.460671 0.49218 0.46128 0.49218 0.461585 0.491874 0.46189 0.49218 0.46189 0.4931 0.462195 0.493407 0.462195 0.49402 0.4625 0.494327 0.4625 0.49494 0.462805 0.495247 0.462805 0.49586 0.46311 0.496167 0.46311 0.497087 0.463415 0.497393 0.463415 0.498007 0.46372 0.498313 0.46372 0.498927 0.464024 0.499233 0.464024 0.499847 0.464329 0.499847 0.464634 0.500153 0.464634 0.501073 0.464939 0.500767 0.465549 0.500767 0.466159 0.50138 0.466159 0.501687 0.466463 0.501687 0.466768 0.501993 0.466768 0.502913 0.467073 0.50322 0.467073 0.503833 0.467378 0.50414 0.467683 0.503833 0.467988 0.50414 0.467988 0.504753 0.468293 0.504753 0.468598 0.50506 0.468598 0.505673 0.468902 0.50598 0.468598 0.506286 0.467988 0.506286 0.467683 0.506593 0.467683 0.5069 0.467988 0.507206 0.467988 0.507513 0.468598 0.507513 0.469207 0.508126 0.469207 0.50874 0.469512 0.509046 0.469512 0.50966 0.469817 0.509966 0.469817 0.510273 0.470427 0.510886 0.470427 0.512726 0.470732 0.513033 0.470732 0.513646 0.471037 0.513953 0.471037 0.514873 0.471341 0.515179 0.471341 0.515793 0.471646 0.516099 0.471646 0.516713 0.471951 0.517019 0.471951 0.517326 0.471341 0.517939 0.471037 0.517939 0.471341 0.518246 0.471341 0.518859 0.471646 0.519166 0.471646 0.519779 0.471951 0.520086 0.471646 0.520393 0.471037 0.520393 0.471037 0.521312 0.470122 0.522232 0.470427 0.522539 0.470427 0.523152 0.470732 0.523459 0.470732 0.524379 0.471037 0.524686 0.470732 0.524992 0.470732 0.525299 0.471037 0.525606 0.471037 0.526219 0.471341 0.526526 0.471341 0.527446 0.471646 0.527752 0.471646 0.528366 0.471951 0.528672 0.471951 0.529285 0.472256 0.529592 0.472256 0.530205 0.472561 0.530512 0.472256 0.530819 0.471951 0.530819 0.471646 0.531125 0.471646 0.531432 0.471951 0.531739 0.471951 0.532045 0.472256 0.532045 0.472561 0.532352 0.472866 0.532045 0.473476 0.532659 0.473476 0.533272 0.47378 0.533579 0.47378 0.533885 0.473476 0.534192 0.473171 0.534192 0.473171 0.535419 0.473476 0.535725 0.473476 0.536339 0.473171 0.536645 0.472866 0.536645 0.473171 0.536952 0.472561 0.537565 0.472866 0.537872 0.472561 0.538178 0.472561 0.538792 0.472866 0.539098 0.472866 0.539405 0.472561 0.539712 0.472866 0.540018 0.472866 0.540325 0.472561 0.540632 0.472256 0.540632 0.472256 0.540938 0.472561 0.541245 0.472561 0.541858 0.472866 0.542165 0.472866 0.542778 0.473171 0.543085 0.473171 0.544005 0.473476 0.544312 0.473476 0.544925 0.47378 0.545232 0.47378 0.545845 0.474085 0.546151 0.47439 0.546151 0.474695 0.546458 0.474695 0.546765 0.475 0.547071 0.474695 0.547378 0.47439 0.547378 0.47439 0.547991 0.474695 0.548298 0.474695 0.548911 0.475 0.549218 0.475 0.549831 0.475305 0.550138 0.475305 0.550445 0.47561 0.550138 0.475915 0.550445 0.475915 0.550751 0.47622 0.551058 0.47622 0.551978 0.475915 0.552285 0.475915 0.552898 0.47622 0.553205 0.47622 0.553818 0.476524 0.554125 0.476524 0.554431 0.47622 0.554738 0.47622 0.555044 0.476524 0.555351 0.476524 0.555964 0.476829 0.556271 0.476829 0.556884 0.477134 0.557191 0.477134 0.559031 0.476829 0.559338 0.476829 0.560258 0.477134 0.560564 0.477134 0.561178 0.477439 0.561484 0.477744 0.561484 0.478049 0.561791 0.478049 0.562098 0.478354 0.562404 0.478354 0.563017 0.478659 0.563324 0.478659 0.564551 0.478354 0.564857 0.478354 0.565164 0.478659 0.565471 0.478659 0.566084 0.478963 0.566391 0.478963 0.567311 0.479268 0.567617 0.479268 0.568231 0.479573 0.568537 0.479268 0.568844 0.479268 0.569151 0.479573 0.569457 0.479573 0.570377 0.479878 0.570684 0.479878 0.571297 0.480183 0.571604 0.480183 0.572217 0.480488 0.572524 0.480488 0.573444 0.480793 0.57375 0.480793 0.574364 0.481098 0.57467 0.481098 0.575284 0.481402 0.57559 0.481402 0.576204 0.481707 0.57651 0.481402 0.576817 0.481402 0.57743 0.481707 0.577737 0.481707 0.57835 0.482012 0.578657 0.482012 0.57927 0.482317 0.579577 0.482317 0.580497 0.482622 0.580803 0.482622 0.581417 0.482927 0.581723 0.482927 0.582337 0.483232 0.582643 0.483232 0.583257 0.483537 0.583563 0.483537 0.584483 0.483841 0.58479 0.483537 0.585097 0.483232 0.585097 0.483232 0.585403 0.483537 0.58571 0.483537 0.58663 0.483841 0.586937 0.483841 0.58755 0.484146 0.587856 0.484146 0.58847 0.484451 0.588776 0.484451 0.58939 0.484756 0.589696 0.484756 0.590616 0.485061 0.590923 0.485061 0.591536 0.485366 0.591843 0.485366 0.59215 0.485061 0.592456 0.485366 0.592763 0.485366 0.593683 0.485671 0.59399 0.485671 0.594603 0.485976 0.59491 0.485976 0.595523 0.48628 0.59583 0.48628 0.596749 0.486585 0.597056 0.486585 0.597669 0.48689 0.597976 0.48689 0.598283 0.486585 0.598589 0.48689 0.598896 0.48689 0.599816 0.487195 0.600123 0.487195 0.600736 0.4875 0.601043 0.4875 0.601656 0.487805 0.601963 0.487805 0.602576 0.48811 0.602883 0.48811 0.603803 0.488415 0.604109 0.488415 0.604416 0.48811 0.604722 0.48811 0.605949 0.488415 0.606256 0.488415 0.606869 0.48872 0.607176 0.48872 0.607789 0.489024 0.608096 0.489024 0.608709 0.489329 0.609016 0.489329 0.609936 0.489024 0.610242 0.489024 0.610856 0.489329 0.611162 0.489329 0.612082 0.489634 0.612389 0.489634 0.613002 0.489939 0.613309 0.489939 0.613922 0.490244 0.614229 0.490244 0.614842 0.490549 0.615149 0.490549 0.616069 0.490854 0.616375 0.490854 0.616989 0.491159 0.617295 0.491159 0.617909 0.491463 0.618215 0.491463 0.618829 0.491768 0.619135 0.491768 0.620055 0.492073 0.620362 0.492073 0.620975 0.492378 0.621282 0.492378 0.621895 0.492683 0.622202 0.492073 0.622815 0.492073 0.623122 0.492378 0.623428 0.492378 0.624962 0.492073 0.625268 0.492378 0.625575 0.492378 0.626188 0.492683 0.626495 0.492683 0.627108 0.492988 0.627415 0.492988 0.628335 0.493293 0.628642 0.492988 0.628948 0.492683 0.628948 0.492683 0.629255 0.492988 0.629561 0.493293 0.629561 0.493598 0.629868 0.493598 0.630175 0.493902 0.630481 0.493902 0.631095 0.494207 0.631401 0.494207 0.632015 0.493902 0.632321 0.493902 0.633241 0.494207 0.633548 0.494207 0.634468 0.494512 0.634775 0.494512 0.635081 0.494207 0.635388 0.494512 0.635695 0.494512 0.636001 0.494817 0.636308 0.495427 0.636308 0.495732 0.636615 0.495732 0.637228 0.496037 0.637534 0.496037 0.638148 0.496341 0.638454 0.496341 0.639374 0.496951 0.639988 0.496951 0.640294 0.497256 0.640601 0.497256 0.641214 0.497561 0.641521 0.497561 0.642134 0.497866 0.642441 0.497866 0.643361 0.498476 0.643974 0.498476 0.644281 0.49878 0.644588 0.49878 0.645201 0.499085 0.645508 0.499085 0.646121 0.49939 0.646427 0.49939 0.647041 0.5 0.647041 0.500305 0.647347 0.500305 0.648267 0.50061 0.648574 0.50061 0.649187 0.500915 0.649187 0.50122 0.649494 0.50122 0.650107 0.501524 0.650414 0.501524 0.651027 0.501829 0.651334 0.501829 0.651641 0.502439 0.652254 0.502439 0.653174 0.502744 0.653481 0.503049 0.653481 0.503354 0.653787 0.503354 0.654094 0.503659 0.6544 0.503659 0.655014 0.503963 0.65532 0.503963 0.655627 0.504573 0.65624 0.504573 0.656854 0.504878 0.656854 0.505183 0.65716 0.505183 0.65808 0.505793 0.65808 0.506098 0.658387 0.506098 0.659 0.506402 0.659 0.506707 0.659307 0.506707 0.659614 0.507012 0.659614 0.507317 0.659307 0.507622 0.659614 0.507927 0.659614 0.508232 0.65992 0.508232 0.660534 0.508537 0.660534 0.508841 0.66084 0.508841 0.661454 0.508537 0.66176 0.508232 0.66176 0.508537 0.662067 0.508537 0.66268 0.508841 0.66268 0.509146 0.662987 0.509146 0.6636 0.509451 0.663907 0.509451 0.66452 0.509756 0.664827 0.509756 0.66544 0.510061 0.66544 0.510366 0.665747 0.510671 0.665747 0.510976 0.666053 0.510671 0.66636 0.510671 0.667587 0.510976 0.667893 0.510976 0.668507 0.51128 0.668813 0.51128 0.669733 0.511585 0.67004 0.511585 0.670653 0.51189 0.67096 0.51189 0.671573 0.512195 0.67188 0.512195 0.6728 0.5125 0.673106 0.5125 0.67372 0.512805 0.674026 0.512805 0.67464 0.51311 0.674946 0.51311 0.675253 0.513415 0.675253 0.514024 0.675866 0.514024 0.67648 0.514329 0.676786 0.514329 0.677706 0.514634 0.677706 0.514939 0.678013 0.514939 0.678626 0.515244 0.678933 0.515244 0.679546 0.515549 0.679853 0.515549 0.680466 0.515854 0.680466 0.516159 0.680773 0.516159 0.681386 0.516463 0.681693 0.516463 0.682613 0.516768 0.682919 0.516768 0.683533 0.517073 0.683839 0.517073 0.684453 0.517378 0.684759 0.517378 0.685679 0.517683 0.685986 0.517683 0.686599 0.517988 0.686906 0.517988 0.687519 0.518293 0.687826 0.518293 0.688439 0.518598 0.688746 0.518598 0.689666 0.518902 0.689972 0.518902 0.690586 0.519207 0.690892 0.519207 0.691506 0.519512 0.691812 0.519512 0.692426 0.519817 0.692732 0.519817 0.693652 0.520122 0.693959 0.520122 0.694572 0.520427 0.694879 0.519817 0.695492 0.518902 0.695492 0.518598 0.695799 0.517988 0.695799 0.517378 0.696412 0.517073 0.696412 0.516768 0.696719 0.516159 0.696719 0.515854 0.697025 0.514939 0.697025 0.514634 0.697332 0.514024 0.697332 0.51372 0.697639 0.51311 0.697639 0.512805 0.697945 0.51189 0.697945 0.511585 0.698252 0.510976 0.698252 0.510671 0.698559 0.510061 0.698559 0.509756 0.698865 0.509146 0.698865 0.508841 0.699172 0.507927 0.699172 0.507622 0.699479 0.507012 0.699479 0.506707 0.699785 0.506098 0.699785 0.505488 0.700399 0.505183 0.700399 0.504878 0.700705 0.504268 0.700705 0.503963 0.701012 0.503049 0.701012 0.502744 0.701319 0.502134 0.701319 0.501829 0.701625 0.50122 0.701625 0.500915 0.701932 0.50061 0.701932 0.500305 0.702239 0.5 0.702239 0.499695 0.701932 0.499695 0.701625 0.5 0.701319 0.5 0.701012 0.500305 0.700705 0.50061 0.700705 0.50061 0.700399 0.500915 0.700092 0.501524 0.700092 0.501829 0.699785 0.502134 0.699785 0.501829 0.699479 0.501829 0.698865 0.50061 0.698865 0.5 0.699479 0.5 0.699785 0.499695 0.700092 0.499695 0.700399 0.49939 0.700705 0.499085 0.700705 0.499085 0.701932 0.49939 0.702239 0.49939 0.702852 0.499695 0.703159 0.5 0.703159 0.500305 0.703465 0.500305 0.703772 0.5 0.704079 0.500305 0.704385 0.500305 0.705918 0.50061 0.706225 0.50061 0.707145 0.500915 0.707452 0.500915 0.708065 0.50122 0.708372 0.50122 0.708985 0.501524 0.709292 0.501524 0.709905 0.501829 0.710212 0.501829 0.711132 0.502134 0.711438 0.502134 0.712052 0.502439 0.712358 0.502439 0.712971 0.502744 0.713278 0.502744 0.714198 0.503049 0.714505 0.503049 0.715118 0.503354 0.715425 0.503354 0.716038 0.503659 0.716345 0.503659 0.716958 0.503963 0.717265 0.503963 0.717571 0.504268 0.717878 0.504573 0.717571 0.505183 0.717571 0.505488 0.717265 0.506098 0.717265 0.506402 0.716958 0.507317 0.716958 0.507622 0.716651 0.507927 0.716651 0.508232 0.716958 0.508537 0.716651 0.509146 0.716651 0.509451 0.716958 0.509146 0.717265 0.508841 0.717265 0.508537 0.717571 0.508537 0.718491 0.508841 0.718798 0.508841 0.719411 0.509146 0.719718 0.509451 0.719718 0.509756 0.720025 0.510671 0.720025 0.510976 0.720331 0.510671 0.720638 0.510366 0.720638 0.509756 0.721251 0.509451 0.721251 0.509451 0.721558 0.509756 0.721864 0.509756 0.722478 0.510061 0.722784 0.510061 0.723398 0.510366 0.723704 0.510366 0.724011 0.510671 0.724011 0.510976 0.724318 0.51128 0.724318 0.511585 0.724011 0.51189 0.724011 0.512195 0.724318 0.5125 0.724318 0.512805 0.724624 0.512805 0.725238 0.51311 0.725238 0.513415 0.725544 0.513415 0.726158 0.514024 0.726158 0.514329 0.726464 0.514329 0.726771 0.514024 0.727078 0.513415 0.727078 0.513415 0.728304 0.51372 0.728611 0.51372 0.728918 0.514024 0.728918 0.514329 0.729224 0.514939 0.729224 0.515244 0.729531 0.515244 0.729837 0.516463 0.731064 0.516768 0.730757 0.517378 0.731371 0.517683 0.731371 0.517988 0.731064 0.518598 0.731064 0.519207 0.730451 0.519512 0.730451 0.519512 0.730144 0.519817 0.729837 0.519512 0.729531 0.519817 0.729224 0.520427 0.729224 0.520427 0.728918 0.520732 0.728611 0.521341 0.728611 0.521341 0.728304 0.521646 0.727998 0.521951 0.728304 0.521951 0.728918 0.523171 0.730144 0.523171 0.730451 0.523476 0.730757 0.524085 0.730757 0.525 0.731677 0.525305 0.731371 0.527134 0.731371 0.527439 0.731064 0.528049 0.731064 0.528354 0.730757 0.528963 0.730757 0.529268 0.730451 0.529878 0.730451 0.530793 0.729531 0.530793 0.729224 0.531098 0.728918 0.531707 0.728918 0.531707 0.728611 0.532317 0.727998 0.532622 0.727998 0.533537 0.727078 0.533841 0.727078 0.533841 0.726771 0.534146 0.726464 0.534146 0.725851 0.534451 0.725544 0.534146 0.725238 0.534146 0.724318 0.534451 0.724011 0.534451 0.723398 0.534146 0.723091 0.534146 0.722784 0.534451 0.722478 0.534756 0.722478 0.535061 0.722171 0.535061 0.721251 0.534756 0.720944 0.534756 0.720638 0.534451 0.720638 0.534146 0.720331 0.533841 0.720331 0.533232 0.719718 0.533232 0.719411 0.532622 0.719411 0.532317 0.719105 0.532317 0.718491 0.532012 0.718185 0.532012 0.717265 0.531707 0.716958 0.531707 0.716345 0.531402 0.716038 0.531402 0.715425 0.531098 0.715118 0.531098 0.714198 0.530793 0.713891 0.530793 0.713278 0.531098 0.712971 0.531707 0.712971 0.531707 0.712052 0.531402 0.711745 0.531402 0.711132 0.531098 0.711132 0.530793 0.710825 0.530793 0.710212 0.530488 0.709905 0.530793 0.709598 0.530793 0.708985 0.530488 0.708678 0.530488 0.708065 0.530183 0.707758 0.530488 0.707452 0.530793 0.707452 0.531098 0.707145 0.531402 0.707145 0.532012 0.706532 0.532927 0.706532 0.533537 0.705918 0.533841 0.705918 0.534146 0.705612 0.534756 0.705612 0.535061 0.705305 0.535671 0.705305 0.535976 0.704998 0.53689 0.704998 0.537195 0.704692 0.5375 0.704692 0.537805 0.704998 0.53811 0.704692 0.538415 0.704692 0.539024 0.704079 0.539024 0.703772 0.539329 0.703465 0.539634 0.703465 0.540244 0.702852 0.540549 0.702852 0.541159 0.702239 0.541463 0.702239 0.541463 0.701625 0.542073 0.701012 0.541768 0.700705 0.541768 0.700092 0.542073 0.699785 0.542378 0.699785 0.542683 0.699479 0.543293 0.699479 0.543598 0.699785 0.544512 0.699785 0.544817 0.699479 0.545427 0.699479 0.545732 0.699172 0.546341 0.699172 0.546646 0.698865 0.547256 0.698865 0.547561 0.698559 0.548476 0.698559 0.54878 0.698252 0.54939 0.698252 0.549695 0.697945 0.550305 0.697945 0.55061 0.697639 0.551524 0.697639 0.551829 0.697332 0.552439 0.697332 0.552744 0.697025 0.553354 0.697025 0.553659 0.696719 0.553963 0.696719 0.554573 0.696105 0.555488 0.696105 0.555793 0.695799 0.556402 0.695799 0.556707 0.695492 0.557317 0.695492 0.557622 0.695186 0.558232 0.695186 0.558537 0.695492 0.558537 0.696105 0.558841 0.695799 0.559451 0.695799 0.559756 0.695492 0.560061 0.695492 0.560061 0.695186 0.559756 0.694879 0.560061 0.694572 0.560366 0.694572 0.560671 0.694266 0.56128 0.694266 0.56189 0.693652 0.562195 0.693652 0.5625 0.693346 0.56372 0.693346 0.564024 0.693652 0.564329 0.693652 0.564634 0.693346 0.565244 0.693346 0.565549 0.693039 0.566159 0.693039 0.566159 0.692426 0.566463 0.692119 0.566768 0.692119 0.567073 0.692426 0.567073 0.692732 0.567378 0.692732 0.567683 0.692426 0.568293 0.692426 0.568293 0.691199 0.568598 0.690892 0.568293 0.690586 0.568293 0.689972 0.568598 0.689666 0.568902 0.689666 0.568598 0.689359 0.568598 0.687826 0.568293 0.687519 0.568293 0.686906 0.568902 0.686293 0.568902 0.685986 0.569512 0.685373 0.569207 0.685066 0.569512 0.684759 0.569817 0.684759 0.569817 0.684453 0.569512 0.684146 0.569817 0.683839 0.570122 0.683839 0.570427 0.683533 0.571037 0.683533 0.571037 0.683226 0.571341 0.682919 0.571951 0.682919 0.571951 0.682613 0.572561 0.681999 0.572866 0.681999 0.573476 0.681386 0.574085 0.681386 0.57439 0.681079 0.57439 0.680466 0.574085 0.680159 0.574085 0.679546 0.573476 0.679546 0.573171 0.679239 0.573171 0.678933 0.572866 0.678933 0.572561 0.679239 0.572256 0.678933 0.572256 0.678626 0.571951 0.67832 0.571951 0.677706 0.572256 0.6774 0.572561 0.677706 0.572561 0.678013 0.572866 0.677706 0.573171 0.677706 0.573171 0.6774 0.572866 0.677093 0.572866 0.67648 0.572561 0.676173 0.572561 0.675866 0.572866 0.67556 0.572561 0.675253 0.572561 0.674333 0.572256 0.674026 0.571951 0.674333 0.571646 0.674333 0.571951 0.67464 0.571951 0.67648 0.571646 0.676786 0.571341 0.67648 0.571341 0.676173 0.570732 0.67556 0.570732 0.674946 0.570427 0.674946 0.570122 0.675253 0.569512 0.67464 0.569512 0.674333 0.569207 0.674026 0.568293 0.674026 0.567988 0.67372 0.568293 0.673413 0.568598 0.673413 0.568902 0.673106 0.569207 0.673106 0.569207 0.6728 0.568902 0.672493 0.568902 0.67188 0.568598 0.671573 0.568598 0.67096 0.568293 0.670653 0.568293 0.669733 0.567988 0.669427 0.567988 0.668813 0.567683 0.668813 0.567378 0.668507 0.567378 0.667893 0.567073 0.667587 0.566463 0.667587 0.565854 0.666973 0.565549 0.666973 0.564329 0.665747 0.564329 0.665133 0.564024 0.664827 0.564024 0.664213 0.56372 0.664213 0.563415 0.663907 0.563415 0.663293 0.56311 0.662987 0.56311 0.66268 0.562805 0.66268 0.562195 0.662067 0.562195 0.66176 0.5625 0.661454 0.562805 0.661454 0.562805 0.661147 0.5625 0.66084 0.5625 0.659307 0.562195 0.659 0.562195 0.65808 0.561585 0.657467 0.561585 0.65716 0.56128 0.656854 0.56128 0.65624 0.560976 0.655934 0.560976 0.65532 0.560366 0.65532 0.560061 0.655014 0.560061 0.6544 0.559451 0.6544 0.559146 0.654094 0.559451 0.653787 0.559451 0.653481 0.559756 0.653174 0.559451 0.652867 0.559451 0.652561 0.559756 0.652254 0.560061 0.652254 0.559756 0.651947 0.559756 0.651027 0.559451 0.650721 0.559451 0.650414 0.559756 0.650107 0.559451 0.649801 0.559451 0.649187 0.559146 0.648881 0.559146 0.647961 0.558841 0.647654 0.558841 0.647041 0.558537 0.646734 0.558537 0.646121 0.558232 0.645814 0.558232 0.645201 0.557927 0.644894 0.557927 0.643974 0.557622 0.643668 0.557622 0.643054 0.557317 0.642748 0.557317 0.642134 0.557012 0.641828 0.557012 0.640908 0.556707 0.640601 0.556707 0.639988 0.556402 0.639681 0.556402 0.639068 0.556098 0.638761 0.556098 0.638148 0.555793 0.637841 0.555793 0.636921 0.555488 0.636615 0.555488 0.636001 0.555183 0.635695 0.555183 0.635081 0.554878 0.634775 0.554878 0.633855 0.554573 0.633548 0.554573 0.632935 0.554878 0.632628 0.554878 0.632015 0.554573 0.631708 0.554573 0.631095 0.554268 0.630788 0.554268 0.630481 0.553963 0.630481 0.553659 0.630175 0.553659 0.629868 0.553354 0.629561 0.553354 0.628948 0.553049 0.628642 0.553049 0.628028 0.552744 0.627722 0.552744 0.627108 0.552439 0.626802 0.552439 0.625882 0.552134 0.625575 0.552134 0.623122 0.551829 0.622815 0.551829 0.622202 0.551524 0.621895 0.551524 0.621588 0.551829 0.621282 0.552744 0.621282 0.553049 0.620975 0.553049 0.620669 0.552744 0.620362 0.552744 0.620055 0.552439 0.619749 0.552439 0.618522 0.552134 0.618215 0.552134 0.617602 0.551829 0.617295 0.55122 0.617295 0.55122 0.618522 0.551524 0.618829 0.551524 0.619442 0.551829 0.619749 0.551524 0.620055 0.55122 0.620055 0.550915 0.619749 0.55061 0.619749 0.550305 0.619442 0.550305 0.618829 0.55 0.618522 0.55 0.617909 0.549695 0.617602 0.549695 0.616989 0.54939 0.616682 0.54939 0.615762 0.549085 0.615455 0.549085 0.614535 0.54939 0.614229 0.54939 0.613922 0.549085 0.613615 0.549695 0.613002 0.55 0.613002 0.55061 0.613615 0.55061 0.614229 0.550915 0.614535 0.550915 0.615455 0.55122 0.615762 0.551524 0.615762 0.551829 0.615455 0.551524 0.615149 0.551524 0.614535 0.55122 0.614229 0.55122 0.613615 0.550915 0.613309 0.550915 0.612695 0.55122 0.612389 0.55122 0.611469 0.55061 0.611469 0.550305 0.611162 0.550305 0.610549 0.55 0.610242 0.55 0.609629 0.549695 0.609629 0.54939 0.609322 0.54939 0.608402 0.549085 0.608096 0.549085 0.607482 0.54878 0.607176 0.54878 0.606562 0.548476 0.606256 0.548476 0.605642 0.548171 0.605949 0.547561 0.605949 0.547561 0.606256 0.547866 0.606562 0.547866 0.607176 0.547561 0.607482 0.547866 0.607789 0.547866 0.608402 0.548476 0.609016 0.548476 0.609322 0.54878 0.609629 0.54878 0.610242 0.549085 0.610549 0.549085 0.610856 0.54939 0.610549 0.549695 0.610856 0.549695 0.611162 0.55 0.611469 0.549695 0.611776 0.54939 0.611776 0.549085 0.612082 0.54878 0.612082 0.548476 0.611776 0.548476 0.610856 0.547256 0.609629 0.547256 0.608709 0.546951 0.608402 0.546951 0.607789 0.546646 0.607482 0.546646 0.606869 0.546341 0.606562 0.546646 0.606256 0.546646 0.605029 0.546341 0.604722 0.546341 0.604109 0.546646 0.603803 0.546951 0.604109 0.546951 0.604416 0.547256 0.604722 0.547866 0.604722 0.548171 0.604416 0.547866 0.604109 0.547866 0.603496 0.548171 0.603189 0.548476 0.603189 0.548476 0.602269 0.548171 0.601963 0.548171 0.601349 0.547866 0.601043 0.547561 0.601349 0.547256 0.601043 0.547256 0.600429 0.546646 0.599816 0.546646 0.599509 0.546037 0.598896 0.546341 0.598589 0.546037 0.598283 0.546037 0.597363 0.545732 0.597056 0.545732 0.596443 0.545427 0.596136 0.545427 0.595523 0.545122 0.595216 0.545122 0.59491 0.545427 0.594603 0.545427 0.594296 0.545122 0.59399 0.545122 0.593683 0.545732 0.59307 0.546341 0.59307 0.546646 0.592763 0.546646 0.59215 0.546341 0.591843 0.546037 0.591843 0.545732 0.591536 0.545732 0.59123 0.546037 0.590923 0.546037 0.590616 0.546341 0.59031 0.546341 0.590003 0.546037 0.589696 0.546341 0.58939 0.546646 0.58939 0.546646 0.589083 0.546341 0.588776 0.546341 0.587856 0.546037 0.58755 0.546037 0.586937 0.545732 0.58663 0.545732 0.586017 0.545427 0.58571 0.545427 0.58479 0.545122 0.584483 0.545122 0.58387 0.544817 0.583563 0.544817 0.58295 0.544512 0.582643 0.544512 0.58203 0.544207 0.581723 0.544207 0.580803 0.543902 0.580497 0.543902 0.579883 0.543598 0.579577 0.543598 0.578964 0.543293 0.578657 0.543293 0.578044 0.542988 0.577737 0.542988 0.576817 0.542683 0.57651 0.542683 0.575897 0.542378 0.57559 0.542378 0.574977 0.542073 0.57467 0.542073 0.57375 0.541768 0.573444 0.541768 0.57283 0.541463 0.572524 0.541463 0.572217 0.539939 0.572217 0.539634 0.57191 0.539634 0.571604 0.53811 0.571604 0.5375 0.57099 0.5375 0.570684 0.537195 0.570684 0.53628 0.569764 0.53628 0.569457 0.535671 0.569457 0.535061 0.568844 0.535671 0.568231 0.53628 0.568231 0.53628 0.567924 0.536585 0.567617 0.536585 0.567311 0.535976 0.567311 0.535671 0.567004 0.535366 0.567004 0.535061 0.566697 0.535976 0.565777 0.535976 0.565471 0.535671 0.565164 0.535671 0.564857 0.535061 0.564857 0.534451 0.564244 0.534451 0.563937 0.533841 0.563324 0.533841 0.563017 0.533537 0.563017 0.532927 0.562404 0.532927 0.561484 0.532622 0.561178 0.532622 0.560564 0.532317 0.560258 0.532317 0.559644 0.532012 0.559338 0.532012 0.558418 0.531707 0.558111 0.531707 0.557498 0.531402 0.557191 0.531402 0.556578 0.531098 0.556271 0.531098 0.555658 0.530793 0.555351 0.530793 0.554431 0.530488 0.554125 0.530488 0.553511 0.530183 0.553205 0.530183 0.552591 0.529878 0.552591 0.529573 0.552285 0.529573 0.551671 0.529268 0.551365 0.529268 0.551058 0.529573 0.550751 0.529573 0.550445 0.529268 0.550138 0.529573 0.549831 0.529573 0.548911 0.529878 0.548605 0.529878 0.548298 0.529573 0.547991 0.529573 0.547378 0.528963 0.546765 0.528963 0.546458 0.529268 0.546151 0.529573 0.546151 0.529878 0.545845 0.530488 0.545845 0.530793 0.546151 0.530793 0.546458 0.531098 0.546458 0.531402 0.546151 0.531707 0.546151 0.531707 0.545538 0.532317 0.544925 0.532622 0.544925 0.532927 0.544618 0.532927 0.543698 0.532622 0.543392 0.532622 0.542778 0.532317 0.542472 0.532317 0.541552 0.532012 0.541245 0.532012 0.540632 0.531707 0.540325 0.531707 0.539712 0.531402 0.539405 0.531402 0.538792 0.531098 0.538485 0.531098 0.537565 0.530793 0.537259 0.530793 0.536645 0.530488 0.536339 0.530488 0.535725 0.530183 0.535419 0.530183 0.534499 0.529878 0.534192 0.529878 0.533579 0.529573 0.533272 0.529573 0.532659 0.529268 0.532352 0.529268 0.531739 0.528963 0.531432 0.528963 0.530512 0.528659 0.530205 0.528659 0.529592 0.528354 0.529285 0.528354 0.528672 0.528049 0.528366 0.528049 0.527446 0.527744 0.527139 0.527744 0.526526 0.527439 0.526219 0.527439 0.525606 0.527134 0.525299 0.527134 0.524686 0.526829 0.524379 0.526829 0.523459 0.526524 0.523152 0.526524 0.522539 0.525915 0.521926 0.525915 0.521619 0.52561 0.521619 0.525305 0.521926 0.525305 0.522539 0.525 0.522846 0.524695 0.522539 0.523476 0.522539 0.523171 0.522232 0.523171 0.521926 0.522866 0.521926 0.522561 0.521619 0.522256 0.521926 0.521951 0.521619 0.521951 0.521006 0.521646 0.521006 0.521341 0.520699 0.521341 0.519166 0.521037 0.518859 0.521037 0.518246 0.520732 0.517939 0.520732 0.517019 0.520427 0.516713 0.520427 0.516099 0.520122 0.515793 0.520122 0.515179 0.519817 0.514873 0.519817 0.513953 0.519512 0.513646 0.519512 0.513033 0.519207 0.512726 0.519207 0.512113 0.518902 0.511806 0.518902 0.511193 0.518598 0.510886 0.518598 0.509966 0.518293 0.50966 0.518293 0.509046 0.517988 0.50874 0.517988 0.508126 0.517683 0.50782 0.517683 0.507206 0.517378 0.5069 0.517378 0.50598 0.517073 0.505673 0.517073 0.50506 0.516768 0.504753 0.516768 0.50414 0.516463 0.503833 0.516463 0.502913 0.516159 0.502607 0.516159 0.501993 0.515854 0.501687 0.515854 0.501073 0.515549 0.500767 0.515549 0.500153 0.515244 0.499847 0.515244 0.498927 0.514939 0.49862 0.514939 0.498007 0.514634 0.4977 0.514634 0.497087 0.514329 0.49678 0.514329 0.49586 0.514024 0.495554 0.514024 0.49494 0.51372 0.494634 0.51372 0.49402 0.513415 0.493714 0.513415 0.4931 0.51311 0.492794 0.51311 0.491874 0.512805 0.491874 0.5125 0.491567 0.5125 0.490954 0.512195 0.490647 0.512195 0.490034 0.51189 0.489727 0.51189 0.48942 0.512195 0.489114 0.512195 0.488807 0.51189 0.4885 0.51189 0.488194 0.512195 0.487887 0.5125 0.487887 0.512195 0.48758 0.512195 0.486967 0.51189 0.486661 0.511585 0.486661 0.51128 0.486354 0.51128 0.486047 0.510976 0.485741 0.510976 0.485434 0.51128 0.485127 0.51128 0.484821 0.511585 0.484514 0.511585 0.482674 0.51128 0.482674 0.510976 0.482367 0.510976 0.481754 0.510366 0.481141 0.510366 0.480834 0.509756 0.480834 0.509451 0.480527 0.509451 0.479914 0.509146 0.479914 0.508841 0.479607 0.508537 0.479914 0.507927 0.479914 0.507622 0.479607 0.507012 0.479607 0.506707 0.479301 0.506402 0.479607 0.505793 0.479607 0.505488 0.479914 0.504878 0.479914 0.504573 0.480221 0.503963 0.480221 0.503659 0.480527 0.502744 0.480527 0.502439 0.480834 0.500915 0.480834 0.50061 0.481141 0.499695 0.481141 0.49939 0.481447 0.49878 0.481447 0.498476 0.481754 0.497866 0.481754 0.497256 0.481141 0.497561 0.480834 0.498476 0.480834 0.49878 0.480527 0.49939 0.480527 0.499695 0.480221 0.500305 0.480221 0.50061 0.479914 0.50122 0.479914 0.501524 0.479607 0.502439 0.479607 0.502744 0.479301 0.503354 0.479301 0.503659 0.478994 0.504268 0.478994 0.504573 0.478688 0.505488 0.478688 0.505488 0.478381 0.505183 0.478074
