0 0.969102 0.48197 0.969102 0.482936 0.971412 0.482936 0.971701 0.483258 0.971701 0.482292 0.971412 0.482292 0.971123 0.48197
0 0.570604 0.434965 0.570315 0.435287 0.570315 0.436252 0.571181 0.436252 0.57147 0.436574 0.574357 0.436574 0.574357 0.435608 0.574069 0.435287 0.57147 0.435287 0.571181 0.434965
0 0.465204 0.419833 0.465204 0.421442 0.464915 0.421764 0.465492 0.422408 0.465492 0.42273 0.465781 0.42273 0.46607 0.423052 0.467514 0.423052 0.467514 0.421764 0.467802 0.421442 0.467802 0.420155 0.46607 0.420155 0.465781 0.419833
0 0.807104 0.180296 0.806815 0.180618 0.80566 0.180618 0.80566 0.183516 0.806815 0.183516 0.806815 0.183194 0.807104 0.182872 0.808259 0.182872 0.808259 0.180296
0 0.763211 0.178364 0.762922 0.178686 0.762922 0.179652 0.763211 0.179652 0.763789 0.180296 0.763789 0.180618 0.764944 0.180618 0.764944 0.178364
0 0.46376 0.176433 0.46376 0.176755 0.463471 0.177077 0.460583 0.177077 0.460006 0.177721 0.459717 0.177721 0.459717 0.17933 0.460006 0.179652 0.460872 0.179652 0.460872 0.17933 0.461161 0.179008 0.46145 0.179008 0.46145 0.178686 0.461738 0.178364 0.463471 0.178364 0.46376 0.178686 0.464049 0.178686 0.464049 0.178364 0.464337 0.178042 0.464915 0.178042 0.464915 0.177399 0.465204 0.177077 0.465204 0.176755 0.464915 0.176433
0 0.762922 0.172569 0.762922 0.173857 0.763211 0.173857 0.7635 0.174179 0.763211 0.174501 0.7635 0.174823 0.763789 0.174823 0.764077 0.175145 0.764077 0.177077 0.764366 0.177077 0.764655 0.177399 0.764655 0.177721 0.765521 0.177721 0.76581 0.178042 0.76581 0.178364 0.765521 0.178686 0.765521 0.179008 0.766676 0.179008 0.766965 0.17933 0.766965 0.181584 0.76812 0.181584 0.76812 0.178686 0.767254 0.178686 0.766965 0.178364 0.766965 0.178042 0.766676 0.177721 0.766099 0.177721 0.76581 0.177399 0.76581 0.176433 0.765521 0.176433 0.765232 0.176111 0.765232 0.174823 0.764944 0.174823 0.764655 0.174501 0.764655 0.174179 0.764944 0.173857 0.764944 0.172891 0.764655 0.172569
0 0.760323 0.171281 0.760323 0.172247 0.760612 0.172247 0.760901 0.172569 0.760901 0.172891 0.76119 0.173213 0.762056 0.173213 0.762345 0.172891 0.762345 0.171603 0.762056 0.171603 0.761767 0.171281
0 0.595437 0.157759 0.595437 0.158403 0.595149 0.158725 0.595149 0.159047 0.595726 0.159047 0.596015 0.159369 0.597748 0.159369 0.597748 0.158725 0.598036 0.158403 0.598036 0.158081 0.597748 0.157759
0 0.532198 0.15293 0.532198 0.153896 0.531909 0.154218 0.53162 0.154218 0.53162 0.15454 0.531331 0.154862 0.530176 0.154862 0.529887 0.15454 0.528155 0.15454 0.528155 0.155184 0.527866 0.155505 0.527577 0.155505 0.527288 0.155827 0.527288 0.157115 0.527 0.157437 0.526711 0.157437 0.526711 0.159369 0.526422 0.159691 0.526422 0.160657 0.526711 0.160979 0.527577 0.160979 0.527577 0.159691 0.528155 0.159047 0.528444 0.159047 0.528444 0.158725 0.528732 0.158403 0.528732 0.156471 0.529021 0.156149 0.529887 0.156149 0.530176 0.156471 0.531042 0.156471 0.531042 0.155827 0.531331 0.155505 0.53162 0.155827 0.532486 0.155827 0.532775 0.155505 0.532775 0.155184 0.533064 0.154862 0.533353 0.154862 0.533353 0.15293
0 0.549524 0.152608 0.549524 0.153252 0.549235 0.153574 0.548657 0.153574 0.548368 0.153252 0.547213 0.153252 0.546925 0.153574 0.546925 0.153896 0.546636 0.154218 0.545192 0.154218 0.544903 0.15454 0.544326 0.15454 0.544326 0.154862 0.544037 0.155184 0.542593 0.155184 0.542593 0.155505 0.542304 0.155827 0.541149 0.155827 0.540861 0.155505 0.53855 0.155505 0.53855 0.155827 0.537973 0.156471 0.537395 0.156471 0.537107 0.156149 0.536529 0.156149 0.535951 0.156793 0.535663 0.156793 0.535663 0.157115 0.535374 0.157437 0.534508 0.157437 0.534508 0.159369 0.534219 0.159691 0.533641 0.159691 0.533353 0.160013 0.533064 0.160013 0.532486 0.160657 0.532198 0.160657 0.532198 0.163876 0.531909 0.164198 0.531909 0.16774 0.53162 0.168062 0.53162 0.171925 0.531331 0.172247 0.531331 0.176111 0.531042 0.176433 0.531042 0.179008 0.530754 0.17933 0.530465 0.179008 0.530465 0.178042 0.529021 0.178042 0.528732 0.178364 0.528444 0.178364 0.528444 0.178686 0.528155 0.179008 0.527866 0.179008 0.527866 0.179974 0.527288 0.180618 0.527 0.180618 0.527 0.18094 0.526711 0.181262 0.526133 0.181262 0.526133 0.181584 0.525845 0.181906 0.525556 0.181906 0.525556 0.182228 0.525267 0.18255 0.524978 0.18255 0.524978 0.183516 0.52469 0.183838 0.522379 0.183838 0.521802 0.184482 0.521513 0.18416 0.518337 0.18416 0.518048 0.183838 0.514583 0.183838 0.514294 0.183516 0.511118 0.183516 0.510829 0.183194 0.507364 0.183194 0.507075 0.182872 0.50361 0.182872 0.503321 0.18255 0.500144 0.18255 0.499856 0.182228 0.498989 0.182228 0.498989 0.18255 0.498701 0.182872 0.496102 0.182872 0.495813 0.18255 0.492348 0.18255 0.492059 0.182228 0.488882 0.182228 0.488594 0.181906 0.485129 0.181906 0.48484 0.181584 0.481375 0.181584 0.481086 0.181262 0.477909 0.181262 0.477621 0.18094 0.474155 0.18094 0.473867 0.180618 0.47069 0.180618 0.470401 0.180296 0.466647 0.180296 0.466647 0.180618 0.466359 0.18094 0.46607 0.18094 0.46607 0.181262 0.465781 0.181584 0.465204 0.181584 0.465204 0.181906 0.464915 0.182228 0.464626 0.182228 0.464626 0.18255 0.464337 0.182872 0.464049 0.182872 0.46376 0.183194 0.46376 0.183516 0.463471 0.183838 0.463182 0.183516 0.463182 0.183838 0.462893 0.18416 0.462605 0.18416 0.462605 0.185126 0.462316 0.185448 0.462316 0.189311 0.462027 0.189633 0.462027 0.193175 0.461738 0.193496 0.461738 0.19736 0.46145 0.197682 0.46145 0.201545 0.461161 0.201867 0.461161 0.205409 0.460872 0.205731 0.460872 0.209594 0.460583 0.209916 0.460583 0.213458 0.460295 0.21378 0.460295 0.217643 0.460006 0.217965 0.460006 0.221829 0.459717 0.222151 0.459717 0.225692 0.459428 0.226014 0.459428 0.229878 0.459139 0.2302 0.459139 0.234063 0.458851 0.234385 0.458851 0.237927 0.458562 0.238249 0.458562 0.242112 0.458273 0.242434 0.458273 0.245976 0.457984 0.246297 0.457984 0.250161 0.457696 0.250483 0.457696 0.254346 0.457407 0.254668 0.457407 0.25821 0.457118 0.258532 0.457118 0.262395 0.456829 0.262717 0.456829 0.266259 0.456541 0.266581 0.456541 0.270444 0.456252 0.270766 0.456252 0.27463 0.455963 0.274952 0.455963 0.278493 0.455674 0.278815 0.455674 0.282679 0.455386 0.283001 0.455386 0.286542 0.455097 0.286864 0.455097 0.290728 0.454808 0.29105 0.454808 0.294913 0.454519 0.295235 0.454519 0.298777 0.45423 0.299099 0.45423 0.302962 0.453942 0.303284 0.453942 0.306825 0.453653 0.307147 0.453653 0.311011 0.453364 0.311333 0.453364 0.315196 0.453075 0.315518 0.453075 0.31906 0.452787 0.319382 0.452787 0.323245 0.452498 0.323567 0.452498 0.327431 0.452209 0.327753 0.452209 0.329041 0.45192 0.329363 0.451054 0.329363 0.450765 0.329041 0.4473 0.329041 0.447011 0.328719 0.443835 0.328719 0.443546 0.328397 0.440081 0.328397 0.439792 0.328075 0.436327 0.328075 0.436038 0.327753 0.435461 0.327753 0.435461 0.328075 0.435172 0.328397 0.432862 0.328397 0.432573 0.328075 0.429108 0.328075 0.428819 0.327753 0.425643 0.327753 0.425354 0.327431 0.421889 0.327431 0.4216 0.327109 0.418135 0.327109 0.417846 0.326787 0.414669 0.326787 0.414381 0.326465 0.410915 0.326465 0.410627 0.326787 0.407161 0.326787 0.406873 0.326465 0.403696 0.326465 0.403407 0.326143 0.399942 0.326143 0.399653 0.325821 0.396477 0.325821 0.396188 0.325499 0.392723 0.325499 0.392434 0.325177 0.388969 0.325177 0.38868 0.324855 0.385504 0.324855 0.385215 0.324533 0.38175 0.324533 0.381461 0.324211 0.378285 0.324211 0.377996 0.323889 0.374531 0.323889 0.374242 0.323567 0.371643 0.323567 0.371066 0.324211 0.370777 0.324211 0.370488 0.323889 0.367312 0.323889 0.367023 0.323567 0.363558 0.323567 0.363269 0.323245 0.359804 0.323245 0.359515 0.322923 0.356338 0.322923 0.35605 0.322601 0.352584 0.322601 0.352296 0.322279 0.349119 0.322279 0.34883 0.321958 0.345365 0.321958 0.345077 0.321636 0.341611 0.321636 0.341323 0.321314 0.338146 0.321314 0.337857 0.320992 0.334392 0.320992 0.334103 0.32067 0.330927 0.32067 0.330638 0.320348 0.327173 0.320348 0.326884 0.320026 0.323419 0.320026 0.32313 0.319704 0.319954 0.319704 0.319665 0.319382 0.3162 0.319382 0.315911 0.31906 0.313601 0.31906 0.313601 0.319704 0.313312 0.320026 0.312446 0.320026 0.312157 0.319704 0.308981 0.319704 0.308692 0.319382 0.305227 0.319382 0.304938 0.31906 0.301761 0.31906 0.301473 0.318738 0.298008 0.318738 0.297719 0.318416 0.294254 0.318416 0.293965 0.318094 0.290788 0.318094 0.2905 0.317772 0.287034 0.317772 0.286746 0.31745 0.283569 0.31745 0.28328 0.317128 0.280681 0.317128 0.280681 0.31745 0.280393 0.317772 0.279815 0.317772 0.279526 0.31745 0.27866 0.31745 0.27866 0.317772 0.278371 0.318094 0.27635 0.318094 0.27635 0.319382 0.276061 0.319704 0.276061 0.323567 0.275772 0.323889 0.275772 0.327753 0.275484 0.328075 0.275484 0.331616 0.275195 0.331938 0.275195 0.335802 0.274906 0.336124 0.274906 0.339665 0.274617 0.339987 0.275195 0.339987 0.275484 0.340309 0.276061 0.340309 0.27635 0.340631 0.27635 0.341275 0.277216 0.341275 0.277505 0.341597 0.277505 0.341919 0.27866 0.341919 0.278949 0.342241 0.278949 0.342885 0.279815 0.342885 0.280104 0.343207 0.280104 0.343529 0.280393 0.343529 0.280681 0.343851 0.280681 0.344173 0.280393 0.344495 0.280393 0.344816 0.280681 0.345138 0.28097 0.345138 0.281259 0.34546 0.281259 0.34707 0.28097 0.347392 0.280393 0.347392 0.280393 0.348036 0.280104 0.348358 0.280104 0.352222 0.279815 0.352543 0.279815 0.356407 0.279526 0.356729 0.278949 0.356729 0.278949 0.357695 0.27866 0.358017 0.278371 0.358017 0.278083 0.358339 0.27635 0.358339 0.27635 0.358983 0.276061 0.359305 0.275772 0.359305 0.275772 0.359627 0.275484 0.359948 0.275195 0.359948 0.275195 0.36027 0.274906 0.360592 0.274329 0.360592 0.27404 0.360914 0.27404 0.361558 0.273751 0.36188 0.273462 0.36188 0.273462 0.364134 0.273174 0.364456 0.273174 0.368319 0.272885 0.368641 0.272885 0.372183 0.272596 0.372505 0.272596 0.376368 0.272307 0.37669 0.272307 0.377656 0.272596 0.377656 0.272885 0.377978 0.272885 0.3783 0.273751 0.3783 0.274329 0.378944 0.274329 0.379266 0.275195 0.379266 0.275484 0.379588 0.275484 0.37991 0.277216 0.37991 0.277505 0.380232 0.277505 0.380876 0.277794 0.381198 0.277794 0.38152 0.278083 0.381842 0.278371 0.381842 0.27866 0.382164 0.27866 0.383129 0.278949 0.383129 0.279238 0.383451 0.279238 0.384739 0.279526 0.385061 0.279526 0.388925 0.279238 0.389247 0.279238 0.390534 0.279526 0.390534 0.279815 0.390856 0.279815 0.39311 0.279526 0.393432 0.279526 0.396974 0.279238 0.397296 0.279238 0.401159 0.278949 0.401481 0.278949 0.404057 0.279238 0.404057 0.279526 0.404379 0.279526 0.405666 0.279238 0.405988 0.279238 0.406632 0.279526 0.406954 0.279815 0.406954 0.280104 0.407276 0.280104 0.408564 0.280681 0.409208 0.280681 0.40953 0.281259 0.410174 0.282125 0.410174 0.282414 0.410496 0.282414 0.410818 0.283569 0.410818 0.283858 0.41114 0.285302 0.41114 0.285591 0.411462 0.285591 0.412106 0.287323 0.412106 0.287612 0.412428 0.291077 0.412428 0.291366 0.41275 0.294542 0.41275 0.294831 0.413071 0.298296 0.413071 0.298585 0.413393 0.301761 0.413393 0.30205 0.413715 0.305515 0.413715 0.305804 0.414037 0.309269 0.414037 0.309558 0.414359 0.312735 0.414359 0.313023 0.414681 0.316489 0.414681 0.316777 0.415003 0.319954 0.415003 0.320243 0.415325 0.322553 0.415325 0.322841 0.415647 0.322841 0.415969 0.323708 0.415969 0.323997 0.416291 0.327173 0.416291 0.327462 0.416613 0.330927 0.416613 0.331216 0.416935 0.334392 0.416935 0.33497 0.417579 0.33497 0.417901 0.336414 0.417901 0.336414 0.417579 0.336702 0.417257 0.338146 0.417257 0.338435 0.417579 0.3419 0.417579 0.342189 0.417901 0.345654 0.417901 0.345943 0.418223 0.34652 0.418223 0.346809 0.418545 0.346809 0.418867 0.349119 0.418867 0.349408 0.418545 0.349697 0.418545 0.350274 0.417901 0.352873 0.417901 0.353162 0.418223 0.35605 0.418223 0.356338 0.418545 0.356338 0.418867 0.356627 0.419189 0.358071 0.419189 0.35836 0.419511 0.35836 0.419833 0.360092 0.419833 0.360381 0.420155 0.363558 0.420155 0.363846 0.420476 0.364424 0.419833 0.367312 0.419833 0.367889 0.420476 0.367889 0.420798 0.370777 0.420798 0.371066 0.42112 0.373087 0.42112 0.373087 0.420798 0.373376 0.420476 0.373953 0.42112 0.374531 0.42112 0.37482 0.421442 0.378285 0.421442 0.378573 0.421764 0.38175 0.421764 0.382039 0.422086 0.382616 0.422086 0.383194 0.421442 0.384638 0.421442 0.384638 0.42112 0.384926 0.420798 0.385504 0.420798 0.385793 0.42112 0.388969 0.42112 0.389258 0.421442 0.389258 0.421764 0.389835 0.422408 0.389835 0.42273 0.392723 0.42273 0.393012 0.423052 0.396477 0.423052 0.396766 0.423374 0.399942 0.423374 0.400231 0.423696 0.403696 0.423696 0.403985 0.424018 0.407161 0.424018 0.40745 0.42434 0.410915 0.42434 0.411204 0.424662 0.414092 0.424662 0.414092 0.42434 0.414381 0.424018 0.414669 0.424018 0.414958 0.42434 0.418135 0.42434 0.418423 0.424662 0.420733 0.424662 0.420733 0.42434 0.421022 0.424018 0.421889 0.424018 0.422177 0.42434 0.425643 0.42434 0.425931 0.424662 0.428819 0.424662 0.429108 0.424984 0.429108 0.42595 0.429396 0.426272 0.431707 0.426272 0.431707 0.425306 0.431995 0.424984 0.432284 0.425306 0.432284 0.426272 0.432862 0.426272 0.43315 0.426594 0.434306 0.426594 0.434306 0.426272 0.434594 0.42595 0.434883 0.42595 0.434883 0.425628 0.435172 0.425306 0.436616 0.425306 0.436904 0.425628 0.438637 0.425628 0.438926 0.425306 0.438926 0.424984 0.439215 0.424662 0.440081 0.424662 0.44037 0.424984 0.440658 0.424984 0.440658 0.424662 0.440947 0.42434 0.443835 0.42434 0.444124 0.424662 0.4473 0.424662 0.447589 0.424984 0.450188 0.424984 0.450476 0.425306 0.450476 0.425628 0.451054 0.425628 0.451343 0.42595 0.452787 0.42595 0.453075 0.426272 0.453075 0.426916 0.45423 0.426916 0.45423 0.426272 0.454519 0.42595 0.455097 0.42595 0.455386 0.425628 0.456829 0.425628 0.456829 0.425306 0.457118 0.424984 0.457696 0.424984 0.457696 0.424662 0.457984 0.42434 0.458273 0.42434 0.458851 0.423696 0.459717 0.423696 0.459717 0.423374 0.460006 0.423052 0.460295 0.423052 0.460295 0.42273 0.460583 0.422408 0.461161 0.422408 0.461161 0.422086 0.46145 0.421764 0.461738 0.421764 0.461738 0.421442 0.462316 0.420798 0.462605 0.420798 0.462893 0.420476 0.463182 0.420476 0.463182 0.420155 0.463471 0.419833 0.46376 0.419833 0.464337 0.419189 0.464626 0.419189 0.464626 0.418545 0.464915 0.418223 0.465781 0.418223 0.465781 0.417901 0.46607 0.417579 0.466359 0.417901 0.466936 0.417257 0.468091 0.417257 0.468091 0.416291 0.46838 0.415969 0.470113 0.415969 0.470401 0.416291 0.473578 0.416291 0.473867 0.416613 0.477332 0.416613 0.477621 0.416935 0.480797 0.416935 0.481086 0.417257 0.484551 0.417257 0.48484 0.417579 0.488305 0.417579 0.488594 0.417901 0.49177 0.417901 0.492059 0.418223 0.495524 0.418223 0.495813 0.418545 0.498989 0.418545 0.499278 0.418867 0.502743 0.418867 0.503032 0.419189 0.506497 0.419189 0.506786 0.419511 0.509962 0.419511 0.510251 0.419833 0.513716 0.419833 0.514005 0.420155 0.51747 0.420155 0.517759 0.420476 0.520936 0.420476 0.521224 0.420798 0.52469 0.420798 0.524978 0.42112 0.528155 0.42112 0.528444 0.421442 0.531909 0.421442 0.532198 0.421764 0.535663 0.421764 0.535951 0.422086 0.539128 0.422086 0.539417 0.422408 0.542882 0.422408 0.543171 0.42273 0.546347 0.42273 0.546636 0.423052 0.550101 0.423052 0.55039 0.423374 0.553855 0.423374 0.554433 0.424018 0.554433 0.425306 0.554144 0.425628 0.554144 0.426272 0.555299 0.426272 0.555299 0.425628 0.555588 0.425306 0.555588 0.424662 0.555876 0.42434 0.556743 0.42434 0.557031 0.424662 0.557031 0.424984 0.55732 0.425306 0.557898 0.425306 0.558187 0.425628 0.558187 0.42595 0.558475 0.42595 0.558764 0.426272 0.558764 0.426594 0.559053 0.426594 0.559342 0.426916 0.559342 0.42756 0.560208 0.42756 0.560497 0.427882 0.560497 0.428203 0.560785 0.428525 0.561074 0.428525 0.561363 0.428847 0.561363 0.429169 0.561652 0.429169 0.561941 0.429491 0.561941 0.429813 0.561652 0.430135 0.561652 0.430457 0.562229 0.431101 0.562229 0.431423 0.562518 0.431423 0.562807 0.431745 0.562807 0.432067 0.563962 0.432067 0.564251 0.432389 0.567716 0.432389 0.568005 0.432711 0.56916 0.432711 0.569448 0.433033 0.569448 0.433355 0.571181 0.433355 0.57147 0.433677 0.574935 0.433677 0.575224 0.433999 0.578689 0.433999 0.578978 0.434321 0.580422 0.434321 0.580422 0.433355 0.58071 0.433033 0.582154 0.433033 0.582443 0.433355 0.585908 0.433355 0.586197 0.433677 0.589662 0.433677 0.589951 0.433999 0.593127 0.433999 0.593416 0.434321 0.596881 0.434321 0.59717 0.434643 0.600347 0.434643 0.600635 0.434965 0.6041 0.434965 0.604389 0.435287 0.607854 0.435287 0.608143 0.435608 0.61132 0.435608 0.611608 0.43593 0.615074 0.43593 0.615362 0.436252 0.618539 0.436252 0.618828 0.436574 0.622293 0.436574 0.622582 0.436896 0.626047 0.436896 0.626336 0.437218 0.629512 0.437218 0.629801 0.43754 0.633266 0.43754 0.633555 0.437862 0.63702 0.437862 0.637309 0.438184 0.640485 0.438184 0.640774 0.438506 0.644239 0.438506 0.644528 0.438828 0.647704 0.438828 0.647993 0.43915 0.651458 0.43915 0.651747 0.439472 0.655212 0.439472 0.655501 0.439794 0.658677 0.439794 0.658966 0.440116 0.662431 0.440116 0.66272 0.440438 0.665897 0.440438 0.666185 0.44076 0.669651 0.44076 0.669939 0.441082 0.673405 0.441082 0.673693 0.441404 0.67687 0.441404 0.677159 0.441726 0.680624 0.441726 0.680913 0.442048 0.684089 0.442048 0.684378 0.44237 0.687843 0.44237 0.688132 0.442692 0.691597 0.442692 0.691886 0.443014 0.695062 0.443014 0.695351 0.443335 0.698816 0.443335 0.699105 0.443657 0.702281 0.443657 0.70257 0.443979 0.706035 0.443979 0.706324 0.444301 0.709789 0.444301 0.710078 0.444623 0.713254 0.444623 0.713543 0.444945 0.717008 0.444945 0.717297 0.445267 0.720762 0.445267 0.721051 0.445589 0.724228 0.445589 0.724516 0.445911 0.727982 0.445911 0.72827 0.446233 0.731447 0.446233 0.731735 0.446555 0.735201 0.446555 0.735489 0.446877 0.738955 0.446877 0.739243 0.447199 0.74242 0.447199 0.742709 0.447521 0.746174 0.447521 0.746463 0.447843 0.749639 0.447843 0.749928 0.448165 0.753393 0.448165 0.753682 0.448487 0.757147 0.448487 0.757436 0.448809 0.760612 0.448809 0.760901 0.449131 0.764366 0.449131 0.764655 0.449453 0.766965 0.449453 0.767254 0.449775 0.767254 0.450097 0.767543 0.450097 0.767831 0.450419 0.767831 0.451062 0.767543 0.451384 0.76812 0.452028 0.76812 0.452994 0.768409 0.453316 0.768698 0.453316 0.768986 0.453638 0.768986 0.455248 0.768698 0.45557 0.768698 0.456214 0.768986 0.456214 0.769275 0.456536 0.769275 0.459433 0.768986 0.459755 0.768986 0.460399 0.769275 0.460399 0.769564 0.460721 0.769564 0.462009 0.769853 0.462009 0.770141 0.462331 0.770141 0.463297 0.770719 0.463297 0.771008 0.463619 0.77043 0.464263 0.769275 0.464263 0.769275 0.465229 0.771008 0.465229 0.771297 0.465551 0.774762 0.465551 0.775051 0.465873 0.778227 0.465873 0.778516 0.466194 0.781981 0.466194 0.78227 0.466516 0.785735 0.466516 0.786024 0.466838 0.7892 0.466838 0.789489 0.46716 0.792954 0.46716 0.793243 0.467482 0.796419 0.467482 0.796708 0.467804 0.800173 0.467804 0.800462 0.468126 0.803927 0.468126 0.804216 0.468448 0.807392 0.468448 0.807681 0.46877 0.811146 0.46877 0.811435 0.469092 0.814612 0.469092 0.8149 0.469414 0.818366 0.469414 0.818654 0.469736 0.82212 0.469736 0.822408 0.470058 0.825585 0.470058 0.825874 0.47038 0.829339 0.47038 0.829627 0.470702 0.832804 0.470702 0.833093 0.471024 0.836558 0.471024 0.836847 0.471346 0.840312 0.471346 0.840601 0.471668 0.843777 0.471668 0.844066 0.47199 0.847531 0.47199 0.84782 0.472312 0.851285 0.472312 0.851574 0.472634 0.85475 0.472634 0.855039 0.472956 0.858504 0.472956 0.858793 0.473278 0.861969 0.473278 0.862258 0.473599 0.865723 0.473599 0.866012 0.473921 0.869477 0.473921 0.869766 0.474243 0.872943 0.474243 0.873231 0.474565 0.876697 0.474565 0.876985 0.474887 0.880162 0.474887 0.88045 0.475209 0.883916 0.475209 0.884204 0.475531 0.88767 0.475531 0.887958 0.475853 0.891135 0.475853 0.891424 0.476175 0.894889 0.476175 0.895178 0.476497 0.898354 0.476497 0.898643 0.476819 0.902108 0.476819 0.902397 0.477141 0.905862 0.477141 0.906151 0.477463 0.909327 0.477463 0.909616 0.477785 0.913081 0.477785 0.91337 0.478107 0.916546 0.478107 0.916835 0.478429 0.9203 0.478429 0.920589 0.478751 0.924054 0.478751 0.924343 0.479073 0.927519 0.479073 0.927808 0.479395 0.931273 0.479395 0.931562 0.479717 0.935027 0.479717 0.935316 0.480039 0.938493 0.480039 0.938781 0.480361 0.942247 0.480361 0.942535 0.480683 0.945712 0.480683 0.946001 0.481005 0.949466 0.481005 0.949755 0.481326 0.950332 0.481326 0.950332 0.480361 0.949755 0.480361 0.949466 0.480039 0.946001 0.480039 0.945712 0.479717 0.946289 0.479073 0.946578 0.479073 0.947156 0.478429 0.949466 0.478429 0.949755 0.478751 0.951487 0.478751 0.951776 0.479073 0.951776 0.480361 0.95322 0.480361 0.953509 0.480683 0.955819 0.480683 0.956107 0.481005 0.956107 0.481648 0.956685 0.481648 0.956974 0.48197 0.958706 0.48197 0.958995 0.481648 0.960439 0.481648 0.960728 0.48197 0.963904 0.48197 0.964193 0.482292 0.967658 0.482292 0.967947 0.482614 0.968236 0.482614 0.968524 0.482292 0.968524 0.481326 0.968813 0.481005 0.971123 0.481005 0.971123 0.480683 0.971412 0.480361 0.971701 0.480683 0.975166 0.480683 0.975455 0.481005 0.97661 0.481005 0.976899 0.481326 0.97661 0.481648 0.976321 0.481648 0.976321 0.482292 0.976032 0.482614 0.975166 0.482614 0.974877 0.482292 0.973722 0.482292 0.973722 0.483258 0.974877 0.483258 0.975166 0.48358 0.977476 0.48358 0.977476 0.482936 0.977765 0.482614 0.978054 0.482614 0.978054 0.481005 0.977187 0.481005 0.976899 0.480683 0.977187 0.480361 0.97892 0.480361 0.979209 0.480039 0.980075 0.480039 0.980364 0.479717 0.980364 0.479395 0.980653 0.479073 0.980941 0.479073 0.980941 0.478751 0.98123 0.478429 0.982096 0.478429 0.982385 0.478751 0.982385 0.481005 0.982096 0.481326 0.982385 0.481326 0.982674 0.481648 0.982963 0.481648 0.982963 0.481326 0.983252 0.481005 0.983252 0.477141 0.98354 0.476819 0.98354 0.472956 0.983829 0.472634 0.983829 0.469092 0.984118 0.46877 0.984118 0.464907 0.984407 0.464585 0.984407 0.461043 0.984695 0.460721 0.984695 0.456858 0.984984 0.456536 0.984984 0.452672 0.985273 0.45235 0.985273 0.448809 0.985562 0.448487 0.985562 0.444623 0.98585 0.444301 0.98585 0.44076 0.986139 0.440438 0.986139 0.436574 0.986428 0.436252 0.986428 0.432389 0.986717 0.432067 0.986717 0.428525 0.987005 0.428203 0.987005 0.42434 0.987294 0.424018 0.987294 0.420476 0.987583 0.420155 0.987583 0.416291 0.987872 0.415969 0.987872 0.412106 0.988161 0.411784 0.988161 0.408242 0.988449 0.40792 0.988449 0.404057 0.988738 0.403735 0.988738 0.400193 0.989027 0.399871 0.989027 0.396008 0.989316 0.395686 0.989316 0.391822 0.989604 0.3915 0.989604 0.387959 0.989893 0.387637 0.989893 0.383773 0.990182 0.383451 0.990182 0.379588 0.990471 0.379266 0.990471 0.375724 0.990759 0.375402 0.990759 0.371539 0.991048 0.371217 0.991048 0.367675 0.991337 0.367354 0.991337 0.36349 0.991626 0.363168 0.991626 0.359305 0.991915 0.358983 0.991915 0.355441 0.992203 0.355119 0.992203 0.351256 0.992492 0.350934 0.992492 0.347392 0.992781 0.34707 0.992781 0.343207 0.99307 0.342885 0.99307 0.339021 0.993358 0.338699 0.993358 0.335158 0.993647 0.334836 0.993647 0.330972 0.993936 0.33065 0.993936 0.327109 0.994225 0.326787 0.994225 0.322923 0.994513 0.322601 0.994513 0.318738 0.994802 0.318416 0.994802 0.314874 0.995091 0.314552 0.995091 0.310689 0.99538 0.310367 0.99538 0.306825 0.995668 0.306504 0.995668 0.30264 0.995957 0.302318 0.995957 0.298455 0.996246 0.298133 0.996246 0.294591 0.996535 0.294269 0.996535 0.290406 0.996824 0.290084 0.996824 0.28622 0.997112 0.285898 0.997112 0.282357 0.997401 0.282035 0.997401 0.278171 0.99769 0.277849 0.99769 0.274308 0.997979 0.273986 0.997979 0.270122 0.998267 0.2698 0.998267 0.265937 0.998556 0.265615 0.998556 0.262073 0.998845 0.261751 0.998845 0.257888 0.999134 0.257566 0.999134 0.254024 0.999422 0.253703 0.999422 0.249839 0.999711 0.249517 0.999711 0.197682 0.996246 0.197682 0.995957 0.19736 0.992492 0.19736 0.992203 0.197038 0.991337 0.197038 0.991337 0.19736 0.991048 0.197682 0.989027 0.197682 0.988738 0.19736 0.985273 0.19736 0.984984 0.197038 0.981519 0.197038 0.98123 0.196716 0.978054 0.196716 0.977765 0.196394 0.9743 0.196394 0.974011 0.196072 0.970546 0.196072 0.970257 0.196394 0.969391 0.196394 0.969391 0.198326 0.969102 0.198648 0.967081 0.198648 0.966792 0.198326 0.963615 0.198326 0.963327 0.198004 0.963327 0.197682 0.963038 0.19736 0.959861 0.19736 0.959573 0.197038 0.956107 0.197038 0.955819 0.196716 0.952353 0.196716 0.952065 0.196394 0.948888 0.196394 0.948599 0.196072 0.945134 0.196072 0.944846 0.19575 0.942247 0.19575 0.941958 0.195428 0.941958 0.194784 0.940803 0.194784 0.940514 0.194462 0.937049 0.194462 0.93676 0.19414 0.933584 0.19414 0.933295 0.193818 0.931562 0.193818 0.930696 0.194784 0.930407 0.194462 0.929252 0.194462 0.929252 0.194784 0.928963 0.195106 0.926942 0.195106 0.926653 0.194784 0.923188 0.194784 0.922899 0.194462 0.922033 0.194462 0.922033 0.194784 0.921744 0.195106 0.919723 0.195106 0.919434 0.194784 0.915969 0.194784 0.91568 0.194462 0.912215 0.194462 0.911926 0.19414 0.90875 0.19414 0.908461 0.193818 0.904996 0.193818 0.904707 0.193496 0.90153 0.193496 0.901242 0.193175 0.897776 0.193175 0.897488 0.192853 0.894023 0.192853 0.893734 0.192531 0.890557 0.192531 0.890269 0.192209 0.886803 0.192209 0.886515 0.191887 0.883338 0.191887 0.883049 0.191565 0.879584 0.191565 0.879295 0.191243 0.87583 0.191243 0.875541 0.190921 0.872365 0.190921 0.872076 0.190599 0.868611 0.190599 0.868322 0.190277 0.865146 0.190277 0.864857 0.189955 0.861392 0.189955 0.861103 0.189633 0.857638 0.189633 0.857349 0.189311 0.854173 0.189311 0.853884 0.188989 0.850419 0.188989 0.85013 0.188667 0.846954 0.188667 0.846665 0.188345 0.8432 0.188345 0.842911 0.188023 0.839446 0.188023 0.839157 0.187701 0.83598 0.187701 0.835692 0.187379 0.832226 0.187379 0.831938 0.187057 0.828472 0.187057 0.828184 0.186735 0.825007 0.186735 0.824718 0.186413 0.820964 0.186413 0.820676 0.186735 0.817499 0.186735 0.817211 0.186413 0.816633 0.186413 0.816344 0.186735 0.816344 0.187057 0.816055 0.187379 0.814323 0.187379 0.814323 0.187701 0.814034 0.188023 0.813745 0.187701 0.813168 0.187701 0.813168 0.188023 0.812879 0.188345 0.81259 0.188345 0.812013 0.188989 0.811146 0.188989 0.810858 0.189311 0.810858 0.189633 0.810569 0.189955 0.81028 0.189955 0.809991 0.190277 0.809125 0.190277 0.808548 0.190921 0.808259 0.190921 0.808259 0.191243 0.80797 0.191565 0.807104 0.191565 0.807104 0.192209 0.806815 0.192531 0.806526 0.192531 0.806237 0.192209 0.802772 0.192209 0.802483 0.191887 0.799307 0.191887 0.799018 0.191565 0.795553 0.191565 0.795264 0.191243 0.791799 0.191243 0.79151 0.190921 0.788334 0.190921 0.788045 0.190599 0.78458 0.190599 0.784291 0.190277 0.781115 0.190277 0.780826 0.189955 0.777361 0.189955 0.777072 0.189633 0.774762 0.189633 0.774762 0.189955 0.774473 0.190277 0.773607 0.190277 0.773318 0.189955 0.770141 0.189955 0.769853 0.189633 0.766676 0.189633 0.766388 0.189311 0.766388 0.188023 0.766099 0.187701 0.76581 0.187701 0.765521 0.187379 0.765521 0.187057 0.765232 0.187057 0.764944 0.186735 0.764944 0.186413 0.765232 0.186091 0.765232 0.185769 0.764944 0.185769 0.764655 0.185448 0.764655 0.184804 0.764366 0.184804 0.764077 0.184482 0.764077 0.183516 0.7635 0.183516 0.763211 0.183194 0.763211 0.182872 0.762922 0.182872 0.762634 0.18255 0.762634 0.181906 0.762922 0.181584 0.762922 0.180618 0.762345 0.179974 0.762345 0.179652 0.762056 0.179652 0.761767 0.17933 0.761767 0.178042 0.761478 0.178042 0.76119 0.177721 0.76119 0.177399 0.760901 0.177399 0.760612 0.177077 0.760612 0.176111 0.760323 0.176111 0.760035 0.175789 0.760035 0.174179 0.760323 0.173857 0.759746 0.173857 0.759168 0.173213 0.759168 0.172247 0.75888 0.171925 0.756569 0.171925 0.756569 0.172569 0.756281 0.172891 0.755992 0.172891 0.755703 0.172569 0.755703 0.171925 0.755414 0.171603 0.753971 0.171603 0.753971 0.172247 0.753682 0.172569 0.752527 0.172569 0.752238 0.172247 0.749062 0.172247 0.748773 0.171925 0.748773 0.171603 0.749062 0.171281 0.74935 0.171281 0.74935 0.170316 0.748773 0.170316 0.748484 0.169994 0.745308 0.169994 0.745019 0.169672 0.741554 0.169672 0.741265 0.16935 0.7378 0.16935 0.737511 0.169028 0.734334 0.169028 0.734046 0.168706 0.73058 0.168706 0.730292 0.168384 0.727115 0.168384 0.726826 0.168062 0.723361 0.168062 0.723072 0.16774 0.719607 0.16774 0.719319 0.167418 0.716142 0.167418 0.715853 0.167096 0.712388 0.167096 0.712099 0.166774 0.708923 0.166774 0.708634 0.166452 0.705169 0.166452 0.70488 0.16613 0.701415 0.16613 0.701126 0.165808 0.69795 0.165808 0.697661 0.165486 0.694196 0.165486 0.693907 0.165164 0.690731 0.165164 0.690442 0.164842 0.686977 0.164842 0.686688 0.16452 0.683223 0.16452 0.682934 0.164198 0.679757 0.164198 0.679469 0.163876 0.676003 0.163876 0.675715 0.163554 0.672249 0.163554 0.671961 0.163232 0.668784 0.163232 0.668496 0.16291 0.66503 0.16291 0.664742 0.162589 0.661565 0.162589 0.661276 0.162267 0.660988 0.162589 0.660988 0.163232 0.661276 0.163232 0.661565 0.163554 0.662143 0.163554 0.662431 0.163876 0.662431 0.164198 0.662143 0.16452 0.661276 0.16452 0.660988 0.164198 0.660121 0.164198 0.659833 0.163876 0.659833 0.162267 0.657811 0.162267 0.657522 0.161945 0.654057 0.161945 0.653768 0.161623 0.650592 0.161623 0.650303 0.161301 0.646838 0.161301 0.646549 0.160979 0.643662 0.160979 0.643373 0.161301 0.643084 0.161301 0.643084 0.162267 0.642795 0.162589 0.642506 0.162589 0.642218 0.162267 0.642218 0.161623 0.639908 0.161623 0.639619 0.161301 0.639619 0.160657 0.63933 0.160335 0.638175 0.160335 0.637886 0.160657 0.637886 0.160979 0.637597 0.161301 0.636731 0.161301 0.636442 0.160979 0.636442 0.160657 0.636731 0.160335 0.635865 0.160335 0.635576 0.160013 0.635576 0.160335 0.634999 0.160979 0.6324 0.160979 0.632111 0.160657 0.632111 0.160335 0.6324 0.160013 0.632111 0.159691 0.628646 0.159691 0.628357 0.159369 0.62518 0.159369 0.62518 0.159691 0.624892 0.160013 0.621427 0.160013 0.621138 0.159691 0.618828 0.159691 0.618539 0.160013 0.618539 0.161623 0.61825 0.161945 0.617673 0.161945 0.617384 0.161623 0.615362 0.161623 0.614785 0.162267 0.613919 0.162267 0.61363 0.161945 0.612763 0.161945 0.612475 0.161623 0.612475 0.161301 0.611031 0.161301 0.610742 0.160979 0.611031 0.160657 0.61132 0.160657 0.61132 0.159047 0.610453 0.159047 0.610165 0.158725 0.606699 0.158725 0.606411 0.158403 0.603234 0.158403 0.602945 0.158081 0.59948 0.158081 0.599191 0.157759 0.598903 0.157759 0.598614 0.158081 0.598614 0.158725 0.598325 0.159047 0.598325 0.159691 0.598036 0.160013 0.595726 0.160013 0.595437 0.159691 0.592839 0.159691 0.59255 0.159369 0.592839 0.159047 0.593705 0.159047 0.593994 0.158725 0.593994 0.158403 0.594282 0.158081 0.593994 0.157759 0.593994 0.157437 0.592261 0.157437 0.591972 0.157115 0.588507 0.157115 0.588218 0.156793 0.58793 0.156793 0.587641 0.157115 0.587641 0.158081 0.587352 0.158403 0.587352 0.158725 0.587063 0.159047 0.585042 0.159047 0.584753 0.158725 0.581577 0.158725 0.581577 0.159047 0.581288 0.159369 0.580999 0.159047 0.577534 0.159047 0.577245 0.158725 0.574646 0.158725 0.574357 0.158403 0.574357 0.158081 0.574069 0.158081 0.57378 0.157759 0.573202 0.157759 0.572914 0.157437 0.572914 0.156471 0.570315 0.156471 0.570026 0.156149 0.56685 0.156149 0.566561 0.155827 0.563096 0.155827 0.562807 0.155505 0.559342 0.155505 0.559053 0.155184 0.555876 0.155184 0.555588 0.154862 0.552989 0.154862 0.5527 0.15454 0.5527 0.15293 0.552122 0.15293 0.551834 0.152608
0 0.535663 0.15132 0.535374 0.151642 0.534219 0.151642 0.534219 0.151964 0.53393 0.152286 0.53393 0.152608 0.534508 0.153252 0.535951 0.153252 0.535951 0.152608 0.53624 0.152286 0.537395 0.152286 0.537395 0.151964 0.537684 0.151642 0.537395 0.15132
0 0.528444 0.150676 0.528444 0.15132 0.528155 0.151642 0.527866 0.151642 0.527577 0.151964 0.527577 0.152286 0.527288 0.152608 0.527 0.152608 0.527 0.153896 0.528155 0.153896 0.528155 0.153574 0.528444 0.153252 0.528732 0.153252 0.528732 0.15293 0.529021 0.152608 0.529599 0.152608 0.529599 0.151642 0.529887 0.15132 0.529887 0.150676
