0 0.720217 0.609117 0.719495 0.609923 0.719134 0.60952 0.71769 0.60952 0.71769 0.610327 0.718051 0.61073 0.718773 0.61073 0.719134 0.611134 0.720217 0.611134 0.720578 0.611537 0.721661 0.611537 0.722022 0.61194 0.722744 0.61194 0.723105 0.612344 0.723827 0.612344 0.723827 0.61194 0.724188 0.611537 0.724188 0.610327 0.723466 0.610327 0.723105 0.609923 0.722022 0.609923 0.721661 0.60952 0.720939 0.60952 0.720578 0.609117
0 0.211913 0.606696 0.211913 0.607503 0.212274 0.607906 0.212635 0.607906 0.212996 0.60831 0.212996 0.608713 0.213357 0.609117 0.214079 0.609117 0.214079 0.60831 0.21444 0.607906 0.21444 0.6071 0.213718 0.6071 0.213357 0.606696
0 0.725993 0.603469 0.725993 0.604276 0.725632 0.604679 0.725632 0.605889 0.726715 0.605889 0.726715 0.604679 0.727076 0.604276 0.727076 0.603873 0.726715 0.603873 0.726354 0.603469
0 0.209386 0.601856 0.209386 0.602662 0.209025 0.603066 0.209025 0.603873 0.209386 0.603873 0.209747 0.604276 0.209386 0.604679 0.209386 0.605486 0.209025 0.605889 0.209386 0.605889 0.209747 0.606293 0.210108 0.606293 0.210469 0.605889 0.210469 0.604679 0.21083 0.604276 0.210469 0.604276 0.210108 0.603873 0.210108 0.603066 0.210469 0.602662 0.210469 0.602259 0.210108 0.602259 0.209747 0.601856
0 0.75343 0.597015 0.75343 0.597822 0.753069 0.598225 0.753791 0.598225 0.754513 0.599032 0.754513 0.599435 0.754152 0.599839 0.754152 0.601049 0.753791 0.601452 0.753791 0.602259 0.75343 0.602662 0.753791 0.603066 0.754513 0.603066 0.754874 0.602662 0.754874 0.601452 0.755235 0.601049 0.755235 0.600242 0.755596 0.599839 0.755596 0.599032 0.755235 0.599032 0.754874 0.598628 0.754874 0.597418 0.754513 0.597418 0.754152 0.597015
0 0.755596 0.594191 0.755596 0.595401 0.755235 0.595805 0.755235 0.596612 0.755596 0.596612 0.755957 0.597015 0.756318 0.597015 0.756318 0.595805 0.756679 0.595401 0.756679 0.594191
0 0.663177 0.592174 0.663177 0.592981 0.662816 0.593384 0.663538 0.593384 0.663899 0.593788 0.664621 0.593788 0.664982 0.594191 0.665704 0.594191 0.665704 0.593788 0.666065 0.593384 0.666426 0.593788 0.666426 0.594595 0.667509 0.594595 0.66787 0.594998 0.668592 0.594998 0.669314 0.595805 0.669314 0.596208 0.669675 0.596208 0.670036 0.596612 0.671119 0.596612 0.67148 0.597015 0.672202 0.597015 0.672202 0.596208 0.672563 0.595805 0.672563 0.595401 0.671841 0.595401 0.67148 0.594998 0.670397 0.594998 0.669675 0.594191 0.669314 0.594191 0.668953 0.593788 0.66787 0.593788 0.667509 0.593384 0.666787 0.593384 0.666426 0.593788 0.666065 0.593384 0.666065 0.592981 0.665343 0.592981 0.664982 0.592578 0.663899 0.592578 0.663538 0.592174
0 0.200722 0.577249 0.200361 0.577652 0.200361 0.578459 0.200722 0.578459 0.201444 0.579266 0.201444 0.580476 0.201805 0.580476 0.202166 0.580879 0.202527 0.580879 0.202888 0.581283 0.202888 0.58209 0.203249 0.582493 0.203971 0.582493 0.203971 0.581283 0.204332 0.580879 0.204332 0.580476 0.20361 0.580476 0.203249 0.580073 0.203249 0.579669 0.202888 0.579266 0.202888 0.578862 0.202527 0.578862 0.202166 0.578459 0.202166 0.577652 0.201083 0.577652
0 0.190614 0.575232 0.190614 0.576442 0.191697 0.576442 0.192058 0.576846 0.192419 0.576846 0.192419 0.576442 0.19278 0.576039 0.19278 0.575635 0.192058 0.575635 0.191697 0.575232
0 0.597112 0.570795 0.596751 0.571198 0.596029 0.571198 0.596029 0.572408 0.59639 0.572408 0.596751 0.572812 0.597834 0.572812 0.598195 0.573215 0.598917 0.573215 0.599278 0.573618 0.600361 0.573618 0.600722 0.574022 0.601444 0.574022 0.601805 0.574425 0.601805 0.573618 0.602166 0.573215 0.601805 0.572812 0.601444 0.572812 0.601083 0.572408 0.601083 0.572005 0.600722 0.572005 0.600361 0.571601 0.599639 0.571601 0.599278 0.571198 0.598195 0.571198 0.597834 0.570795
0 0.179783 0.568778 0.179783 0.569988 0.180144 0.569988 0.180505 0.570391 0.181588 0.570391 0.181949 0.569988 0.181949 0.569585 0.181588 0.569181 0.180866 0.569181 0.180505 0.568778
0 0.593863 0.565954 0.593502 0.566357 0.593502 0.567568 0.594224 0.567568 0.594585 0.567971 0.595668 0.567971 0.596029 0.568374 0.597473 0.568374 0.597834 0.567971 0.597834 0.567164 0.597473 0.567164 0.597112 0.566761 0.596029 0.566761 0.595668 0.566357 0.594946 0.566357 0.594585 0.565954
0 0.598556 0.56434 0.598556 0.565147 0.598195 0.565551 0.598195 0.566357 0.598556 0.566357 0.598917 0.566761 0.599278 0.566761 0.599639 0.567164 0.599639 0.568374 0.599278 0.568778 0.599278 0.569585 0.599639 0.569988 0.600722 0.569988 0.601083 0.570391 0.602166 0.570391 0.602527 0.570795 0.603249 0.570795 0.60361 0.571198 0.603971 0.571198 0.603971 0.570795 0.604332 0.570391 0.604332 0.569988 0.603971 0.569988 0.60361 0.569585 0.602888 0.569585 0.602527 0.569181 0.602888 0.568778 0.602888 0.567568 0.602527 0.567164 0.601805 0.567164 0.601444 0.567568 0.600722 0.566761 0.600722 0.565954 0.600361 0.565551 0.600361 0.565147 0.6 0.564744 0.599278 0.564744 0.598917 0.56434
0 0.58231 0.562324 0.58231 0.562727 0.581949 0.56313 0.581949 0.563937 0.582671 0.563937 0.583032 0.56434 0.584116 0.56434 0.584477 0.564744 0.585199 0.564744 0.58556 0.565147 0.586643 0.565147 0.587004 0.565551 0.588087 0.565551 0.588448 0.565954 0.58917 0.565954 0.589531 0.566357 0.590253 0.566357 0.590253 0.565954 0.590614 0.565551 0.590975 0.565954 0.592058 0.565954 0.592419 0.565551 0.593141 0.565551 0.593141 0.56434 0.590975 0.56434 0.590614 0.563937 0.590253 0.563937 0.589892 0.56434 0.588448 0.56434 0.588087 0.563937 0.587004 0.563937 0.586643 0.563534 0.585921 0.563534 0.58556 0.56313 0.584477 0.56313 0.584116 0.562727 0.583394 0.562727 0.583032 0.562324
0 0.567509 0.556676 0.567148 0.557079 0.567148 0.557483 0.566787 0.557886 0.566787 0.55829 0.567509 0.55829 0.56787 0.558693 0.568592 0.558693 0.568953 0.559096 0.570036 0.559096 0.570397 0.5595 0.571119 0.5595 0.57148 0.559903 0.572563 0.559903 0.572924 0.560307 0.573646 0.560307 0.574007 0.56071 0.575451 0.56071 0.575812 0.560307 0.575812 0.5595 0.575451 0.5595 0.57509 0.559096 0.574368 0.559096 0.574007 0.558693 0.573285 0.558693 0.572563 0.557886 0.571841 0.557886 0.57148 0.557483 0.571119 0.557483 0.570758 0.557886 0.570397 0.557886 0.570036 0.557483 0.569314 0.557483 0.568953 0.557079 0.56787 0.557079
0 0.553069 0.554256 0.553069 0.555063 0.55343 0.555466 0.554152 0.555466 0.554513 0.555869 0.554874 0.555869 0.555235 0.555466 0.555235 0.554659 0.554874 0.554659 0.554513 0.554256
0 0.557762 0.553852 0.557762 0.554256 0.557401 0.554659 0.557401 0.555466 0.558484 0.555466 0.558845 0.555869 0.559567 0.555869 0.559928 0.556273 0.561011 0.556273 0.561372 0.556676 0.561733 0.556273 0.561733 0.555063 0.561372 0.555063 0.561011 0.554659 0.560289 0.554659 0.559928 0.554256 0.558845 0.554256 0.558484 0.553852
0 0.538267 0.547398 0.538267 0.548608 0.538989 0.548608 0.53935 0.549012 0.540433 0.549012 0.540794 0.548608 0.541877 0.548608 0.542238 0.549012 0.54296 0.549012 0.543321 0.549415 0.54296 0.549818 0.54296 0.550625 0.543321 0.551029 0.544043 0.551029 0.544404 0.551432 0.545487 0.551432 0.545848 0.551835 0.546209 0.551835 0.546209 0.551432 0.54657 0.551029 0.54657 0.550625 0.546931 0.550222 0.547292 0.550625 0.548375 0.550625 0.548736 0.551029 0.548736 0.550625 0.549097 0.550222 0.549097 0.549818 0.548736 0.549818 0.548375 0.549415 0.547292 0.549415 0.546931 0.549012 0.546209 0.549012 0.545848 0.548608 0.544765 0.548608 0.544404 0.548205 0.543682 0.548205 0.543321 0.547802 0.542238 0.547802 0.541877 0.547398 0.541155 0.547398 0.540794 0.547802 0.539711 0.547802 0.53935 0.547398
0 0.535018 0.546188 0.535018 0.546591 0.534657 0.546995 0.534657 0.547398 0.535379 0.547398 0.53574 0.547802 0.536462 0.547802 0.536462 0.546591 0.53574 0.546591 0.535379 0.546188
0 0.528881 0.542557 0.52852 0.542961 0.52852 0.544171 0.528881 0.544171 0.529242 0.544574 0.530325 0.544574 0.530686 0.544978 0.531408 0.544978 0.531769 0.545381 0.532852 0.545381 0.533213 0.545785 0.533574 0.545785 0.533574 0.544978 0.533935 0.544574 0.533935 0.544171 0.533213 0.544171 0.532852 0.543768 0.53213 0.543768 0.531769 0.543364 0.530686 0.543364 0.530325 0.542961 0.529603 0.542961 0.529242 0.542557
0 0.519856 0.540137 0.519856 0.541347 0.520217 0.541751 0.5213 0.541751 0.521661 0.542154 0.522383 0.542154 0.522744 0.542557 0.523105 0.542557 0.523466 0.542961 0.523105 0.543364 0.523105 0.544574 0.523466 0.544574 0.523827 0.544978 0.52491 0.544978 0.52491 0.543364 0.525271 0.542961 0.525271 0.542557 0.525632 0.542154 0.525632 0.541751 0.525271 0.541347 0.524188 0.541347 0.523827 0.540944 0.523105 0.540944 0.522744 0.540541 0.521661 0.540541 0.5213 0.540137
0 0.509747 0.53691 0.509747 0.53812 0.510108 0.538524 0.51083 0.538524 0.511191 0.538927 0.511191 0.53933 0.511552 0.53933 0.511913 0.539734 0.511552 0.540137 0.511913 0.540137 0.512274 0.540541 0.513357 0.540541 0.513718 0.540944 0.51444 0.540944 0.514801 0.541347 0.515162 0.541347 0.515162 0.540944 0.515523 0.540541 0.516245 0.540541 0.516606 0.540944 0.516606 0.541751 0.516968 0.542154 0.516606 0.542557 0.516606 0.543768 0.516968 0.543768 0.517329 0.544171 0.518412 0.544171 0.518773 0.543768 0.518773 0.542961 0.519134 0.542557 0.519134 0.541347 0.518773 0.540944 0.51769 0.540944 0.517329 0.540541 0.516968 0.540541 0.516606 0.540944 0.516245 0.540541 0.516245 0.53933 0.516606 0.538927 0.516245 0.538524 0.515162 0.538524 0.514801 0.53812 0.514079 0.53812 0.513718 0.537717 0.512996 0.537717 0.512996 0.53812 0.512635 0.538524 0.512274 0.53812 0.512274 0.537313 0.511552 0.537313 0.511191 0.53691
0 0.501805 0.53449 0.501805 0.5357 0.502166 0.536103 0.503249 0.536103 0.50361 0.536507 0.504332 0.536507 0.504693 0.53691 0.505776 0.53691 0.505776 0.536507 0.506137 0.536103 0.506137 0.5357 0.505776 0.535296 0.505054 0.535296 0.504693 0.534893 0.50361 0.534893 0.503249 0.53449
0 0.490614 0.530859 0.490253 0.531263 0.489892 0.531263 0.489892 0.531666 0.489531 0.532069 0.48917 0.532069 0.488809 0.532473 0.488809 0.532876 0.48917 0.53328 0.490253 0.53328 0.490614 0.533683 0.491336 0.533683 0.491697 0.534086 0.49278 0.534086 0.493141 0.53449 0.494224 0.53449 0.494585 0.534893 0.495307 0.534893 0.495668 0.535296 0.49639 0.535296 0.496751 0.5357 0.497112 0.5357 0.497112 0.535296 0.497473 0.534893 0.497834 0.534893 0.498195 0.535296 0.499278 0.535296 0.499639 0.5357 0.499639 0.535296 0.5 0.534893 0.5 0.53449 0.499639 0.53449 0.499278 0.534086 0.498556 0.534086 0.498195 0.533683 0.497112 0.533683 0.496751 0.534086 0.495668 0.534086 0.495307 0.533683 0.494585 0.533683 0.494224 0.53328 0.494224 0.531666 0.493502 0.531666 0.493141 0.531263 0.492058 0.531263 0.491697 0.530859
0 0.48556 0.530859 0.48556 0.531263 0.485199 0.531666 0.485199 0.532069 0.486282 0.532069 0.486643 0.532473 0.487365 0.532473 0.487365 0.532069 0.487726 0.531666 0.487726 0.531263 0.486643 0.531263 0.486282 0.530859
0 0.4787 0.528035 0.478339 0.528439 0.478339 0.528842 0.477978 0.529246 0.477978 0.529649 0.478339 0.529649 0.4787 0.530052 0.479783 0.530052 0.479783 0.529246 0.480144 0.528842 0.480144 0.528035
0 0.463899 0.522388 0.463899 0.523598 0.463538 0.524002 0.463538 0.524405 0.46426 0.524405 0.464621 0.524808 0.465343 0.524808 0.465704 0.524405 0.466065 0.524808 0.466787 0.524808 0.466787 0.524405 0.467148 0.524002 0.467148 0.523195 0.466426 0.523195 0.466065 0.522791 0.464982 0.522791 0.464621 0.522388
0 0.459928 0.521178 0.459928 0.521581 0.459567 0.521985 0.459567 0.522388 0.459928 0.522791 0.46065 0.522791 0.46065 0.521985 0.461011 0.521581 0.46065 0.521178
0 0.451625 0.520371 0.451264 0.520775 0.451264 0.521178 0.451625 0.521581 0.452708 0.521581 0.453069 0.521985 0.454513 0.521985 0.454513 0.521178 0.454152 0.520775 0.453069 0.520775 0.452708 0.520371
0 0.461372 0.518758 0.461011 0.519161 0.461011 0.519968 0.461372 0.520371 0.462094 0.520371 0.462094 0.518758
0 0.424188 0.515934 0.423827 0.516337 0.423827 0.516741 0.424549 0.517547 0.425271 0.517547 0.425632 0.517951 0.427076 0.517951 0.427076 0.516741 0.426715 0.516337 0.425632 0.516337 0.425271 0.515934
0 0.815523 0.51069 0.815523 0.511497 0.815162 0.5119 0.815162 0.51311 0.815523 0.513514 0.815884 0.513514 0.816245 0.51311 0.816245 0.512303 0.816606 0.5119 0.816606 0.51069
0 0.774729 0.502622 0.774368 0.503025 0.774368 0.503832 0.774007 0.504236 0.774007 0.505446 0.774729 0.505446 0.77509 0.505849 0.775451 0.505446 0.775451 0.504639 0.775812 0.504236 0.775812 0.503025 0.775451 0.503025 0.77509 0.502622
0 0.3787 0.499395 0.3787 0.499798 0.378339 0.500202 0.378339 0.500605 0.379061 0.500605 0.379422 0.501008 0.380144 0.501008 0.380505 0.501412 0.381588 0.501412 0.381949 0.501815 0.382671 0.501815 0.383032 0.502219 0.383394 0.502219 0.383394 0.501008 0.383032 0.500605 0.381949 0.500605 0.381588 0.500202 0.380866 0.500202 0.380505 0.499798 0.379422 0.499798 0.379061 0.499395
0 0.838267 0.480436 0.838267 0.480839 0.837906 0.481242 0.837906 0.482049 0.837545 0.482453 0.837545 0.482856 0.837906 0.483259 0.838628 0.483259 0.838628 0.482856 0.838989 0.482453 0.838989 0.481242 0.83935 0.480839 0.83935 0.480436
0 0.270758 0.463493 0.270758 0.463897 0.270397 0.4643 0.270397 0.464704 0.270758 0.464704 0.271119 0.465107 0.272202 0.465107 0.272202 0.464704 0.272563 0.4643 0.272202 0.463897 0.27148 0.463897 0.271119 0.463493
0 0.241877 0.452198 0.241516 0.452602 0.241516 0.453409 0.241877 0.453812 0.242599 0.453812 0.24296 0.453409 0.24296 0.452602 0.242599 0.452198
0 0.238989 0.450988 0.238628 0.451392 0.238628 0.451795 0.238267 0.452198 0.238628 0.452602 0.238989 0.452602 0.23935 0.453005 0.240072 0.453005 0.240433 0.453409 0.240794 0.453409 0.240794 0.452198 0.241155 0.451795 0.240794 0.451795 0.240433 0.451392 0.23935 0.451392
0 0.79278 0.436466 0.792419 0.43687 0.792419 0.437676 0.792058 0.43808 0.792058 0.43929 0.791697 0.439693 0.791697 0.4405 0.792058 0.4405 0.792419 0.440904 0.79278 0.4405 0.79278 0.439693 0.793141 0.43929 0.793141 0.438483 0.793502 0.43808 0.793502 0.43687 0.793863 0.436466
0 0.811191 0.363856 0.811191 0.365067 0.811913 0.365067 0.812274 0.36547 0.812274 0.365067 0.812635 0.364663 0.812635 0.36426 0.812274 0.363856
0 0.838989 0.360629 0.838989 0.361033 0.838628 0.361436 0.838267 0.361436 0.837906 0.361033 0.837545 0.361033 0.836823 0.361839 0.836462 0.361436 0.836101 0.361839 0.835379 0.361839 0.835018 0.362243 0.834657 0.362243 0.834296 0.362646 0.834296 0.36305 0.833935 0.363453 0.833574 0.363453 0.833213 0.363856 0.833213 0.36426 0.83213 0.36547 0.831769 0.36547 0.831769 0.365873 0.831408 0.366277 0.831408 0.367487 0.830686 0.368294 0.830325 0.368294 0.830325 0.368697 0.829964 0.3691 0.829964 0.370311 0.829603 0.370714 0.829603 0.371521 0.829242 0.371924 0.829242 0.372731 0.828881 0.373134 0.82852 0.372731 0.82852 0.373134 0.828159 0.373538 0.828159 0.374344 0.827798 0.374748 0.827798 0.375958 0.827437 0.376361 0.827437 0.377572 0.827076 0.377975 0.827076 0.378782 0.826715 0.379185 0.826715 0.379589 0.825993 0.380395 0.825993 0.381605 0.825632 0.382009 0.825632 0.383219 0.825271 0.383622 0.825271 0.384429 0.82491 0.384833 0.82491 0.386043 0.824549 0.386446 0.824549 0.387253 0.824188 0.387656 0.823827 0.387656 0.823466 0.38806 0.823466 0.388866 0.823105 0.38927 0.823105 0.390077 0.822744 0.39048 0.822744 0.39169 0.822383 0.392094 0.822383 0.3929 0.822022 0.393304 0.822022 0.394514 0.821661 0.394917 0.821661 0.395321 0.8213 0.395724 0.820939 0.395724 0.820578 0.396127 0.820578 0.397338 0.820217 0.397741 0.820217 0.398548 0.819856 0.398951 0.819856 0.400161 0.819495 0.400565 0.819495 0.401372 0.819134 0.401775 0.819134 0.402985 0.818773 0.403388 0.818773 0.404599 0.818051 0.405405 0.818051 0.405809 0.81769 0.406212 0.81769 0.407422 0.817329 0.407826 0.817329 0.408633 0.816968 0.409036 0.816968 0.410246 0.816606 0.410649 0.816606 0.411456 0.816245 0.41186 0.816245 0.41307 0.815884 0.413473 0.815884 0.41428 0.815523 0.414683 0.815523 0.415894 0.815162 0.416297 0.815162 0.417507 0.814801 0.41791 0.814801 0.418717 0.81444 0.419121 0.81444 0.420331 0.813718 0.421138 0.813357 0.421138 0.813357 0.421541 0.812996 0.421944 0.812996 0.423154 0.812635 0.423558 0.812635 0.424365 0.812274 0.424768 0.812274 0.425978 0.811913 0.426382 0.811913 0.427188 0.811552 0.427592 0.811552 0.428802 0.811191 0.429205 0.811191 0.430012 0.81083 0.430415 0.81083 0.431222 0.810469 0.431626 0.810108 0.431626 0.809747 0.432029 0.809747 0.432836 0.809386 0.433239 0.809386 0.434449 0.809025 0.434853 0.809025 0.43566 0.808664 0.436063 0.808664 0.437273 0.808303 0.437676 0.808303 0.438887 0.807942 0.43929 0.807942 0.439693 0.807581 0.440097 0.80722 0.440097 0.806859 0.4405 0.806859 0.44171 0.806498 0.442114 0.806498 0.442921 0.806137 0.443324 0.806137 0.444534 0.805776 0.444937 0.805776 0.445744 0.805415 0.446148 0.805415 0.447358 0.805054 0.447761 0.804693 0.447761 0.804693 0.448568 0.804332 0.448971 0.804332 0.450182 0.803971 0.450585 0.803971 0.451392 0.80361 0.451795 0.80361 0.453005 0.803249 0.453409 0.803249 0.454619 0.802888 0.455022 0.802888 0.455829 0.802527 0.456232 0.802527 0.457039 0.802166 0.457443 0.801444 0.457443 0.801444 0.458653 0.801083 0.459056 0.801083 0.460266 0.800722 0.46067 0.800722 0.461476 0.800361 0.46188 0.800361 0.46309 0.8 0.463493 0.8 0.4643 0.799639 0.464704 0.799639 0.465914 0.799278 0.466317 0.799278 0.467124 0.798917 0.467527 0.798917 0.468737 0.798556 0.469141 0.798556 0.470351 0.798195 0.470754 0.798195 0.471561 0.797834 0.471965 0.797834 0.473175 0.797112 0.473981 0.796751 0.473981 0.796751 0.474385 0.796029 0.475192 0.795668 0.475192 0.795668 0.475595 0.794946 0.476402 0.794946 0.477209 0.794585 0.477612 0.794585 0.478419 0.794224 0.478822 0.793502 0.478822 0.793502 0.480032 0.793141 0.480436 0.793141 0.481242 0.79278 0.481646 0.792419 0.481242 0.792058 0.481646 0.792058 0.482453 0.791697 0.482856 0.791697 0.484066 0.791336 0.48447 0.791336 0.48568 0.790975 0.486083 0.790975 0.486486 0.790614 0.48689 0.790253 0.486486 0.790253 0.48689 0.789892 0.487293 0.789892 0.488503 0.789531 0.488907 0.789531 0.489714 0.78917 0.490117 0.78917 0.491327 0.788809 0.491731 0.788809 0.492537 0.788448 0.492941 0.788448 0.494151 0.788087 0.494554 0.788087 0.495361 0.787726 0.495764 0.787726 0.496975 0.787004 0.497781 0.787004 0.498185 0.786643 0.498588 0.786643 0.499798 0.786282 0.500202 0.786282 0.501008 0.785921 0.501412 0.785921 0.502622 0.78556 0.503025 0.78556 0.504236 0.785199 0.504639 0.785199 0.505446 0.784838 0.505849 0.784838 0.507059 0.784477 0.507463 0.784477 0.508269 0.784116 0.508673 0.784116 0.509883 0.783755 0.510286 0.783755 0.511093 0.783394 0.511497 0.783394 0.512707 0.783032 0.51311 0.783032 0.513514 0.782671 0.513917 0.78231 0.513917 0.781949 0.51432 0.781949 0.51553 0.781588 0.515934 0.781588 0.516741 0.781227 0.517144 0.781227 0.518354 0.780866 0.518758 0.780866 0.519968 0.780505 0.520371 0.780505 0.521178 0.780144 0.521581 0.780144 0.522791 0.779783 0.523195 0.779783 0.524002 0.779422 0.524405 0.779422 0.525615 0.779061 0.526019 0.779061 0.526825 0.7787 0.527229 0.7787 0.528439 0.778339 0.528842 0.778339 0.530052 0.777978 0.530456 0.777256 0.530456 0.777256 0.531263 0.776895 0.531666 0.776895 0.532473 0.776534 0.532876 0.776534 0.534086 0.776173 0.53449 0.776173 0.5357 0.775812 0.536103 0.775812 0.53691 0.775451 0.537313 0.775451 0.538524 0.77509 0.538927 0.77509 0.539734 0.774729 0.540137 0.774729 0.541347 0.774368 0.541751 0.774368 0.542557 0.774007 0.542961 0.774007 0.544171 0.773646 0.544574 0.773646 0.545785 0.773285 0.546188 0.773285 0.546995 0.772924 0.547398 0.772924 0.548608 0.773285 0.549012 0.773285 0.549415 0.772924 0.549818 0.772563 0.549818 0.772202 0.550222 0.772202 0.551432 0.771841 0.551835 0.771841 0.552642 0.77148 0.553046 0.77148 0.553852 0.771841 0.554256 0.77148 0.554659 0.770758 0.554659 0.770758 0.555466 0.770397 0.555869 0.770397 0.557079 0.770036 0.557483 0.770036 0.557886 0.769675 0.55829 0.769314 0.55829 0.768953 0.558693 0.768953 0.559903 0.768592 0.560307 0.768592 0.561113 0.768231 0.561517 0.768231 0.562727 0.76787 0.56313 0.76787 0.56434 0.767509 0.564744 0.767509 0.565551 0.767148 0.565954 0.767148 0.567164 0.766787 0.567568 0.766787 0.568374 0.766426 0.568778 0.766426 0.569988 0.766065 0.570391 0.766065 0.571198 0.765704 0.571601 0.765704 0.572812 0.765343 0.573215 0.765343 0.574425 0.764982 0.574829 0.764982 0.575635 0.764621 0.576039 0.764621 0.577249 0.76426 0.577652 0.76426 0.578459 0.763899 0.578862 0.763899 0.580073 0.763538 0.580476 0.763538 0.581283 0.763899 0.581283 0.76426 0.581686 0.763899 0.58209 0.763899 0.582896 0.763538 0.5833 0.763899 0.583703 0.763899 0.585317 0.76426 0.58572 0.76426 0.586123 0.763899 0.586527 0.76426 0.586527 0.764621 0.58693 0.764621 0.587737 0.76426 0.58814 0.76426 0.588947 0.763899 0.589351 0.763899 0.590561 0.763538 0.590964 0.763538 0.591771 0.763177 0.592174 0.763177 0.593384 0.762816 0.593788 0.762816 0.594998 0.762455 0.595401 0.762455 0.596208 0.762094 0.596612 0.762094 0.597822 0.761733 0.598225 0.761733 0.599032 0.761372 0.599435 0.761372 0.599839 0.761011 0.600242 0.76065 0.600242 0.76065 0.600645 0.760289 0.601049 0.760289 0.601856 0.759928 0.602259 0.759928 0.603469 0.759567 0.603873 0.759567 0.604679 0.759206 0.605083 0.759206 0.606293 0.758845 0.606696 0.758845 0.607503 0.758123 0.60831 0.757762 0.60831 0.757762 0.609117 0.757401 0.60952 0.757401 0.610327 0.75704 0.61073 0.75704 0.61194 0.756679 0.612344 0.756318 0.612344 0.756318 0.61315 0.755957 0.613554 0.755957 0.613957 0.755596 0.614361 0.755235 0.614361 0.755235 0.614764 0.754874 0.615167 0.754152 0.615167 0.754152 0.615974 0.75343 0.616781 0.753069 0.616781 0.752347 0.617588 0.751625 0.617588 0.751264 0.617991 0.750903 0.617991 0.750903 0.618395 0.750542 0.618798 0.750181 0.618395 0.748736 0.618395 0.748375 0.618798 0.747653 0.618798 0.747292 0.618395 0.74657 0.618395 0.746209 0.617991 0.745487 0.617991 0.745126 0.618395 0.744765 0.617991 0.744043 0.617991 0.743682 0.617588 0.742599 0.617588 0.742238 0.617184 0.741155 0.617184 0.740794 0.616781 0.740433 0.617184 0.740433 0.617991 0.739711 0.618798 0.73935 0.618395 0.738267 0.618395 0.737906 0.617991 0.737184 0.617991 0.736823 0.617588 0.736823 0.616378 0.736101 0.616378 0.73574 0.615974 0.734657 0.615974 0.734296 0.616378 0.733213 0.616378 0.732852 0.615974 0.732852 0.615167 0.732491 0.615167 0.73213 0.614764 0.73213 0.614361 0.732491 0.613957 0.73213 0.613554 0.731047 0.613554 0.730686 0.61315 0.729964 0.61315 0.729603 0.613554 0.729242 0.61315 0.728881 0.61315 0.728881 0.613554 0.72852 0.613957 0.727798 0.613957 0.727798 0.614361 0.727437 0.614764 0.726715 0.614764 0.726354 0.614361 0.725632 0.614361 0.725271 0.613957 0.724188 0.613957 0.723827 0.613554 0.722744 0.613554 0.722383 0.61315 0.721661 0.61315 0.7213 0.612747 0.720217 0.612747 0.719856 0.612344 0.719134 0.612344 0.718773 0.61194 0.71769 0.61194 0.717329 0.611537 0.716606 0.611537 0.716245 0.611134 0.715162 0.611134 0.714801 0.61073 0.713718 0.61073 0.713357 0.610327 0.712635 0.610327 0.712274 0.609923 0.711191 0.609923 0.71083 0.60952 0.710108 0.60952 0.709747 0.609117 0.709747 0.607906 0.710108 0.607503 0.709747 0.6071 0.709025 0.6071 0.708303 0.606293 0.708664 0.605889 0.708664 0.605486 0.707942 0.605486 0.707581 0.605083 0.706498 0.605083 0.706137 0.604679 0.705415 0.604679 0.704332 0.603469 0.703971 0.603469 0.70361 0.603066 0.703249 0.603066 0.703249 0.603469 0.702888 0.603873 0.702527 0.603469 0.701444 0.603469 0.701083 0.603066 0.700361 0.603066 0.7 0.602662 0.698917 0.602662 0.698917 0.603066 0.698556 0.603469 0.698556 0.604679 0.699639 0.604679 0.7 0.605083 0.7 0.605889 0.699639 0.606293 0.699278 0.605889 0.698195 0.605889 0.697834 0.605486 0.697112 0.606293 0.697112 0.6071 0.697834 0.6071 0.698195 0.607503 0.697834 0.607906 0.696751 0.607906 0.69639 0.607503 0.695668 0.607503 0.695307 0.6071 0.694224 0.6071 0.693502 0.606293 0.693863 0.605889 0.694224 0.605889 0.694585 0.605486 0.694946 0.605486 0.694946 0.603469 0.694585 0.603066 0.693502 0.603066 0.693141 0.602662 0.69278 0.602662 0.692419 0.602259 0.69278 0.601856 0.69278 0.601452 0.692419 0.601452 0.692058 0.601049 0.692419 0.600645 0.692058 0.600242 0.691336 0.600242 0.690975 0.599839 0.689892 0.599839 0.689892 0.600242 0.689531 0.600645 0.689531 0.601856 0.689892 0.601856 0.690253 0.602259 0.689531 0.603066 0.68917 0.603066 0.688809 0.603469 0.688809 0.604276 0.689892 0.605486 0.690253 0.605486 0.690614 0.605889 0.689892 0.606696 0.68917 0.606696 0.688809 0.606293 0.688087 0.606293 0.687726 0.605889 0.687726 0.605486 0.687004 0.604679 0.686643 0.604679 0.686282 0.604276 0.685921 0.604276 0.68556 0.603873 0.68556 0.603469 0.685199 0.603066 0.684116 0.603066 0.683755 0.602662 0.684116 0.602259 0.684838 0.602259 0.684838 0.601452 0.685199 0.601049 0.685199 0.599839 0.68556 0.599435 0.68556 0.598225 0.684838 0.598225 0.684477 0.597822 0.683394 0.597822 0.683032 0.597418 0.68231 0.597418 0.681949 0.597015 0.680866 0.597015 0.680505 0.596612 0.679422 0.596612 0.679061 0.596208 0.678339 0.596208 0.677978 0.595805 0.676895 0.595805 0.676534 0.595401 0.675812 0.595401 0.675812 0.595805 0.675451 0.596208 0.67509 0.595805 0.674368 0.595805 0.674007 0.595401 0.674007 0.596208 0.673646 0.596612 0.674368 0.597418 0.674368 0.597822 0.67509 0.597822 0.675451 0.598225 0.676173 0.598225 0.676534 0.598628 0.676895 0.598628 0.677256 0.599032 0.676534 0.599839 0.676173 0.599435 0.67509 0.599435 0.674729 0.599032 0.674368 0.599032 0.673646 0.599839 0.673285 0.599435 0.672563 0.599435 0.672202 0.599032 0.671119 0.599032 0.670758 0.598628 0.670036 0.598628 0.669675 0.599032 0.668592 0.599032 0.668231 0.598628 0.667148 0.598628 0.666787 0.598225 0.666065 0.598225 0.665704 0.597822 0.664621 0.597822 0.66426 0.597418 0.662094 0.597418 0.661733 0.597015 0.66065 0.597015 0.660289 0.596612 0.661011 0.595805 0.661011 0.594998 0.66065 0.594595 0.66065 0.592981 0.661011 0.592578 0.661011 0.591771 0.66065 0.591367 0.660289 0.591367 0.659928 0.590964 0.660289 0.590561 0.661011 0.590561 0.661011 0.590157 0.661372 0.589754 0.661372 0.589351 0.661733 0.588947 0.662816 0.588947 0.663177 0.589351 0.663899 0.589351 0.66426 0.589754 0.665343 0.589754 0.665704 0.590157 0.666426 0.590157 0.666787 0.590561 0.66787 0.590561 0.668231 0.590964 0.668592 0.590964 0.669314 0.591771 0.670397 0.591771 0.670758 0.592174 0.67148 0.592174 0.671841 0.592578 0.672924 0.592578 0.673285 0.592981 0.674368 0.592981 0.674729 0.593384 0.675451 0.593384 0.675812 0.593788 0.676895 0.593788 0.677256 0.594191 0.677978 0.594191 0.678339 0.594595 0.679422 0.594595 0.679783 0.594998 0.680505 0.594998 0.680866 0.595401 0.681949 0.595401 0.68231 0.595805 0.683394 0.595805 0.683755 0.596208 0.684477 0.596208 0.684838 0.596612 0.687365 0.596612 0.687726 0.597015 0.688448 0.597015 0.688809 0.597418 0.689892 0.597418 0.690253 0.597822 0.690975 0.597822 0.691336 0.598225 0.692419 0.598225 0.69278 0.598628 0.693502 0.598628 0.693863 0.599032 0.694946 0.599032 0.695307 0.599435 0.69639 0.599435 0.696751 0.599839 0.697473 0.599839 0.697834 0.600242 0.698917 0.600242 0.699278 0.600645 0.7 0.600645 0.700361 0.601049 0.701444 0.601049 0.701805 0.601452 0.702527 0.601452 0.702888 0.601856 0.703971 0.601856 0.704332 0.602259 0.705415 0.602259 0.705776 0.602662 0.706498 0.602662 0.706859 0.603066 0.707942 0.603066 0.708303 0.603469 0.709025 0.603469 0.709386 0.603873 0.71083 0.603873 0.711191 0.603469 0.711191 0.602662 0.71083 0.602662 0.710469 0.602259 0.709747 0.602259 0.709386 0.601856 0.708303 0.601856 0.707942 0.601452 0.70722 0.601452 0.706859 0.601049 0.705776 0.601049 0.705415 0.600645 0.704332 0.600645 0.703971 0.600242 0.703249 0.600242 0.702888 0.599839 0.701805 0.599839 0.701444 0.599435 0.700722 0.599435 0.700361 0.599032 0.699278 0.599032 0.698917 0.598628 0.698195 0.598628 0.697834 0.598225 0.697112 0.598225 0.696751 0.597822 0.696751 0.597015 0.69639 0.596612 0.695668 0.596612 0.695307 0.596208 0.694585 0.596208 0.693863 0.597015 0.69278 0.597015 0.692419 0.596612 0.691697 0.596612 0.690975 0.595805 0.690975 0.595401 0.690253 0.595401 0.689892 0.594998 0.68917 0.594998 0.688809 0.594595 0.687726 0.594595 0.687365 0.594191 0.686643 0.594191 0.686282 0.593788 0.685199 0.593788 0.684838 0.593384 0.684116 0.593384 0.683755 0.592981 0.683394 0.592981 0.683032 0.592578 0.682671 0.592578 0.68231 0.592174 0.681588 0.592174 0.681227 0.591771 0.680505 0.591771 0.679783 0.592578 0.6787 0.592578 0.678339 0.592174 0.677256 0.592174 0.676895 0.591771 0.676173 0.591771 0.675812 0.591367 0.674729 0.591367 0.674368 0.590964 0.673646 0.590964 0.673285 0.590561 0.672202 0.590561 0.671841 0.590157 0.672202 0.589754 0.671841 0.589351 0.671119 0.589351 0.670758 0.588947 0.669675 0.588947 0.669314 0.588544 0.668592 0.588544 0.668231 0.58814 0.667148 0.58814 0.666787 0.587737 0.666065 0.587737 0.665704 0.587334 0.664621 0.587334 0.66426 0.58693 0.663177 0.58693 0.662816 0.586527 0.662094 0.586527 0.661733 0.586123 0.661372 0.586123 0.661372 0.586527 0.661011 0.58693 0.66065 0.58693 0.660289 0.586527 0.659206 0.586527 0.658845 0.586123 0.658123 0.586123 0.657762 0.58572 0.656679 0.58572 0.656318 0.585317 0.655596 0.585317 0.655235 0.584913 0.655235 0.585317 0.654874 0.58572 0.654152 0.58572 0.653791 0.585317 0.652708 0.585317 0.652347 0.584913 0.651625 0.584913 0.651264 0.58451 0.650181 0.58451 0.649819 0.584106 0.649097 0.584106 0.648736 0.583703 0.647653 0.583703 0.647292 0.5833 0.646209 0.5833 0.645848 0.582896 0.645126 0.582896 0.644765 0.582493 0.643682 0.582493 0.643321 0.58209 0.642599 0.58209 0.642238 0.581686 0.641155 0.581686 0.640794 0.581283 0.640072 0.581283 0.639711 0.580879 0.638628 0.580879 0.638267 0.580476 0.637184 0.580476 0.636823 0.580073 0.636101 0.580073 0.63574 0.579669 0.634657 0.579669 0.634296 0.579266 0.633574 0.579266 0.633213 0.578862 0.632852 0.578862 0.632491 0.578459 0.632491 0.578056 0.63213 0.578056 0.631769 0.577652 0.631047 0.577652 0.630686 0.577249 0.629603 0.577249 0.629242 0.576846 0.62852 0.576846 0.628159 0.576442 0.627798 0.576442 0.627437 0.576039 0.627798 0.575635 0.627798 0.574425 0.627437 0.574425 0.627076 0.574022 0.625993 0.574022 0.625632 0.573618 0.62491 0.573618 0.624549 0.574022 0.623827 0.574022 0.623466 0.574425 0.623105 0.574022 0.622022 0.574022 0.621661 0.574425 0.620578 0.574425 0.620217 0.574022 0.619856 0.574022 0.619495 0.573618 0.619495 0.573215 0.619856 0.572812 0.619856 0.572005 0.620217 0.571601 0.620217 0.571198 0.619856 0.571198 0.619495 0.570795 0.618412 0.570795 0.618051 0.570391 0.617329 0.570391 0.616968 0.569988 0.615884 0.569988 0.615523 0.569585 0.614801 0.570391 0.614801 0.570795 0.61444 0.571198 0.614079 0.570795 0.613718 0.570795 0.613357 0.571198 0.612996 0.571198 0.612635 0.570795 0.611913 0.570795 0.611552 0.570391 0.611552 0.569181 0.611913 0.568778 0.611552 0.568374 0.61083 0.568374 0.610469 0.567971 0.609386 0.567971 0.609386 0.568374 0.609025 0.568778 0.608664 0.568374 0.608664 0.567568 0.608303 0.567568 0.607942 0.567164 0.606859 0.567164 0.606859 0.567971 0.606498 0.568374 0.606498 0.569181 0.606137 0.569585 0.605054 0.569585 0.605054 0.571198 0.605415 0.571198 0.606137 0.572005 0.605415 0.572812 0.605415 0.573618 0.605054 0.574022 0.605054 0.575232 0.605415 0.575635 0.605415 0.576039 0.605054 0.576442 0.604332 0.576442 0.603971 0.576039 0.602888 0.576039 0.602527 0.575635 0.601805 0.576442 0.601444 0.576039 0.601444 0.575635 0.601083 0.575232 0.600361 0.575232 0.6 0.574829 0.599278 0.574829 0.598917 0.574425 0.597834 0.574425 0.597473 0.574022 0.597112 0.574022 0.59639 0.574829 0.596029 0.574425 0.595307 0.574425 0.595307 0.575232 0.594946 0.575635 0.594224 0.575635 0.593863 0.575232 0.594224 0.574829 0.593863 0.574829 0.593502 0.574425 0.593502 0.573618 0.59278 0.573618 0.592419 0.573215 0.591336 0.573215 0.590975 0.572812 0.590253 0.572812 0.589892 0.572408 0.588809 0.572408 0.588448 0.572005 0.587365 0.572005 0.587004 0.571601 0.587004 0.571198 0.587365 0.570795 0.587726 0.571198 0.588087 0.570795 0.588448 0.570795 0.588448 0.569988 0.588809 0.569585 0.58917 0.569988 0.58917 0.570391 0.589892 0.570391 0.590253 0.570795 0.591336 0.570795 0.591697 0.571198 0.592419 0.571198 0.59278 0.571601 0.594224 0.571601 0.594224 0.570795 0.593863 0.570391 0.593141 0.570391 0.59278 0.569988 0.591697 0.569988 0.591336 0.569585 0.590614 0.569585 0.590253 0.569181 0.589531 0.569181 0.589531 0.569585 0.58917 0.569988 0.588809 0.569585 0.588809 0.568778 0.588087 0.568778 0.587726 0.568374 0.587004 0.568374 0.586643 0.568778 0.586282 0.568778 0.585921 0.568374 0.585921 0.567971 0.586282 0.567568 0.586282 0.567164 0.58556 0.567164 0.585199 0.566761 0.584116 0.566761 0.583755 0.566357 0.582671 0.566357 0.58231 0.565954 0.581588 0.565954 0.581227 0.565551 0.580144 0.565551 0.579783 0.565147 0.579061 0.565147 0.5787 0.564744 0.578339 0.564744 0.578339 0.565147 0.577978 0.565551 0.577617 0.565551 0.577256 0.565147 0.574729 0.565147 0.574729 0.565954 0.574368 0.566357 0.574368 0.567164 0.574007 0.567568 0.573285 0.567568 0.572924 0.567164 0.572202 0.567164 0.571841 0.566761 0.570758 0.566761 0.570397 0.566357 0.570758 0.565954 0.57148 0.565954 0.571841 0.565551 0.572202 0.565954 0.572563 0.565954 0.572924 0.565551 0.572924 0.56434 0.572202 0.56434 0.571841 0.563937 0.571119 0.563937 0.570758 0.563534 0.570758 0.56313 0.570036 0.56313 0.569675 0.562727 0.568592 0.562727 0.568231 0.562324 0.567148 0.562324 0.566787 0.56192 0.566065 0.56192 0.565704 0.561517 0.564621 0.561517 0.56426 0.561113 0.562094 0.561113 0.561733 0.56071 0.561372 0.56071 0.56065 0.559903 0.561011 0.5595 0.56065 0.559096 0.559567 0.559096 0.559206 0.558693 0.558484 0.558693 0.558484 0.559096 0.558123 0.5595 0.557762 0.559096 0.55704 0.559096 0.556679 0.558693 0.555596 0.558693 0.555235 0.55829 0.554513 0.55829 0.554152 0.557886 0.553069 0.557886 0.552708 0.557483 0.551986 0.557483 0.551625 0.557079 0.551625 0.557886 0.551264 0.55829 0.550542 0.55829 0.550181 0.557886 0.549097 0.557886 0.548375 0.557079 0.548375 0.556676 0.548014 0.556676 0.547653 0.556273 0.54657 0.556273 0.546209 0.555869 0.545487 0.555869 0.545126 0.555466 0.544043 0.555466 0.543682 0.555063 0.542599 0.555063 0.542238 0.554659 0.541516 0.554659 0.541155 0.554256 0.540072 0.554256 0.539711 0.553852 0.538989 0.553852 0.538628 0.553449 0.537545 0.553449 0.537184 0.553046 0.536462 0.553046 0.536101 0.552642 0.535018 0.552642 0.534657 0.552239 0.534657 0.551835 0.533574 0.551835 0.533213 0.551432 0.532491 0.551432 0.53213 0.551029 0.531408 0.551029 0.531047 0.550625 0.531408 0.550222 0.531047 0.549818 0.529964 0.549818 0.529603 0.549415 0.52852 0.549415 0.528159 0.549012 0.528159 0.549415 0.527798 0.549818 0.527437 0.549818 0.527076 0.549415 0.525993 0.549415 0.525632 0.549012 0.524549 0.549012 0.524188 0.548608 0.523466 0.548608 0.523105 0.548205 0.522022 0.548205 0.521661 0.547802 0.520939 0.547802 0.520578 0.547398 0.519495 0.547398 0.519134 0.546995 0.518412 0.546995 0.518051 0.546591 0.516968 0.546591 0.516606 0.546188 0.515884 0.546188 0.515523 0.545785 0.515523 0.544978 0.51444 0.544978 0.514079 0.544574 0.513357 0.544574 0.512996 0.544171 0.511913 0.544171 0.511552 0.543768 0.511552 0.544171 0.511191 0.544574 0.51083 0.544171 0.51083 0.542961 0.510469 0.542557 0.510108 0.542557 0.509747 0.542154 0.509747 0.541751 0.509386 0.541751 0.509025 0.541347 0.508303 0.541347 0.507942 0.540944 0.506859 0.540944 0.506498 0.540541 0.505776 0.540541 0.505415 0.540137 0.504693 0.540137 0.504332 0.540541 0.502888 0.540541 0.502888 0.541751 0.502527 0.542154 0.501444 0.542154 0.501083 0.541751 0.500361 0.541751 0.5 0.541347 0.498917 0.541347 0.498556 0.540944 0.497473 0.540944 0.497112 0.540541 0.49639 0.540541 0.496029 0.540137 0.494946 0.540137 0.494224 0.53933 0.493863 0.53933 0.493502 0.538927 0.492419 0.538927 0.492058 0.538524 0.492058 0.537717 0.491336 0.537717 0.490975 0.537313 0.490253 0.537313 0.490253 0.537717 0.489892 0.53812 0.489531 0.537717 0.48917 0.53812 0.488087 0.53812 0.487726 0.538524 0.487365 0.538524 0.487004 0.53812 0.485921 0.53812 0.48556 0.537717 0.484477 0.537717 0.483755 0.53691 0.483755 0.536507 0.483394 0.536507 0.483032 0.536103 0.48231 0.536103 0.481949 0.5357 0.480866 0.5357 0.480505 0.535296 0.479422 0.535296 0.4787 0.53449 0.478339 0.53449 0.477978 0.534086 0.476895 0.534086 0.476534 0.533683 0.475812 0.533683 0.475451 0.53328 0.474368 0.53328 0.474007 0.532876 0.473285 0.532876 0.472924 0.532473 0.471841 0.532473 0.47148 0.532069 0.470397 0.532069 0.470036 0.531666 0.469314 0.531666 0.468953 0.531263 0.46787 0.531263 0.467509 0.530859 0.466787 0.530859 0.466426 0.530456 0.465343 0.530456 0.464982 0.530052 0.46426 0.530052 0.463899 0.529649 0.462816 0.529649 0.462455 0.529246 0.461372 0.529246 0.461011 0.528842 0.460289 0.528842 0.459928 0.528439 0.458845 0.528439 0.458484 0.528035 0.457762 0.528035 0.457401 0.527632 0.45704 0.528035 0.456318 0.528035 0.455957 0.527632 0.454874 0.527632 0.454513 0.527229 0.453791 0.527229 0.45343 0.526825 0.452347 0.526825 0.451986 0.526422 0.451264 0.526422 0.450903 0.526019 0.450181 0.526019 0.449819 0.526422 0.448375 0.526422 0.448014 0.526019 0.447653 0.526019 0.447292 0.526422 0.446209 0.526422 0.445848 0.526825 0.445487 0.526825 0.445126 0.526422 0.445126 0.526825 0.444765 0.527229 0.444043 0.527229 0.443682 0.527632 0.44296 0.527632 0.442599 0.527229 0.442599 0.527632 0.441877 0.528439 0.441877 0.528842 0.441516 0.529246 0.441155 0.528842 0.440433 0.528842 0.440072 0.529246 0.439711 0.529246 0.43935 0.528842 0.43935 0.528439 0.438989 0.528439 0.438628 0.528035 0.437545 0.528035 0.437184 0.527632 0.436462 0.527632 0.436101 0.527229 0.435018 0.527229 0.434657 0.526825 0.433574 0.526825 0.433213 0.526422 0.432491 0.526422 0.43213 0.526019 0.431047 0.526019 0.429603 0.524405 0.42852 0.524405 0.428159 0.524002 0.427437 0.524002 0.427076 0.523598 0.426354 0.523598 0.425993 0.524002 0.425271 0.523195 0.42491 0.523195 0.424549 0.522791 0.424188 0.522791 0.423827 0.522388 0.423466 0.522388 0.423105 0.521985 0.422383 0.521985 0.422022 0.521581 0.422022 0.520775 0.420939 0.520775 0.420578 0.520371 0.419856 0.520371 0.419495 0.519968 0.418412 0.519968 0.418051 0.519564 0.417329 0.519564 0.416968 0.519161 0.415884 0.519161 0.415523 0.518758 0.414801 0.518758 0.41444 0.518354 0.413357 0.518354 0.412996 0.517951 0.411913 0.517951 0.411552 0.517547 0.41083 0.517547 0.410469 0.517144 0.409386 0.517144 0.409025 0.516741 0.408303 0.516741 0.407942 0.517144 0.406859 0.517144 0.406498 0.516741 0.406137 0.516741 0.405776 0.517144 0.405415 0.517144 0.405054 0.516741 0.404332 0.516741 0.403971 0.516337 0.402888 0.516337 0.402527 0.515934 0.401444 0.515934 0.401083 0.51553 0.4 0.51553 0.399639 0.515934 0.398917 0.515934 0.398556 0.51553 0.398195 0.51553 0.398195 0.515934 0.397834 0.516337 0.397473 0.516337 0.397112 0.515934 0.39639 0.515934 0.396029 0.51553 0.394946 0.51553 0.394585 0.515127 0.393502 0.515127 0.393141 0.514724 0.39278 0.514724 0.392419 0.51432 0.39278 0.513917 0.392419 0.513917 0.391697 0.51311 0.392058 0.512707 0.392419 0.512707 0.392419 0.511497 0.391336 0.511497 0.390975 0.511093 0.390253 0.511093 0.389892 0.51069 0.38917 0.51069 0.388809 0.511093 0.388087 0.511093 0.387726 0.511497 0.387365 0.511497 0.387004 0.511093 0.38556 0.511093 0.385199 0.511497 0.384838 0.511497 0.384477 0.511093 0.383394 0.511093 0.383032 0.51069 0.38231 0.51069 0.381949 0.510286 0.380866 0.510286 0.380505 0.509883 0.379422 0.509883 0.379061 0.50948 0.378339 0.50948 0.377978 0.509076 0.377617 0.509076 0.377256 0.508673 0.377256 0.508269 0.376895 0.508269 0.376534 0.507866 0.375812 0.507866 0.375451 0.507463 0.374007 0.507463 0.373646 0.507866 0.373285 0.507866 0.372924 0.507463 0.371841 0.507463 0.371119 0.506656 0.371119 0.506253 0.370758 0.506253 0.370397 0.505849 0.369675 0.505849 0.369314 0.506253 0.36787 0.506253 0.367509 0.505849 0.366787 0.505849 0.366426 0.505446 0.365704 0.506253 0.365343 0.506253 0.364982 0.505849 0.364621 0.505849 0.36426 0.505446 0.364621 0.505042 0.36426 0.505042 0.363899 0.504639 0.363538 0.504639 0.363177 0.504236 0.363538 0.503832 0.363538 0.502622 0.363177 0.502622 0.362816 0.502219 0.361733 0.502219 0.361372 0.501815 0.36065 0.502622 0.360289 0.502622 0.359928 0.502219 0.357762 0.502219 0.357401 0.501815 0.356679 0.501815 0.356679 0.502219 0.356318 0.502622 0.355957 0.502219 0.355235 0.502219 0.354874 0.501815 0.353791 0.501815 0.35343 0.501412 0.353069 0.501412 0.353069 0.501815 0.352708 0.502219 0.352347 0.502219 0.351625 0.501412 0.351625 0.501008 0.351264 0.501008 0.350903 0.500605 0.351264 0.500202 0.350903 0.499798 0.350181 0.499798 0.349819 0.499395 0.348736 0.499395 0.348375 0.498992 0.347292 0.498992 0.346931 0.498588 0.345848 0.498588 0.345487 0.498992 0.344765 0.498992 0.344404 0.498588 0.343321 0.498588 0.34296 0.498185 0.342238 0.498185 0.341877 0.497781 0.340794 0.497781 0.340433 0.497378 0.340072 0.497378 0.339711 0.496975 0.339711 0.496571 0.33935 0.496168 0.338267 0.496168 0.337906 0.495764 0.336823 0.495764 0.336823 0.496571 0.336462 0.496975 0.33574 0.496975 0.335379 0.496571 0.334296 0.496571 0.333574 0.495764 0.333574 0.495361 0.333213 0.495361 0.332491 0.494554 0.332491 0.494151 0.331408 0.494151 0.331047 0.494554 0.331047 0.494958 0.330686 0.495361 0.330325 0.495361 0.329964 0.494958 0.329242 0.494958 0.328881 0.494554 0.32852 0.494554 0.328159 0.494151 0.32852 0.493747 0.328881 0.493747 0.329242 0.493344 0.329603 0.493344 0.329603 0.492941 0.329964 0.492537 0.329964 0.492134 0.329603 0.492134 0.329242 0.491731 0.328159 0.491731 0.327798 0.491327 0.327076 0.491327 0.326715 0.490924 0.325632 0.490924 0.325271 0.491327 0.324188 0.491327 0.323827 0.490924 0.323466 0.491327 0.322744 0.491327 0.322383 0.490924 0.322383 0.491327 0.322022 0.491731 0.321661 0.491731 0.3213 0.492134 0.320217 0.492134 0.319856 0.492537 0.318773 0.492537 0.318412 0.492134 0.317329 0.492134 0.316968 0.491731 0.316245 0.491731 0.315884 0.491327 0.315523 0.491731 0.31444 0.491731 0.314079 0.492134 0.314079 0.492941 0.31444 0.492941 0.315162 0.493747 0.314801 0.494151 0.31444 0.494151 0.314079 0.493747 0.313357 0.493747 0.312996 0.493344 0.310469 0.493344 0.310108 0.492941 0.309386 0.492941 0.309025 0.492537 0.307942 0.492537 0.307581 0.492134 0.306859 0.492134 0.306498 0.491731 0.305415 0.491731 0.305054 0.491327 0.304332 0.491327 0.303971 0.490924 0.302888 0.490924 0.302527 0.49052 0.301444 0.49052 0.301083 0.490117 0.300361 0.490117 0.3 0.489714 0.298917 0.489714 0.298556 0.48931 0.297834 0.48931 0.297473 0.488907 0.29639 0.488907 0.296029 0.488503 0.295307 0.488503 0.294585 0.487697 0.294946 0.487293 0.294946 0.486083 0.295307 0.48568 0.294946 0.485276 0.294224 0.485276 0.293863 0.484873 0.29278 0.484873 0.292419 0.48447 0.291697 0.48447 0.291336 0.484873 0.290253 0.484873 0.289892 0.485276 0.288809 0.485276 0.288448 0.484873 0.287726 0.484873 0.287365 0.48447 0.286643 0.48447 0.286282 0.484873 0.284838 0.484873 0.284477 0.48447 0.283755 0.48447 0.283394 0.484066 0.28231 0.484066 0.281949 0.483663 0.280866 0.483663 0.280505 0.483259 0.279783 0.483259 0.279422 0.482856 0.278339 0.482856 0.277978 0.482453 0.277256 0.482453 0.276895 0.482049 0.276173 0.482049 0.275812 0.481646 0.276173 0.481242 0.275812 0.481242 0.275451 0.480839 0.274729 0.480839 0.274368 0.480436 0.273285 0.480436 0.272563 0.479629 0.272924 0.479225 0.272202 0.479225 0.271841 0.478822 0.270758 0.478822 0.270397 0.478419 0.270036 0.478419 0.269675 0.478015 0.269675 0.477612 0.269314 0.477209 0.268592 0.477209 0.268231 0.476805 0.267148 0.476805 0.266787 0.476402 0.265704 0.476402 0.265343 0.475998 0.264621 0.475998 0.26426 0.475595 0.263177 0.475595 0.262816 0.475192 0.262094 0.475192 0.261733 0.474788 0.26065 0.474788 0.260289 0.474385 0.259567 0.474385 0.259206 0.473981 0.258123 0.473981 0.257401 0.473175 0.25704 0.473175 0.256679 0.472771 0.255596 0.472771 0.255235 0.472368 0.254152 0.472368 0.253791 0.471965 0.253069 0.471965 0.252708 0.471561 0.251625 0.471561 0.251264 0.471158 0.250542 0.471158 0.250181 0.470754 0.249097 0.470754 0.248736 0.470351 0.248014 0.470351 0.247653 0.469948 0.24657 0.469948 0.246209 0.469544 0.245126 0.469544 0.244765 0.469141 0.244043 0.469141 0.243682 0.468737 0.242599 0.468737 0.242238 0.468334 0.241516 0.468334 0.241155 0.467931 0.240072 0.467931 0.239711 0.467527 0.238989 0.467527 0.238628 0.467124 0.237545 0.467124 0.237184 0.46672 0.236101 0.46672 0.23574 0.466317 0.235018 0.466317 0.234657 0.465914 0.233574 0.465914 0.233213 0.46551 0.232491 0.46551 0.23213 0.465107 0.231047 0.465107 0.230686 0.464704 0.229964 0.464704 0.229603 0.4643 0.22852 0.4643 0.228159 0.463897 0.227076 0.463897 0.226715 0.463493 0.225993 0.463493 0.225632 0.46309 0.224549 0.46309 0.224188 0.462687 0.223466 0.462687 0.223105 0.462283 0.222022 0.462283 0.221661 0.46188 0.220939 0.46188 0.220578 0.461476 0.219495 0.461476 0.219134 0.461073 0.218051 0.461073 0.21769 0.46067 0.216968 0.46067 0.216606 0.460266 0.215523 0.460266 0.215162 0.459863 0.21444 0.459863 0.214079 0.459459 0.212996 0.459459 0.212635 0.459056 0.211913 0.459056 0.211552 0.458653 0.210469 0.458653 0.210108 0.458249 0.209025 0.458249 0.208664 0.457846 0.207942 0.457846 0.207581 0.457443 0.20722 0.457846 0.206498 0.457846 0.206137 0.457443 0.204693 0.457443 0.204332 0.457846 0.203971 0.457846 0.20361 0.457443 0.203249 0.457443 0.203249 0.457846 0.202888 0.458249 0.202527 0.458249 0.202166 0.457846 0.201805 0.458249 0.201805 0.459459 0.201444 0.459863 0.200722 0.459863 0.200722 0.46067 0.200361 0.461073 0.200361 0.462283 0.2 0.462687 0.2 0.463493 0.199639 0.463897 0.199639 0.465107 0.199278 0.46551 0.199278 0.466317 0.198917 0.46672 0.198917 0.467931 0.198556 0.468334 0.198556 0.469141 0.198195 0.469544 0.198195 0.469948 0.197834 0.470351 0.197473 0.470351 0.197473 0.470754 0.197112 0.471158 0.197112 0.471965 0.196751 0.472368 0.196751 0.473578 0.19639 0.473981 0.19639 0.475192 0.196029 0.475595 0.196029 0.476402 0.195668 0.476805 0.195668 0.478015 0.195307 0.478419 0.195307 0.479225 0.194946 0.479629 0.194946 0.480839 0.194585 0.481242 0.194585 0.482049 0.194224 0.482453 0.194224 0.483663 0.193863 0.484066 0.193863 0.485276 0.193502 0.48568 0.193502 0.486486 0.193141 0.48689 0.193141 0.4881 0.19278 0.488503 0.19278 0.48931 0.192419 0.489714 0.192419 0.490924 0.192058 0.491327 0.192058 0.492134 0.191697 0.492537 0.191697 0.493747 0.191336 0.494151 0.191336 0.494554 0.190614 0.495361 0.190614 0.495764 0.190253 0.496168 0.189892 0.496168 0.189892 0.496571 0.189531 0.496975 0.189531 0.497781 0.18917 0.498185 0.18917 0.499798 0.189531 0.500202 0.189531 0.500605 0.190253 0.500605 0.190614 0.501008 0.190253 0.501412 0.190253 0.502622 0.189892 0.503025 0.189892 0.503832 0.189531 0.504236 0.189531 0.505446 0.18917 0.505849 0.18917 0.506656 0.188809 0.507059 0.188809 0.507866 0.188448 0.508269 0.188087 0.508269 0.187726 0.508673 0.187726 0.50948 0.187365 0.509883 0.187365 0.511093 0.187004 0.511497 0.185921 0.511497 0.185921 0.512303 0.18556 0.512707 0.18556 0.513917 0.185199 0.51432 0.185199 0.515127 0.184838 0.51553 0.184838 0.516741 0.184477 0.517144 0.184477 0.517951 0.184116 0.518354 0.184116 0.519564 0.183755 0.519968 0.183755 0.520775 0.183394 0.521178 0.183394 0.522388 0.183032 0.522791 0.183032 0.524002 0.182671 0.524405 0.183032 0.524405 0.183394 0.524808 0.183394 0.525212 0.183032 0.525615 0.183032 0.526825 0.182671 0.527229 0.183032 0.527229 0.183755 0.528035 0.183394 0.528439 0.183032 0.528439 0.182671 0.528035 0.182671 0.528439 0.18231 0.528842 0.18231 0.529649 0.181949 0.530052 0.181949 0.531263 0.181588 0.531666 0.181949 0.532069 0.181949 0.532473 0.181588 0.532876 0.181588 0.534086 0.181227 0.53449 0.181227 0.5357 0.180866 0.536103 0.179783 0.536103 0.179783 0.53691 0.179422 0.537313 0.179422 0.53812 0.179061 0.538524 0.179061 0.539734 0.1787 0.540137 0.1787 0.540944 0.178339 0.541347 0.178339 0.542557 0.177978 0.542961 0.177978 0.544171 0.177617 0.544574 0.177617 0.545381 0.177256 0.545785 0.177256 0.546995 0.176895 0.547398 0.176895 0.548205 0.176534 0.548608 0.177256 0.549415 0.177617 0.549415 0.177978 0.549818 0.1787 0.549818 0.179422 0.550625 0.179422 0.551835 0.179061 0.552239 0.179061 0.554659 0.1787 0.555063 0.1787 0.555869 0.178339 0.556273 0.178339 0.557483 0.177978 0.557886 0.176895 0.557886 0.176534 0.557483 0.176173 0.557483 0.176173 0.55829 0.175812 0.558693 0.175451 0.558693 0.17509 0.55829 0.174368 0.55829 0.174007 0.558693 0.174007 0.559903 0.173646 0.560307 0.173646 0.56192 0.174368 0.562727 0.174368 0.56313 0.174729 0.563534 0.175812 0.563534 0.176173 0.563937 0.176895 0.563937 0.177256 0.56434 0.178339 0.56434 0.1787 0.564744 0.178339 0.565147 0.177617 0.565147 0.177617 0.566357 0.177256 0.566761 0.177256 0.567164 0.177978 0.567164 0.178339 0.567568 0.179422 0.567568 0.179783 0.567971 0.179783 0.567568 0.180505 0.566761 0.180505 0.565954 0.179783 0.565954 0.179422 0.565551 0.1787 0.565551 0.178339 0.565147 0.1787 0.564744 0.179783 0.564744 0.180144 0.565147 0.180866 0.565147 0.181227 0.564744 0.182671 0.564744 0.183394 0.565551 0.183394 0.565954 0.183755 0.566357 0.184838 0.566357 0.185199 0.566761 0.185199 0.567568 0.185921 0.567568 0.186282 0.567971 0.187365 0.567971 0.187365 0.567164 0.187726 0.566761 0.188087 0.567164 0.188087 0.568374 0.188448 0.568374 0.188809 0.568778 0.189892 0.568778 0.190253 0.569181 0.190975 0.569181 0.190975 0.568778 0.191697 0.567971 0.192419 0.567971 0.193141 0.568778 0.193141 0.569181 0.193863 0.569181 0.194224 0.569585 0.194946 0.569585 0.195307 0.569988 0.196029 0.569988 0.196029 0.569585 0.19639 0.569181 0.19639 0.568778 0.196029 0.568778 0.195668 0.568374 0.196029 0.567971 0.196751 0.567971 0.197473 0.568778 0.197473 0.569181 0.197834 0.569181 0.198195 0.569585 0.198195 0.569988 0.198917 0.569988 0.199278 0.570391 0.2 0.570391 0.200361 0.570795 0.200361 0.571198 0.2 0.571601 0.2 0.572005 0.200361 0.572408 0.201444 0.572408 0.201805 0.572812 0.203249 0.572812 0.203249 0.572005 0.20361 0.571601 0.204332 0.571601 0.204693 0.572005 0.205054 0.571601 0.205776 0.572408 0.207581 0.572408 0.207942 0.572005 0.208303 0.572408 0.208303 0.572812 0.207942 0.573215 0.207942 0.573618 0.208303 0.574022 0.209386 0.574022 0.209747 0.574425 0.210469 0.574425 0.210469 0.573215 0.21083 0.572812 0.211191 0.572812 0.211552 0.573215 0.211552 0.573618 0.211913 0.573618 0.212635 0.574425 0.213357 0.574425 0.213718 0.574829 0.21444 0.574829 0.21444 0.574022 0.215884 0.572408 0.216245 0.572408 0.216606 0.572812 0.216968 0.572812 0.217329 0.573215 0.217329 0.574022 0.216968 0.574425 0.21769 0.575232 0.21769 0.575635 0.218412 0.575635 0.218773 0.576039 0.219134 0.576039 0.219495 0.575635 0.219495 0.574829 0.219856 0.574425 0.220217 0.574829 0.220939 0.574829 0.2213 0.575232 0.2213 0.576039 0.222022 0.576039 0.222383 0.576442 0.222383 0.576846 0.222744 0.577249 0.222744 0.577652 0.223105 0.577652 0.223466 0.578056 0.223105 0.578459 0.223466 0.578459 0.223827 0.578862 0.223827 0.580879 0.223466 0.581283 0.223466 0.582493 0.223105 0.582896 0.223105 0.583703 0.223466 0.583703 0.223827 0.584106 0.223466 0.58451 0.223466 0.585317 0.223105 0.58572 0.223105 0.58693 0.222744 0.587334 0.222744 0.58814 0.222383 0.588544 0.222383 0.589754 0.222022 0.590157 0.222022 0.590964 0.221661 0.591367 0.221661 0.592578 0.2213 0.592981 0.2213 0.594191 0.220939 0.594595 0.220939 0.595401 0.220578 0.595805 0.220578 0.597015 0.220217 0.597418 0.220217 0.598225 0.219856 0.598628 0.219856 0.599435 0.220217 0.599435 0.220578 0.599839 0.220217 0.600242 0.220217 0.601452 0.220578 0.601856 0.220217 0.602259 0.220217 0.602662 0.220578 0.603066 0.220578 0.603873 0.2213 0.604679 0.220939 0.605083 0.220939 0.605486 0.2213 0.605486 0.221661 0.605889 0.2213 0.606293 0.221661 0.606696 0.2213 0.6071 0.220578 0.6071 0.220578 0.607503 0.220217 0.607906 0.220217 0.60831 0.220578 0.60831 0.220939 0.608713 0.220939 0.609117 0.220578 0.60952 0.220578 0.609923 0.220217 0.610327 0.219856 0.610327 0.219495 0.609923 0.218773 0.609923 0.218412 0.60952 0.218051 0.60952 0.218051 0.609923 0.21769 0.610327 0.21769 0.611134 0.218051 0.611134 0.219134 0.612344 0.219134 0.61315 0.219495 0.613554 0.219856 0.613554 0.220217 0.61315 0.220217 0.61073 0.220578 0.610327 0.220939 0.610327 0.2213 0.61073 0.221661 0.61073 0.222022 0.611134 0.222022 0.61194 0.221661 0.612344 0.221661 0.612747 0.222022 0.612747 0.222744 0.613554 0.222744 0.613957 0.223105 0.613957 0.223466 0.614361 0.224188 0.614361 0.224549 0.614764 0.224549 0.615167 0.225632 0.615167 0.225993 0.615571 0.227076 0.615571 0.227437 0.615974 0.228159 0.615974 0.22852 0.616378 0.228881 0.615974 0.229242 0.616378 0.229603 0.616378 0.229964 0.616781 0.230686 0.616781 0.231047 0.617184 0.231408 0.616781 0.23213 0.616781 0.232852 0.617588 0.233213 0.617588 0.233574 0.617991 0.234657 0.617991 0.235018 0.618395 0.236101 0.618395 0.236462 0.618798 0.237184 0.618798 0.237545 0.619201 0.238628 0.619201 0.238989 0.619605 0.239711 0.619605 0.240072 0.620008 0.241155 0.620008 0.241516 0.620411 0.242238 0.620411 0.242599 0.620815 0.24296 0.620815 0.243321 0.620411 0.243682 0.620411 0.244043 0.620815 0.245126 0.620815 0.245487 0.621218 0.245848 0.621218 0.24657 0.622025 0.247653 0.622025 0.248014 0.622428 0.248736 0.622428 0.249097 0.622832 0.250181 0.622832 0.250542 0.623235 0.251264 0.623235 0.251625 0.623639 0.252708 0.623639 0.253069 0.624042 0.254152 0.624042 0.254513 0.624445 0.255235 0.624445 0.255596 0.624849 0.256679 0.624849 0.25704 0.625252 0.257762 0.625252 0.258123 0.625656 0.259206 0.625656 0.259567 0.626059 0.260289 0.626059 0.26065 0.626462 0.261733 0.626462 0.262094 0.626866 0.263177 0.626866 0.263538 0.627269 0.26426 0.627269 0.264621 0.627672 0.265704 0.627672 0.266065 0.628076 0.266787 0.628076 0.267148 0.628479 0.268953 0.628479 0.269675 0.627672 0.270036 0.628076 0.270397 0.627672 0.270758 0.627672 0.271119 0.628076 0.271119 0.628479 0.272202 0.628479 0.272563 0.628883 0.272202 0.629286 0.272202 0.629689 0.272563 0.630093 0.273285 0.630093 0.273646 0.630496 0.274368 0.630496 0.274729 0.630093 0.27509 0.630496 0.27509 0.6309 0.275812 0.6309 0.276173 0.631303 0.277256 0.631303 0.277617 0.631706 0.279783 0.631706 0.280144 0.631303 0.281227 0.631303 0.281588 0.631706 0.281227 0.63211 0.281227 0.632513 0.281588 0.632916 0.28231 0.632916 0.282671 0.63332 0.283755 0.63332 0.283755 0.632916 0.284116 0.632513 0.285199 0.632513 0.28556 0.632916 0.286282 0.632916 0.286643 0.63332 0.287726 0.63332 0.288087 0.633723 0.288809 0.633723 0.28917 0.634127 0.289531 0.634127 0.289892 0.63453 0.289531 0.634933 0.289892 0.634933 0.290614 0.63574 0.291336 0.63574 0.291697 0.636144 0.293863 0.636144 0.294224 0.636547 0.295307 0.636547 0.295668 0.63695 0.29639 0.63695 0.29639 0.636144 0.296751 0.63574 0.297112 0.636144 0.298195 0.636144 0.298556 0.636547 0.299278 0.636547 0.299639 0.63695 0.300722 0.63695 0.301083 0.637354 0.301805 0.637354 0.302166 0.637757 0.303249 0.637757 0.30361 0.638161 0.304332 0.637354 0.304693 0.637354 0.305054 0.637757 0.305776 0.637757 0.306137 0.638161 0.30722 0.638161 0.307581 0.638564 0.307942 0.638564 0.308303 0.638967 0.307942 0.639371 0.308303 0.639371 0.308664 0.639774 0.309747 0.639774 0.310108 0.640177 0.31083 0.640177 0.311191 0.640581 0.312274 0.640581 0.312635 0.640984 0.313357 0.640984 0.313718 0.641388 0.314079 0.641388 0.31444 0.641791 0.314801 0.641791 0.315162 0.642194 0.315884 0.642194 0.316245 0.642598 0.317329 0.642598 0.31769 0.643001 0.318051 0.642598 0.318773 0.642598 0.319134 0.643001 0.319856 0.643001 0.320578 0.643808 0.320217 0.644211 0.320217 0.645018 0.320939 0.645018 0.3213 0.645422 0.322744 0.645422 0.322744 0.645018 0.323105 0.644615 0.323827 0.644615 0.324188 0.645018 0.324188 0.644615 0.324549 0.644211 0.324549 0.643001 0.325271 0.642194 0.325632 0.642598 0.326715 0.642598 0.327437 0.643405 0.327076 0.643808 0.327798 0.643808 0.328159 0.644211 0.329242 0.644211 0.329603 0.644615 0.329603 0.645422 0.330325 0.645422 0.330686 0.645825 0.331047 0.645825 0.331769 0.645018 0.33213 0.645422 0.33213 0.646228 0.332852 0.646228 0.333213 0.646632 0.334296 0.646632 0.334657 0.647035 0.335379 0.647035 0.335379 0.646632 0.33574 0.646228 0.336101 0.646632 0.336823 0.646632 0.337184 0.647035 0.337906 0.647035 0.337906 0.646632 0.338267 0.646228 0.338628 0.646632 0.339711 0.646632 0.340072 0.647035 0.340794 0.647035 0.341155 0.647438 0.342238 0.647438 0.342599 0.647842 0.343321 0.647842 0.343682 0.648245 0.344765 0.648245 0.345126 0.648649 0.346209 0.648649 0.34657 0.649052 0.347292 0.649052 0.347653 0.649455 0.348736 0.649455 0.349097 0.649859 0.349819 0.649859 0.350181 0.650262 0.351264 0.650262 0.351625 0.650666 0.352708 0.650666 0.353069 0.651069 0.353791 0.651069 0.354152 0.651472 0.355235 0.651472 0.355596 0.651876 0.355957 0.651472 0.356679 0.652279 0.357762 0.652279 0.358123 0.652683 0.358845 0.652683 0.359206 0.653086 0.360289 0.653086 0.361011 0.653893 0.361011 0.654296 0.361372 0.654296 0.361733 0.654699 0.362816 0.654699 0.363177 0.655103 0.363538 0.655103 0.36426 0.654296 0.364621 0.654699 0.364982 0.654699 0.365343 0.655103 0.364982 0.655506 0.365343 0.655506 0.365704 0.65591 0.365704 0.656716 0.366426 0.656716 0.366787 0.65712 0.36787 0.65712 0.368231 0.657523 0.368953 0.657523 0.369314 0.65712 0.369314 0.656313 0.369675 0.65591 0.370036 0.656313 0.370397 0.656313 0.370758 0.656716 0.371841 0.656716 0.372202 0.65712 0.373285 0.65712 0.373646 0.657523 0.374368 0.657523 0.374729 0.657927 0.375812 0.657927 0.376173 0.65833 0.376895 0.65833 0.377256 0.658733 0.378339 0.658733 0.3787 0.659137 0.379422 0.659137 0.379783 0.65954 0.380866 0.65954 0.381227 0.659944 0.381588 0.659944 0.381949 0.65954 0.38231 0.65954 0.382671 0.659944 0.383394 0.659944 0.383755 0.65954 0.384838 0.65954 0.385199 0.659944 0.386282 0.659944 0.387004 0.66075 0.387004 0.661154 0.387365 0.661154 0.387726 0.661557 0.388809 0.661557 0.38917 0.66196 0.389892 0.66196 0.390614 0.662767 0.391336 0.662767 0.391697 0.663171 0.392058 0.662767 0.392419 0.662767 0.39278 0.662364 0.393141 0.662364 0.393502 0.662767 0.393502 0.663574 0.393863 0.663574 0.394224 0.663977 0.394946 0.663977 0.395307 0.664381 0.395668 0.663977 0.39639 0.663977 0.396751 0.664381 0.397834 0.664381 0.398195 0.664784 0.398195 0.665188 0.398917 0.665188 0.399278 0.665591 0.400361 0.665591 0.400722 0.665994 0.401444 0.665994 0.401805 0.666398 0.402527 0.666398 0.402527 0.665591 0.403249 0.664784 0.404332 0.664784 0.404693 0.665188 0.405415 0.665188 0.405776 0.664784 0.406137 0.665188 0.406137 0.665591 0.405776 0.665994 0.405776 0.667205 0.406137 0.667608 0.406498 0.667608 0.406859 0.668011 0.407942 0.668011 0.408303 0.668415 0.408664 0.668415 0.408664 0.668011 0.409025 0.667608 0.409025 0.666801 0.409386 0.666398 0.409386 0.665188 0.409747 0.664784 0.409747 0.664381 0.410108 0.663977 0.41083 0.663977 0.411191 0.663574 0.411552 0.663977 0.412635 0.663977 0.412996 0.664381 0.413718 0.664381 0.414079 0.664784 0.41444 0.664784 0.415523 0.665994 0.415162 0.666398 0.414801 0.666398 0.414801 0.667205 0.41444 0.667608 0.41444 0.668818 0.414801 0.669221 0.415884 0.669221 0.416245 0.669625 0.416968 0.669625 0.417329 0.670028 0.417329 0.670835 0.418051 0.670835 0.418773 0.671642 0.419495 0.671642 0.419856 0.672045 0.420939 0.672045 0.4213 0.672449 0.422022 0.672449 0.422383 0.672852 0.422383 0.674466 0.423105 0.674466 0.423466 0.674869 0.424549 0.674869 0.42491 0.675272 0.425271 0.674869 0.426354 0.676079 0.426354 0.676482 0.427437 0.676482 0.427798 0.676079 0.42852 0.676079 0.428881 0.676482 0.429242 0.676482 0.429603 0.676886 0.429242 0.677289 0.429603 0.677289 0.429964 0.677693 0.430686 0.677693 0.431047 0.678096 0.431769 0.678096 0.432491 0.678903 0.433213 0.678903 0.433574 0.679306 0.433574 0.67971 0.433935 0.680113 0.434657 0.680113 0.435018 0.680516 0.435379 0.680516 0.436101 0.681323 0.437184 0.681323 0.437545 0.681727 0.438267 0.681727 0.438628 0.68213 0.438989 0.68213 0.43935 0.681727 0.439711 0.681727 0.440072 0.681323 0.442599 0.681323 0.44296 0.681727 0.44296 0.681323 0.443321 0.68092 0.443682 0.68092 0.444043 0.681323 0.445126 0.681323 0.445487 0.681727 0.44657 0.681727 0.446931 0.68213 0.446931 0.682533 0.44657 0.682937 0.445126 0.682937 0.445126 0.684147 0.446209 0.684147 0.44657 0.68455 0.447292 0.68455 0.448014 0.683743 0.448736 0.683743 0.449458 0.68455 0.449097 0.684954 0.449097 0.685357 0.449819 0.685357 0.450181 0.68576 0.451264 0.68576 0.451625 0.686164 0.452708 0.686164 0.453069 0.686567 0.453069 0.68576 0.45343 0.685357 0.454152 0.685357 0.454513 0.68576 0.455235 0.68576 0.455596 0.686164 0.455957 0.68576 0.456318 0.68576 0.456679 0.685357 0.456679 0.684954 0.45704 0.68455 0.458123 0.68455 0.458484 0.684954 0.459567 0.684954 0.459928 0.685357 0.460289 0.685357 0.460289 0.684954 0.46065 0.68455 0.461011 0.684954 0.462094 0.684954 0.462455 0.685357 0.463538 0.685357 0.463899 0.68576 0.464621 0.68576 0.464982 0.686164 0.466065 0.686164 0.466426 0.686567 0.467148 0.686567 0.467509 0.686971 0.468592 0.686971 0.468953 0.687374 0.469675 0.687374 0.470036 0.687777 0.471119 0.687777 0.47148 0.688181 0.472563 0.688181 0.472924 0.688584 0.473646 0.688584 0.474007 0.688987 0.47509 0.688987 0.475451 0.689391 0.476173 0.689391 0.476534 0.689794 0.477617 0.689794 0.477978 0.690198 0.4787 0.690198 0.479061 0.690601 0.479422 0.690601 0.479783 0.690198 0.480144 0.690198 0.480505 0.690601 0.481588 0.690601 0.481949 0.691004 0.482671 0.691004 0.483032 0.691408 0.484116 0.691408 0.484477 0.691811 0.485199 0.691811 0.48556 0.692215 0.486643 0.692215 0.487004 0.692618 0.488087 0.692618 0.488448 0.693021 0.488448 0.693425 0.488087 0.693828 0.488087 0.694635 0.487726 0.695038 0.487726 0.696248 0.488809 0.696248 0.48917 0.696652 0.490253 0.696652 0.490614 0.697055 0.490975 0.697055 0.491336 0.696652 0.491697 0.697055 0.492419 0.697055 0.49278 0.696652 0.49278 0.695845 0.493141 0.695442 0.49278 0.695038 0.49278 0.694635 0.493141 0.694232 0.493502 0.694635 0.493863 0.694635 0.494585 0.695442 0.497112 0.695442 0.497473 0.695845 0.498195 0.695845 0.498556 0.696248 0.499639 0.696248 0.5 0.696652 0.500722 0.696652 0.501083 0.697055 0.502166 0.697055 0.502527 0.697459 0.503249 0.697459 0.50361 0.697862 0.504693 0.697862 0.505054 0.698265 0.505415 0.698265 0.506137 0.699072 0.508303 0.699072 0.508303 0.698669 0.508664 0.698265 0.509025 0.698669 0.510108 0.698669 0.510469 0.699072 0.511191 0.699072 0.511552 0.699476 0.512274 0.699476 0.512635 0.699879 0.512274 0.700282 0.512274 0.700686 0.512635 0.701089 0.513718 0.701089 0.514079 0.701493 0.514801 0.701493 0.514801 0.700686 0.515162 0.700282 0.515162 0.699476 0.51444 0.698669 0.514801 0.698265 0.514801 0.697862 0.515162 0.697459 0.515884 0.697459 0.516245 0.697055 0.51769 0.697055 0.51769 0.696652 0.518051 0.696248 0.518412 0.696248 0.518773 0.696652 0.519134 0.696652 0.519856 0.697459 0.519856 0.697862 0.520939 0.697862 0.5213 0.698265 0.522022 0.698265 0.522383 0.698669 0.523466 0.698669 0.523827 0.699072 0.524549 0.699072 0.52491 0.699476 0.526354 0.699476 0.526715 0.699879 0.527076 0.699879 0.527437 0.700282 0.52852 0.700282 0.528881 0.700686 0.529964 0.700686 0.530325 0.701089 0.531408 0.699879 0.532491 0.699879 0.532852 0.700282 0.532491 0.700686 0.532852 0.701089 0.533574 0.701089 0.534296 0.701896 0.534296 0.702299 0.535018 0.702299 0.535379 0.702703 0.53574 0.702703 0.536462 0.701896 0.536823 0.702299 0.537545 0.702299 0.537906 0.702703 0.538628 0.702703 0.538989 0.703106 0.538989 0.703509 0.53935 0.703913 0.540072 0.703913 0.540433 0.704316 0.541516 0.704316 0.541877 0.70472 0.542599 0.70472 0.54296 0.704316 0.544043 0.704316 0.544404 0.70472 0.545487 0.70472 0.545848 0.705123 0.54657 0.705123 0.546931 0.705526 0.547653 0.705526 0.547653 0.704316 0.548014 0.703913 0.548375 0.704316 0.548375 0.70593 0.549097 0.70593 0.549458 0.706333 0.550181 0.706333 0.550542 0.706737 0.550542 0.70714 0.550903 0.707543 0.551625 0.707543 0.551986 0.707947 0.55343 0.707947 0.553791 0.707543 0.554152 0.707543 0.554152 0.70714 0.554513 0.706737 0.554874 0.70714 0.555596 0.706333 0.556318 0.706333 0.556679 0.706737 0.55704 0.706737 0.557401 0.70714 0.558484 0.70714 0.559206 0.707947 0.559206 0.708754 0.558845 0.709157 0.559567 0.709157 0.559928 0.70956 0.56065 0.70956 0.561011 0.709964 0.561372 0.709964 0.561372 0.70956 0.561733 0.709157 0.561733 0.70835 0.562094 0.707947 0.562455 0.707947 0.563538 0.709157 0.563538 0.70956 0.563177 0.709964 0.563177 0.711174 0.563538 0.711577 0.564621 0.711577 0.564982 0.711981 0.566065 0.711981 0.566426 0.711577 0.567148 0.711577 0.567509 0.711981 0.568592 0.711981 0.568953 0.712384 0.569314 0.712384 0.570036 0.711577 0.570397 0.711981 0.571119 0.711981 0.57148 0.712384 0.572563 0.712384 0.572924 0.712787 0.573646 0.712787 0.574007 0.713191 0.57509 0.713191 0.575451 0.713594 0.576534 0.713594 0.577256 0.714401 0.577256 0.714804 0.577617 0.714804 0.577978 0.715208 0.5787 0.715208 0.579061 0.714804 0.579061 0.713998 0.579422 0.713594 0.579783 0.713594 0.580505 0.712787 0.580866 0.713191 0.580866 0.713594 0.580505 0.713998 0.580866 0.714401 0.581227 0.714401 0.581588 0.714804 0.581588 0.715208 0.581227 0.715611 0.581227 0.716821 0.581588 0.717225 0.582671 0.717225 0.583032 0.717628 0.583394 0.717628 0.583394 0.717225 0.583755 0.716821 0.584477 0.716821 0.584477 0.716015 0.584838 0.715611 0.587004 0.715611 0.587365 0.716015 0.587004 0.716418 0.587004 0.718031 0.587726 0.718031 0.588087 0.718435 0.58917 0.718435 0.589531 0.718838 0.589892 0.718838 0.589892 0.718435 0.590253 0.718031 0.590614 0.718031 0.590614 0.717628 0.590975 0.717225 0.592058 0.717225 0.592419 0.717628 0.593141 0.716821 0.593141 0.716015 0.592419 0.716015 0.592058 0.715611 0.591336 0.715611 0.590975 0.715208 0.591336 0.714804 0.592419 0.714804 0.59278 0.715208 0.593502 0.715208 0.593863 0.715611 0.594585 0.715611 0.594946 0.715208 0.595307 0.715611 0.59639 0.715611 0.596751 0.716015 0.597473 0.716015 0.598195 0.716821 0.598917 0.716821 0.599278 0.717225 0.6 0.717225 0.600361 0.717628 0.599639 0.718435 0.599639 0.719645 0.6 0.720048 0.601083 0.720048 0.601444 0.720452 0.602166 0.719645 0.602166 0.719242 0.602527 0.718838 0.602888 0.719242 0.603971 0.719242 0.604332 0.719645 0.605054 0.719645 0.605415 0.720048 0.606498 0.720048 0.606859 0.720452 0.607581 0.720452 0.607942 0.720855 0.609386 0.720855 0.609747 0.720452 0.610469 0.720452 0.61083 0.720855 0.611552 0.720855 0.611913 0.721259 0.612996 0.721259 0.613357 0.721662 0.614079 0.721662 0.61444 0.722065 0.615523 0.722065 0.615884 0.722469 0.616968 0.722469 0.617329 0.722872 0.618051 0.722872 0.618412 0.723276 0.619495 0.723276 0.619856 0.723679 0.620578 0.723679 0.620939 0.724082 0.6213 0.723679 0.622022 0.723679 0.622383 0.724082 0.623466 0.724082 0.623827 0.724486 0.624549 0.724486 0.62491 0.724889 0.625993 0.724889 0.626354 0.725292 0.627076 0.725292 0.627437 0.725696 0.62852 0.725696 0.628881 0.726099 0.629603 0.726099 0.629964 0.726503 0.631047 0.726503 0.631408 0.726906 0.632491 0.726906 0.632852 0.727309 0.633574 0.727309 0.633935 0.727713 0.635018 0.727713 0.635379 0.728116 0.636101 0.728116 0.636462 0.72852 0.637545 0.72852 0.637906 0.728923 0.638628 0.728923 0.638989 0.729326 0.640072 0.729326 0.640433 0.72973 0.641516 0.72973 0.641877 0.730133 0.642599 0.730133 0.64296 0.730537 0.644043 0.730537 0.644404 0.73094 0.645126 0.73094 0.645487 0.731343 0.64657 0.731343 0.646931 0.731747 0.647653 0.731747 0.648014 0.73215 0.649097 0.73215 0.649458 0.732553 0.650542 0.732553 0.650903 0.732957 0.651625 0.732957 0.651986 0.73336 0.653069 0.73336 0.65343 0.733764 0.654152 0.733764 0.654513 0.734167 0.655596 0.734167 0.655957 0.73457 0.656679 0.73457 0.65704 0.734974 0.658123 0.734974 0.658484 0.735377 0.659567 0.735377 0.659928 0.735781 0.66065 0.735781 0.661011 0.736184 0.662094 0.736184 0.662455 0.736587 0.663538 0.736587 0.663899 0.736184 0.664621 0.736184 0.665343 0.736991 0.665343 0.737394 0.665704 0.737394 0.666065 0.737797 0.667148 0.737797 0.667509 0.738201 0.668592 0.738201 0.668953 0.738604 0.669675 0.738604 0.670036 0.739008 0.671119 0.739008 0.67148 0.739411 0.672202 0.739411 0.672563 0.739814 0.673646 0.739814 0.674007 0.740218 0.674729 0.739411 0.67509 0.739411 0.675451 0.739814 0.675451 0.740621 0.676173 0.740621 0.676534 0.741025 0.677617 0.741025 0.677978 0.740621 0.6787 0.740621 0.679061 0.741025 0.679783 0.741025 0.680144 0.740621 0.680866 0.740621 0.681227 0.741025 0.680866 0.741428 0.681227 0.741428 0.681588 0.741831 0.681588 0.742638 0.682671 0.742638 0.682671 0.741831 0.683032 0.741428 0.683394 0.741831 0.683394 0.742235 0.684116 0.742235 0.684477 0.742638 0.684838 0.742638 0.685199 0.743042 0.684838 0.743445 0.685199 0.743445 0.68556 0.743848 0.686643 0.743848 0.687004 0.744252 0.687726 0.744252 0.688087 0.744655 0.68917 0.744655 0.689531 0.745058 0.690253 0.745058 0.690614 0.745462 0.691697 0.745462 0.692058 0.745865 0.69278 0.745865 0.693141 0.746269 0.694224 0.746269 0.694585 0.746672 0.694585 0.746269 0.694946 0.745865 0.695668 0.745865 0.696029 0.746269 0.696029 0.747075 0.696751 0.747075 0.697112 0.747479 0.698195 0.747479 0.698556 0.747882 0.699278 0.747882 0.699639 0.748286 0.700722 0.748286 0.701083 0.748689 0.702166 0.748689 0.702527 0.749092 0.703249 0.749092 0.70361 0.749496 0.703971 0.749092 0.703971 0.748286 0.704332 0.747882 0.704693 0.747882 0.705054 0.748286 0.705415 0.748286 0.705776 0.748689 0.705776 0.749092 0.706137 0.749496 0.706498 0.749496 0.706859 0.749899 0.706859 0.750303 0.70722 0.750303 0.707581 0.750706 0.708303 0.750706 0.708664 0.751109 0.709747 0.751109 0.710108 0.751513 0.71083 0.750706 0.711191 0.750706 0.711913 0.751513 0.711913 0.751916 0.712274 0.751916 0.712635 0.752319 0.713718 0.752319 0.714079 0.752723 0.714801 0.752723 0.715162 0.753126 0.716245 0.753126 0.716606 0.75353 0.717329 0.75353 0.71769 0.753933 0.718773 0.753933 0.719134 0.754336 0.720217 0.754336 0.720578 0.753933 0.720939 0.753933 0.7213 0.754336 0.7213 0.75474 0.721661 0.755143 0.722744 0.755143 0.723105 0.755547 0.723827 0.755547 0.724188 0.75595 0.725271 0.75595 0.725632 0.756353 0.726354 0.756353 0.726715 0.756757 0.727076 0.756757 0.727798 0.75595 0.728159 0.756353 0.729242 0.756353 0.729964 0.75716 0.729964 0.757564 0.730325 0.757564 0.730686 0.757967 0.731769 0.757967 0.73213 0.75837 0.732852 0.75837 0.733213 0.758774 0.734296 0.758774 0.734657 0.759177 0.735018 0.759177 0.735018 0.758774 0.735379 0.75837 0.736101 0.75837 0.736462 0.757967 0.736823 0.757967 0.737184 0.75837 0.737545 0.75837 0.737906 0.758774 0.737545 0.759177 0.737545 0.759984 0.737906 0.759984 0.738267 0.760387 0.73935 0.760387 0.73935 0.759177 0.739711 0.758774 0.739711 0.75837 0.73935 0.757967 0.73935 0.757564 0.738628 0.757564 0.738267 0.75716 0.738267 0.756757 0.738628 0.756353 0.738989 0.756757 0.738989 0.756353 0.73935 0.75595 0.739711 0.75595 0.740072 0.755547 0.740072 0.753933 0.73935 0.753933 0.738989 0.75353 0.738989 0.753126 0.73935 0.752723 0.73935 0.751916 0.739711 0.751513 0.739711 0.750303 0.740072 0.749899 0.740794 0.749899 0.740794 0.749092 0.741155 0.748689 0.741155 0.748286 0.741516 0.747882 0.741877 0.747882 0.741877 0.747479 0.742238 0.747075 0.742238 0.746269 0.742599 0.745865 0.742599 0.744655 0.74296 0.744252 0.74296 0.743848 0.743321 0.743445 0.743682 0.743445 0.744043 0.743848 0.744043 0.744252 0.744404 0.744655 0.745126 0.744655 0.745487 0.745058 0.74657 0.745058 0.746931 0.745462 0.748014 0.745462 0.748375 0.745058 0.749097 0.745058 0.749458 0.744655 0.749819 0.745058 0.750903 0.745058 0.751264 0.744655 0.751625 0.745058 0.751625 0.745865 0.751264 0.746269 0.751264 0.746672 0.751625 0.746672 0.751986 0.747075 0.752347 0.747075 0.752347 0.746672 0.752708 0.746269 0.753069 0.746269 0.75343 0.745865 0.75343 0.745058 0.753791 0.744655 0.753791 0.743445 0.754152 0.743042 0.754152 0.742638 0.753791 0.742235 0.754152 0.741831 0.754513 0.741831 0.754513 0.740621 0.754874 0.740218 0.754874 0.739008 0.754513 0.738604 0.754513 0.737797 0.754874 0.737394 0.754874 0.736991 0.754513 0.736991 0.754152 0.736587 0.75343 0.736587 0.753069 0.736184 0.753069 0.735781 0.75343 0.735377 0.75343 0.73457 0.753791 0.734167 0.753791 0.732957 0.754152 0.732553 0.754152 0.731747 0.754513 0.731343 0.754513 0.730133 0.754874 0.72973 0.754874 0.728923 0.755235 0.72852 0.755235 0.727309 0.755596 0.726906 0.755596 0.725696 0.755957 0.725292 0.755957 0.724486 0.756318 0.724082 0.756318 0.722872 0.756679 0.722469 0.756679 0.721662 0.75704 0.721259 0.75704 0.720048 0.757401 0.719645 0.757401 0.718838 0.757762 0.718435 0.757762 0.717225 0.758123 0.716821 0.758123 0.715611 0.758484 0.715208 0.758484 0.714401 0.758845 0.713998 0.758845 0.712787 0.759206 0.712384 0.759206 0.711577 0.759567 0.711174 0.759567 0.709964 0.759928 0.70956 0.759928 0.708754 0.760289 0.70835 0.760289 0.70714 0.76065 0.706737 0.76065 0.705526 0.761011 0.705123 0.761011 0.704316 0.761372 0.703913 0.761372 0.702703 0.761733 0.702299 0.761733 0.701493 0.762094 0.701089 0.762094 0.699879 0.762455 0.699476 0.762455 0.698669 0.762816 0.698265 0.762816 0.697055 0.763177 0.696652 0.763177 0.695442 0.763538 0.695038 0.763538 0.694232 0.763899 0.693828 0.763899 0.692618 0.76426 0.692215 0.76426 0.691408 0.764621 0.691004 0.764621 0.689794 0.764982 0.689391 0.764982 0.688584 0.765343 0.688181 0.765343 0.686971 0.765704 0.686567 0.765704 0.685357 0.766065 0.684954 0.766065 0.684147 0.766426 0.683743 0.766426 0.682533 0.766787 0.68213 0.767148 0.68213 0.767509 0.681727 0.767509 0.681323 0.76787 0.68092 0.76787 0.680516 0.768231 0.680113 0.769314 0.680113 0.769675 0.680516 0.769675 0.680113 0.770036 0.67971 0.770036 0.678903 0.770397 0.678499 0.770758 0.678499 0.771119 0.678903 0.772202 0.678903 0.772563 0.679306 0.773285 0.679306 0.773646 0.67971 0.773646 0.679306 0.774007 0.678903 0.774729 0.678903 0.77509 0.679306 0.777256 0.679306 0.777617 0.67971 0.7787 0.67971 0.779061 0.680113 0.780144 0.680113 0.780505 0.680516 0.781227 0.680516 0.781588 0.68092 0.782671 0.68092 0.783032 0.681323 0.783032 0.680516 0.783755 0.67971 0.784116 0.680113 0.784116 0.680516 0.784477 0.68092 0.784477 0.681727 0.785199 0.681727 0.78556 0.68213 0.786282 0.68213 0.786643 0.682533 0.787726 0.682533 0.788087 0.682937 0.788448 0.682937 0.78917 0.68213 0.789531 0.682533 0.789892 0.682533 0.790253 0.682937 0.789892 0.68334 0.790253 0.68334 0.790614 0.683743 0.791697 0.683743 0.792058 0.684147 0.79278 0.684147 0.79278 0.683743 0.793141 0.68334 0.793141 0.68213 0.793502 0.681727 0.794224 0.681727 0.794224 0.681323 0.794585 0.68092 0.794946 0.68092 0.795307 0.680516 0.795307 0.67971 0.795668 0.679306 0.795668 0.677693 0.795307 0.677289 0.795307 0.676886 0.794224 0.676886 0.793863 0.676482 0.794224 0.676079 0.794224 0.674869 0.794585 0.674466 0.794224 0.674062 0.794224 0.673255 0.794585 0.672852 0.794585 0.672045 0.794946 0.671642 0.794946 0.670432 0.795307 0.670028 0.795307 0.669221 0.795668 0.668818 0.795668 0.667608 0.796029 0.667205 0.796029 0.666398 0.79639 0.665994 0.79639 0.665188 0.796751 0.664784 0.797112 0.665188 0.797473 0.665188 0.797473 0.664784 0.797834 0.664381 0.797834 0.663574 0.798195 0.663171 0.798195 0.66196 0.798556 0.661557 0.798556 0.661154 0.797834 0.661154 0.797473 0.66075 0.797473 0.660347 0.797834 0.659944 0.797834 0.65954 0.797112 0.658733 0.797473 0.65833 0.797473 0.657523 0.797834 0.65712 0.797834 0.656716 0.797112 0.65591 0.797473 0.655506 0.797473 0.655103 0.797112 0.655103 0.796751 0.654699 0.796751 0.654296 0.797112 0.653893 0.797112 0.653489 0.796751 0.653086 0.796751 0.652683 0.797112 0.652279 0.79639 0.651472 0.79639 0.651069 0.796029 0.651069 0.795668 0.650666 0.794585 0.650666 0.794224 0.650262 0.793863 0.650262 0.793502 0.649859 0.793502 0.649455 0.79278 0.648649 0.792419 0.648649 0.792058 0.648245 0.792058 0.647438 0.791697 0.647438 0.791336 0.647035 0.791336 0.646228 0.790975 0.645825 0.790975 0.645018 0.790253 0.645018 0.789531 0.644211 0.789892 0.643808 0.789892 0.641388 0.790253 0.640984 0.790253 0.640581 0.789892 0.640177 0.790614 0.639371 0.790614 0.638564 0.790975 0.638161 0.790975 0.63695 0.791336 0.636547 0.791336 0.63574 0.790975 0.635337 0.790975 0.634127 0.791336 0.633723 0.790614 0.632916 0.790614 0.632513 0.790975 0.63211 0.790614 0.631706 0.790614 0.631303 0.790253 0.6309 0.78917 0.6309 0.788809 0.630496 0.788087 0.630496 0.787726 0.630093 0.787726 0.628883 0.788087 0.628479 0.788087 0.627672 0.788448 0.627269 0.788448 0.626059 0.788809 0.625656 0.78917 0.625656 0.789531 0.625252 0.789531 0.624849 0.789892 0.624445 0.789892 0.623235 0.790253 0.622832 0.790253 0.622025 0.790614 0.621622 0.790614 0.620411 0.790975 0.620008 0.790975 0.619201 0.791336 0.618798 0.791336 0.617588 0.791697 0.617184 0.791697 0.616378 0.792058 0.615974 0.792058 0.614764 0.792419 0.614361 0.792419 0.61315 0.79278 0.612747 0.79278 0.61194 0.793141 0.611537 0.793141 0.611134 0.793502 0.61073 0.793502 0.610327 0.793863 0.609923 0.793863 0.609117 0.794224 0.608713 0.795307 0.608713 0.795668 0.60831 0.795668 0.607906 0.796029 0.607503 0.796029 0.606293 0.795668 0.605889 0.794585 0.605889 0.793863 0.605083 0.793863 0.604679 0.794224 0.604276 0.794224 0.603066 0.793502 0.602259 0.79278 0.602259 0.792419 0.601856 0.791336 0.601856 0.790975 0.601452 0.790253 0.601452 0.789892 0.601049 0.788809 0.601049 0.788448 0.600645 0.788448 0.599839 0.788087 0.599435 0.788087 0.599032 0.788448 0.598628 0.788448 0.597822 0.788087 0.597418 0.788087 0.596208 0.788448 0.595805 0.788448 0.594595 0.788809 0.594191 0.788809 0.593384 0.78917 0.592981 0.78917 0.591771 0.789531 0.591367 0.789531 0.590561 0.789892 0.590157 0.789892 0.588947 0.790253 0.588544 0.790253 0.587737 0.790614 0.587334 0.790614 0.586123 0.790975 0.58572 0.790975 0.58451 0.791336 0.584106 0.791336 0.583703 0.791697 0.5833 0.792058 0.5833 0.792419 0.582896 0.792419 0.58209 0.79278 0.581686 0.79278 0.581283 0.793141 0.580879 0.793502 0.580879 0.793863 0.581283 0.793863 0.580476 0.794224 0.580073 0.794224 0.579266 0.794585 0.578862 0.794585 0.578056 0.794224 0.578056 0.793863 0.577652 0.793863 0.576039 0.794224 0.575635 0.794224 0.574829 0.794585 0.574425 0.794946 0.574425 0.795307 0.574022 0.795307 0.573215 0.795668 0.572812 0.795668 0.572005 0.79639 0.571198 0.79639 0.570391 0.796751 0.569988 0.796751 0.569181 0.79639 0.568778 0.796751 0.568374 0.796751 0.567568 0.797112 0.567164 0.797112 0.565954 0.797473 0.565551 0.797834 0.565551 0.797834 0.564744 0.798195 0.56434 0.798195 0.563534 0.798556 0.56313 0.798556 0.56192 0.798917 0.561517 0.798917 0.560307 0.799278 0.559903 0.799278 0.559096 0.799639 0.558693 0.799639 0.557483 0.8 0.557079 0.800722 0.557079 0.800722 0.556273 0.801083 0.555869 0.801083 0.554659 0.801444 0.554256 0.801444 0.553449 0.801805 0.553046 0.801805 0.551835 0.802166 0.551432 0.802166 0.550625 0.802527 0.550222 0.802527 0.549012 0.802888 0.548608 0.802888 0.547398 0.803249 0.546995 0.803249 0.546188 0.80361 0.545785 0.80361 0.544574 0.803971 0.544171 0.803971 0.543364 0.804332 0.542961 0.804332 0.541751 0.804693 0.541347 0.804693 0.540541 0.805054 0.540137 0.805054 0.538927 0.805415 0.538524 0.805415 0.537313 0.805776 0.53691 0.805776 0.536103 0.806137 0.5357 0.806137 0.53449 0.806498 0.534086 0.806498 0.53328 0.806859 0.532876 0.806859 0.531666 0.80722 0.531263 0.80722 0.530456 0.807581 0.530052 0.807581 0.528842 0.807942 0.528439 0.808664 0.528439 0.808664 0.527632 0.809025 0.527229 0.809025 0.526019 0.809386 0.525615 0.809386 0.524808 0.809747 0.524405 0.809747 0.523195 0.810108 0.522791 0.810108 0.521581 0.810469 0.521178 0.810469 0.520371 0.81083 0.519968 0.81083 0.518758 0.811191 0.518354 0.811552 0.518354 0.811552 0.517547 0.811913 0.517144 0.811913 0.516741 0.812274 0.516337 0.812635 0.516741 0.812635 0.516337 0.812996 0.515934 0.812996 0.514724 0.813357 0.51432 0.813357 0.51311 0.812996 0.512707 0.812996 0.5119 0.813718 0.511093 0.814079 0.511093 0.814079 0.510286 0.81444 0.509883 0.81444 0.509076 0.814079 0.509076 0.813718 0.508673 0.814079 0.508269 0.814079 0.507463 0.81444 0.507059 0.81444 0.505849 0.814801 0.505446 0.814801 0.504639 0.815162 0.504236 0.815162 0.503025 0.815523 0.502622 0.816245 0.502622 0.816245 0.501815 0.816606 0.501412 0.818051 0.501412 0.818773 0.500605 0.819134 0.500605 0.819495 0.500202 0.820217 0.500202 0.820217 0.499395 0.820578 0.498992 0.820578 0.497781 0.820939 0.497378 0.820939 0.496571 0.8213 0.496168 0.822022 0.496168 0.822383 0.495764 0.822744 0.495764 0.823105 0.496168 0.824188 0.496168 0.824549 0.496571 0.825271 0.496571 0.825632 0.496975 0.826715 0.496975 0.827076 0.496571 0.828159 0.496571 0.82852 0.496975 0.828881 0.496975 0.829242 0.497378 0.829242 0.497781 0.829603 0.498185 0.830325 0.498185 0.830325 0.497781 0.830686 0.497378 0.831408 0.498185 0.831408 0.498588 0.831769 0.498588 0.83213 0.498992 0.832852 0.498992 0.832852 0.498588 0.833213 0.498185 0.833935 0.498992 0.833935 0.499395 0.834296 0.499395 0.834657 0.499798 0.835379 0.499798 0.835379 0.499395 0.83574 0.498992 0.83574 0.498588 0.836101 0.498185 0.836101 0.496975 0.835018 0.496975 0.834296 0.496168 0.834296 0.495361 0.835018 0.494554 0.835379 0.494958 0.83574 0.494958 0.83574 0.494151 0.836101 0.493747 0.836101 0.492941 0.83574 0.492941 0.835379 0.492537 0.83574 0.492134 0.835379 0.491731 0.834657 0.491731 0.834657 0.492134 0.834296 0.492537 0.833935 0.492134 0.833935 0.491327 0.834296 0.490924 0.835379 0.490924 0.83574 0.49052 0.836823 0.49052 0.836823 0.490117 0.837184 0.489714 0.837184 0.488503 0.837545 0.4881 0.837545 0.48689 0.836823 0.486083 0.836823 0.485276 0.837184 0.484873 0.837184 0.483663 0.836823 0.483663 0.836101 0.482856 0.836101 0.482453 0.836462 0.482049 0.836462 0.480839 0.836823 0.480436 0.836823 0.479629 0.837184 0.479225 0.837184 0.478015 0.837545 0.477612 0.837545 0.476805 0.838267 0.475998 0.838628 0.475998 0.838989 0.476402 0.838989 0.477209 0.840072 0.477209 0.840072 0.476805 0.840433 0.476402 0.840433 0.475595 0.840794 0.475192 0.840794 0.474788 0.840433 0.474788 0.840072 0.474385 0.840072 0.472368 0.839711 0.471965 0.840072 0.471561 0.840433 0.471561 0.840794 0.471965 0.840794 0.471158 0.841155 0.470754 0.841516 0.471158 0.841877 0.471158 0.842238 0.471561 0.842599 0.471561 0.84296 0.471158 0.84296 0.469948 0.843321 0.469544 0.843321 0.468737 0.84296 0.468334 0.843321 0.467931 0.843682 0.467931 0.843682 0.467124 0.844043 0.46672 0.844043 0.464704 0.84296 0.464704 0.842238 0.463897 0.842599 0.463493 0.84296 0.463493 0.843321 0.463897 0.843682 0.463493 0.843682 0.462687 0.844043 0.462283 0.844043 0.461073 0.844404 0.46067 0.844404 0.459863 0.844043 0.459863 0.843682 0.459459 0.844043 0.459056 0.844043 0.458653 0.844404 0.458249 0.844765 0.458249 0.845126 0.457846 0.845487 0.458249 0.845487 0.458653 0.845848 0.458653 0.846209 0.459056 0.846209 0.459863 0.847292 0.459863 0.847653 0.460266 0.848375 0.460266 0.848736 0.46067 0.850181 0.46067 0.850542 0.460266 0.850903 0.460266 0.850903 0.459863 0.851264 0.459459 0.851625 0.459863 0.852708 0.459863 0.853069 0.460266 0.853791 0.460266 0.854152 0.46067 0.855235 0.46067 0.855596 0.461073 0.855957 0.461073 0.856318 0.46067 0.856679 0.46067 0.85704 0.461073 0.857762 0.461073 0.858123 0.461476 0.858845 0.46067 0.859206 0.46067 0.859567 0.461073 0.86065 0.461073 0.861011 0.461476 0.861733 0.461476 0.862094 0.46188 0.862455 0.46188 0.862816 0.462283 0.862816 0.462687 0.863177 0.46309 0.863177 0.463493 0.86426 0.463493 0.864621 0.463897 0.865343 0.463897 0.865704 0.4643 0.866787 0.4643 0.867148 0.464704 0.867509 0.4643 0.868231 0.4643 0.868592 0.463897 0.869314 0.463897 0.869314 0.463493 0.869675 0.46309 0.870036 0.463493 0.870758 0.463493 0.87148 0.4643 0.87148 0.464704 0.872202 0.464704 0.872563 0.465107 0.873285 0.465107 0.874007 0.465914 0.874007 0.46672 0.873646 0.467124 0.873646 0.467527 0.874368 0.467527 0.874729 0.467931 0.87509 0.467931 0.87509 0.467527 0.875451 0.467124 0.875812 0.467124 0.875812 0.46672 0.876173 0.466317 0.877256 0.466317 0.877617 0.46672 0.877978 0.46672 0.878339 0.467124 0.878339 0.467527 0.877978 0.467931 0.878339 0.467931 0.8787 0.468334 0.879783 0.468334 0.880144 0.468737 0.881227 0.467527 0.881588 0.467931 0.881588 0.467527 0.881949 0.467124 0.88231 0.467124 0.882671 0.46672 0.883032 0.467124 0.883032 0.467527 0.883755 0.467527 0.884116 0.467931 0.885199 0.467931 0.88556 0.468334 0.885921 0.468334 0.885921 0.467931 0.886282 0.467527 0.886643 0.467527 0.887004 0.467931 0.887365 0.467931 0.887726 0.467527 0.887726 0.466317 0.888087 0.465914 0.888448 0.465914 0.888448 0.465107 0.88917 0.4643 0.889531 0.4643 0.889892 0.464704 0.890975 0.464704 0.891336 0.465107 0.892058 0.465107 0.892419 0.46551 0.893502 0.46551 0.893863 0.465914 0.894585 0.465914 0.894946 0.466317 0.896029 0.466317 0.89639 0.46672 0.897112 0.46672 0.897473 0.467124 0.898556 0.467124 0.898917 0.467527 0.9 0.467527 0.900361 0.467931 0.901083 0.467931 0.901444 0.468334 0.902527 0.468334 0.902888 0.468737 0.90361 0.468737 0.903971 0.469141 0.905054 0.469141 0.905415 0.468737 0.905415 0.467527 0.905776 0.467124 0.905776 0.466317 0.906137 0.465914 0.906137 0.464704 0.906859 0.463897 0.90722 0.463897 0.90722 0.463493 0.907581 0.46309 0.907581 0.46188 0.907942 0.461476 0.907942 0.46067 0.908303 0.460266 0.908303 0.459056 0.908664 0.458653 0.908664 0.457443 0.909025 0.457039 0.909025 0.456232 0.909386 0.455829 0.909386 0.454619 0.909747 0.454215 0.909747 0.453409 0.910108 0.453005 0.910108 0.451795 0.910469 0.451392 0.910469 0.450585 0.91083 0.450182 0.91083 0.448971 0.911191 0.448568 0.911913 0.448568 0.911913 0.447761 0.912274 0.447358 0.912274 0.446148 0.912635 0.445744 0.912635 0.444937 0.912996 0.444534 0.912996 0.443324 0.913357 0.442921 0.913718 0.442921 0.914079 0.443324 0.91444 0.442921 0.91444 0.442114 0.914801 0.44171 0.914801 0.4405 0.915162 0.440097 0.916606 0.440097 0.916606 0.43929 0.916968 0.438887 0.916968 0.437273 0.915884 0.437273 0.915523 0.437676 0.915162 0.437273 0.915162 0.436063 0.915523 0.43566 0.915523 0.434853 0.915884 0.434449 0.915884 0.433239 0.916245 0.432836 0.916245 0.432029 0.916606 0.431626 0.916606 0.430819 0.916968 0.430415 0.917329 0.430415 0.91769 0.430012 0.91769 0.429205 0.918051 0.428802 0.918051 0.428399 0.918412 0.427995 0.918773 0.427995 0.918773 0.427592 0.919134 0.427188 0.919134 0.426382 0.919495 0.425978 0.919495 0.424768 0.919856 0.424365 0.919856 0.423558 0.919495 0.423558 0.919134 0.423154 0.919495 0.422751 0.919495 0.421944 0.919856 0.421541 0.920217 0.421541 0.920578 0.421944 0.920939 0.421944 0.9213 0.421541 0.9213 0.420734 0.921661 0.420331 0.921661 0.419121 0.922022 0.418717 0.922022 0.41791 0.922383 0.417507 0.922383 0.4167 0.922022 0.416297 0.921661 0.416297 0.9213 0.415894 0.9213 0.41549 0.921661 0.415087 0.922022 0.415087 0.922022 0.414683 0.922383 0.41428 0.922383 0.413473 0.922744 0.41307 0.923466 0.41307 0.923466 0.41186 0.923827 0.411456 0.923827 0.410649 0.923466 0.410649 0.923105 0.410246 0.923466 0.409843 0.923466 0.409036 0.924188 0.408229 0.924549 0.408229 0.924549 0.407826 0.92491 0.407422 0.92491 0.406212 0.925271 0.405809 0.925632 0.405809 0.925632 0.405002 0.925993 0.404599 0.925993 0.403792 0.926354 0.403388 0.926715 0.403388 0.927076 0.402985 0.927076 0.402178 0.927437 0.401775 0.927437 0.401372 0.927798 0.400968 0.927798 0.400565 0.928159 0.400161 0.928159 0.399355 0.92852 0.398951 0.92852 0.397741 0.928881 0.397338 0.928881 0.396531 0.929242 0.396127 0.929242 0.395724 0.928881 0.395321 0.929603 0.394514 0.929603 0.393304 0.929964 0.3929 0.929964 0.392094 0.930325 0.39169 0.930325 0.391287 0.929964 0.390883 0.929964 0.39048 0.930325 0.390077 0.930325 0.38927 0.930686 0.388866 0.930686 0.388463 0.930325 0.388463 0.929964 0.38806 0.929964 0.387656 0.930325 0.387253 0.930325 0.386043 0.930686 0.385639 0.930686 0.384833 0.931047 0.384429 0.931047 0.383622 0.930686 0.383622 0.930325 0.383219 0.929242 0.383219 0.927798 0.381605 0.927798 0.381202 0.928159 0.380799 0.928159 0.379992 0.92852 0.379589 0.92852 0.378782 0.928159 0.378378 0.927798 0.378378 0.927437 0.377975 0.927798 0.377572 0.927798 0.377168 0.927076 0.376361 0.925632 0.376361 0.925632 0.377572 0.925271 0.377975 0.92491 0.377572 0.924549 0.377572 0.923827 0.376765 0.923827 0.376361 0.923466 0.376361 0.923105 0.375958 0.922744 0.375958 0.922383 0.375555 0.922383 0.375151 0.922022 0.374748 0.920939 0.374748 0.920578 0.374344 0.919856 0.374344 0.919495 0.373941 0.918412 0.373941 0.918051 0.373538 0.917329 0.373538 0.916968 0.373134 0.915884 0.373134 0.915523 0.372731 0.91444 0.372731 0.914079 0.372328 0.914079 0.371924 0.913357 0.371924 0.912996 0.371521 0.911913 0.371521 0.911552 0.371117 0.911913 0.370714 0.911913 0.370311 0.91083 0.370311 0.910469 0.369907 0.910108 0.369907 0.909386 0.3691 0.908303 0.3691 0.907942 0.368697 0.90722 0.368697 0.906859 0.3691 0.906498 0.368697 0.905776 0.368697 0.905415 0.368294 0.904332 0.368294 0.903971 0.36789 0.903249 0.36789 0.902888 0.367487 0.901805 0.367487 0.901444 0.367084 0.900722 0.367084 0.900361 0.36668 0.899278 0.36668 0.898917 0.366277 0.897834 0.366277 0.897473 0.365873 0.896751 0.365873 0.89639 0.36547 0.895307 0.36547 0.894946 0.365067 0.894224 0.365067 0.893863 0.364663 0.89278 0.364663 0.892419 0.36426 0.891697 0.36426 0.891336 0.363856 0.890253 0.363856 0.889892 0.363453 0.889531 0.363453 0.889531 0.363856 0.88917 0.36426 0.888809 0.36426 0.888448 0.363856 0.887726 0.363856 0.887365 0.363453 0.886282 0.363453 0.885921 0.36305 0.88556 0.36305 0.885199 0.363453 0.884838 0.363453 0.884477 0.36305 0.883755 0.36305 0.883755 0.363453 0.883032 0.36426 0.882671 0.36426 0.882671 0.365067 0.88231 0.36547 0.88231 0.366277 0.881949 0.36668 0.881949 0.367084 0.881588 0.367487 0.881227 0.367487 0.881227 0.36789 0.880866 0.368294 0.880866 0.3691 0.880505 0.369504 0.880505 0.370714 0.880144 0.371117 0.880144 0.371924 0.879061 0.373134 0.878339 0.373134 0.877978 0.372731 0.877256 0.372731 0.876895 0.372328 0.875812 0.372328 0.875451 0.371924 0.874368 0.371924 0.874007 0.371521 0.873285 0.371521 0.872924 0.371117 0.871841 0.371117 0.87148 0.370714 0.870758 0.370714 0.870397 0.370311 0.869314 0.370311 0.868953 0.369907 0.868231 0.369907 0.86787 0.369504 0.866787 0.369504 0.866426 0.3691 0.865343 0.3691 0.864982 0.368697 0.86426 0.368697 0.863899 0.368294 0.862816 0.368294 0.862455 0.36789 0.861733 0.36789 0.861372 0.367487 0.860289 0.367487 0.859928 0.367084 0.859206 0.367084 0.858845 0.36668 0.858845 0.366277 0.858484 0.365873 0.857762 0.365873 0.857401 0.36547 0.856679 0.36547 0.856318 0.365067 0.855235 0.365067 0.854874 0.364663 0.854152 0.364663 0.853791 0.36426 0.852708 0.36426 0.852347 0.363856 0.851264 0.363856 0.850903 0.363453 0.850181 0.363453 0.849819 0.36305 0.848736 0.36305 0.848375 0.362646 0.847653 0.362646 0.847292 0.362243 0.846209 0.362243 0.845848 0.361839 0.845126 0.361839 0.844765 0.361436 0.843682 0.361436 0.843321 0.361033 0.843321 0.361436 0.84296 0.361839 0.842238 0.361839 0.841877 0.361436 0.841155 0.361436 0.840794 0.361033 0.839711 0.361033 0.83935 0.360629
