0 0.72356 0.892071 0.722207 0.893397 0.721937 0.893397 0.721125 0.894193 0.721125 0.894458 0.721396 0.894723 0.722207 0.893927 0.722478 0.893927 0.72383 0.892601 0.724101 0.892601
0 0.726265 0.88995 0.725453 0.890745 0.725183 0.890745 0.724642 0.891276 0.724642 0.891541 0.724912 0.891806 0.725453 0.891276 0.725724 0.891276 0.726806 0.890215 0.726535 0.88995
0 0.727887 0.888624 0.727076 0.889419 0.727346 0.889684 0.727617 0.889684 0.728428 0.888889 0.728158 0.888624
0 0.737625 0.880138 0.737355 0.880403 0.737084 0.880403 0.737084 0.880668 0.737355 0.880933 0.736273 0.881994 0.736002 0.881994 0.73492 0.883055 0.73465 0.883055 0.734109 0.883585 0.734109 0.88385 0.733838 0.884116 0.733568 0.884116 0.733297 0.884381 0.733027 0.884381 0.731945 0.885442 0.731945 0.885707 0.732215 0.885972 0.733297 0.884911 0.733568 0.884911 0.73465 0.88385 0.73492 0.88385 0.736273 0.882525 0.736543 0.882525 0.737896 0.881199 0.738166 0.881199 0.738707 0.880668 0.738707 0.880403 0.738437 0.880138 0.738166 0.880403 0.737896 0.880138
0 0.73492 0.877486 0.734379 0.878016 0.734109 0.878016 0.734109 0.878282 0.73465 0.878812 0.735461 0.878016 0.735461 0.877751 0.735191 0.877486
0 0.717338 0.859719 0.716797 0.860249 0.716797 0.86078 0.717338 0.86078 0.717879 0.860249
0 0.713552 0.850438 0.713011 0.850968 0.713011 0.851233 0.713281 0.851498 0.713552 0.851498 0.713822 0.851763 0.714093 0.851763 0.714633 0.851233 0.714093 0.850703 0.713822 0.850703
0 0.710306 0.850172 0.709765 0.850703 0.710306 0.851233 0.710576 0.851233 0.710847 0.850968 0.710847 0.850703 0.710576 0.850438 0.710576 0.850172
0 0.686503 0.840891 0.686232 0.841156 0.686232 0.841421 0.686503 0.841687 0.686503 0.841952 0.686773 0.841952 0.687314 0.841421 0.686773 0.840891
0 0.691371 0.83983 0.69083 0.840361 0.691371 0.840891 0.691912 0.840361 0.691912 0.840095 0.691642 0.83983
0 0.691912 0.838239 0.691642 0.838504 0.691642 0.83877 0.692183 0.8393 0.692453 0.8393 0.692724 0.839035 0.692994 0.839035 0.692453 0.838504 0.692453 0.838239
0 0.681904 0.836383 0.681363 0.836913 0.681904 0.837444 0.681904 0.837709 0.682175 0.837974 0.682716 0.837444 0.682716 0.837178
0 0.678117 0.82445 0.677576 0.82498 0.677576 0.82551 0.677847 0.825776 0.678117 0.825776 0.678388 0.82551 0.678658 0.82551 0.678929 0.825245 0.678929 0.824715 0.678658 0.82445
0 0.677576 0.822063 0.677035 0.822593 0.677306 0.822859 0.677306 0.823124 0.677847 0.823654 0.678388 0.823124 0.678388 0.822859
0 0.668109 0.821533 0.667568 0.822063 0.667298 0.822063 0.667027 0.822328 0.667027 0.822859 0.667568 0.823389 0.66838 0.822593 0.66865 0.822593 0.66865 0.821798 0.66838 0.821533
0 0.669462 0.81729 0.669191 0.817555 0.669191 0.818085 0.669462 0.818351 0.669732 0.818085 0.670003 0.818085 0.670273 0.81782 0.669732 0.81729
0 0.662429 0.814638 0.661888 0.815168 0.661888 0.815434 0.662429 0.815964 0.66324 0.815168 0.663511 0.815434 0.663511 0.815699 0.663781 0.815964 0.663781 0.816229 0.664052 0.816229 0.664593 0.815699 0.664052 0.815168 0.663781 0.815168 0.663511 0.815434 0.66324 0.815168 0.66324 0.814903 0.66297 0.814638
0 0.650798 0.8096 0.650527 0.809865 0.650798 0.81013 0.650798 0.810395 0.651068 0.81066 0.651609 0.81013 0.651609 0.809865 0.651339 0.8096
0 0.661888 0.806152 0.661618 0.806417 0.662159 0.806948 0.662159 0.807213 0.662429 0.807478 0.662699 0.807478 0.66324 0.806948 0.662429 0.806152
0 0.657831 0.800583 0.65729 0.801114 0.65729 0.801379 0.658101 0.802174 0.658372 0.801909 0.658642 0.802174 0.658913 0.802174 0.659454 0.801644 0.658642 0.800849 0.658101 0.800849
0 0.655937 0.798992 0.655126 0.799788 0.655126 0.800053 0.655396 0.800318 0.655667 0.800318 0.656208 0.799788 0.656478 0.799788 0.656478 0.799523 0.656208 0.799257 0.656208 0.798992
0 0.641872 0.783877 0.641331 0.784407 0.641872 0.784938 0.642142 0.784938 0.642683 0.784407 0.642413 0.784142 0.642413 0.783877
0 0.621315 0.774065 0.620503 0.774861 0.620233 0.774861 0.620233 0.775391 0.620503 0.775656 0.620774 0.775656 0.621585 0.774861 0.621856 0.774861 0.621856 0.774596
0 0.616175 0.767171 0.615093 0.768231 0.615093 0.768762 0.615905 0.769557 0.616175 0.769557 0.616446 0.769822 0.616987 0.769292 0.617257 0.769292 0.617257 0.769027 0.616987 0.768762 0.617257 0.768496 0.617257 0.768231
0 0.581823 0.718377 0.581282 0.718907 0.581282 0.719173 0.581553 0.719438 0.581823 0.719438 0.582364 0.718907
0 0.58588 0.714399 0.585339 0.71493 0.585339 0.715195 0.586421 0.716256 0.586421 0.716521 0.586692 0.716521 0.586962 0.716256 0.587233 0.716256 0.587233 0.71599 0.586421 0.715195 0.586421 0.71493
0 0.567217 0.475206 0.566946 0.475471 0.566946 0.475736 0.568299 0.477062 0.568299 0.477327 0.569651 0.478653 0.569651 0.478918 0.571004 0.480244 0.571004 0.480509 0.572085 0.48157 0.572085 0.481835 0.573438 0.483161 0.573438 0.483426 0.57479 0.484752 0.57479 0.485017 0.576143 0.486343 0.576143 0.486608 0.577225 0.487669 0.577225 0.487934 0.578577 0.48926 0.578577 0.489525 0.579389 0.490321 0.579659 0.490321 0.57993 0.490056 0.579118 0.48926 0.579118 0.488995 0.578036 0.487934 0.578036 0.487669 0.576684 0.486343 0.576684 0.486078 0.575331 0.484752 0.575331 0.484487 0.573979 0.483161 0.573979 0.482896 0.572897 0.481835 0.572897 0.48157 0.571544 0.480244 0.571544 0.479979 0.570192 0.478653 0.570192 0.478388 0.56884 0.477062 0.56884 0.476797 0.567758 0.475736 0.567758 0.475471 0.567487 0.475206
0 0.539356 0.442058 0.539086 0.442323 0.539086 0.442588 0.539897 0.443384 0.539897 0.443649 0.54125 0.444975 0.54152 0.44471 0.54152 0.444444 0.540709 0.443649 0.540709 0.443384
0 0.35353 0.387961 0.352989 0.388491 0.352718 0.388226 0.352448 0.388226 0.351907 0.388756 0.351636 0.388756 0.351636 0.389287 0.352448 0.390082 0.352989 0.389552 0.35353 0.389552 0.354071 0.389021 0.354071 0.388491
0 0.410874 0.327765 0.410333 0.328295 0.410333 0.32856 0.410062 0.328825 0.409792 0.32856 0.408439 0.329886 0.408169 0.329886 0.407087 0.330947 0.406816 0.330947 0.405464 0.332273 0.405193 0.332273 0.403841 0.333599 0.403841 0.333864 0.4033 0.334394 0.403029 0.334394 0.403029 0.334659 0.402759 0.334924 0.402489 0.334659 0.402218 0.334924 0.401948 0.334924 0.400866 0.335985 0.400595 0.335985 0.399243 0.337311 0.399513 0.337576 0.399513 0.337841 0.399784 0.338107 0.400054 0.338107 0.400325 0.338372 0.399513 0.339167 0.399243 0.339167 0.398702 0.339698 0.399513 0.340493 0.399513 0.340758 0.400054 0.341289 0.400054 0.342084 0.399513 0.342615 0.399243 0.342615 0.398161 0.343675 0.39789 0.343675 0.396538 0.345001 0.396267 0.345001 0.394915 0.346327 0.394644 0.346327 0.393292 0.347653 0.393021 0.347653 0.392751 0.347918 0.39248 0.347918 0.39221 0.347653 0.391128 0.348714 0.390857 0.348714 0.389505 0.35004 0.389235 0.35004 0.388423 0.350835 0.388423 0.351366 0.387071 0.352692 0.3868 0.352692 0.385989 0.353487 0.385718 0.353222 0.385448 0.353222 0.384907 0.353752 0.384636 0.353752 0.383284 0.355078 0.383013 0.355078 0.381931 0.356139 0.381661 0.356139 0.380308 0.357465 0.380038 0.357465 0.378685 0.358791 0.378415 0.358791 0.377062 0.360117 0.376792 0.360117 0.37571 0.361177 0.37544 0.361177 0.374087 0.362503 0.373817 0.362503 0.372464 0.363829 0.372194 0.363829 0.370841 0.365155 0.370571 0.365155 0.369489 0.366216 0.369218 0.366216 0.367866 0.367542 0.367595 0.367542 0.366243 0.368868 0.365972 0.368868 0.365431 0.369398 0.365431 0.369663 0.365702 0.369928 0.365431 0.370194 0.365161 0.370194 0.363808 0.371519 0.363538 0.371519 0.362186 0.372845 0.361915 0.372845 0.360563 0.374171 0.360292 0.374171 0.35921 0.375232 0.35894 0.375232 0.357587 0.376558 0.357317 0.376558 0.357046 0.376823 0.356776 0.376558 0.356505 0.376558 0.355423 0.377619 0.355153 0.377619 0.354612 0.378149 0.354882 0.378414 0.354882 0.378679 0.354341 0.37921 0.354071 0.37921 0.3538 0.379475 0.3538 0.37974 0.35353 0.380005 0.352989 0.379475 0.352177 0.38027 0.351907 0.38027 0.351366 0.380801 0.351366 0.381066 0.351095 0.381331 0.350825 0.381331 0.350555 0.381596 0.350284 0.381596 0.350284 0.381862 0.350555 0.382127 0.350555 0.382392 0.350284 0.382657 0.350284 0.382922 0.350555 0.383187 0.350555 0.383453 0.350825 0.383453 0.351636 0.382657 0.351636 0.381862 0.351366 0.381596 0.351636 0.381331 0.352448 0.381331 0.352989 0.381862 0.352989 0.382127 0.352718 0.382392 0.352718 0.382657 0.352989 0.382922 0.352989 0.384248 0.3538 0.385044 0.35353 0.385309 0.35353 0.385574 0.354071 0.386104 0.354071 0.38637 0.354882 0.387165 0.354882 0.387696 0.355964 0.388756 0.355694 0.389021 0.355694 0.389287 0.354612 0.390347 0.354341 0.390347 0.353259 0.391408 0.352989 0.391408 0.351636 0.392734 0.351366 0.392734 0.350014 0.39406 0.349743 0.39406 0.348391 0.395386 0.34785 0.395386 0.347309 0.395916 0.347038 0.395916 0.345956 0.396977 0.345686 0.396977 0.344333 0.398303 0.344063 0.398303 0.34271 0.399629 0.34244 0.399629 0.341087 0.400955 0.340817 0.400955 0.340546 0.40122 0.340276 0.400955 0.340005 0.400955 0.338923 0.402015 0.338923 0.402811 0.338653 0.403076 0.338382 0.403076 0.338112 0.403341 0.337841 0.403341 0.337571 0.403076 0.337301 0.403341 0.33703 0.403341 0.335948 0.404402 0.335407 0.403872 0.335137 0.403872 0.334866 0.404137 0.334325 0.403606 0.334055 0.403606 0.333784 0.403341 0.333514 0.403606 0.333243 0.403341 0.332702 0.403341 0.332432 0.403076 0.331891 0.403076 0.33135 0.402546 0.331079 0.402811 0.330538 0.402281 0.330268 0.402281 0.328915 0.400955 0.328645 0.400955 0.328374 0.40122 0.328104 0.40122 0.327833 0.400955 0.328104 0.400689 0.327563 0.400159 0.327292 0.400424 0.327022 0.400424 0.325669 0.40175 0.325399 0.40175 0.324317 0.402811 0.324047 0.402811 0.324047 0.403076 0.324317 0.403341 0.323506 0.404137 0.323506 0.404402 0.322965 0.404932 0.322424 0.404402 0.322153 0.404402 0.321071 0.405463 0.320801 0.405463 0.319448 0.406789 0.319178 0.406789 0.317825 0.408115 0.317555 0.408115 0.316473 0.409175 0.316202 0.409175 0.31485 0.410501 0.314579 0.410501 0.313227 0.411827 0.312956 0.411827 0.311604 0.413153 0.311334 0.413153 0.310252 0.414214 0.309981 0.414214 0.308629 0.41554 0.308358 0.41554 0.307006 0.416866 0.306735 0.416866 0.305383 0.418191 0.305112 0.418191 0.304301 0.418987 0.303219 0.417926 0.303219 0.417661 0.301866 0.416335 0.301866 0.41607 0.300514 0.414744 0.300514 0.414479 0.299161 0.413153 0.299161 0.412888 0.29808 0.411827 0.29808 0.411562 0.296727 0.410236 0.296727 0.409971 0.295375 0.408645 0.295375 0.40838 0.294022 0.407054 0.294022 0.406789 0.29294 0.405728 0.29294 0.405463 0.291588 0.404137 0.291588 0.403872 0.290235 0.402546 0.290235 0.402281 0.288883 0.400955 0.288883 0.400689 0.287801 0.399629 0.287801 0.399364 0.288071 0.399098 0.287801 0.398833 0.287801 0.398568 0.28726 0.398568 0.286989 0.398303 0.28726 0.398038 0.286989 0.397772 0.286989 0.397242 0.286719 0.396977 0.286448 0.396977 0.286178 0.397242 0.285907 0.397242 0.285637 0.396977 0.285637 0.396181 0.285096 0.395651 0.285096 0.395386 0.284014 0.394325 0.284014 0.39406 0.283744 0.393795 0.283473 0.393795 0.283203 0.39406 0.282662 0.39353 0.282662 0.393264 0.28185 0.392469 0.28158 0.392734 0.281309 0.392734 0.281039 0.392469 0.281039 0.392204 0.280498 0.391673 0.280227 0.391673 0.279145 0.390613 0.279145 0.390347 0.278875 0.390082 0.278604 0.390347 0.278334 0.390347 0.277522 0.389552 0.277522 0.389287 0.276981 0.388756 0.276711 0.388756 0.275629 0.387696 0.275088 0.387696 0.274006 0.386635 0.273735 0.3869 0.272924 0.386104 0.272654 0.386104 0.271842 0.385309 0.271301 0.385309 0.27049 0.384513 0.270219 0.384513 0.269949 0.384248 0.269408 0.384248 0.268867 0.383718 0.268596 0.383983 0.268326 0.383983 0.268055 0.383718 0.268055 0.383453 0.267514 0.383453 0.267244 0.383187 0.267244 0.382922 0.266973 0.382922 0.266703 0.383187 0.266162 0.382657 0.265891 0.382657 0.265621 0.382392 0.26535 0.382392 0.26508 0.382127 0.264809 0.382127 0.264539 0.381862 0.264268 0.381862 0.263998 0.382127 0.263727 0.381862 0.263457 0.381862 0.262916 0.381331 0.262645 0.381596 0.262104 0.381066 0.261834 0.381066 0.261563 0.381331 0.261293 0.381331 0.261022 0.381066 0.260211 0.381862 0.25994 0.381862 0.259129 0.381066 0.259129 0.380801 0.258859 0.380801 0.258318 0.381331 0.258047 0.381331 0.258047 0.381596 0.257236 0.382392 0.255883 0.382392 0.255072 0.383187 0.255072 0.383718 0.253719 0.385044 0.253719 0.385309 0.25399 0.385574 0.253719 0.385839 0.25399 0.386104 0.25399 0.38637 0.252908 0.38743 0.252637 0.38743 0.251826 0.388226 0.251826 0.388491 0.251285 0.389021 0.251285 0.389552 0.251014 0.389817 0.251014 0.390082 0.250473 0.390613 0.250744 0.390878 0.250744 0.391143 0.250473 0.391408 0.250473 0.391938 0.250744 0.392204 0.250473 0.392469 0.250473 0.392999 0.249932 0.39353 0.251285 0.394855 0.251285 0.395121 0.252637 0.396447 0.252637 0.396712 0.253719 0.397772 0.253719 0.398038 0.255072 0.399364 0.255072 0.399629 0.256424 0.400955 0.256424 0.40122 0.257777 0.402546 0.257777 0.402811 0.258318 0.403341 0.258859 0.402811 0.2594 0.403341 0.258859 0.403872 0.258859 0.404137 0.260211 0.405463 0.260211 0.405728 0.261563 0.407054 0.261563 0.407319 0.262375 0.408115 0.262645 0.408115 0.262916 0.407849 0.262916 0.407319 0.263186 0.407054 0.263998 0.407849 0.263998 0.408115 0.264539 0.408645 0.264809 0.408645 0.265891 0.409706 0.265891 0.409971 0.266162 0.410236 0.266162 0.410501 0.266432 0.410766 0.266432 0.411032 0.267785 0.412357 0.267785 0.412623 0.269137 0.413949 0.269137 0.414214 0.27049 0.41554 0.27049 0.415805 0.271572 0.416866 0.271572 0.417131 0.272924 0.418457 0.272924 0.418722 0.274276 0.420048 0.274276 0.420313 0.275629 0.421639 0.275629 0.421904 0.276711 0.422965 0.276711 0.42323 0.276981 0.423495 0.277252 0.423495 0.277522 0.42376 0.277522 0.424025 0.278063 0.424556 0.278063 0.424821 0.279416 0.426147 0.279416 0.426412 0.280768 0.427738 0.280768 0.428003 0.28185 0.429064 0.28185 0.429329 0.283203 0.430655 0.283203 0.43092 0.284555 0.432246 0.284555 0.432511 0.285907 0.433837 0.285907 0.434102 0.286989 0.435163 0.286989 0.435428 0.288342 0.436754 0.288612 0.436754 0.289153 0.437285 0.289153 0.43755 0.290506 0.438876 0.290506 0.439141 0.291588 0.440202 0.291588 0.440467 0.29294 0.441793 0.29294 0.442058 0.293481 0.442588 0.293481 0.443119 0.294834 0.444444 0.294834 0.44471 0.293481 0.446036 0.293211 0.446036 0.291858 0.447361 0.29267 0.448157 0.29294 0.448157 0.293481 0.447627 0.293752 0.447627 0.294022 0.447361 0.294022 0.447096 0.294293 0.446831 0.294563 0.446831 0.294834 0.446566 0.295104 0.446831 0.295375 0.446566 0.295916 0.447096 0.295916 0.447361 0.295375 0.447892 0.295375 0.448687 0.295104 0.448953 0.294293 0.448157 0.294022 0.448157 0.293211 0.448953 0.293211 0.449483 0.29294 0.449748 0.293211 0.450013 0.293211 0.450544 0.293481 0.450809 0.293211 0.451074 0.29294 0.451074 0.29267 0.450809 0.29267 0.450544 0.291317 0.449218 0.291317 0.448953 0.290235 0.447892 0.290506 0.447627 0.290506 0.447361 0.290235 0.447096 0.290235 0.446831 0.289965 0.446566 0.289153 0.446566 0.288883 0.446301 0.288883 0.44524 0.28753 0.443914 0.28753 0.443649 0.28726 0.443649 0.286989 0.443384 0.286719 0.443649 0.286178 0.443119 0.286178 0.442058 0.285096 0.440997 0.285096 0.440732 0.283744 0.439406 0.283744 0.439141 0.282391 0.437815 0.282391 0.43755 0.281039 0.436224 0.281039 0.435959 0.279686 0.434633 0.279686 0.434368 0.278604 0.433307 0.278604 0.433042 0.277252 0.431716 0.277252 0.431451 0.275899 0.430125 0.275899 0.429859 0.274547 0.428534 0.274547 0.428268 0.273465 0.427208 0.273465 0.426942 0.272113 0.425617 0.272113 0.425351 0.27076 0.424025 0.27076 0.42376 0.269408 0.422434 0.269408 0.422169 0.268326 0.421108 0.268326 0.420843 0.266973 0.419517 0.266973 0.419252 0.265621 0.417926 0.265621 0.417661 0.26508 0.417131 0.264539 0.417131 0.263727 0.416335 0.263457 0.416335 0.263186 0.4166 0.262916 0.416335 0.262916 0.41607 0.262104 0.415274 0.261834 0.415274 0.261293 0.414744 0.25967 0.414744 0.2594 0.414479 0.2594 0.414214 0.260752 0.412888 0.260481 0.412623 0.260752 0.412357 0.260752 0.412092 0.260481 0.411827 0.260481 0.411562 0.260211 0.411297 0.25967 0.411297 0.259129 0.411827 0.25967 0.412357 0.259129 0.412888 0.258047 0.411827 0.257777 0.411827 0.256695 0.412888 0.256424 0.412888 0.256154 0.413153 0.256154 0.413949 0.255613 0.414479 0.255342 0.414479 0.255072 0.414744 0.254801 0.414479 0.254531 0.414479 0.253719 0.415274 0.25399 0.41554 0.25399 0.415805 0.254531 0.416335 0.25426 0.4166 0.253719 0.4166 0.253449 0.416335 0.253449 0.41607 0.253178 0.415805 0.252908 0.415805 0.252096 0.4166 0.251826 0.4166 0.251826 0.416866 0.252367 0.417396 0.252637 0.417396 0.252908 0.417661 0.252637 0.417926 0.252367 0.417926 0.251285 0.418987 0.251014 0.418987 0.249662 0.420313 0.249391 0.420313 0.249121 0.420048 0.249662 0.419517 0.249121 0.418987 0.24885 0.419252 0.24858 0.419252 0.247498 0.420313 0.247498 0.420578 0.247768 0.420843 0.248039 0.420843 0.248309 0.420578 0.24858 0.420578 0.24885 0.420843 0.248039 0.421639 0.247768 0.421639 0.246416 0.422965 0.246146 0.422965 0.245875 0.42323 0.245605 0.422965 0.245605 0.4227 0.245064 0.422169 0.244252 0.422965 0.243982 0.422965 0.243441 0.423495 0.243711 0.42376 0.243711 0.424025 0.244252 0.424556 0.243441 0.425351 0.24317 0.425351 0.242088 0.426412 0.241818 0.426412 0.241547 0.426147 0.241818 0.425882 0.241818 0.425617 0.241547 0.425351 0.241277 0.425351 0.241006 0.425617 0.240736 0.425617 0.240465 0.425882 0.240465 0.426677 0.240195 0.426942 0.239924 0.426677 0.239654 0.426677 0.239383 0.426942 0.239113 0.426942 0.239113 0.427208 0.239924 0.428003 0.238842 0.429064 0.238572 0.429064 0.237219 0.43039 0.236949 0.43039 0.235596 0.431716 0.235326 0.431716 0.233973 0.433042 0.233703 0.433042 0.232621 0.434102 0.232351 0.434102 0.23181 0.434633 0.231539 0.434633 0.231269 0.434368 0.230998 0.434368 0.230728 0.434633 0.230457 0.434368 0.229916 0.434368 0.228564 0.435693 0.228293 0.435693 0.22667 0.437285 0.2264 0.437285 0.225588 0.43808 0.225318 0.43808 0.225047 0.438345 0.225047 0.43861 0.224777 0.438876 0.224506 0.438876 0.224236 0.439141 0.224236 0.439406 0.224506 0.439671 0.224506 0.439936 0.224236 0.440202 0.223695 0.439671 0.223424 0.439671 0.222613 0.440467 0.222883 0.440732 0.222342 0.441262 0.222072 0.440997 0.221801 0.440997 0.22072 0.442058 0.220449 0.442058 0.219908 0.442588 0.220179 0.442853 0.220179 0.443384 0.219908 0.443649 0.219367 0.443119 0.219097 0.443119 0.218556 0.443649 0.218826 0.443914 0.218826 0.444179 0.218285 0.44471 0.217744 0.44471 0.217474 0.444444 0.216933 0.444975 0.217474 0.445505 0.217203 0.44577 0.216933 0.44577 0.216662 0.445505 0.216392 0.445505 0.216121 0.44577 0.215851 0.44577 0.216121 0.446036 0.216121 0.446301 0.215851 0.446566 0.215851 0.446831 0.21531 0.447361 0.214769 0.447361 0.214228 0.447892 0.213957 0.447627 0.213687 0.447627 0.213146 0.448157 0.213146 0.448422 0.212875 0.448687 0.212605 0.448422 0.211523 0.449483 0.211252 0.449483 0.211793 0.450013 0.211793 0.450278 0.211523 0.450544 0.211252 0.450544 0.210982 0.450809 0.210711 0.450809 0.210441 0.450544 0.21017 0.450544 0.2099 0.450809 0.209629 0.450809 0.208277 0.452135 0.208006 0.452135 0.207195 0.45293 0.207466 0.453195 0.207466 0.453726 0.206925 0.454256 0.206384 0.453726 0.206113 0.453726 0.205302 0.454521 0.205031 0.454521 0.204761 0.454787 0.204761 0.455052 0.205031 0.455317 0.205031 0.455582 0.204761 0.455847 0.20422 0.455317 0.203679 0.455847 0.203408 0.455847 0.203138 0.456112 0.203138 0.457173 0.202326 0.457969 0.202056 0.457969 0.201515 0.457438 0.200433 0.458499 0.200162 0.458499 0.19908 0.45956 0.19881 0.45956 0.198539 0.459825 0.19908 0.460355 0.197728 0.461681 0.197457 0.461681 0.196105 0.463007 0.195834 0.463007 0.194482 0.464333 0.194212 0.464333 0.19313 0.465394 0.192859 0.465129 0.192048 0.465924 0.191777 0.465924 0.191507 0.465659 0.191236 0.465924 0.190966 0.465924 0.190425 0.466455 0.190695 0.46672 0.190695 0.466985 0.190154 0.467515 0.189884 0.467515 0.188802 0.468576 0.188531 0.468576 0.187179 0.469902 0.186908 0.469902 0.185556 0.471228 0.185285 0.471228 0.183933 0.472554 0.183662 0.472554 0.18258 0.473614 0.18231 0.473614 0.180958 0.47494 0.180687 0.47494 0.179335 0.476266 0.179064 0.476266 0.177712 0.477592 0.177441 0.477592 0.176359 0.478653 0.176089 0.478653 0.174736 0.479979 0.174466 0.479979 0.173113 0.481305 0.172843 0.481305 0.17149 0.482631 0.17122 0.482631 0.170138 0.483691 0.169867 0.483691 0.168515 0.485017 0.168245 0.485017 0.166892 0.486343 0.166622 0.486343 0.165269 0.487669 0.164999 0.487669 0.164187 0.488465 0.163917 0.488199 0.163646 0.488199 0.163105 0.48873 0.162835 0.48873 0.161482 0.490056 0.161212 0.490056 0.16013 0.491116 0.159859 0.491116 0.158507 0.492442 0.158236 0.492442 0.157154 0.493503 0.156613 0.492973 0.156613 0.492708 0.155532 0.491647 0.155532 0.491382 0.154179 0.490056 0.154179 0.489791 0.152827 0.488465 0.152827 0.488199 0.151474 0.486874 0.151474 0.486608 0.150122 0.485282 0.150122 0.485017 0.14904 0.483957 0.14904 0.483691 0.147687 0.482365 0.147687 0.4821 0.146335 0.480774 0.146335 0.480509 0.144982 0.479183 0.144982 0.478918 0.144171 0.478123 0.1439 0.478388 0.142548 0.477062 0.142278 0.477062 0.141737 0.476531 0.141196 0.476531 0.140114 0.475471 0.140114 0.475206 0.139843 0.47494 0.140655 0.474145 0.140655 0.47388 0.140384 0.473614 0.139573 0.47441 0.139302 0.47441 0.13795 0.475736 0.137679 0.475736 0.136327 0.477062 0.136056 0.477062 0.134974 0.478123 0.134974 0.478388 0.134433 0.478918 0.134163 0.478918 0.13281 0.480244 0.132269 0.480244 0.131728 0.480774 0.131458 0.480774 0.130105 0.4821 0.129835 0.4821 0.128753 0.483161 0.128483 0.483161 0.12713 0.484487 0.12686 0.484487 0.125507 0.485813 0.125237 0.485813 0.123884 0.487139 0.123614 0.487139 0.122532 0.488199 0.122261 0.488199 0.120909 0.489525 0.120638 0.489525 0.119286 0.490851 0.119015 0.490851 0.117663 0.492177 0.117392 0.492177 0.11604 0.493503 0.11577 0.493503 0.114688 0.494564 0.114417 0.494564 0.113065 0.49589 0.112794 0.49589 0.111442 0.497216 0.111171 0.497216 0.109819 0.498542 0.109548 0.498542 0.108466 0.499602 0.108196 0.499602 0.106843 0.500928 0.106573 0.500928 0.10522 0.502254 0.10495 0.502254 0.103598 0.50358 0.103327 0.50358 0.102245 0.504641 0.101975 0.504641 0.100622 0.505967 0.100352 0.505967 0.100081 0.506232 0.100081 0.506497 0.100352 0.506762 0.100622 0.506497 0.100893 0.506497 0.101975 0.505436 0.102245 0.505436 0.103598 0.50411 0.103868 0.50411 0.10522 0.502784 0.105491 0.502784 0.106843 0.501458 0.107114 0.501458 0.108466 0.500133 0.108737 0.500133 0.109819 0.499072 0.110089 0.499072 0.11036 0.499337 0.11036 0.499602 0.11063 0.499867 0.11036 0.500133 0.110089 0.500133 0.110089 0.500663 0.109819 0.500928 0.109548 0.500928 0.109548 0.501193 0.109819 0.501458 0.109548 0.501724 0.109548 0.501989 0.109819 0.502254 0.109819 0.502784 0.110089 0.50305 0.110089 0.503315 0.109819 0.50358 0.110089 0.503845 0.110089 0.50411 0.109819 0.504375 0.11036 0.504906 0.110089 0.505171 0.11036 0.505436 0.110089 0.505701 0.110089 0.505967 0.11036 0.506232 0.11036 0.507558 0.110089 0.507823 0.110089 0.508088 0.11036 0.508353 0.11036 0.508884 0.11063 0.509149 0.11036 0.509414 0.110089 0.509414 0.110089 0.509944 0.109819 0.510209 0.109819 0.510475 0.109548 0.51074 0.109548 0.51127 0.109819 0.511535 0.109548 0.511801 0.109548 0.512066 0.109007 0.512596 0.108737 0.512596 0.108737 0.513392 0.108196 0.513922 0.107925 0.513922 0.107655 0.514187 0.107655 0.514452 0.107925 0.514718 0.107114 0.515513 0.106843 0.515513 0.107114 0.515778 0.106573 0.516309 0.106302 0.516309 0.105491 0.517104 0.10495 0.516574 0.10495 0.516309 0.104138 0.515513 0.103868 0.515513 0.103057 0.516309 0.103327 0.516574 0.103057 0.516839 0.103868 0.517635 0.103868 0.5179 0.103598 0.518165 0.103327 0.5179 0.102786 0.5179 0.102516 0.517635 0.102245 0.517635 0.101704 0.517104 0.100622 0.517104 0.100081 0.517635 0.100081 0.518165 0.099811 0.51843 0.09954 0.51843 0.09927 0.518695 0.09927 0.51896 0.099811 0.519491 0.099811 0.520021 0.09954 0.520286 0.098999 0.520286 0.098458 0.520817 0.098188 0.520552 0.097917 0.520552 0.097106 0.519756 0.096565 0.519756 0.096024 0.520286 0.095212 0.520286 0.094942 0.520021 0.094671 0.520021 0.094401 0.520286 0.09413 0.520021 0.093589 0.520552 0.093319 0.520286 0.092237 0.521347 0.091966 0.521347 0.090614 0.522673 0.090344 0.522673 0.089532 0.523469 0.089262 0.523203 0.088991 0.523203 0.08818 0.523999 0.08818 0.524529 0.087368 0.525325 0.087098 0.525325 0.086016 0.526386 0.085745 0.526386 0.084393 0.527711 0.084122 0.527711 0.083311 0.528507 0.083311 0.528772 0.082229 0.529833 0.081958 0.529833 0.081958 0.530628 0.081417 0.531159 0.081147 0.531159 0.081147 0.531954 0.080876 0.53222 0.080876 0.532485 0.080606 0.53275 0.080606 0.533015 0.080876 0.53328 0.080606 0.533545 0.080335 0.533545 0.080335 0.534076 0.080065 0.534341 0.080065 0.534871 0.080335 0.535137 0.080335 0.535402 0.079794 0.535932 0.079794 0.536197 0.079524 0.536462 0.079794 0.536728 0.079524 0.536993 0.079524 0.537258 0.079794 0.537523 0.079794 0.537788 0.079524 0.538054 0.079524 0.538319 0.079794 0.538584 0.079524 0.538849 0.079524 0.539114 0.079253 0.539379 0.079794 0.53991 0.079794 0.540175 0.079524 0.54044 0.079794 0.540705 0.079524 0.540971 0.080065 0.541501 0.079794 0.541766 0.079794 0.542031 0.080335 0.542562 0.080065 0.542827 0.079794 0.542827 0.079253 0.542296 0.079253 0.542031 0.077901 0.540705 0.077901 0.54044 0.076549 0.539114 0.076549 0.538849 0.075467 0.537788 0.075467 0.537523 0.074114 0.536197 0.074114 0.535932 0.072762 0.534606 0.072762 0.534341 0.071409 0.533015 0.071409 0.53275 0.071139 0.53275 0.070868 0.533015 0.070868 0.53328 0.072221 0.534606 0.072221 0.534871 0.073573 0.536197 0.073573 0.536462 0.074655 0.537523 0.074655 0.537788 0.076008 0.539114 0.076008 0.539379 0.07736 0.540705 0.07736 0.540971 0.078712 0.542296 0.078712 0.542562 0.080065 0.543888 0.080065 0.544153 0.081147 0.545213 0.081147 0.545479 0.082499 0.546805 0.082499 0.54707 0.083852 0.548396 0.083852 0.548661 0.085204 0.549987 0.085204 0.550252 0.086286 0.551313 0.086286 0.551578 0.087639 0.552904 0.087639 0.553169 0.088991 0.554495 0.088991 0.55476 0.090344 0.556086 0.090344 0.556351 0.091425 0.557412 0.091425 0.557677 0.092778 0.559003 0.092778 0.559268 0.09413 0.560594 0.09413 0.560859 0.095483 0.562185 0.095483 0.56245 0.096565 0.563511 0.096565 0.563776 0.097917 0.565102 0.097917 0.565367 0.09927 0.566693 0.09927 0.566958 0.100622 0.568284 0.100622 0.568549 0.101704 0.56961 0.101704 0.569875 0.103057 0.571201 0.103057 0.571466 0.104409 0.572792 0.104409 0.573058 0.105761 0.574383 0.105761 0.574649 0.106843 0.575709 0.106843 0.575975 0.108196 0.5773 0.108196 0.577566 0.109548 0.578892 0.109548 0.579157 0.110901 0.580483 0.110901 0.580748 0.111983 0.581809 0.111983 0.582074 0.113335 0.5834 0.113335 0.583665 0.114688 0.584991 0.114688 0.585256 0.11604 0.586582 0.11604 0.586847 0.117392 0.588173 0.117392 0.588438 0.118474 0.589499 0.118474 0.589764 0.119827 0.59109 0.119827 0.591355 0.121179 0.592681 0.121179 0.592946 0.122532 0.594272 0.122532 0.594537 0.123614 0.595598 0.123614 0.595863 0.124966 0.597189 0.124966 0.597454 0.126319 0.59878 0.126319 0.599045 0.127671 0.600371 0.127671 0.600636 0.128753 0.601697 0.128753 0.601962 0.130105 0.603288 0.130105 0.603553 0.131458 0.604879 0.131458 0.605145 0.13281 0.60647 0.13281 0.606736 0.133892 0.607796 0.133892 0.608062 0.135245 0.609387 0.135245 0.609653 0.136597 0.610979 0.136597 0.611244 0.13795 0.61257 0.13795 0.612835 0.139032 0.613896 0.139032 0.614161 0.139573 0.614691 0.139843 0.614426 0.140114 0.614426 0.140384 0.614691 0.140114 0.614956 0.140114 0.615221 0.140384 0.615487 0.140384 0.615752 0.140655 0.615487 0.140925 0.615487 0.140925 0.615221 0.139843 0.614161 0.139843 0.613896 0.138491 0.61257 0.138491 0.612304 0.137138 0.610979 0.137138 0.610713 0.135786 0.609387 0.135786 0.609122 0.134704 0.608062 0.134704 0.607796 0.133351 0.60647 0.133351 0.606205 0.131999 0.604879 0.131999 0.604614 0.130646 0.603288 0.130646 0.603023 0.129565 0.601962 0.129565 0.601697 0.128212 0.600371 0.128212 0.600106 0.12686 0.59878 0.12686 0.598515 0.125507 0.597189 0.125507 0.596924 0.124155 0.595598 0.124155 0.595333 0.123073 0.594272 0.123073 0.594007 0.12172 0.592681 0.12172 0.592416 0.120368 0.59109 0.120368 0.590825 0.119015 0.589499 0.119015 0.589234 0.117933 0.588173 0.117933 0.587908 0.116581 0.586582 0.116581 0.586317 0.115229 0.584991 0.115229 0.584726 0.113876 0.5834 0.113876 0.583134 0.112794 0.582074 0.112794 0.581809 0.111442 0.580483 0.111442 0.580217 0.110089 0.578892 0.110089 0.578626 0.108737 0.5773 0.108737 0.577035 0.107655 0.575975 0.107655 0.575709 0.106302 0.574383 0.106302 0.574118 0.10495 0.572792 0.10495 0.572527 0.104679 0.572262 0.10495 0.571997 0.10522 0.571997 0.105491 0.571732 0.105761 0.571997 0.106032 0.571997 0.106573 0.572527 0.107114 0.572527 0.107384 0.572262 0.107925 0.572792 0.108466 0.572792 0.109007 0.573323 0.109548 0.573323 0.109819 0.573058 0.110089 0.573323 0.111171 0.573323 0.111442 0.573588 0.111712 0.573323 0.111983 0.573588 0.112253 0.573588 0.112524 0.573323 0.112794 0.573588 0.113065 0.573588 0.113606 0.574118 0.113876 0.573853 0.114147 0.574118 0.114417 0.573853 0.114688 0.574118 0.115499 0.574118 0.11577 0.573853 0.11604 0.574118 0.116311 0.574118 0.116581 0.574383 0.116852 0.574383 0.117122 0.574118 0.118745 0.574118 0.119015 0.574383 0.119286 0.574383 0.119556 0.574649 0.119827 0.574649 0.120097 0.574383 0.120368 0.574649 0.12145 0.574649 0.12172 0.574383 0.121991 0.574649 0.122261 0.574649 0.122532 0.574914 0.122802 0.574914 0.123073 0.574649 0.123343 0.574649 0.123614 0.574383 0.123884 0.574383 0.124155 0.574649 0.125237 0.574649 0.125507 0.574914 0.125778 0.574649 0.126048 0.574914 0.126319 0.574914 0.126589 0.574649 0.12713 0.575179 0.12713 0.575444 0.128483 0.57677 0.128483 0.577035 0.128753 0.57677 0.129024 0.577035 0.129024 0.5773 0.129565 0.577831 0.129835 0.577831 0.130105 0.577566 0.130646 0.578096 0.130646 0.578361 0.131728 0.579422 0.131728 0.579687 0.133081 0.581013 0.133081 0.581278 0.134433 0.582604 0.134433 0.582869 0.135786 0.584195 0.135786 0.58446 0.136868 0.585521 0.136868 0.585786 0.13822 0.587112 0.13822 0.587377 0.139573 0.588703 0.139573 0.588968 0.140925 0.590294 0.140925 0.59056 0.141737 0.591355 0.142007 0.591355 0.142819 0.592151 0.142819 0.592416 0.144171 0.593742 0.144171 0.594007 0.145523 0.595333 0.145523 0.595598 0.146876 0.596924 0.146876 0.597189 0.147958 0.59825 0.147958 0.59878 0.148499 0.599311 0.148499 0.599576 0.14931 0.600371 0.149581 0.600371 0.150663 0.601432 0.150663 0.601697 0.150933 0.601697 0.151204 0.601432 0.151474 0.601432 0.152827 0.600106 0.153097 0.600106 0.15445 0.59878 0.15472 0.59878 0.156072 0.597454 0.156343 0.597454 0.157425 0.596394 0.157695 0.596394 0.159048 0.595068 0.159318 0.595068 0.160671 0.593742 0.160941 0.593742 0.162294 0.592416 0.162564 0.592416 0.163646 0.591355 0.163917 0.591355 0.165269 0.590029 0.16554 0.590029 0.166892 0.588703 0.167163 0.588703 0.168515 0.587377 0.168786 0.587377 0.169867 0.586317 0.170138 0.586317 0.17149 0.584991 0.171761 0.584991 0.173113 0.583665 0.173384 0.583665 0.174736 0.582339 0.175007 0.582339 0.176359 0.581013 0.17663 0.581013 0.177712 0.579952 0.177982 0.579952 0.179335 0.578626 0.179605 0.578626 0.180958 0.5773 0.181228 0.5773 0.18258 0.575975 0.182851 0.575975 0.183933 0.574914 0.184203 0.574914 0.185556 0.573588 0.185826 0.573588 0.187179 0.572262 0.187449 0.572262 0.188802 0.570936 0.189072 0.570936 0.190154 0.569875 0.190425 0.569875 0.191777 0.568549 0.192048 0.568549 0.1934 0.567224 0.193671 0.567224 0.195023 0.565898 0.195293 0.565898 0.196375 0.564837 0.196646 0.564837 0.197998 0.563511 0.198269 0.563511 0.199621 0.562185 0.199892 0.562185 0.201244 0.560859 0.201515 0.560859 0.202597 0.559798 0.202867 0.559798 0.20422 0.558473 0.20449 0.558473 0.205843 0.557147 0.206113 0.557147 0.207466 0.555821 0.207736 0.555821 0.208818 0.55476 0.209088 0.55476 0.210441 0.553434 0.210711 0.553434 0.212064 0.552108 0.212334 0.552108 0.213687 0.550782 0.213957 0.550782 0.21531 0.549456 0.21558 0.549456 0.216662 0.548396 0.216933 0.548396 0.218285 0.54707 0.218556 0.54707 0.219908 0.545744 0.220179 0.545744 0.221531 0.544418 0.221801 0.544418 0.222883 0.543357 0.223154 0.543357 0.224506 0.542031 0.224777 0.542031 0.226129 0.540705 0.2264 0.540705 0.227752 0.539379 0.228023 0.539379 0.229105 0.538319 0.229375 0.538319 0.230728 0.536993 0.230998 0.536993 0.232351 0.535667 0.232621 0.535667 0.233973 0.534341 0.234244 0.534341 0.235326 0.53328 0.235596 0.53328 0.236949 0.531954 0.237219 0.531954 0.238572 0.530628 0.238842 0.530628 0.240195 0.529303 0.240465 0.529303 0.241547 0.528242 0.241818 0.528242 0.24317 0.526916 0.243441 0.526916 0.244793 0.52559 0.245064 0.52559 0.246416 0.524264 0.246687 0.524264 0.247768 0.523203 0.248039 0.523203 0.249391 0.521877 0.249662 0.521877 0.251014 0.520552 0.251285 0.520552 0.252637 0.519226 0.252908 0.519226 0.25426 0.5179 0.254531 0.5179 0.255613 0.516839 0.255883 0.516839 0.257236 0.515513 0.257506 0.515513 0.258859 0.514187 0.259129 0.514187 0.260481 0.512861 0.260752 0.512861 0.261834 0.511801 0.262104 0.511801 0.263457 0.510475 0.263727 0.510475 0.26508 0.509149 0.26535 0.509149 0.266703 0.507823 0.266973 0.507823 0.268055 0.506762 0.268326 0.506762 0.269678 0.505436 0.269949 0.505436 0.271301 0.50411 0.271572 0.50411 0.272924 0.502784 0.273194 0.502784 0.274276 0.501724 0.274547 0.501724 0.275899 0.500398 0.27617 0.500398 0.277522 0.499072 0.277793 0.499072 0.279145 0.497746 0.279416 0.497746 0.280498 0.496685 0.280768 0.496685 0.282121 0.495359 0.282391 0.495359 0.283744 0.494033 0.284014 0.494033 0.285367 0.492708 0.285637 0.492708 0.286719 0.491647 0.286989 0.491647 0.288342 0.490321 0.288612 0.490321 0.289965 0.488995 0.290235 0.488995 0.291588 0.487669 0.291858 0.487669 0.293211 0.486343 0.293481 0.486343 0.294563 0.485282 0.294834 0.485282 0.296186 0.483957 0.296457 0.483957 0.297809 0.482631 0.29808 0.482631 0.299432 0.481305 0.299702 0.481305 0.300784 0.480244 0.301055 0.480244 0.302407 0.478918 0.302678 0.478918 0.30403 0.477592 0.304301 0.477592 0.305653 0.476266 0.305924 0.476266 0.307006 0.475206 0.307276 0.475206 0.308629 0.47388 0.308899 0.47388 0.310252 0.472554 0.310522 0.472554 0.311874 0.471228 0.312145 0.471228 0.313227 0.470167 0.313497 0.470167 0.31485 0.468841 0.31512 0.468841 0.316473 0.467515 0.316743 0.467515 0.318096 0.466189 0.318366 0.466189 0.319448 0.465129 0.319719 0.465129 0.321071 0.463803 0.321342 0.463803 0.322694 0.462477 0.322965 0.462477 0.324317 0.461151 0.324588 0.461151 0.325669 0.46009 0.32594 0.46009 0.327292 0.458764 0.327563 0.458764 0.328915 0.457438 0.329186 0.457438 0.330538 0.456112 0.330809 0.456112 0.332161 0.454787 0.332432 0.454787 0.333514 0.453726 0.333784 0.453726 0.335137 0.4524 0.335407 0.4524 0.33676 0.451074 0.33703 0.451074 0.338382 0.449748 0.338653 0.449748 0.339735 0.448687 0.340005 0.448687 0.341358 0.447361 0.341628 0.447361 0.342981 0.446036 0.343251 0.446036 0.344604 0.44471 0.344874 0.44471 0.345956 0.443649 0.346227 0.443649 0.347579 0.442323 0.34785 0.442323 0.348932 0.441262 0.349202 0.441262 0.350014 0.442058 0.350014 0.442323 0.351366 0.443649 0.351366 0.443914 0.352448 0.444975 0.352718 0.44471 0.352989 0.44471 0.354341 0.443384 0.354612 0.443384 0.355153 0.442853 0.355694 0.443384 0.355423 0.443649 0.356235 0.444444 0.356505 0.444444 0.357046 0.444975 0.357587 0.444975 0.358399 0.44577 0.358399 0.446036 0.359751 0.447361 0.359751 0.448422 0.360292 0.448953 0.361374 0.448953 0.362186 0.449748 0.362186 0.450013 0.362456 0.450278 0.362456 0.450809 0.363268 0.451604 0.363538 0.451604 0.364349 0.4524 0.364349 0.452665 0.365702 0.453991 0.365702 0.454256 0.367054 0.455582 0.367054 0.455847 0.368136 0.456908 0.368136 0.457173 0.369218 0.458234 0.369759 0.458234 0.370841 0.459295 0.370841 0.45956 0.372194 0.460886 0.372194 0.461151 0.372464 0.461416 0.372194 0.461681 0.372194 0.462212 0.372735 0.462742 0.372735 0.463007 0.373005 0.462742 0.373276 0.463007 0.373276 0.463272 0.374628 0.464598 0.374628 0.464863 0.37571 0.465924 0.37544 0.466189 0.376522 0.46725 0.376522 0.467515 0.376792 0.46778 0.377062 0.46778 0.378415 0.469106 0.378685 0.469106 0.378956 0.468841 0.379226 0.468841 0.379497 0.468576 0.380849 0.469902 0.380849 0.470167 0.382202 0.471493 0.382202 0.471758 0.383554 0.473084 0.383284 0.473349 0.38139 0.473349 0.38112 0.473614 0.38139 0.47388 0.38139 0.474145 0.381931 0.474675 0.381931 0.475206 0.382472 0.475736 0.382743 0.475736 0.383013 0.476001 0.383013 0.476266 0.383284 0.476531 0.383284 0.476797 0.383554 0.477062 0.383825 0.477062 0.385448 0.478653 0.385448 0.478918 0.38653 0.479979 0.38653 0.480244 0.387882 0.48157 0.387882 0.481835 0.388964 0.482896 0.389505 0.482896 0.390587 0.483957 0.390587 0.484222 0.390857 0.483957 0.391398 0.484487 0.391398 0.484752 0.392751 0.486078 0.392751 0.486608 0.393292 0.487139 0.393292 0.487404 0.394103 0.487404 0.394374 0.487669 0.394374 0.488199 0.395185 0.488995 0.395185 0.489525 0.395726 0.490056 0.395726 0.490321 0.397079 0.491647 0.397079 0.491912 0.398431 0.493238 0.398431 0.493503 0.399784 0.494829 0.399784 0.495094 0.400866 0.496155 0.400866 0.49642 0.401136 0.496685 0.401407 0.49642 0.401677 0.49642 0.402489 0.495625 0.402759 0.49589 0.402759 0.49642 0.402218 0.49695 0.401948 0.49695 0.401948 0.497216 0.402218 0.497481 0.402218 0.498011 0.40357 0.499337 0.40357 0.499602 0.404923 0.500928 0.404923 0.501193 0.406005 0.502254 0.406005 0.502519 0.407357 0.503845 0.407357 0.50411 0.40871 0.505436 0.40871 0.505701 0.410062 0.507027 0.410062 0.507292 0.410333 0.507558 0.410333 0.508884 0.410603 0.509149 0.410874 0.509149 0.411415 0.509679 0.411685 0.509414 0.411956 0.509414 0.412497 0.509944 0.412497 0.510209 0.413849 0.511535 0.413849 0.511801 0.41439 0.512331 0.414661 0.512331 0.415742 0.513392 0.415742 0.513657 0.417095 0.514983 0.417095 0.515248 0.418447 0.516574 0.418447 0.516839 0.418988 0.517369 0.419259 0.517104 0.419529 0.517104 0.4198 0.517369 0.4198 0.517635 0.42007 0.5179 0.42007 0.518695 0.421423 0.520021 0.421423 0.520286 0.421964 0.520817 0.421693 0.521082 0.422234 0.521612 0.422505 0.521612 0.422775 0.521877 0.422775 0.522408 0.423857 0.523469 0.424128 0.523469 0.424939 0.524264 0.424939 0.524529 0.426021 0.52559 0.426021 0.525855 0.426562 0.526386 0.427374 0.526386 0.427644 0.526651 0.427644 0.527711 0.427915 0.527977 0.427915 0.528242 0.428185 0.528507 0.428185 0.528772 0.428726 0.529303 0.428996 0.529303 0.429267 0.529568 0.429537 0.529568 0.429808 0.529303 0.430078 0.529568 0.430078 0.529833 0.43116 0.530894 0.43089 0.531159 0.43089 0.531424 0.431431 0.531954 0.431431 0.53222 0.432242 0.533015 0.432513 0.533015 0.432783 0.53328 0.432783 0.533811 0.433054 0.534076 0.433324 0.534076 0.433595 0.534341 0.433595 0.534606 0.433865 0.534871 0.433865 0.535137 0.434136 0.535402 0.434947 0.535402 0.435218 0.535667 0.435218 0.535932 0.435488 0.536197 0.435218 0.536462 0.435218 0.536728 0.43657 0.538054 0.43657 0.538319 0.437652 0.539379 0.437652 0.539645 0.439005 0.540971 0.438734 0.541236 0.439546 0.542031 0.439546 0.542296 0.440898 0.543622 0.440898 0.543888 0.44225 0.545213 0.44225 0.545479 0.443332 0.546539 0.443332 0.546805 0.444685 0.54813 0.444685 0.548396 0.446037 0.549722 0.446037 0.549987 0.44739 0.551313 0.44739 0.551578 0.448201 0.552373 0.448472 0.552373 0.449283 0.553169 0.449283 0.553434 0.450636 0.55476 0.450636 0.555025 0.451447 0.555821 0.451988 0.55529 0.452259 0.55529 0.452529 0.555556 0.452259 0.555821 0.452259 0.556086 0.4528 0.556616 0.4528 0.556881 0.452529 0.557147 0.4528 0.557412 0.452529 0.557677 0.453341 0.558473 0.453611 0.558473 0.453882 0.558738 0.454152 0.558738 0.454423 0.558473 0.454693 0.558738 0.454963 0.558473 0.456045 0.559533 0.456045 0.559798 0.456586 0.560329 0.456316 0.560594 0.456316 0.560859 0.457127 0.561655 0.457127 0.56192 0.45848 0.563246 0.45848 0.563511 0.459832 0.564837 0.459832 0.565898 0.460373 0.566428 0.460914 0.566428 0.461185 0.566693 0.460914 0.566958 0.460914 0.567224 0.461726 0.568019 0.462267 0.568019 0.463619 0.569345 0.463619 0.56961 0.464972 0.570936 0.464972 0.571201 0.466324 0.572527 0.466324 0.572792 0.465783 0.573323 0.466595 0.574118 0.466595 0.574383 0.466865 0.574118 0.467136 0.574383 0.467676 0.574383 0.468758 0.575444 0.468488 0.575709 0.468488 0.575975 0.468758 0.57624 0.468758 0.576505 0.46984 0.577566 0.46984 0.577831 0.470652 0.578626 0.470652 0.579157 0.471734 0.580217 0.471734 0.580483 0.473086 0.581809 0.473086 0.582074 0.474439 0.5834 0.474439 0.583665 0.475521 0.584726 0.475521 0.584991 0.476873 0.586317 0.476873 0.586582 0.477955 0.587643 0.478226 0.587643 0.478496 0.587908 0.478767 0.587643 0.479308 0.588173 0.480119 0.588173 0.48066 0.588703 0.48066 0.588968 0.481201 0.589499 0.481201 0.589764 0.48093 0.590029 0.48093 0.590294 0.48066 0.59056 0.481201 0.59109 0.481471 0.590825 0.481742 0.59109 0.482553 0.59109 0.482824 0.591355 0.482553 0.59162 0.482553 0.591885 0.482824 0.592151 0.482283 0.592681 0.482283 0.592946 0.483365 0.594007 0.483365 0.594272 0.483635 0.594272 0.483906 0.594007 0.484176 0.594007 0.485529 0.595333 0.485258 0.595598 0.485258 0.596394 0.485799 0.596924 0.485799 0.597189 0.48634 0.597719 0.486611 0.597454 0.487152 0.597454 0.487422 0.597719 0.487152 0.597985 0.487152 0.59878 0.488504 0.600106 0.488504 0.600371 0.489045 0.600902 0.489316 0.600902 0.489586 0.601167 0.490398 0.601167 0.490668 0.601432 0.490668 0.601697 0.490398 0.601962 0.490668 0.602228 0.490398 0.602493 0.491209 0.603288 0.491209 0.603553 0.49148 0.603819 0.492562 0.603819 0.493373 0.604614 0.493103 0.604879 0.493103 0.605145 0.492832 0.60541 0.493643 0.606205 0.493643 0.60647 0.494455 0.607266 0.494725 0.607266 0.495266 0.607796 0.495537 0.607796 0.495807 0.608062 0.495807 0.608857 0.496348 0.609387 0.496348 0.609653 0.496889 0.610183 0.49716 0.610183 0.498242 0.611244 0.498242 0.611774 0.498783 0.612304 0.498783 0.61257 0.500135 0.613896 0.500135 0.614161 0.501488 0.615487 0.501488 0.615752 0.50257 0.616813 0.50257 0.617078 0.503922 0.618404 0.503922 0.618669 0.505275 0.619995 0.505275 0.62026 0.506627 0.621586 0.506627 0.621851 0.507709 0.622912 0.507709 0.623177 0.50825 0.623707 0.50852 0.623707 0.509061 0.623177 0.509873 0.623177 0.510414 0.623707 0.510143 0.623972 0.510684 0.624503 0.510414 0.624768 0.510414 0.625033 0.510684 0.625298 0.510143 0.625829 0.510414 0.626094 0.510414 0.626359 0.511766 0.627685 0.511766 0.62795 0.512307 0.62795 0.512848 0.62742 0.513119 0.62742 0.51393 0.628215 0.51393 0.628481 0.515283 0.629806 0.515283 0.630072 0.516635 0.631398 0.516635 0.631663 0.517988 0.632989 0.517988 0.633254 0.51907 0.634315 0.51907 0.63458 0.520422 0.635906 0.520422 0.636171 0.521774 0.637497 0.521774 0.637762 0.523127 0.639088 0.523127 0.639353 0.524479 0.640679 0.524479 0.640944 0.525561 0.642005 0.525561 0.64227 0.526914 0.643596 0.526914 0.643861 0.528266 0.645187 0.528266 0.645452 0.529619 0.646778 0.529619 0.647043 0.530701 0.648104 0.530701 0.648369 0.532053 0.649695 0.532053 0.64996 0.533405 0.651286 0.533405 0.651551 0.534487 0.652612 0.534758 0.652612 0.535028 0.652347 0.535299 0.652347 0.535569 0.652612 0.53584 0.652612 0.53611 0.652877 0.53611 0.653408 0.536381 0.653673 0.53584 0.654203 0.53584 0.654468 0.536381 0.654999 0.536651 0.654999 0.536922 0.655264 0.537192 0.655264 0.537463 0.654999 0.538004 0.655529 0.538274 0.655529 0.538545 0.655794 0.538274 0.656059 0.538815 0.65659 0.538274 0.65712 0.538545 0.657385 0.538545 0.65765 0.539086 0.658181 0.539356 0.658181 0.540168 0.658976 0.540438 0.658711 0.54125 0.659507 0.540979 0.659772 0.540979 0.660567 0.542061 0.661628 0.542332 0.661628 0.542602 0.661893 0.542873 0.661628 0.543143 0.661628 0.543414 0.661893 0.543414 0.662159 0.543955 0.662689 0.544225 0.662689 0.544766 0.663219 0.544766 0.663484 0.544496 0.66375 0.544225 0.66375 0.543955 0.664015 0.545037 0.665076 0.545037 0.665341 0.545848 0.664545 0.546659 0.665341 0.546659 0.665606 0.546118 0.666136 0.546118 0.666667 0.546389 0.666932 0.546659 0.666667 0.54693 0.666667 0.5472 0.666401 0.547471 0.666401 0.548012 0.666932 0.548012 0.667197 0.549094 0.668258 0.549094 0.668523 0.550446 0.669849 0.550446 0.670114 0.550717 0.670379 0.550717 0.670644 0.550176 0.671175 0.550176 0.67144 0.551258 0.672501 0.551258 0.672766 0.551528 0.672766 0.551799 0.672501 0.552069 0.672501 0.55234 0.672235 0.553151 0.673031 0.553151 0.673296 0.554233 0.674357 0.554233 0.674622 0.555586 0.675948 0.555586 0.676213 0.556938 0.677539 0.556938 0.677804 0.558291 0.67913 0.558291 0.679395 0.558561 0.679661 0.55775 0.680456 0.558291 0.680986 0.558561 0.680986 0.559102 0.680456 0.560725 0.682047 0.560725 0.682312 0.562077 0.683638 0.562077 0.683903 0.56343 0.685229 0.56343 0.685495 0.564512 0.686555 0.5637 0.687351 0.564241 0.687881 0.564241 0.688146 0.564782 0.688677 0.565594 0.687881 0.565864 0.688146 0.565864 0.688412 0.567217 0.689737 0.567217 0.690003 0.568569 0.691329 0.568569 0.691594 0.569651 0.692654 0.569651 0.69292 0.571004 0.694246 0.571004 0.694511 0.572356 0.695837 0.572085 0.696102 0.571815 0.696102 0.571544 0.696367 0.571544 0.696632 0.572085 0.697163 0.572085 0.697428 0.572356 0.697693 0.572626 0.697693 0.572897 0.697958 0.572897 0.698223 0.573167 0.698488 0.573167 0.698754 0.573438 0.698754 0.573979 0.698223 0.574249 0.698223 0.57479 0.698754 0.57479 0.699019 0.576143 0.700345 0.576143 0.70061 0.577495 0.701936 0.577495 0.702201 0.578848 0.703527 0.578848 0.703792 0.5802 0.705118 0.5802 0.705383 0.581282 0.706444 0.581282 0.706709 0.582635 0.708035 0.582635 0.7083 0.583987 0.709626 0.583987 0.709891 0.584258 0.710156 0.584258 0.710422 0.584528 0.710687 0.584528 0.710952 0.583987 0.711482 0.584798 0.712278 0.584798 0.712543 0.585069 0.712278 0.585339 0.712278 0.58561 0.712013 0.58588 0.712278 0.58588 0.712543 0.586962 0.713604 0.586692 0.713869 0.586421 0.713869 0.586962 0.714399 0.586962 0.714665 0.587503 0.715195 0.588044 0.715195 0.588585 0.715725 0.588315 0.71599 0.588044 0.71599 0.588044 0.716256 0.588856 0.717051 0.588856 0.717316 0.589397 0.717847 0.589667 0.717847 0.589938 0.718112 0.589938 0.718642 0.59129 0.719968 0.59102 0.720233 0.59102 0.720764 0.592102 0.721824 0.592102 0.72209 0.591831 0.722355 0.591561 0.722355 0.590749 0.721559 0.590208 0.721559 0.589938 0.721824 0.589667 0.721559 0.589667 0.721294 0.589397 0.721029 0.589938 0.720499 0.589397 0.719968 0.589397 0.719703 0.588044 0.718377 0.588044 0.718112 0.587233 0.717316 0.586962 0.717316 0.586692 0.717582 0.586692 0.718112 0.58561 0.719173 0.58561 0.719703 0.586421 0.720499 0.58588 0.721029 0.58561 0.720764 0.585069 0.721294 0.585069 0.721559 0.584798 0.721824 0.583987 0.721029 0.583176 0.721029 0.582364 0.721824 0.582094 0.721824 0.581823 0.72209 0.582094 0.722355 0.582094 0.72262 0.582364 0.722885 0.582905 0.722355 0.583176 0.72262 0.583446 0.72262 0.583987 0.72209 0.584528 0.72209 0.584798 0.722355 0.584528 0.72262 0.584528 0.722885 0.585069 0.723416 0.585069 0.723681 0.58561 0.723681 0.586421 0.722885 0.586692 0.722885 0.586962 0.72262 0.588044 0.723681 0.588315 0.723416 0.588585 0.723416 0.589126 0.722885 0.590749 0.722885 0.59102 0.72315 0.591831 0.722355 0.592102 0.72262 0.592102 0.72315 0.591561 0.723681 0.591831 0.723946 0.59102 0.724741 0.59102 0.725272 0.591561 0.725802 0.591831 0.725802 0.592372 0.726333 0.592643 0.726067 0.592913 0.726333 0.593184 0.726067 0.593454 0.726067 0.594266 0.726863 0.593995 0.727128 0.593995 0.727658 0.593454 0.728189 0.593454 0.728454 0.593184 0.728719 0.593184 0.728984 0.593725 0.729515 0.593725 0.72978 0.593454 0.730045 0.593454 0.73031 0.593184 0.730575 0.593454 0.730841 0.592913 0.731371 0.592913 0.731636 0.593725 0.732432 0.594266 0.732432 0.594807 0.731901 0.594807 0.731636 0.594536 0.731371 0.594536 0.731106 0.594807 0.730841 0.594266 0.73031 0.594536 0.730045 0.594807 0.730045 0.594807 0.728984 0.595077 0.728719 0.595618 0.72925 0.595618 0.729515 0.59643 0.73031 0.596159 0.730575 0.596159 0.730841 0.5967 0.731371 0.5967 0.732167 0.59643 0.732432 0.596159 0.732432 0.59643 0.732697 0.59643 0.732962 0.596159 0.733227 0.595889 0.732962 0.595618 0.732962 0.595077 0.733492 0.595348 0.733758 0.595077 0.734023 0.595077 0.734553 0.594807 0.734818 0.594807 0.735084 0.595348 0.735614 0.595348 0.735879 0.595618 0.735879 0.595889 0.735614 0.596159 0.735879 0.59643 0.735879 0.5967 0.735614 0.596971 0.735614 0.597782 0.736409 0.597782 0.736675 0.598052 0.73694 0.598052 0.737205 0.597782 0.73747 0.597782 0.737735 0.598052 0.738001 0.598052 0.738266 0.597782 0.738531 0.598052 0.738796 0.597511 0.739326 0.597511 0.739592 0.597241 0.739857 0.597241 0.740122 0.597511 0.740387 0.597511 0.740918 0.598593 0.741978 0.598593 0.742243 0.599405 0.743039 0.599405 0.743304 0.599134 0.743569 0.599946 0.744365 0.600216 0.7441 0.601028 0.744895 0.601298 0.744895 0.601569 0.74516 0.602651 0.74516 0.602921 0.745426 0.603192 0.74516 0.604274 0.746221 0.603462 0.747017 0.603462 0.747547 0.604003 0.748077 0.604003 0.748608 0.604274 0.748873 0.604274 0.749138 0.604003 0.749403 0.604003 0.749669 0.603733 0.749934 0.604274 0.750464 0.604274 0.750994 0.605356 0.752055 0.605356 0.75232 0.606708 0.753646 0.606708 0.753911 0.608061 0.755237 0.608061 0.755503 0.608331 0.755503 0.608872 0.756033 0.608872 0.756298 0.609143 0.756563 0.609143 0.756828 0.609413 0.757094 0.609143 0.757359 0.609143 0.757624 0.609954 0.75842 0.609684 0.758685 0.610225 0.759215 0.609954 0.75948 0.609954 0.759745 0.610765 0.760541 0.610765 0.760806 0.612118 0.762132 0.612118 0.762397 0.6132 0.763458 0.6132 0.763723 0.61347 0.763988 0.61347 0.764784 0.614011 0.765314 0.614552 0.765314 0.615093 0.765845 0.615364 0.765579 0.615634 0.765579 0.615905 0.765845 0.615905 0.76611 0.616175 0.766375 0.616446 0.766375 0.618069 0.767966 0.618069 0.768231 0.618339 0.768231 0.61861 0.768496 0.61861 0.768762 0.619421 0.769557 0.619421 0.769822 0.619692 0.770088 0.619962 0.770088 0.620233 0.769822 0.620503 0.769822 0.620774 0.770088 0.621044 0.769822 0.621315 0.769822 0.621585 0.770088 0.620774 0.770883 0.620503 0.770883 0.620503 0.771148 0.621044 0.771679 0.621315 0.771413 0.621856 0.771413 0.622126 0.771148 0.622397 0.771148 0.622667 0.771413 0.622938 0.771148 0.623478 0.771679 0.623749 0.771413 0.624019 0.771679 0.624019 0.771944 0.625101 0.773005 0.625642 0.773005 0.625913 0.77327 0.626183 0.77327 0.626724 0.7738 0.626724 0.774065 0.626454 0.77433 0.626454 0.774861 0.627806 0.776187 0.628618 0.775391 0.628618 0.774596 0.628888 0.77433 0.629429 0.774861 0.6297 0.774596 0.630241 0.774596 0.630782 0.775126 0.630782 0.775391 0.631593 0.776187 0.631864 0.775922 0.632134 0.776187 0.632405 0.776187 0.632946 0.775656 0.633216 0.775922 0.633216 0.776187 0.633757 0.776717 0.632946 0.777513 0.632946 0.777778 0.633216 0.778043 0.633487 0.778043 0.634028 0.777513 0.633757 0.777247 0.633757 0.776717 0.634028 0.776452 0.634569 0.776452 0.63511 0.776982 0.635651 0.776982 0.636192 0.777513 0.636462 0.777247 0.636732 0.777247 0.637003 0.777513 0.637003 0.777778 0.638085 0.777778 0.638626 0.778308 0.638896 0.778308 0.639437 0.778839 0.639978 0.778839 0.64079 0.779634 0.64106 0.779634 0.641331 0.779369 0.641601 0.779634 0.641601 0.779899 0.641872 0.779899 0.642683 0.780695 0.642954 0.780695 0.643224 0.78043 0.643765 0.78096 0.643765 0.781225 0.644306 0.781756 0.644577 0.781756 0.645388 0.782551 0.645929 0.782551 0.647011 0.783612 0.647282 0.783347 0.648634 0.784673 0.648634 0.784938 0.649986 0.786264 0.649986 0.786529 0.651339 0.787855 0.651339 0.78812 0.652421 0.789181 0.65188 0.789711 0.651609 0.789711 0.651609 0.789976 0.652421 0.790772 0.652421 0.791037 0.652962 0.791567 0.653503 0.791037 0.653773 0.791037 0.655126 0.792363 0.655126 0.792628 0.655937 0.793423 0.656208 0.793423 0.657019 0.792628 0.65729 0.792628 0.657831 0.792098 0.658372 0.792628 0.658101 0.792893 0.657831 0.792893 0.65756 0.793158 0.65756 0.793689 0.657831 0.793954 0.657019 0.794749 0.65729 0.795015 0.656478 0.79581 0.657019 0.79634 0.65756 0.79634 0.658913 0.797666 0.658913 0.797932 0.659724 0.798727 0.659724 0.798992 0.659454 0.799257 0.659454 0.799788 0.660536 0.800849 0.660536 0.801114 0.660806 0.801114 0.661618 0.800318 0.66297 0.801644 0.66297 0.801909 0.664052 0.80297 0.664052 0.803235 0.665404 0.804561 0.665404 0.804826 0.665945 0.804826 0.666216 0.805091 0.666216 0.805357 0.666486 0.805357 0.667027 0.804826 0.667298 0.805091 0.667298 0.805622 0.667027 0.805887 0.667027 0.806152 0.667298 0.806417 0.667027 0.806683 0.668109 0.807743 0.66838 0.807743 0.66865 0.808008 0.668921 0.807743 0.669462 0.808274 0.668921 0.808804 0.669191 0.809069 0.669191 0.809334 0.670544 0.81066 0.670544 0.810925 0.671896 0.812251 0.671896 0.812517 0.673249 0.813842 0.673249 0.814108 0.674331 0.815168 0.674331 0.815434 0.675683 0.816759 0.675683 0.817025 0.676224 0.817025 0.676494 0.81729 0.676494 0.817555 0.676765 0.81782 0.676224 0.818351 0.676765 0.818881 0.676765 0.819146 0.677035 0.819411 0.676494 0.819942 0.677035 0.820472 0.677306 0.820207 0.677847 0.820207 0.678117 0.820472 0.678117 0.820737 0.678658 0.821268 0.678388 0.821533 0.678388 0.821798 0.679199 0.822593 0.679199 0.822859 0.680552 0.824185 0.680552 0.824715 0.680281 0.82498 0.680281 0.825245 0.680822 0.825776 0.680822 0.826041 0.681363 0.826041 0.681634 0.825776 0.682986 0.827102 0.682986 0.827367 0.684339 0.828693 0.684339 0.828958 0.685691 0.830284 0.685691 0.830549 0.686232 0.831079 0.686503 0.831079 0.686773 0.830814 0.687044 0.831079 0.687044 0.831344 0.688396 0.83267 0.688396 0.832936 0.688126 0.833201 0.687314 0.832405 0.686773 0.832936 0.687314 0.833466 0.687855 0.833466 0.688396 0.832936 0.689748 0.834261 0.689748 0.834527 0.691101 0.835853 0.691101 0.836118 0.692183 0.837178 0.692183 0.837444 0.692453 0.837709 0.692724 0.837709 0.692994 0.837444 0.693806 0.838239 0.693806 0.838504 0.694617 0.8393 0.694888 0.8393 0.695699 0.840095 0.695699 0.840361 0.697052 0.841687 0.697052 0.841952 0.697322 0.842217 0.697593 0.841952 0.697863 0.841952 0.698404 0.842482 0.698404 0.842747 0.698675 0.842482 0.699486 0.843278 0.699757 0.843012 0.700027 0.843278 0.700298 0.843012 0.700568 0.843012 0.700839 0.843278 0.701109 0.843278 0.701379 0.843012 0.70165 0.843278 0.702191 0.843278 0.702461 0.843012 0.702732 0.843278 0.703002 0.843278 0.704084 0.842217 0.704355 0.842217 0.704625 0.841952 0.704896 0.841952 0.705166 0.841687 0.705437 0.841687 0.705707 0.841952 0.705978 0.841687 0.706248 0.841952 0.70733 0.841952 0.707601 0.842217 0.707871 0.841952 0.709494 0.843543 0.709494 0.843808 0.710847 0.845134 0.710847 0.845399 0.711929 0.84646 0.711929 0.846725 0.713281 0.848051 0.713281 0.848316 0.714633 0.849642 0.714633 0.849907 0.715986 0.851233 0.715986 0.851498 0.717338 0.852824 0.717338 0.853089 0.71842 0.85415 0.71842 0.854415 0.719773 0.855741 0.719773 0.856006 0.720043 0.856272 0.720314 0.856006 0.720584 0.856272 0.720584 0.856537 0.720855 0.856802 0.720314 0.857332 0.720855 0.857863 0.720855 0.858128 0.721396 0.858658 0.721937 0.858128 0.723019 0.859189 0.723019 0.859454 0.72356 0.859984 0.72356 0.860249 0.723289 0.860514 0.723019 0.860514 0.72356 0.861045 0.723289 0.86131 0.723289 0.861575 0.72356 0.86184 0.724101 0.86184 0.724642 0.86131 0.725724 0.862371 0.725724 0.862636 0.725994 0.862901 0.725453 0.863431 0.725994 0.863962 0.726535 0.863962 0.727617 0.865023 0.727617 0.865288 0.728158 0.865818 0.728158 0.866083 0.727887 0.866348 0.727887 0.866879 0.727076 0.867674 0.727076 0.86794 0.727346 0.868205 0.727887 0.868205 0.728428 0.867674 0.728699 0.86794 0.728969 0.86794 0.72951 0.867409 0.730051 0.86794 0.730051 0.868205 0.731404 0.869531 0.731404 0.869796 0.732756 0.871122 0.732756 0.871387 0.733838 0.872448 0.733838 0.872713 0.735191 0.874039 0.735191 0.874304 0.736002 0.875099 0.736273 0.875099 0.737355 0.87616 0.737355 0.876425 0.737896 0.876956 0.737355 0.877486 0.737625 0.877751 0.737625 0.878016 0.738166 0.878547 0.738437 0.878547 0.738707 0.878282 0.738978 0.878282 0.739789 0.879077 0.739789 0.879342 0.74006 0.879608 0.740871 0.878812 0.741141 0.878812 0.742494 0.877486 0.742764 0.877486 0.744117 0.87616 0.744387 0.87616 0.74574 0.874834 0.74601 0.874834 0.747092 0.873774 0.747363 0.873774 0.748715 0.872448 0.748986 0.872448 0.750338 0.871122 0.750609 0.871122 0.751961 0.869796 0.752232 0.869796 0.753313 0.868735 0.753584 0.868735 0.754936 0.867409 0.755207 0.867409 0.756559 0.866083 0.75683 0.866083 0.758182 0.864757 0.758453 0.864757 0.759805 0.863431 0.760076 0.863431 0.761158 0.862371 0.761428 0.862371 0.762781 0.861045 0.763051 0.861045 0.764404 0.859719 0.764674 0.859719 0.766027 0.858393 0.766297 0.858393 0.767379 0.857332 0.767649 0.857332 0.769002 0.856006 0.769272 0.856006 0.770625 0.85468 0.770895 0.85468 0.772248 0.853355 0.772518 0.853355 0.7736 0.852294 0.773871 0.852294 0.775223 0.850968 0.775494 0.850968 0.776846 0.849642 0.777117 0.849642 0.778469 0.848316 0.77874 0.848316 0.779821 0.847255 0.780092 0.847255 0.781444 0.845929 0.781715 0.845929 0.783067 0.844604 0.783338 0.844604 0.78469 0.843278 0.784961 0.843278 0.786043 0.842217 0.786313 0.842217 0.787666 0.840891 0.787936 0.840891 0.789289 0.839565 0.789559 0.839565 0.790912 0.838239 0.791182 0.838239 0.792264 0.837178 0.792534 0.837178 0.793887 0.835853 0.794157 0.835853 0.79551 0.834527 0.79578 0.834527 0.797133 0.833201 0.797403 0.833201 0.798756 0.831875 0.799026 0.831875 0.800108 0.830814 0.800379 0.830814 0.801731 0.829488 0.802002 0.829488 0.803354 0.828162 0.803625 0.828162 0.804977 0.826836 0.805247 0.826836 0.806329 0.825776 0.8066 0.825776 0.807952 0.82445 0.808223 0.82445 0.809575 0.823124 0.809846 0.823124 0.811198 0.821798 0.811469 0.821798 0.812551 0.820737 0.812821 0.820737 0.814174 0.819411 0.814444 0.819411 0.815797 0.818085 0.815526 0.81782 0.815256 0.81782 0.814174 0.818881 0.813903 0.818881 0.812821 0.819942 0.812551 0.819942 0.811198 0.821268 0.810928 0.821268 0.809575 0.822593 0.809305 0.822593 0.807952 0.823919 0.807682 0.823919 0.806329 0.825245 0.806059 0.825245 0.804977 0.826306 0.804707 0.826306 0.803895 0.827102 0.803625 0.827102 0.803354 0.826836 0.802813 0.827367 0.802543 0.827367 0.802272 0.827632 0.802543 0.827897 0.802543 0.828162 0.801731 0.828958 0.801461 0.828958 0.800108 0.830284 0.799838 0.830284 0.798756 0.831344 0.798485 0.831344 0.797133 0.83267 0.796862 0.83267 0.79551 0.833996 0.795239 0.833996 0.793887 0.835322 0.793616 0.835322 0.792534 0.836383 0.792264 0.836383 0.790912 0.837709 0.790641 0.837709 0.789289 0.839035 0.789018 0.839035 0.787666 0.840361 0.787395 0.840361 0.786313 0.841421 0.786043 0.841421 0.78469 0.842747 0.78442 0.842747 0.783067 0.844073 0.782797 0.844073 0.782526 0.843808 0.782797 0.843543 0.782797 0.843012 0.784149 0.841687 0.784149 0.841421 0.78469 0.840891 0.784961 0.840891 0.786313 0.839565 0.786584 0.839565 0.787936 0.838239 0.788207 0.838239 0.789289 0.837178 0.789559 0.837178 0.78983 0.836913 0.789559 0.836648 0.789559 0.836383 0.790371 0.835587 0.790641 0.835853 0.791182 0.835853 0.792264 0.834792 0.792264 0.834261 0.793346 0.833201 0.793616 0.833201 0.794969 0.831875 0.795239 0.831875 0.796592 0.830549 0.796862 0.830549 0.798215 0.829223 0.798485 0.829223 0.799838 0.827897 0.799838 0.827632 0.800108 0.827367 0.800379 0.827367 0.801731 0.826041 0.802002 0.826041 0.803354 0.824715 0.803354 0.824185 0.804166 0.823389 0.804436 0.823654 0.804707 0.823654 0.804977 0.823389 0.805247 0.823389 0.806329 0.822328 0.8066 0.822328 0.807411 0.821533 0.807411 0.821002 0.808223 0.820207 0.808493 0.820472 0.808764 0.820472 0.809575 0.819676 0.809846 0.819676 0.810928 0.818616 0.811198 0.818881 0.81201 0.818085 0.81228 0.818085 0.812821 0.817555 0.812821 0.81729 0.814174 0.815964 0.814444 0.815964 0.814985 0.815434 0.815526 0.815434 0.816879 0.814108 0.817149 0.814108 0.818501 0.812782 0.818772 0.812782 0.819854 0.811721 0.820124 0.811721 0.820124 0.811191 0.820395 0.810925 0.820665 0.810925 0.821477 0.81013 0.821477 0.8096 0.822829 0.808274 0.8231 0.808274 0.824452 0.806948 0.824723 0.806948 0.826075 0.805622 0.826346 0.805622 0.826346 0.805357 0.826075 0.805091 0.826887 0.804296 0.827157 0.804296 0.82851 0.80297 0.82878 0.80297 0.829051 0.802705 0.82878 0.80244 0.829051 0.802174 0.829321 0.802174 0.830133 0.801379 0.829862 0.801114 0.830674 0.800318 0.830674 0.800053 0.830944 0.799788 0.830944 0.799523 0.830674 0.799257 0.830944 0.798992 0.830944 0.798727 0.830674 0.798462 0.830674 0.797932 0.830403 0.797666 0.830403 0.796871 0.830133 0.796606 0.830133 0.79634 0.829321 0.795545 0.829321 0.795015 0.828239 0.793954 0.828239 0.793689 0.826887 0.792363 0.827157 0.792098 0.827157 0.791567 0.825805 0.790241 0.825805 0.789976 0.824723 0.788915 0.824723 0.78865 0.82337 0.787324 0.82337 0.787059 0.822018 0.785733 0.822018 0.785468 0.820665 0.784142 0.820665 0.783877 0.819583 0.782816 0.819583 0.782551 0.818231 0.781225 0.818231 0.78096 0.816879 0.779634 0.816879 0.779369 0.815526 0.778043 0.815526 0.777778 0.815256 0.778043 0.814985 0.778043 0.814174 0.777247 0.814174 0.776982 0.812821 0.775656 0.812821 0.775391 0.811469 0.774065 0.811469 0.7738 0.810387 0.772739 0.810387 0.772474 0.809034 0.771148 0.809034 0.770883 0.807682 0.769557 0.807682 0.769292 0.806329 0.767966 0.806329 0.767701 0.805247 0.76664 0.805247 0.766375 0.803895 0.765049 0.803895 0.764784 0.802543 0.763458 0.802543 0.763193 0.801731 0.762397 0.801461 0.762397 0.800649 0.761602 0.800649 0.761337 0.799297 0.760011 0.799297 0.759745 0.797944 0.75842 0.797944 0.758154 0.796862 0.757094 0.796592 0.757359 0.795239 0.756033 0.795239 0.755768 0.794698 0.755768 0.794428 0.755503 0.794428 0.754972 0.793887 0.754442 0.793887 0.754177 0.794157 0.753911 0.793887 0.753646 0.793887 0.753381 0.793075 0.752586 0.793075 0.752055 0.792264 0.75126 0.792264 0.750994 0.791182 0.749934 0.791182 0.749669 0.791453 0.749403 0.791182 0.749138 0.791182 0.748873 0.78983 0.747547 0.78983 0.747282 0.788477 0.745956 0.788477 0.745691 0.787936 0.74516 0.787666 0.74516 0.787395 0.745426 0.787125 0.74516 0.787125 0.744895 0.786584 0.744365 0.786313 0.744365 0.785772 0.743835 0.785772 0.743569 0.786043 0.743304 0.786043 0.742774 0.78469 0.741448 0.78469 0.741183 0.783879 0.740387 0.783608 0.740652 0.782797 0.739857 0.782526 0.739857 0.781715 0.739061 0.781444 0.739326 0.781174 0.739326 0.780903 0.739061 0.780903 0.738796 0.780362 0.738796 0.779821 0.738266 0.779551 0.738531 0.77874 0.737735 0.778199 0.737735 0.777387 0.73694 0.777387 0.736675 0.777117 0.736409 0.777117 0.736144 0.777387 0.735879 0.776305 0.734818 0.776305 0.734553 0.776576 0.734288 0.776305 0.734023 0.776305 0.733758 0.776035 0.733492 0.776035 0.733227 0.775764 0.732962 0.775764 0.732697 0.775494 0.732432 0.775764 0.732167 0.775764 0.731901 0.775494 0.731636 0.775494 0.731106 0.775223 0.730841 0.775223 0.730045 0.774412 0.72925 0.774412 0.728984 0.77333 0.727924 0.773059 0.727924 0.772789 0.728189 0.772518 0.728189 0.772248 0.727924 0.772789 0.727393 0.772789 0.727128 0.771977 0.726333 0.771707 0.726598 0.771436 0.726333 0.770895 0.726863 0.770354 0.726333 0.770354 0.726067 0.770625 0.725802 0.770625 0.725537 0.770895 0.725272 0.770895 0.725007 0.770625 0.724741 0.770625 0.724476 0.770084 0.723946 0.769272 0.723946 0.769002 0.723681 0.769002 0.723416 0.76792 0.722355 0.76792 0.72209 0.766567 0.720764 0.766567 0.720499 0.765215 0.719173 0.765215 0.718907 0.764674 0.718907 0.764404 0.718642 0.764404 0.718377 0.763863 0.718907 0.763592 0.718907 0.763051 0.719438 0.762781 0.719438 0.76224 0.718907 0.763051 0.718112 0.763051 0.717582 0.76224 0.716786 0.761969 0.716786 0.761699 0.717051 0.761428 0.716786 0.761428 0.716256 0.761158 0.71599 0.761428 0.715725 0.760346 0.714665 0.760346 0.714399 0.759264 0.713339 0.759264 0.713073 0.758994 0.712808 0.758723 0.713073 0.758182 0.712543 0.758182 0.712278 0.757371 0.711482 0.757641 0.711217 0.75683 0.710422 0.75683 0.710156 0.7571 0.709891 0.75683 0.709626 0.75683 0.709361 0.756289 0.708831 0.756289 0.7083 0.755207 0.707239 0.755207 0.706974 0.755477 0.706709 0.755207 0.706444 0.755207 0.706179 0.753854 0.704853 0.753854 0.704588 0.752502 0.703262 0.752502 0.702997 0.751691 0.702201 0.75142 0.702466 0.749797 0.700875 0.749797 0.70061 0.749256 0.70008 0.749527 0.699814 0.749527 0.699549 0.748715 0.698754 0.748715 0.698488 0.747363 0.697163 0.747363 0.696897 0.746281 0.695837 0.74601 0.696102 0.745469 0.695571 0.744387 0.695571 0.743576 0.694776 0.743576 0.694511 0.743035 0.694511 0.742764 0.694246 0.742764 0.69398 0.741682 0.69292 0.741682 0.692654 0.74033 0.691329 0.74033 0.691063 0.738978 0.689737 0.738978 0.689207 0.738437 0.688677 0.738707 0.688412 0.738707 0.687881 0.738437 0.687616 0.738437 0.687351 0.738166 0.687086 0.738166 0.68682 0.737355 0.686025 0.737625 0.68576 0.737625 0.685495 0.737355 0.685229 0.737355 0.684964 0.737625 0.684699 0.737084 0.684169 0.737084 0.683903 0.736002 0.683903 0.735732 0.683638 0.735732 0.683108 0.735461 0.682843 0.735461 0.682047 0.73465 0.681252 0.73465 0.680986 0.733297 0.679661 0.733297 0.679395 0.731945 0.678069 0.731674 0.678069 0.730592 0.67913 0.730322 0.678865 0.730051 0.678865 0.729781 0.67913 0.72951 0.67913 0.72924 0.679395 0.728969 0.679395 0.728428 0.678865 0.728428 0.6786 0.727076 0.677274 0.727076 0.677009 0.726535 0.676478 0.726806 0.676213 0.727076 0.676213 0.727887 0.675418 0.727887 0.674357 0.728158 0.674092 0.727076 0.673031 0.726535 0.673031 0.726265 0.672766 0.725994 0.672766 0.725724 0.673031 0.725453 0.673031 0.725183 0.672766 0.724912 0.672766 0.72356 0.67144 0.72356 0.671175 0.722207 0.669849 0.722207 0.669584 0.720855 0.668258 0.720855 0.667993 0.719773 0.666932 0.719773 0.666401 0.719232 0.665871 0.719232 0.665606 0.719502 0.665341 0.719232 0.665076 0.719232 0.66481 0.718961 0.664545 0.718961 0.664015 0.717609 0.662689 0.717609 0.662424 0.716256 0.661098 0.716256 0.660833 0.715986 0.660567 0.715986 0.660302 0.716256 0.660037 0.715174 0.658976 0.715174 0.658711 0.713822 0.657385 0.713822 0.65712 0.71274 0.656059 0.71274 0.655794 0.711117 0.654203 0.710847 0.654468 0.709765 0.653408 0.709765 0.653142 0.708953 0.652347 0.708683 0.652347 0.708142 0.651816 0.707871 0.652082 0.707601 0.651816 0.70706 0.651816 0.706789 0.651551 0.706789 0.651286 0.705437 0.64996 0.705437 0.649695 0.704896 0.649165 0.704896 0.648634 0.703814 0.647574 0.703814 0.647308 0.702461 0.645982 0.702461 0.645717 0.701109 0.644391 0.701109 0.644126 0.700027 0.643065 0.700027 0.6428 0.698675 0.641474 0.698675 0.641209 0.697322 0.639883 0.697322 0.639618 0.69597 0.638292 0.69597 0.638027 0.694888 0.636966 0.694888 0.636701 0.693535 0.635375 0.693535 0.63511 0.692183 0.633784 0.692183 0.633519 0.69083 0.632193 0.690019 0.632193 0.689748 0.631928 0.689478 0.632193 0.689207 0.632193 0.688937 0.631928 0.688396 0.631928 0.687855 0.632458 0.687585 0.632458 0.687314 0.632193 0.686773 0.632193 0.685962 0.632989 0.685691 0.632723 0.685421 0.632723 0.68515 0.632989 0.68488 0.632989 0.684609 0.632723 0.684339 0.632989 0.684068 0.632723 0.682445 0.632723 0.680822 0.631132 0.680822 0.630867 0.680281 0.630337 0.680552 0.630072 0.680552 0.629806 0.680011 0.629276 0.680281 0.629011 0.680281 0.628746 0.680822 0.628215 0.680822 0.62795 0.680552 0.627685 0.680552 0.62742 0.680281 0.627155 0.680281 0.626889 0.678929 0.625564 0.678929 0.625298 0.677576 0.623972 0.677576 0.623707 0.677306 0.623442 0.677035 0.623442 0.676765 0.623177 0.676494 0.623442 0.676224 0.623442 0.675953 0.623177 0.675683 0.623177 0.674601 0.622116 0.674331 0.622381 0.673249 0.621321 0.673249 0.621055 0.672978 0.62079 0.673249 0.620525 0.673249 0.62026 0.672167 0.619199 0.672167 0.618934 0.671085 0.617873 0.670814 0.618138 0.669462 0.616813 0.669462 0.616547 0.66838 0.615487 0.668109 0.615752 0.666757 0.615752 0.666486 0.616017 0.666216 0.615752 0.666216 0.614956 0.665675 0.614426 0.665675 0.614161 0.665404 0.613896 0.665404 0.61363 0.665675 0.613365 0.664593 0.612304 0.664593 0.612039 0.663511 0.610979 0.663511 0.610713 0.662159 0.609387 0.662159 0.609122 0.660806 0.607796 0.660806 0.607531 0.659454 0.606205 0.659454 0.60594 0.658101 0.604614 0.658101 0.604349 0.657019 0.603288 0.657019 0.603023 0.655667 0.601697 0.655667 0.601432 0.654314 0.600106 0.654314 0.599841 0.652962 0.598515 0.652962 0.59825 0.65188 0.597189 0.65188 0.596924 0.650527 0.595598 0.650527 0.595333 0.649175 0.594007 0.649175 0.593742 0.647823 0.592416 0.647823 0.592151 0.646741 0.59109 0.646741 0.590825 0.645388 0.589499 0.645388 0.589234 0.644036 0.587908 0.644036 0.587643 0.643224 0.586847 0.643495 0.586582 0.642142 0.585256 0.642142 0.584991 0.64106 0.58393 0.64106 0.583665 0.639708 0.582339 0.639708 0.582074 0.638355 0.580748 0.638355 0.580483 0.637003 0.579157 0.637003 0.578892 0.635921 0.577831 0.635921 0.577566 0.634569 0.57624 0.634839 0.575975 0.63511 0.575975 0.634839 0.575709 0.634839 0.575444 0.63538 0.574914 0.63538 0.574649 0.636192 0.573853 0.635921 0.573588 0.636192 0.573323 0.636192 0.573058 0.636732 0.572527 0.636462 0.572262 0.636462 0.571466 0.636732 0.571201 0.636462 0.570936 0.636732 0.570671 0.636732 0.569875 0.636462 0.56961 0.636462 0.569345 0.636732 0.56908 0.636192 0.568549 0.636462 0.568284 0.636462 0.568019 0.635921 0.567489 0.635921 0.567224 0.63538 0.566693 0.635651 0.566428 0.634298 0.565102 0.634298 0.564837 0.633216 0.563776 0.633487 0.563511 0.633487 0.563246 0.633216 0.562981 0.633216 0.562715 0.631864 0.56139 0.631864 0.561124 0.630511 0.559798 0.630511 0.559533 0.629429 0.558473 0.629429 0.558207 0.628347 0.557147 0.628347 0.556616 0.627536 0.555821 0.627536 0.555556 0.626183 0.55423 0.626183 0.553964 0.624831 0.552639 0.624831 0.552373 0.623478 0.551047 0.623478 0.550782 0.622397 0.549722 0.622397 0.549456 0.621044 0.54813 0.621044 0.547865 0.619692 0.546539 0.619692 0.546274 0.619151 0.545744 0.61888 0.545744 0.617798 0.544683 0.617798 0.544418 0.616446 0.543092 0.616446 0.542827 0.615093 0.541501 0.615093 0.541236 0.613741 0.53991 0.613741 0.539645 0.612659 0.538584 0.612659 0.538319 0.611306 0.536993 0.611306 0.536728 0.609954 0.535402 0.609954 0.535137 0.608602 0.533811 0.608602 0.533545 0.60752 0.532485 0.60752 0.53222 0.606167 0.530894 0.606167 0.530628 0.604815 0.529303 0.604815 0.529037 0.603462 0.527711 0.603462 0.527446 0.60238 0.526386 0.60238 0.52612 0.601028 0.524794 0.601028 0.524529 0.599675 0.523203 0.599675 0.522938 0.598323 0.521612 0.598323 0.521347 0.597241 0.520286 0.597241 0.520021 0.595889 0.518695 0.595889 0.51843 0.594536 0.517104 0.594536 0.516839 0.593184 0.515513 0.593184 0.515248 0.592102 0.514187 0.591561 0.514187 0.590479 0.513126 0.590479 0.512861 0.589126 0.511535 0.589126 0.51127 0.588044 0.510209 0.588044 0.509944 0.586692 0.508618 0.586692 0.508353 0.585339 0.507027 0.585339 0.506762 0.583987 0.505436 0.583987 0.505171 0.582635 0.503845 0.582635 0.50358 0.581553 0.502519 0.581553 0.502254 0.5802 0.500928 0.5802 0.500663 0.578848 0.499337 0.578848 0.499072 0.577495 0.497746 0.577495 0.497481 0.576413 0.49642 0.576413 0.496155 0.575061 0.494829 0.575061 0.494564 0.573708 0.493238 0.573708 0.492973 0.572356 0.491647 0.572356 0.491382 0.571274 0.490321 0.571274 0.490056 0.569922 0.48873 0.569922 0.488465 0.568569 0.487139 0.568569 0.486874 0.567217 0.485548 0.567217 0.485282 0.566135 0.484222 0.566135 0.483957 0.564782 0.482631 0.564782 0.482365 0.56343 0.48104 0.56343 0.480774 0.562077 0.479448 0.562077 0.479183 0.560995 0.478123 0.560995 0.477062 0.559643 0.475736 0.559643 0.475471 0.558561 0.47441 0.558291 0.474675 0.557479 0.47388 0.557209 0.47388 0.556127 0.472819 0.556127 0.472554 0.554774 0.471228 0.554774 0.470963 0.554233 0.470432 0.553963 0.470432 0.553692 0.470697 0.553422 0.470432 0.553422 0.470167 0.55234 0.469106 0.55234 0.468841 0.551528 0.468046 0.551799 0.46778 0.551799 0.467515 0.550987 0.46672 0.550987 0.466455 0.550176 0.465659 0.550176 0.465129 0.549364 0.464333 0.549364 0.464068 0.549094 0.463803 0.548823 0.463803 0.547471 0.462477 0.547741 0.462212 0.546659 0.461151 0.546389 0.461151 0.546118 0.460886 0.545577 0.460886 0.545307 0.460621 0.545307 0.459825 0.544496 0.459029 0.544766 0.458764 0.544225 0.458234 0.544225 0.457969 0.542873 0.456643 0.542873 0.456378 0.54152 0.455052 0.54152 0.454787 0.540979 0.454256 0.540709 0.454256 0.539897 0.453461 0.539356 0.453461 0.538004 0.452135 0.538004 0.45187 0.536922 0.450809 0.536922 0.450544 0.535569 0.449218 0.535569 0.448953 0.535299 0.448687 0.535569 0.448422 0.535299 0.448157 0.535299 0.447892 0.534217 0.446831 0.534217 0.446566 0.532864 0.44524 0.532864 0.444975 0.532324 0.444444 0.532594 0.444179 0.531242 0.442853 0.531242 0.442588 0.529889 0.441262 0.529889 0.440997 0.529619 0.440732 0.529348 0.440732 0.528266 0.439671 0.528266 0.439141 0.527455 0.438345 0.527184 0.438345 0.526914 0.43808 0.526373 0.43808 0.525832 0.43755 0.525561 0.437815 0.525291 0.437815 0.52502 0.43755 0.52502 0.437285 0.524209 0.436489 0.524209 0.436224 0.52475 0.435693 0.52475 0.435428 0.523938 0.434633 0.523938 0.434368 0.523668 0.434102 0.523397 0.434102 0.522856 0.434633 0.522586 0.434633 0.522315 0.434368 0.522315 0.433307 0.521233 0.432246 0.521233 0.431981 0.520151 0.43092 0.520151 0.430655 0.518799 0.429329 0.518799 0.429064 0.517717 0.428003 0.517988 0.427738 0.517988 0.427473 0.517447 0.426942 0.517447 0.426677 0.516365 0.425617 0.516365 0.425351 0.515012 0.424025 0.515012 0.42376 0.51366 0.422434 0.51366 0.422169 0.513119 0.421639 0.51393 0.420843 0.513119 0.420048 0.512578 0.420048 0.512307 0.420313 0.512037 0.420313 0.511225 0.419517 0.511225 0.419252 0.510955 0.418987 0.510684 0.418987 0.510414 0.419252 0.510143 0.419252 0.509873 0.419517 0.509602 0.419517 0.508791 0.418722 0.50825 0.419252 0.507438 0.418457 0.507438 0.417926 0.507979 0.417396 0.508791 0.418191 0.509061 0.418191 0.509332 0.417926 0.509332 0.417661 0.509602 0.417396 0.50852 0.416335 0.50852 0.41607 0.50825 0.41607 0.507438 0.416866 0.506357 0.415805 0.506357 0.41554 0.505004 0.414214 0.505004 0.413949 0.503652 0.412623 0.503652 0.412357 0.502299 0.411032 0.502299 0.410766 0.501217 0.409706 0.501217 0.40944 0.500676 0.40891 0.500676 0.40838 0.499324 0.407054 0.499324 0.406789 0.497971 0.405463 0.497971 0.405198 0.49743 0.404667 0.49743 0.404402 0.497701 0.404137 0.496889 0.403341 0.496889 0.403076 0.495537 0.40175 0.495537 0.401485 0.494996 0.400955 0.494996 0.400159 0.494184 0.399364 0.493914 0.399364 0.493373 0.399894 0.493103 0.399894 0.492021 0.398833 0.492021 0.398568 0.490939 0.397507 0.490939 0.397242 0.489586 0.395916 0.489586 0.395651 0.488234 0.394325 0.488234 0.39406 0.487963 0.393795 0.487693 0.393795 0.486881 0.39459 0.485799 0.39353 0.485799 0.393264 0.48607 0.392999 0.48634 0.392999 0.486611 0.392734 0.486611 0.392204 0.485799 0.391408 0.485799 0.391143 0.484447 0.389817 0.484447 0.389552 0.483094 0.388226 0.483094 0.387961 0.481742 0.386635 0.481742 0.38637 0.48039 0.385044 0.48039 0.384779 0.479849 0.384779 0.479578 0.385044 0.479308 0.385044 0.479037 0.384779 0.479037 0.383187 0.477955 0.382127 0.477955 0.381862 0.477144 0.381066 0.477414 0.380801 0.476062 0.379475 0.476062 0.37921 0.474709 0.377884 0.474709 0.377619 0.473898 0.376823 0.473627 0.376823 0.473086 0.376293 0.472816 0.376293 0.472545 0.376028 0.472545 0.375497 0.471463 0.374436 0.471463 0.374171 0.470111 0.372845 0.470111 0.37258 0.469029 0.371519 0.469029 0.371254 0.467676 0.369928 0.467676 0.369663 0.466865 0.368868 0.466865 0.368337 0.466595 0.368072 0.467136 0.367542 0.467136 0.367277 0.467676 0.366746 0.467676 0.365951 0.467406 0.365685 0.467676 0.36542 0.467676 0.363829 0.467947 0.363564 0.467676 0.363299 0.467947 0.363034 0.467676 0.362768 0.467947 0.362503 0.467947 0.362238 0.467676 0.361973 0.467676 0.361708 0.467947 0.361443 0.467676 0.361177 0.467676 0.360647 0.467406 0.360382 0.467406 0.360117 0.467676 0.359851 0.467676 0.359321 0.467136 0.358791 0.467406 0.358526 0.467406 0.35826 0.466865 0.35773 0.466865 0.357465 0.467136 0.3572 0.467947 0.357995 0.467947 0.35826 0.469299 0.359586 0.469299 0.359851 0.470381 0.360912 0.470381 0.361177 0.471734 0.362503 0.471734 0.362768 0.473086 0.364094 0.473086 0.36436 0.474439 0.365685 0.474439 0.365951 0.475521 0.367011 0.475521 0.367277 0.476873 0.368602 0.476873 0.368868 0.478226 0.370194 0.478226 0.370459 0.479578 0.371785 0.479578 0.37205 0.48066 0.373111 0.48066 0.373376 0.482012 0.374702 0.482012 0.374967 0.483365 0.376293 0.483365 0.376558 0.484717 0.377884 0.484717 0.378149 0.48607 0.379475 0.48607 0.37974 0.487152 0.380801 0.487152 0.381066 0.488504 0.382392 0.488504 0.382657 0.489857 0.383983 0.489857 0.384248 0.491209 0.385574 0.491209 0.385839 0.492291 0.3869 0.492291 0.387165 0.493643 0.388491 0.493643 0.388756 0.494996 0.390082 0.494996 0.390347 0.496348 0.391673 0.496348 0.391938 0.49743 0.392999 0.49743 0.393264 0.498783 0.39459 0.498783 0.394855 0.499594 0.395651 0.500135 0.395651 0.500135 0.395386 0.499324 0.39459 0.499324 0.394325 0.498242 0.393264 0.498242 0.392999 0.496889 0.391673 0.496889 0.391408 0.495537 0.390082 0.495537 0.389817 0.494184 0.388491 0.494184 0.388226 0.492832 0.3869 0.492832 0.386635 0.49175 0.385574 0.49175 0.385309 0.490398 0.383983 0.490398 0.383718 0.489045 0.382392 0.489045 0.382127 0.487693 0.380801 0.487693 0.380536 0.486611 0.379475 0.486611 0.37921 0.485258 0.377884 0.485258 0.377619 0.483906 0.376293 0.483906 0.376028 0.482553 0.374702 0.482553 0.374436 0.481471 0.373376 0.481471 0.373111 0.480119 0.371785 0.480119 0.371519 0.478767 0.370194 0.478767 0.369928 0.477414 0.368602 0.477414 0.368337 0.476332 0.367277 0.476332 0.367011 0.47498 0.365685 0.47498 0.36542 0.473627 0.364094 0.473627 0.363829 0.472275 0.362503 0.472275 0.362238 0.471193 0.361177 0.471193 0.360912 0.46984 0.359586 0.46984 0.359321 0.468488 0.357995 0.468488 0.35773 0.467136 0.356404 0.467136 0.356139 0.466054 0.355078 0.466054 0.354813 0.464701 0.353487 0.464701 0.353222 0.463349 0.351896 0.463349 0.351631 0.461996 0.350305 0.461996 0.35004 0.460644 0.348714 0.460644 0.348449 0.459832 0.347653 0.459562 0.347653 0.459291 0.347388 0.459021 0.347388 0.458209 0.346592 0.457939 0.346858 0.457668 0.346592 0.457398 0.346858 0.457127 0.346858 0.456857 0.346592 0.456316 0.346592 0.456045 0.346858 0.455504 0.346327 0.455504 0.346062 0.455234 0.346327 0.454963 0.346062 0.454693 0.346327 0.454423 0.346062 0.454152 0.346062 0.453882 0.346327 0.453611 0.346062 0.45307 0.346592 0.4528 0.346327 0.452259 0.346327 0.451988 0.346062 0.451718 0.346327 0.451447 0.346062 0.450906 0.346592 0.450636 0.346327 0.450365 0.346327 0.450095 0.346592 0.449283 0.346592 0.448742 0.347123 0.448472 0.347123 0.448201 0.347388 0.44766 0.347388 0.446308 0.348714 0.446037 0.348714 0.444685 0.35004 0.444414 0.35004 0.443603 0.350835 0.443332 0.35057 0.443062 0.35057 0.442521 0.351101 0.44225 0.351101 0.441439 0.351896 0.440898 0.351896 0.440357 0.352426 0.440087 0.352161 0.439816 0.352161 0.439546 0.351896 0.439816 0.351631 0.439005 0.350835 0.438734 0.350835 0.438464 0.351101 0.438193 0.351101 0.437652 0.35057 0.437652 0.350305 0.437111 0.349775 0.436841 0.349775 0.435759 0.348714 0.435759 0.348449 0.434406 0.347123 0.434406 0.346858 0.433054 0.345532 0.433054 0.345267 0.431972 0.344206 0.431972 0.343941 0.430619 0.342615 0.430619 0.34235 0.429267 0.341024 0.429267 0.340758 0.427915 0.339433 0.427915 0.339167 0.426833 0.338107 0.426833 0.337841 0.42548 0.336516 0.42548 0.33625 0.424128 0.334924 0.424128 0.334659 0.422775 0.333333 0.422775 0.333068 0.421423 0.331742 0.420882 0.331742 0.42007 0.330947 0.42007 0.330682 0.4198 0.330416 0.419529 0.330416 0.419259 0.330682 0.418718 0.330151 0.418718 0.329886 0.418177 0.329886 0.417906 0.329621 0.417906 0.329356 0.417095 0.329356 0.416824 0.32909 0.416554 0.32909 0.416283 0.328825 0.416013 0.32909 0.415742 0.32909 0.415472 0.328825 0.415202 0.32909 0.414931 0.328825 0.413579 0.328825 0.413308 0.32856 0.412767 0.32909 0.411956 0.32909 0.411415 0.32856 0.411685 0.328295 0.411144 0.327765
