0 0.653122 0.600806 0.653122 0.601671 0.654486 0.601671 0.654759 0.601959 0.656395 0.601959 0.656668 0.602247 0.656668 0.601382 0.656395 0.601382 0.656122 0.601094 0.654759 0.601094 0.654486 0.600806
0 0.589855 0.59015 0.589855 0.590438 0.589583 0.590726 0.589583 0.591014 0.590401 0.591014 0.590674 0.591302 0.59231 0.591302 0.592582 0.59159 0.593946 0.59159 0.594219 0.591878 0.595582 0.591878 0.595855 0.592166 0.597491 0.592166 0.597764 0.592454 0.599127 0.592454 0.5994 0.592742 0.600764 0.592742 0.601036 0.59303 0.602672 0.59303 0.602945 0.593318 0.604309 0.593318 0.604581 0.593606 0.606218 0.593606 0.60649 0.593894 0.607854 0.593894 0.608127 0.594182 0.60949 0.594182 0.609763 0.59447 0.610581 0.59447 0.610581 0.594182 0.610854 0.593894 0.610581 0.593606 0.609763 0.593606 0.60949 0.593318 0.608127 0.593318 0.607854 0.59303 0.606218 0.59303 0.605945 0.592742 0.604581 0.592742 0.604309 0.592454 0.602945 0.592454 0.602672 0.592166 0.601036 0.592166 0.600764 0.591878 0.5994 0.591878 0.599127 0.59159 0.597764 0.59159 0.597491 0.591302 0.595855 0.591302 0.595582 0.591014 0.594219 0.591014 0.593946 0.590726 0.59231 0.590726 0.592037 0.590438 0.590674 0.590438 0.590401 0.59015
0 0.848923 0.512097 0.848923 0.513537 0.849196 0.513825 0.849196 0.514113 0.850559 0.514113 0.850559 0.513249 0.850286 0.512961 0.850286 0.512673 0.850014 0.512673 0.849741 0.512385 0.849741 0.512097
0 0.843196 0.507488 0.843196 0.507776 0.842923 0.508065 0.842923 0.508353 0.842651 0.508641 0.842378 0.508641 0.842378 0.510081 0.843469 0.510081 0.843469 0.509793 0.844014 0.509217 0.844287 0.509217 0.844287 0.508065 0.84456 0.507776 0.844014 0.507776 0.843741 0.507488
0 0.491683 0.414747 0.491683 0.415611 0.493319 0.415611 0.493319 0.415035 0.493046 0.414747
0 0.469594 0.411002 0.469594 0.411866 0.470684 0.411866 0.470684 0.41129 0.470412 0.411002
0 0.446414 0.407258 0.446414 0.407834 0.446687 0.408122 0.448323 0.408122 0.448323 0.407546 0.44805 0.407258
0 0.44505 0.40697 0.44505 0.407834 0.445869 0.407834 0.445869 0.40697
0 0.421598 0.401498 0.421598 0.402362 0.422143 0.402362 0.422416 0.40265 0.42378 0.40265 0.42378 0.401786 0.422416 0.401786 0.422143 0.401498
0 0.423507 0.395449 0.423234 0.395737 0.423234 0.396313 0.424325 0.396313 0.424325 0.395449
0 0.420507 0.392857 0.420507 0.393433 0.420235 0.393721 0.419962 0.393721 0.419962 0.394873 0.419689 0.395161 0.419689 0.395737 0.420507 0.395737 0.420507 0.395449 0.42078 0.395161 0.421325 0.395161 0.421325 0.393433 0.421598 0.393145 0.421325 0.393145 0.421053 0.392857
0 0.328606 0.383929 0.328334 0.384217 0.328334 0.384793 0.328879 0.384793 0.329152 0.385081 0.329152 0.384217 0.328879 0.383929
0 0.340333 0.383353 0.34006 0.383641 0.34006 0.384505 0.341151 0.384505 0.341151 0.383641 0.340878 0.383353
0 0.303245 0.381336 0.303245 0.381624 0.302972 0.381912 0.3027 0.381624 0.302427 0.381912 0.302427 0.382488 0.3027 0.382488 0.302972 0.382776 0.303791 0.382776 0.303791 0.382488 0.304063 0.3822 0.304336 0.3822 0.304336 0.381912 0.304609 0.381624 0.304336 0.381336
0 0.306518 0.381048 0.306518 0.381912 0.306245 0.3822 0.306518 0.382488 0.307063 0.382488 0.307063 0.3822 0.307336 0.381912 0.307336 0.381048
0 0.295882 0.380184 0.295882 0.38076 0.296155 0.381048 0.297246 0.381048 0.297246 0.380184
0 0.223616 0.379896 0.223343 0.380184 0.223071 0.380184 0.223071 0.380472 0.222798 0.38076 0.222798 0.381336 0.223616 0.381336 0.223616 0.381048 0.223889 0.38076 0.224161 0.381048 0.224434 0.38076 0.224434 0.380184 0.224161 0.380184 0.223889 0.379896
0 0.359695 0.37788 0.359695 0.379032 0.359422 0.37932 0.359695 0.37932 0.359967 0.379608 0.359967 0.379896 0.360785 0.379896 0.361058 0.380184 0.361603 0.380184 0.361603 0.37932 0.361876 0.379032 0.361876 0.378168 0.361058 0.378168 0.360785 0.37788
0 0.22607 0.37788 0.22607 0.378744 0.226343 0.379032 0.226616 0.379032 0.226888 0.378744 0.226888 0.37788
0 0.271884 0.377592 0.271884 0.378456 0.273248 0.378456 0.273248 0.377592
0 0.352059 0.376152 0.352059 0.37644 0.351786 0.376728 0.351786 0.37788 0.352059 0.37788 0.352332 0.378168 0.352604 0.378168 0.352877 0.37788 0.352877 0.376728 0.35315 0.37644 0.352877 0.376152
0 0.200164 0.376152 0.200164 0.377016 0.200982 0.377016 0.201254 0.376728 0.201254 0.37644 0.200982 0.376152
0 0.28252 0.375864 0.28252 0.376152 0.282247 0.37644 0.282247 0.376728 0.28252 0.377016 0.283065 0.377016 0.283065 0.37644 0.283338 0.376152 0.283338 0.375864
0 0.270248 0.375864 0.270248 0.377304 0.270794 0.377304 0.271066 0.377016 0.271066 0.375864
0 0.213799 0.375 0.213799 0.375576 0.214071 0.375864 0.21489 0.375864 0.21489 0.375
0 0.24925 0.374712 0.248977 0.375 0.248977 0.375288 0.248705 0.375576 0.248977 0.375864 0.250068 0.375864 0.250068 0.375576 0.250341 0.375288 0.250341 0.375 0.250068 0.374712
0 0.289883 0.372696 0.289883 0.373272 0.28961 0.37356 0.289337 0.37356 0.289065 0.373272 0.288519 0.373272 0.288247 0.37356 0.288247 0.374424 0.289337 0.374424 0.289337 0.374136 0.28961 0.373848 0.289883 0.374136 0.290701 0.374136 0.290701 0.37356 0.290974 0.373272 0.290974 0.372696
0 0.248977 0.372696 0.248705 0.372984 0.248705 0.37356 0.248977 0.37356 0.24925 0.373848 0.249523 0.373848 0.249795 0.37356 0.249795 0.372984 0.24925 0.372984
0 0.187074 0.372408 0.187074 0.373848 0.187892 0.373848 0.187892 0.372696 0.187619 0.372408
0 0.280611 0.370104 0.280611 0.370392 0.280338 0.37068 0.280338 0.371832 0.280611 0.371832 0.280884 0.37212 0.281156 0.37212 0.281156 0.370968 0.281429 0.37068 0.281429 0.370392 0.280884 0.370392
0 0.3027 0.368952 0.302427 0.36924 0.302427 0.369816 0.303518 0.369816 0.303518 0.368952
0 0.258522 0.368376 0.258522 0.368664 0.258249 0.368952 0.258249 0.369528 0.259613 0.369528 0.259613 0.368952 0.259885 0.368664 0.259613 0.368376
0 0.251704 0.368376 0.251704 0.36924 0.252522 0.36924 0.252522 0.368376
0 0.183529 0.3678 0.183529 0.368088 0.183256 0.368376 0.183256 0.369816 0.182983 0.370104 0.182983 0.371832 0.182711 0.37212 0.182711 0.37356 0.182438 0.373848 0.182711 0.374136 0.183256 0.374136 0.183256 0.373848 0.183529 0.37356 0.183801 0.37356 0.183801 0.372696 0.183529 0.372408 0.183529 0.371832 0.183801 0.371544 0.183801 0.370104 0.184074 0.369816 0.184074 0.3678
0 0.184074 0.364343 0.183801 0.364631 0.183801 0.366359 0.183529 0.366647 0.183529 0.367224 0.184347 0.367224 0.184347 0.366359 0.18462 0.366071 0.18462 0.364343
0 0.185165 0.357431 0.184892 0.357719 0.184892 0.359159 0.185165 0.359159 0.185438 0.358871 0.18571 0.358871 0.18571 0.358007
0 0.185438 0.353687 0.185438 0.355127 0.185165 0.355415 0.185165 0.356567 0.185438 0.356567 0.18571 0.356855 0.185983 0.356567 0.185983 0.355415 0.186256 0.355127 0.186256 0.353975 0.18571 0.353975
0 0.186256 0.349078 0.186256 0.349654 0.185983 0.349942 0.185983 0.351671 0.18571 0.351959 0.18571 0.352823 0.185983 0.353111 0.186256 0.352823 0.186528 0.352823 0.186528 0.351671 0.186801 0.351382 0.186801 0.349942 0.187074 0.349654 0.187074 0.349366 0.186801 0.349078
0 0.849741 0.156106 0.849741 0.156394 0.849468 0.156682 0.849741 0.15697 0.850286 0.15697 0.850832 0.156394 0.851104 0.156682 0.851104 0.15697 0.851377 0.157258 0.852468 0.157258 0.852741 0.157546 0.854104 0.157546 0.854377 0.157834 0.856013 0.157834 0.856286 0.158122 0.857649 0.158122 0.857922 0.15841 0.859286 0.15841 0.859558 0.158698 0.861194 0.158698 0.861467 0.158986 0.862831 0.158986 0.863103 0.159274 0.86474 0.159274 0.865012 0.159562 0.866376 0.159562 0.866648 0.15985 0.868012 0.15985 0.868285 0.160138 0.869921 0.160138 0.870194 0.160426 0.871557 0.160426 0.87183 0.160714 0.873193 0.160714 0.873466 0.161002 0.875102 0.161002 0.875375 0.16129 0.876738 0.16129 0.877011 0.161578 0.878375 0.161578 0.878647 0.161866 0.880284 0.161866 0.880556 0.162154 0.88192 0.162154 0.882193 0.162442 0.883556 0.162442 0.883829 0.16273 0.885465 0.16273 0.885738 0.163018 0.887101 0.163018 0.887374 0.163306 0.888737 0.163306 0.88901 0.163594 0.890646 0.163594 0.890919 0.163882 0.892283 0.163882 0.892555 0.164171 0.893919 0.164171 0.894191 0.164459 0.895828 0.164459 0.8961 0.164747 0.897464 0.164747 0.897737 0.165035 0.899373 0.165035 0.899645 0.165323 0.901009 0.165323 0.901282 0.165611 0.902645 0.165611 0.902918 0.165899 0.904554 0.165899 0.904827 0.166187 0.90619 0.166187 0.906463 0.166475 0.907827 0.166475 0.908099 0.166763 0.90919 0.166763 0.909463 0.167051 0.908917 0.167627 0.908645 0.167627 0.908645 0.167915 0.908372 0.168203 0.907281 0.168203 0.907281 0.168491 0.907008 0.168779 0.90619 0.168779 0.90619 0.169067 0.905918 0.169355 0.905645 0.169067 0.9051 0.169067 0.904827 0.169355 0.904827 0.169643 0.904554 0.169931 0.904281 0.169931 0.904009 0.170219 0.903736 0.170219 0.902918 0.171083 0.902645 0.171083 0.902645 0.171371 0.902373 0.171659 0.9021 0.171371 0.9021 0.171659 0.901827 0.171947 0.901282 0.171947 0.901009 0.172235 0.900464 0.172235 0.899373 0.173387 0.8991 0.173387 0.898555 0.173963 0.898282 0.173963 0.898282 0.174251 0.898009 0.174539 0.898009 0.174827 0.897737 0.175115 0.897464 0.175115 0.896918 0.175691 0.896646 0.175403 0.896373 0.175403 0.895555 0.176267 0.895282 0.176267 0.895282 0.176555 0.894737 0.177131 0.894191 0.177131 0.893919 0.177419 0.893646 0.177419 0.893646 0.177707 0.893373 0.177995 0.893101 0.177995 0.893101 0.178283 0.892283 0.179147 0.89201 0.179147 0.89201 0.179435 0.891737 0.179724 0.891464 0.179724 0.890919 0.1803 0.890646 0.1803 0.890101 0.180876 0.889283 0.180876 0.88901 0.180588 0.887647 0.180588 0.887374 0.1803 0.887101 0.1803 0.886828 0.180588 0.885192 0.180588 0.88492 0.180876 0.884101 0.180876 0.883829 0.180588 0.882465 0.180588 0.882193 0.1803 0.880556 0.1803 0.880284 0.180012 0.87892 0.180012 0.878647 0.179724 0.877284 0.179724 0.877011 0.179435 0.875375 0.179435 0.875102 0.179147 0.873739 0.179147 0.873466 0.178859 0.872103 0.178859 0.87183 0.178571 0.870194 0.178571 0.869921 0.178283 0.868557 0.178283 0.868285 0.177995 0.866921 0.177995 0.866648 0.177707 0.866103 0.177707 0.866103 0.177995 0.86583 0.178283 0.865012 0.178283 0.86474 0.177995 0.863376 0.177995 0.863103 0.177707 0.861467 0.177707 0.861194 0.177419 0.859831 0.177419 0.859558 0.177131 0.858195 0.177131 0.857922 0.176843 0.856286 0.176843 0.856013 0.176555 0.856013 0.175979 0.85465 0.175979 0.854377 0.175691 0.853831 0.175691 0.853831 0.175979 0.853559 0.176267 0.853013 0.176267 0.852741 0.175979 0.851377 0.175979 0.851377 0.176843 0.851104 0.177131 0.851104 0.178859 0.850832 0.179147 0.850832 0.180588 0.850559 0.180876 0.850559 0.182316 0.850286 0.182604 0.850286 0.184332 0.850014 0.18462 0.850014 0.18606 0.849741 0.186348 0.849741 0.188076 0.849468 0.188364 0.849468 0.189804 0.849196 0.190092 0.849196 0.191532 0.848923 0.19182 0.848923 0.193548 0.84865 0.193836 0.84865 0.195276 0.848377 0.195565 0.848377 0.197005 0.848105 0.197293 0.848105 0.199021 0.847832 0.199309 0.847832 0.200749 0.847559 0.201037 0.847559 0.202477 0.847287 0.202765 0.847287 0.204493 0.847014 0.204781 0.847014 0.206221 0.846741 0.206509 0.846741 0.207949 0.846469 0.208237 0.846469 0.209965 0.846196 0.210253 0.846196 0.211694 0.845923 0.211982 0.845923 0.213422 0.84565 0.21371 0.84565 0.215438 0.845378 0.215726 0.845378 0.217166 0.845105 0.217454 0.845105 0.219182 0.844832 0.21947 0.844832 0.22091 0.84456 0.221198 0.84456 0.222638 0.844287 0.222926 0.844287 0.224654 0.844014 0.224942 0.844014 0.226382 0.843741 0.226671 0.843741 0.228111 0.843469 0.228399 0.843469 0.230127 0.843196 0.230415 0.843196 0.231855 0.842923 0.232143 0.842923 0.233583 0.842651 0.233871 0.842651 0.235599 0.842378 0.235887 0.842378 0.237327 0.842105 0.237615 0.842105 0.239055 0.841833 0.239343 0.841833 0.241071 0.84156 0.241359 0.84156 0.2428 0.841287 0.243088 0.841287 0.244528 0.841014 0.244816 0.841014 0.246544 0.840742 0.246832 0.840742 0.248272 0.840469 0.24856 0.840469 0.25 0.840196 0.250288 0.840196 0.252016 0.839924 0.252304 0.839924 0.253744 0.839651 0.254032 0.839651 0.25576 0.839378 0.256048 0.839378 0.257488 0.839106 0.257776 0.839106 0.259217 0.838833 0.259505 0.838833 0.261233 0.83856 0.261521 0.83856 0.262961 0.838287 0.263249 0.838287 0.264689 0.838015 0.264977 0.838015 0.266705 0.837742 0.266993 0.837742 0.268433 0.837469 0.268721 0.837469 0.270161 0.837197 0.270449 0.837197 0.272177 0.836924 0.272465 0.836924 0.273906 0.836651 0.274194 0.836651 0.275634 0.836379 0.275922 0.836379 0.27765 0.836106 0.277938 0.836106 0.279378 0.835833 0.279666 0.835833 0.281106 0.83556 0.281394 0.83556 0.283122 0.835288 0.28341 0.835288 0.28485 0.835015 0.285138 0.835015 0.286578 0.834742 0.286866 0.834742 0.288594 0.83447 0.288882 0.83447 0.290323 0.834197 0.290611 0.834197 0.292339 0.833924 0.292627 0.833924 0.294067 0.833651 0.294355 0.833651 0.295795 0.833379 0.296083 0.833379 0.297811 0.833106 0.298099 0.833106 0.299539 0.832833 0.299827 0.832833 0.301267 0.832561 0.301555 0.832561 0.303283 0.832288 0.303571 0.832288 0.305012 0.832015 0.3053 0.832015 0.30674 0.831743 0.307028 0.831743 0.308756 0.83147 0.309044 0.83147 0.310484 0.831197 0.310772 0.831197 0.312212 0.830924 0.3125 0.830924 0.314228 0.830652 0.314516 0.830652 0.315956 0.830379 0.316244 0.830379 0.317684 0.830106 0.317972 0.830106 0.3197 0.829834 0.319988 0.829834 0.321429 0.829561 0.321717 0.829561 0.323445 0.829288 0.323733 0.829288 0.325173 0.829016 0.325461 0.829016 0.326901 0.828743 0.327189 0.828743 0.328917 0.82847 0.329205 0.82847 0.330645 0.828197 0.330933 0.828197 0.332373 0.827925 0.332661 0.827925 0.334389 0.827652 0.334677 0.827652 0.336118 0.827379 0.336406 0.827379 0.337846 0.827107 0.338134 0.827107 0.339862 0.826834 0.34015 0.826834 0.34159 0.826561 0.341878 0.826561 0.343318 0.826289 0.343606 0.826289 0.345334 0.826016 0.345622 0.826016 0.347062 0.825743 0.34735 0.825743 0.34879 0.82547 0.349078 0.82547 0.350806 0.825198 0.351094 0.825198 0.352535 0.824925 0.352823 0.824925 0.354263 0.824652 0.354551 0.824652 0.356279 0.82438 0.356567 0.82438 0.358007 0.824107 0.358295 0.824107 0.360023 0.823834 0.360311 0.823834 0.361751 0.823561 0.362039 0.823561 0.363479 0.823289 0.363767 0.823289 0.365495 0.823016 0.365783 0.823016 0.367224 0.822743 0.367512 0.822743 0.368952 0.822471 0.36924 0.822471 0.370968 0.822198 0.371256 0.822198 0.372696 0.821925 0.372984 0.821925 0.374424 0.821653 0.374712 0.821653 0.37644 0.82138 0.376728 0.82138 0.378168 0.821107 0.378456 0.821107 0.379896 0.820834 0.380184 0.820834 0.381912 0.820562 0.3822 0.820562 0.383641 0.820289 0.383929 0.820289 0.385369 0.820016 0.385657 0.820016 0.387385 0.819744 0.387673 0.819744 0.389113 0.819471 0.389401 0.819471 0.390841 0.819198 0.391129 0.819198 0.392857 0.818926 0.393145 0.818926 0.394585 0.818653 0.394873 0.818653 0.396601 0.81838 0.396889 0.81838 0.398329 0.818107 0.398618 0.818107 0.400058 0.817835 0.400346 0.817835 0.402074 0.817562 0.402362 0.817562 0.403802 0.817289 0.40409 0.817289 0.40553 0.817017 0.405818 0.817017 0.407546 0.816744 0.407834 0.816744 0.409274 0.816471 0.409562 0.816471 0.411002 0.816199 0.41129 0.816199 0.413018 0.815926 0.413306 0.815926 0.414747 0.815653 0.415035 0.815653 0.416475 0.81538 0.416763 0.81538 0.418491 0.815108 0.418779 0.815108 0.420219 0.814835 0.420507 0.814835 0.421947 0.814562 0.422235 0.814562 0.423963 0.81429 0.424251 0.81429 0.425691 0.814017 0.425979 0.814017 0.427707 0.813744 0.427995 0.813744 0.429435 0.813472 0.429724 0.813472 0.431164 0.813199 0.431452 0.813199 0.43318 0.812926 0.433468 0.812926 0.434908 0.812653 0.435196 0.812653 0.436636 0.812381 0.436924 0.812381 0.438652 0.812108 0.43894 0.812108 0.44038 0.811835 0.440668 0.811835 0.442108 0.811563 0.442396 0.811563 0.444124 0.81129 0.444412 0.81129 0.445853 0.811017 0.446141 0.811017 0.447581 0.810744 0.447869 0.810744 0.449597 0.810472 0.449885 0.810472 0.451325 0.810199 0.451613 0.810199 0.453053 0.809926 0.453341 0.809926 0.455069 0.809654 0.455357 0.809654 0.456797 0.809381 0.457085 0.809381 0.458525 0.809108 0.458813 0.809108 0.460541 0.808563 0.461118 0.806927 0.461118 0.806654 0.460829 0.80529 0.460829 0.805018 0.460541 0.803382 0.460541 0.803382 0.461982 0.803109 0.46227 0.803109 0.46371 0.802563 0.464286 0.802018 0.464286 0.801745 0.463998 0.801745 0.46371 0.801473 0.463422 0.8012 0.463422 0.800654 0.463998 0.800109 0.463998 0.799836 0.46371 0.799291 0.464286 0.7982 0.464286 0.797927 0.463998 0.796564 0.463998 0.796291 0.46371 0.795746 0.46371 0.795473 0.463422 0.795473 0.463134 0.794928 0.463134 0.794655 0.462846 0.794382 0.462846 0.793837 0.463422 0.793564 0.463422 0.793292 0.46371 0.792746 0.46371 0.792473 0.463998 0.792201 0.46371 0.792201 0.463422 0.791383 0.463422 0.79111 0.463134 0.79111 0.462846 0.790019 0.462846 0.789746 0.463134 0.789474 0.463134 0.789201 0.463422 0.788928 0.463134 0.788928 0.462846 0.787837 0.462846 0.787565 0.462558 0.786201 0.462558 0.785929 0.46227 0.784292 0.46227 0.78402 0.461982 0.782656 0.461982 0.782383 0.461694 0.780747 0.461694 0.780475 0.461406 0.780475 0.461694 0.780202 0.461982 0.779111 0.461982 0.778838 0.461694 0.777475 0.461694 0.777202 0.461406 0.776111 0.461406 0.775839 0.461118 0.775839 0.460829 0.775566 0.460829 0.775293 0.460541 0.775293 0.460253 0.774475 0.460253 0.774202 0.460541 0.77393 0.460541 0.773657 0.460253 0.771748 0.460253 0.771475 0.459965 0.770385 0.459965 0.769839 0.459389 0.768748 0.459389 0.768476 0.459101 0.767657 0.459101 0.767385 0.459389 0.767112 0.459389 0.766839 0.459101 0.765203 0.459101 0.765203 0.460253 0.76493 0.460541 0.764658 0.460253 0.763022 0.460253 0.762749 0.459965 0.761385 0.459965 0.761113 0.459677 0.759749 0.459677 0.759476 0.459389 0.758931 0.459389 0.758658 0.459101 0.758658 0.458813 0.758931 0.458525 0.759204 0.458525 0.759749 0.457949 0.760022 0.457949 0.760022 0.457373 0.759749 0.457085 0.758931 0.457085 0.758658 0.456797 0.758658 0.456509 0.758386 0.456221 0.757567 0.456221 0.757022 0.456797 0.756749 0.456509 0.756749 0.456221 0.756477 0.455933 0.755659 0.455933 0.755113 0.456509 0.75484 0.456221 0.753204 0.456221 0.752932 0.455933 0.751568 0.455933 0.751295 0.455645 0.749932 0.455645 0.749659 0.455357 0.748023 0.455357 0.74775 0.455069 0.746932 0.455069 0.746932 0.455357 0.746387 0.455933 0.746114 0.455645 0.746114 0.455357 0.74475 0.455357 0.744478 0.455645 0.744205 0.455357 0.743932 0.455645 0.74366 0.455357 0.742842 0.455357 0.742569 0.455069 0.742023 0.455069 0.741751 0.454781 0.741205 0.454781 0.740933 0.454493 0.740387 0.454493 0.740115 0.454781 0.739842 0.454781 0.739569 0.455069 0.739024 0.454493 0.737933 0.454493 0.737388 0.453917 0.736024 0.453917 0.735751 0.453629 0.734115 0.453629 0.733842 0.453341 0.732479 0.453341 0.732206 0.453053 0.730843 0.453053 0.73057 0.452765 0.728934 0.452765 0.728661 0.452477 0.72757 0.452477 0.72757 0.453629 0.727025 0.454205 0.726752 0.454205 0.726479 0.453917 0.726479 0.452477 0.726207 0.452477 0.725934 0.452189 0.725661 0.452189 0.725389 0.451901 0.723752 0.451901 0.72348 0.451613 0.722116 0.451613 0.721843 0.451325 0.720207 0.451325 0.719935 0.451037 0.718571 0.451037 0.718298 0.450749 0.716935 0.450749 0.716662 0.450461 0.715026 0.450461 0.714753 0.450173 0.71339 0.450173 0.713117 0.449885 0.712299 0.449885 0.712026 0.449597 0.712026 0.449309 0.711753 0.449309 0.711481 0.449021 0.711753 0.448733 0.711481 0.448445 0.710935 0.448445 0.710935 0.448733 0.710663 0.449021 0.709845 0.449021 0.709572 0.449309 0.708208 0.449309 0.707936 0.449021 0.706572 0.449021 0.706299 0.448733 0.705481 0.448733 0.705209 0.449021 0.704663 0.449021 0.704391 0.448733 0.703027 0.448733 0.702754 0.448445 0.701118 0.448445 0.700845 0.448157 0.699482 0.448157 0.699209 0.447869 0.698391 0.447869 0.697846 0.448445 0.697573 0.448157 0.697028 0.448157 0.696755 0.447869 0.696755 0.447581 0.695937 0.447581 0.695664 0.447293 0.695391 0.447293 0.694846 0.447869 0.694573 0.447581 0.694573 0.447293 0.694301 0.447293 0.693755 0.446717 0.692664 0.446717 0.692392 0.446429 0.692119 0.446717 0.691846 0.446429 0.691028 0.446429 0.690755 0.446141 0.69021 0.446141 0.689937 0.446429 0.689119 0.446429 0.688846 0.446141 0.687483 0.446141 0.68721 0.445853 0.685574 0.445853 0.685301 0.446141 0.684756 0.446141 0.684483 0.445853 0.684483 0.445565 0.683938 0.445565 0.683665 0.445276 0.683392 0.445276 0.68312 0.444988 0.682302 0.444988 0.682029 0.4447 0.681756 0.444988 0.681484 0.444988 0.681484 0.445276 0.681211 0.445565 0.680393 0.445565 0.68012 0.445276 0.679302 0.445276 0.679029 0.444988 0.679029 0.4447 0.678756 0.4447 0.678484 0.444412 0.676848 0.444412 0.676575 0.444124 0.676029 0.4447 0.675757 0.444412 0.675757 0.444124 0.674939 0.444124 0.674666 0.444412 0.674393 0.444124 0.674393 0.443836 0.673302 0.443836 0.67303 0.444124 0.671939 0.444124 0.671666 0.443836 0.671666 0.443548 0.671394 0.44326 0.67003 0.44326 0.669757 0.442972 0.668394 0.442972 0.668121 0.442684 0.666485 0.442684 0.666212 0.442396 0.665667 0.442396 0.665394 0.442108 0.664849 0.442108 0.664576 0.44182 0.663212 0.44182 0.66294 0.441532 0.661576 0.441532 0.661304 0.441244 0.659667 0.441244 0.659395 0.440956 0.658031 0.440956 0.657758 0.440668 0.656122 0.440668 0.655849 0.44038 0.654486 0.44038 0.654213 0.440092 0.65285 0.440092 0.652577 0.439804 0.650941 0.439804 0.650668 0.439516 0.650123 0.439516 0.64985 0.439804 0.649305 0.439804 0.649032 0.439516 0.647396 0.439516 0.647123 0.439228 0.645759 0.439228 0.645487 0.43894 0.644941 0.43894 0.644941 0.439516 0.644669 0.439804 0.644396 0.439516 0.644123 0.439516 0.643851 0.439228 0.643305 0.439228 0.643032 0.43894 0.643032 0.438652 0.64276 0.438364 0.642487 0.438364 0.642214 0.438076 0.641396 0.438076 0.641124 0.438364 0.640851 0.438364 0.640851 0.438652 0.640578 0.43894 0.640305 0.43894 0.640033 0.439228 0.638942 0.439228 0.638669 0.43894 0.637851 0.43894 0.637578 0.438652 0.637578 0.438364 0.637033 0.438364 0.63676 0.438076 0.635397 0.438076 0.635124 0.437788 0.633761 0.437788 0.633488 0.4375 0.631852 0.4375 0.631579 0.437212 0.631306 0.437212 0.631034 0.436924 0.631034 0.436636 0.629943 0.436636 0.62967 0.436924 0.629397 0.436636 0.629397 0.436348 0.628579 0.436348 0.628307 0.43606 0.627761 0.43606 0.627761 0.436348 0.627488 0.436636 0.62667 0.436636 0.626398 0.436348 0.625034 0.436348 0.624761 0.43606 0.623398 0.43606 0.623125 0.435772 0.621489 0.435772 0.620944 0.435196 0.620944 0.434908 0.620671 0.43462 0.619853 0.43462 0.61958 0.434332 0.619307 0.43462 0.619035 0.43462 0.619035 0.434908 0.618762 0.435196 0.618217 0.435196 0.617944 0.434908 0.617398 0.434908 0.617126 0.43462 0.617126 0.434332 0.616308 0.434332 0.616035 0.434044 0.614671 0.434044 0.614399 0.433756 0.613308 0.433756 0.612762 0.43318 0.611126 0.43318 0.610854 0.432892 0.60949 0.432892 0.609217 0.432604 0.607854 0.432604 0.607581 0.432316 0.605945 0.432316 0.605672 0.432028 0.604309 0.432028 0.604036 0.43174 0.602672 0.43174 0.6024 0.431452 0.600491 0.431452 0.599945 0.432028 0.5994 0.432028 0.599127 0.432316 0.597218 0.432316 0.596946 0.432028 0.596946 0.431452 0.596673 0.431164 0.596673 0.430876 0.595855 0.430876 0.595582 0.431164 0.59531 0.431164 0.59531 0.431452 0.595037 0.43174 0.594491 0.43174 0.594219 0.431452 0.594219 0.431164 0.593946 0.430876 0.593946 0.4303 0.593673 0.430012 0.59231 0.430012 0.592037 0.429724 0.591764 0.429724 0.591492 0.430012 0.591492 0.4303 0.591219 0.430588 0.590674 0.430588 0.590674 0.430876 0.590401 0.431164 0.590128 0.430876 0.590128 0.4303 0.589583 0.4303 0.58931 0.430012 0.58931 0.429724 0.589037 0.429435 0.588765 0.429435 0.588492 0.429147 0.587128 0.429147 0.586856 0.429435 0.586583 0.429435 0.58631 0.429724 0.586038 0.429435 0.586038 0.429147 0.585765 0.428859 0.58522 0.428859 0.584947 0.428571 0.583583 0.428571 0.583311 0.428283 0.582493 0.428283 0.58222 0.428571 0.581674 0.428571 0.581402 0.428859 0.581129 0.428859 0.580311 0.427995 0.580038 0.427995 0.579765 0.427707 0.578402 0.427707 0.578129 0.427995 0.577857 0.427995 0.577584 0.428283 0.576766 0.428283 0.576493 0.427995 0.576493 0.427707 0.57622 0.427419 0.57622 0.427131 0.574857 0.427131 0.574584 0.426843 0.573493 0.426843 0.573221 0.427131 0.572948 0.427131 0.572675 0.426843 0.57213 0.427419 0.571857 0.427131 0.571857 0.426843 0.571584 0.426555 0.571312 0.426555 0.571039 0.426267 0.567767 0.426267 0.567494 0.425979 0.567494 0.425691 0.56613 0.425691 0.565858 0.425403 0.564494 0.425403 0.564221 0.425115 0.562858 0.425115 0.562585 0.424827 0.560949 0.424827 0.560676 0.424539 0.559858 0.424539 0.559585 0.424827 0.55904 0.424251 0.557404 0.424251 0.557131 0.423963 0.555768 0.423963 0.555495 0.423675 0.554131 0.423675 0.553859 0.423387 0.552223 0.423387 0.55195 0.423099 0.550586 0.423099 0.550586 0.423963 0.550314 0.424251 0.550041 0.424251 0.549768 0.424539 0.549223 0.424539 0.54895 0.424251 0.548677 0.424251 0.548132 0.423675 0.548132 0.423387 0.547859 0.423099 0.547859 0.422523 0.547041 0.422523 0.546768 0.422235 0.545405 0.422235 0.545132 0.421947 0.54486 0.421947 0.544587 0.422235 0.544587 0.423099 0.544314 0.423387 0.543496 0.423387 0.543223 0.423099 0.54186 0.423099 0.541587 0.422811 0.540224 0.422811 0.539951 0.422523 0.538315 0.422523 0.538042 0.422235 0.536678 0.422235 0.536406 0.421947 0.535042 0.421947 0.53477 0.421659 0.533133 0.421659 0.532861 0.421371 0.531497 0.421371 0.531224 0.421083 0.529588 0.421083 0.529316 0.420795 0.527952 0.420795 0.527679 0.420507 0.526316 0.420507 0.526043 0.420219 0.524407 0.420219 0.524134 0.419931 0.522771 0.419931 0.522498 0.419643 0.521134 0.419643 0.520862 0.419355 0.519226 0.419355 0.518953 0.419067 0.517589 0.419067 0.517317 0.418779 0.515953 0.418779 0.51568 0.418491 0.514044 0.418491 0.513771 0.418203 0.512408 0.418203 0.512135 0.417915 0.510772 0.417915 0.510499 0.417627 0.509408 0.417627 0.508863 0.418203 0.508317 0.418203 0.508317 0.418491 0.508045 0.418779 0.507772 0.418779 0.507499 0.418491 0.507499 0.418203 0.507227 0.418203 0.506954 0.417915 0.506954 0.417051 0.505863 0.417051 0.505318 0.417627 0.504227 0.417627 0.504227 0.417915 0.503954 0.418203 0.503681 0.417915 0.503681 0.417627 0.503409 0.417339 0.503136 0.417339 0.502863 0.417051 0.503136 0.416763 0.503136 0.416475 0.502045 0.416475 0.501773 0.416187 0.501227 0.416187 0.500954 0.416475 0.500409 0.416475 0.500136 0.416763 0.499046 0.416763 0.4985 0.416187 0.4985 0.415899 0.498227 0.415611 0.496864 0.415611 0.496591 0.415323 0.496591 0.415611 0.496046 0.416187 0.494955 0.416187 0.494682 0.415899 0.49441 0.415899 0.493864 0.416475 0.493319 0.416475 0.493046 0.416187 0.49141 0.416187 0.491137 0.415899 0.489774 0.415899 0.489501 0.415611 0.489774 0.415323 0.490046 0.415323 0.490046 0.414459 0.489774 0.414459 0.489501 0.414171 0.489228 0.414171 0.489228 0.415035 0.489501 0.415035 0.489774 0.415323 0.489501 0.415611 0.488137 0.415611 0.487865 0.415323 0.486229 0.415323 0.485956 0.415035 0.484592 0.415035 0.48432 0.414747 0.482956 0.414747 0.482683 0.414459 0.482956 0.414171 0.483229 0.414171 0.483229 0.413594 0.483501 0.413306 0.482956 0.413306 0.482683 0.413018 0.48132 0.413018 0.481047 0.413306 0.481047 0.413594 0.48132 0.413882 0.482683 0.413882 0.482956 0.414171 0.482683 0.414459 0.481047 0.414459 0.480774 0.414171 0.479411 0.414171 0.479138 0.413882 0.477775 0.413882 0.477502 0.413594 0.475866 0.413594 0.475593 0.413306 0.47423 0.413306 0.473957 0.413018 0.472593 0.413018 0.472321 0.41273 0.470684 0.41273 0.470412 0.412442 0.469048 0.412442 0.468776 0.412154 0.467139 0.412154 0.466867 0.411866 0.465503 0.411866 0.46523 0.411578 0.463867 0.411578 0.463594 0.41129 0.461958 0.41129 0.461685 0.411002 0.460322 0.411002 0.460049 0.410714 0.460322 0.410426 0.460867 0.410426 0.460867 0.40985 0.46114 0.409562 0.460322 0.409562 0.460049 0.409274 0.459231 0.409274 0.458958 0.409562 0.458958 0.410138 0.460049 0.410138 0.460322 0.410426 0.460049 0.410714 0.458686 0.410714 0.458413 0.410426 0.456777 0.410426 0.456504 0.410138 0.45514 0.410138 0.454868 0.40985 0.453504 0.40985 0.453232 0.409562 0.451595 0.409562 0.451323 0.409274 0.449959 0.409274 0.449686 0.408986 0.448323 0.408986 0.44805 0.408698 0.446414 0.408698 0.446141 0.40841 0.444778 0.40841 0.444505 0.408122 0.443142 0.408122 0.442869 0.407834 0.441233 0.407834 0.44096 0.407546 0.439596 0.407546 0.439324 0.407258 0.437687 0.407258 0.437415 0.40697 0.436051 0.40697 0.435779 0.406682 0.434415 0.406682 0.434142 0.406394 0.432506 0.406394 0.432233 0.406106 0.43087 0.406106 0.430597 0.405818 0.429234 0.405818 0.428961 0.40553 0.428143 0.40553 0.42787 0.405242 0.428143 0.404954 0.427597 0.404954 0.427325 0.404666 0.427325 0.403802 0.425961 0.403802 0.425961 0.404378 0.425689 0.404666 0.425416 0.404378 0.424052 0.404378 0.423234 0.403514 0.421871 0.403514 0.421598 0.403802 0.421053 0.403802 0.42078 0.403514 0.42078 0.402938 0.420507 0.402938 0.420235 0.40265 0.41778 0.40265 0.417507 0.402362 0.417235 0.402362 0.416962 0.402074 0.415871 0.402074 0.415599 0.401786 0.415599 0.401498 0.415326 0.401498 0.415053 0.40121 0.41369 0.40121 0.413144 0.400634 0.413144 0.400346 0.413417 0.400058 0.41369 0.400346 0.41478 0.400346 0.41478 0.400058 0.415053 0.39977 0.415326 0.39977 0.415599 0.399482 0.416144 0.399482 0.416417 0.39977 0.416417 0.400346 0.416144 0.400634 0.416962 0.400634 0.417235 0.400922 0.418871 0.400922 0.419144 0.40121 0.42078 0.40121 0.42078 0.400346 0.420507 0.400058 0.420507 0.398906 0.42078 0.398618 0.420507 0.398329 0.419144 0.398329 0.418871 0.398041 0.418871 0.397177 0.419144 0.396889 0.419416 0.397177 0.419689 0.396889 0.419689 0.396313 0.419416 0.396313 0.419144 0.396025 0.419144 0.394873 0.418871 0.394585 0.41778 0.394585 0.417507 0.394297 0.417507 0.394873 0.417235 0.395161 0.417235 0.396601 0.416962 0.396889 0.416689 0.396601 0.415871 0.396601 0.415599 0.396313 0.415599 0.396601 0.415326 0.396889 0.415326 0.398041 0.415053 0.398329 0.41478 0.398329 0.414235 0.398906 0.413962 0.398906 0.41369 0.399194 0.413417 0.399194 0.413417 0.400058 0.413144 0.400346 0.412599 0.400346 0.412326 0.400058 0.412599 0.39977 0.412599 0.398906 0.412326 0.398906 0.412053 0.398618 0.412053 0.398329 0.412326 0.398041 0.412053 0.397753 0.412053 0.397465 0.411781 0.397177 0.410963 0.397177 0.410963 0.397465 0.41069 0.397753 0.410417 0.397753 0.410145 0.397465 0.410145 0.397753 0.409872 0.398041 0.409599 0.398041 0.409326 0.398329 0.408508 0.398329 0.408236 0.398041 0.408236 0.397753 0.407963 0.397753 0.40769 0.397465 0.40769 0.396601 0.407418 0.396313 0.407418 0.396025 0.40769 0.395737 0.407145 0.395737 0.406599 0.395161 0.406599 0.394873 0.405781 0.394009 0.406054 0.393721 0.406054 0.393433 0.405509 0.393433 0.405236 0.393145 0.40469 0.393145 0.40469 0.393433 0.404418 0.393721 0.404145 0.393721 0.403872 0.394009 0.403872 0.394585 0.40469 0.394585 0.404963 0.394873 0.404963 0.395161 0.405236 0.395161 0.405781 0.395737 0.405509 0.396025 0.405509 0.396313 0.405781 0.396313 0.406054 0.396601 0.406054 0.396889 0.406327 0.397177 0.406054 0.397465 0.405236 0.397465 0.404963 0.397177 0.404418 0.397177 0.404145 0.396889 0.404145 0.396601 0.4036 0.396601 0.403327 0.396313 0.403054 0.396313 0.402782 0.396025 0.402782 0.395737 0.402509 0.395449 0.402509 0.394873 0.402236 0.394873 0.401963 0.394585 0.402236 0.394297 0.402509 0.394297 0.402509 0.393721 0.402782 0.393433 0.402509 0.393433 0.402236 0.393145 0.402236 0.392857 0.401963 0.392569 0.401963 0.391705 0.400873 0.391705 0.4006 0.391993 0.400055 0.391993 0.400055 0.392569 0.399782 0.392857 0.398691 0.392857 0.398418 0.392569 0.398146 0.392569 0.397328 0.391705 0.397328 0.391417 0.396509 0.390553 0.396509 0.389689 0.396237 0.389401 0.395691 0.389401 0.395419 0.389113 0.395419 0.388825 0.395146 0.388537 0.39351 0.388537 0.393237 0.388249 0.393237 0.388537 0.392964 0.388825 0.392692 0.388537 0.392692 0.388249 0.392419 0.387961 0.392419 0.387673 0.391873 0.387673 0.391601 0.387385 0.391055 0.387385 0.39051 0.387961 0.390237 0.387961 0.389965 0.387673 0.389419 0.387673 0.389419 0.387961 0.388874 0.388537 0.388601 0.388537 0.388601 0.388825 0.388328 0.389113 0.388056 0.388825 0.38751 0.389401 0.386419 0.389401 0.386147 0.389113 0.386147 0.388537 0.386419 0.388249 0.386419 0.387961 0.386147 0.387673 0.385056 0.387673 0.384783 0.387385 0.384783 0.386809 0.38451 0.386809 0.384238 0.386521 0.384238 0.385945 0.38342 0.385945 0.382874 0.385369 0.382874 0.385081 0.381511 0.385081 0.381238 0.384793 0.379875 0.384793 0.379602 0.384505 0.378238 0.384505 0.377966 0.384217 0.376329 0.384217 0.376057 0.384505 0.375784 0.384505 0.375511 0.384217 0.375784 0.383929 0.374693 0.383929 0.374421 0.383641 0.374421 0.383065 0.37333 0.383065 0.373057 0.382776 0.373057 0.382488 0.372784 0.382488 0.372512 0.3822 0.372239 0.3822 0.371966 0.381912 0.371421 0.381912 0.371148 0.381624 0.369512 0.381624 0.369239 0.381336 0.367876 0.381336 0.367603 0.381048 0.366239 0.381048 0.365967 0.38076 0.365967 0.380472 0.365694 0.380184 0.364603 0.380184 0.364603 0.380472 0.364331 0.38076 0.364058 0.380472 0.363512 0.380472 0.36324 0.38076 0.362149 0.38076 0.361876 0.381048 0.360785 0.381048 0.360513 0.38076 0.359422 0.38076 0.359149 0.381048 0.358604 0.380472 0.357513 0.380472 0.35724 0.380184 0.356695 0.380184 0.356695 0.380472 0.356422 0.38076 0.356422 0.381048 0.356149 0.381336 0.355877 0.381336 0.355604 0.381624 0.355331 0.381336 0.355331 0.38076 0.355604 0.380472 0.355604 0.380184 0.355331 0.379896 0.354786 0.379896 0.354786 0.380184 0.354513 0.380472 0.354241 0.380472 0.353968 0.38076 0.353968 0.381048 0.353422 0.381624 0.352604 0.381624 0.352604 0.381912 0.352332 0.3822 0.352059 0.3822 0.351786 0.381912 0.350423 0.381912 0.35015 0.3822 0.349877 0.381912 0.349605 0.381912 0.349332 0.3822 0.349059 0.3822 0.348786 0.382488 0.348514 0.382488 0.348241 0.3822 0.348241 0.381912 0.348514 0.381624 0.348241 0.381336 0.346878 0.381336 0.346605 0.381048 0.346332 0.381048 0.346332 0.381624 0.346059 0.381912 0.346059 0.382488 0.346605 0.383065 0.346332 0.383353 0.346059 0.383353 0.345514 0.383929 0.345241 0.383929 0.344969 0.384217 0.344696 0.384217 0.344423 0.383929 0.34306 0.383929 0.342787 0.384217 0.342514 0.384217 0.342514 0.384793 0.341969 0.385369 0.341151 0.385369 0.340878 0.385081 0.340605 0.385369 0.340333 0.385369 0.340333 0.385657 0.34006 0.385945 0.339515 0.385945 0.339242 0.386233 0.338424 0.386233 0.338151 0.386521 0.337333 0.386521 0.33706 0.386809 0.336788 0.386809 0.336788 0.387097 0.336515 0.387385 0.335969 0.387385 0.335697 0.387673 0.335424 0.387385 0.334606 0.387385 0.334606 0.387673 0.334333 0.387961 0.334061 0.387961 0.333788 0.387673 0.333242 0.387673 0.333242 0.387961 0.33297 0.388249 0.331061 0.388249 0.330788 0.388537 0.328606 0.388537 0.328334 0.388825 0.327243 0.388825 0.327243 0.389113 0.32697 0.389401 0.326698 0.389113 0.325607 0.389113 0.325334 0.389401 0.325061 0.389401 0.324789 0.389113 0.323425 0.389113 0.323152 0.388825 0.321789 0.388825 0.321516 0.388537 0.31988 0.388537 0.319607 0.388249 0.318244 0.388249 0.317971 0.387961 0.317426 0.387961 0.317153 0.387673 0.317153 0.387097 0.316608 0.387097 0.316335 0.386809 0.316335 0.387385 0.316062 0.387673 0.315789 0.387385 0.315789 0.386809 0.314971 0.386809 0.314971 0.387385 0.314699 0.387673 0.314426 0.387385 0.313062 0.387385 0.31279 0.387097 0.311154 0.387097 0.311154 0.387961 0.310881 0.388249 0.310881 0.389401 0.310608 0.389689 0.310335 0.389689 0.310063 0.389401 0.310063 0.388249 0.309517 0.388249 0.309245 0.387961 0.309245 0.386521 0.308972 0.386233 0.308972 0.385657 0.308154 0.385657 0.307881 0.385945 0.306245 0.385945 0.305972 0.385657 0.304336 0.385657 0.304063 0.385369 0.304063 0.384217 0.3027 0.384217 0.302427 0.383929 0.301882 0.383929 0.301882 0.385081 0.301609 0.385369 0.301064 0.385369 0.300791 0.385081 0.299155 0.385081 0.298882 0.384793 0.297518 0.384793 0.297246 0.384505 0.295609 0.384505 0.295337 0.384217 0.295337 0.384505 0.295064 0.384793 0.294246 0.384793 0.293973 0.385081 0.293428 0.385081 0.293155 0.384793 0.293428 0.384505 0.293155 0.384505 0.292882 0.384217 0.292882 0.383929 0.292337 0.383929 0.292064 0.383641 0.291246 0.383641 0.291246 0.383929 0.290974 0.384217 0.290701 0.384217 0.290428 0.384505 0.290155 0.384505 0.289883 0.384793 0.289883 0.385657 0.28961 0.385945 0.289337 0.385657 0.289337 0.384505 0.28961 0.384217 0.28961 0.383353 0.288792 0.383353 0.288519 0.383065 0.287156 0.383065 0.286883 0.382776 0.285247 0.382776 0.284974 0.382488 0.283611 0.382488 0.283338 0.3822 0.281974 0.3822 0.281702 0.381912 0.280065 0.381912 0.279793 0.381624 0.278429 0.381624 0.278157 0.381912 0.277338 0.381912 0.277338 0.383353 0.277611 0.383641 0.277611 0.383929 0.277338 0.384217 0.276793 0.384217 0.27652 0.383929 0.27652 0.383353 0.276793 0.383065 0.276793 0.381624 0.277066 0.381336 0.277066 0.381048 0.276793 0.381048 0.27652 0.38076 0.275975 0.38076 0.275702 0.380472 0.275702 0.379608 0.274884 0.379608 0.274884 0.380184 0.274611 0.380472 0.273248 0.380472 0.272975 0.380184 0.272975 0.379608 0.271612 0.379608 0.271339 0.37932 0.269703 0.37932 0.269157 0.378744 0.269157 0.378168 0.268885 0.378168 0.268612 0.37788 0.267794 0.37788 0.267794 0.378456 0.267521 0.378744 0.26643 0.378744 0.266158 0.378456 0.264521 0.378456 0.264249 0.378168 0.262885 0.378168 0.262612 0.37788 0.261249 0.37788 0.260976 0.377592 0.259885 0.377592 0.259885 0.37788 0.259613 0.378168 0.25934 0.378168 0.259067 0.37788 0.257704 0.37788 0.257431 0.377592 0.257704 0.377304 0.257977 0.377304 0.257977 0.376152 0.257431 0.376152 0.257158 0.37644 0.257158 0.377016 0.257431 0.377016 0.257704 0.377304 0.257431 0.377592 0.256068 0.377592 0.255795 0.377304 0.254159 0.377304 0.253886 0.377016 0.252522 0.377016 0.25225 0.376728 0.250614 0.376728 0.250341 0.37644 0.250068 0.37644 0.249795 0.376728 0.248977 0.376728 0.248705 0.37644 0.247341 0.37644 0.247068 0.376728 0.245432 0.376728 0.24516 0.37644 0.243796 0.37644 0.243523 0.376152 0.243251 0.376152 0.243251 0.37644 0.242978 0.376728 0.240796 0.376728 0.239978 0.377592 0.239705 0.377592 0.238887 0.378456 0.238615 0.378456 0.238615 0.379032 0.238342 0.37932 0.238069 0.37932 0.238069 0.379896 0.237797 0.380184 0.237797 0.381336 0.237524 0.381624 0.237251 0.381624 0.236978 0.381912 0.236978 0.3822 0.236706 0.382488 0.236706 0.382776 0.236433 0.383065 0.23616 0.383065 0.235888 0.383353 0.235615 0.383353 0.234797 0.384217 0.234524 0.384217 0.234251 0.383929 0.232615 0.383929 0.232343 0.383641 0.230979 0.383641 0.230706 0.383353 0.22907 0.383353 0.228797 0.383065 0.227434 0.383065 0.227161 0.382776 0.225798 0.382776 0.225525 0.382488 0.223889 0.382488 0.223616 0.3822 0.222253 0.3822 0.22198 0.381912 0.220616 0.381912 0.220344 0.381624 0.218707 0.381624 0.218435 0.381336 0.217071 0.381336 0.216798 0.381048 0.215435 0.381048 0.215162 0.38076 0.21489 0.38076 0.21489 0.381048 0.214617 0.381336 0.214344 0.381336 0.214071 0.381048 0.214071 0.380184 0.213253 0.380184 0.212981 0.379896 0.212435 0.379896 0.212163 0.380184 0.212163 0.38076 0.21189 0.381048 0.211617 0.38076 0.209981 0.38076 0.209436 0.380184 0.209436 0.37932 0.20889 0.37932 0.208345 0.378744 0.207799 0.378744 0.207799 0.37932 0.207527 0.379608 0.207799 0.379608 0.208072 0.379896 0.207799 0.380184 0.206708 0.380184 0.206436 0.379896 0.205345 0.379896 0.205072 0.379608 0.205072 0.37932 0.205345 0.379032 0.205345 0.378744 0.205072 0.378744 0.2048 0.378456 0.204254 0.379032 0.203163 0.379032 0.202891 0.378744 0.201527 0.378744 0.201254 0.378456 0.201254 0.377592 0.199891 0.377592 0.199618 0.377304 0.199346 0.377592 0.199346 0.37788 0.199073 0.378168 0.197982 0.378168 0.197709 0.37788 0.196346 0.37788 0.196073 0.377592 0.194437 0.377592 0.194164 0.377304 0.192801 0.377304 0.192528 0.377016 0.191164 0.377016 0.190892 0.376728 0.189256 0.376728 0.188983 0.37644 0.188437 0.37644 0.188437 0.376728 0.188165 0.377016 0.187619 0.377016 0.187347 0.376728 0.185983 0.376728 0.18571 0.37644 0.18571 0.375576 0.185438 0.375288 0.18462 0.375288 0.18462 0.375576 0.184347 0.375864 0.184347 0.376152 0.184074 0.37644 0.183801 0.376152 0.182438 0.376152 0.182165 0.375864 0.182165 0.377304 0.181893 0.377592 0.181893 0.379032 0.18162 0.37932 0.18162 0.38076 0.181347 0.381048 0.181347 0.382776 0.181074 0.383065 0.181074 0.384505 0.180802 0.384793 0.180802 0.386233 0.180529 0.386521 0.180529 0.388249 0.180256 0.388537 0.180256 0.389977 0.179984 0.390265 0.179984 0.391705 0.179711 0.391993 0.179711 0.393721 0.179438 0.394009 0.179438 0.395449 0.179166 0.395737 0.179166 0.397465 0.178893 0.397753 0.178893 0.399194 0.17862 0.399482 0.17862 0.400922 0.178347 0.40121 0.178347 0.402938 0.178075 0.403226 0.178075 0.404666 0.177802 0.404954 0.177802 0.406394 0.177529 0.406682 0.177529 0.40841 0.177257 0.408698 0.177257 0.410138 0.176984 0.410426 0.176984 0.411866 0.176711 0.412154 0.176711 0.413882 0.176439 0.414171 0.176439 0.415611 0.176166 0.415899 0.176166 0.417339 0.175893 0.417627 0.175893 0.419355 0.17562 0.419643 0.17562 0.421083 0.175348 0.421371 0.175348 0.422811 0.175075 0.423099 0.175075 0.424827 0.174802 0.425115 0.174802 0.426555 0.17453 0.426843 0.17453 0.428283 0.174257 0.428571 0.174257 0.4303 0.173984 0.430588 0.173984 0.432028 0.173711 0.432316 0.173711 0.434044 0.173439 0.434332 0.173439 0.435772 0.173166 0.43606 0.173166 0.4375 0.172893 0.437788 0.172893 0.439516 0.172621 0.439804 0.172621 0.441244 0.172348 0.441532 0.172348 0.442972 0.172075 0.44326 0.172075 0.444988 0.171803 0.445276 0.171803 0.446717 0.17153 0.447005 0.17153 0.448445 0.171257 0.448733 0.171257 0.450461 0.170984 0.450749 0.170984 0.452189 0.170712 0.452477 0.170712 0.453917 0.170439 0.454205 0.170439 0.455933 0.170166 0.456221 0.170166 0.457661 0.169894 0.457949 0.169894 0.459389 0.169621 0.459677 0.169621 0.461406 0.169348 0.461694 0.169348 0.463134 0.169076 0.463422 0.169076 0.464862 0.168803 0.46515 0.168803 0.466878 0.16853 0.467166 0.16853 0.468606 0.168257 0.468894 0.168257 0.470622 0.167985 0.47091 0.167985 0.47235 0.167712 0.472638 0.167712 0.474078 0.167439 0.474366 0.167439 0.476094 0.167167 0.476382 0.167167 0.477823 0.166894 0.478111 0.166894 0.479551 0.166621 0.479839 0.166621 0.481567 0.166349 0.481855 0.166349 0.483295 0.166076 0.483583 0.166076 0.484735 0.166894 0.484735 0.166894 0.483583 0.167167 0.483295 0.167167 0.481567 0.167439 0.481279 0.167439 0.479839 0.167712 0.479551 0.167712 0.478111 0.167985 0.477823 0.167985 0.476094 0.168257 0.475806 0.168257 0.474366 0.16853 0.474078 0.16853 0.472638 0.168803 0.47235 0.168803 0.470622 0.169076 0.470334 0.169076 0.468894 0.169348 0.468606 0.169348 0.468318 0.169621 0.46803 0.169621 0.467166 0.169894 0.466878 0.169894 0.46659 0.169621 0.466302 0.169621 0.46515 0.169894 0.464862 0.169894 0.463422 0.170166 0.463134 0.170166 0.461406 0.170439 0.461118 0.170439 0.459677 0.170712 0.459389 0.170712 0.457949 0.170984 0.457661 0.170984 0.455933 0.171257 0.455645 0.171257 0.454205 0.17153 0.453917 0.17153 0.452477 0.171803 0.452189 0.171803 0.450461 0.172075 0.450173 0.172075 0.448733 0.172348 0.448445 0.172348 0.447005 0.172621 0.446717 0.172621 0.444988 0.172893 0.4447 0.172893 0.44326 0.173166 0.442972 0.173166 0.441532 0.173439 0.441244 0.173439 0.439516 0.173711 0.439228 0.173711 0.43894 0.173984 0.438652 0.17453 0.439228 0.17453 0.439516 0.174257 0.439804 0.174257 0.441244 0.17453 0.441244 0.174802 0.441532 0.17453 0.44182 0.17453 0.44326 0.174257 0.443548 0.174257 0.444988 0.173984 0.445276 0.173984 0.447005 0.173711 0.447293 0.173711 0.448733 0.173439 0.449021 0.173439 0.449597 0.173711 0.449885 0.173711 0.450461 0.173166 0.451037 0.173166 0.452477 0.172893 0.452765 0.172893 0.453341 0.173166 0.453629 0.173166 0.454205 0.172893 0.454493 0.172893 0.455933 0.172621 0.456221 0.172621 0.457949 0.172348 0.458237 0.172348 0.459677 0.172075 0.459965 0.172075 0.461406 0.171803 0.461694 0.171803 0.463422 0.17153 0.46371 0.17153 0.464286 0.171803 0.464286 0.172075 0.464574 0.172075 0.46515 0.171803 0.465438 0.171803 0.467166 0.17153 0.467454 0.17153 0.468894 0.171257 0.469182 0.171257 0.470334 0.17153 0.470334 0.171803 0.470622 0.171803 0.47091 0.17153 0.471198 0.17153 0.471486 0.171257 0.471774 0.170984 0.471774 0.170984 0.472638 0.170712 0.472926 0.170712 0.474366 0.170439 0.474654 0.170439 0.476094 0.170712 0.476094 0.170984 0.476382 0.170712 0.476671 0.170712 0.477247 0.170439 0.477535 0.170166 0.477535 0.170166 0.478111 0.169894 0.478399 0.169894 0.479839 0.169621 0.480127 0.169621 0.480703 0.169348 0.480991 0.169076 0.480991 0.169076 0.481567 0.168803 0.481855 0.168803 0.483007 0.169348 0.483583 0.169076 0.483871 0.169076 0.485311 0.168803 0.485599 0.168803 0.486175 0.168257 0.486751 0.168257 0.487039 0.167985 0.487327 0.167985 0.489055 0.167712 0.489343 0.167712 0.490783 0.167439 0.491071 0.167439 0.492512 0.167167 0.4928 0.167167 0.493952 0.167439 0.493952 0.167712 0.49424 0.167712 0.494528 0.167439 0.494816 0.167439 0.496256 0.167712 0.496544 0.167712 0.498272 0.167439 0.49856 0.167439 0.5 0.167167 0.500288 0.167167 0.502016 0.166894 0.502304 0.166894 0.505472 0.166621 0.50576 0.166621 0.507488 0.166349 0.507776 0.166894 0.508353 0.166894 0.509217 0.166621 0.509505 0.166621 0.510081 0.166894 0.510081 0.167167 0.510369 0.167167 0.511233 0.166894 0.511521 0.167712 0.512385 0.167712 0.512673 0.16853 0.512673 0.168803 0.512961 0.168803 0.513537 0.169076 0.513537 0.169348 0.513825 0.170166 0.513825 0.170439 0.514113 0.171257 0.514113 0.17153 0.514401 0.17153 0.514689 0.171803 0.514689 0.172075 0.514977 0.173711 0.514977 0.173984 0.515265 0.175348 0.515265 0.17562 0.515553 0.17562 0.516129 0.176984 0.516129 0.177257 0.516417 0.178893 0.516417 0.179166 0.516705 0.180529 0.516705 0.180802 0.516993 0.182165 0.516993 0.182438 0.517281 0.184074 0.517281 0.184347 0.517569 0.18571 0.517569 0.185983 0.517857 0.187347 0.517857 0.187619 0.518145 0.189256 0.518145 0.189528 0.518433 0.190892 0.518433 0.191164 0.518721 0.192528 0.518721 0.192801 0.519009 0.194437 0.519009 0.19471 0.519297 0.194982 0.519297 0.195528 0.518721 0.196073 0.518721 0.196346 0.519009 0.197982 0.519009 0.198255 0.519297 0.199618 0.519297 0.199891 0.519585 0.201254 0.519585 0.201527 0.519873 0.203163 0.519873 0.203436 0.520161 0.2048 0.520161 0.205072 0.520449 0.206436 0.520449 0.206708 0.520737 0.208345 0.520737 0.208617 0.521025 0.209981 0.521025 0.210254 0.521313 0.211617 0.521313 0.21189 0.521601 0.213526 0.521601 0.213799 0.521889 0.215162 0.521889 0.215435 0.522177 0.216798 0.522177 0.217071 0.522465 0.217617 0.522465 0.217617 0.522177 0.217889 0.521889 0.218707 0.521889 0.21898 0.522177 0.220344 0.522177 0.220616 0.522465 0.222253 0.522465 0.222525 0.522753 0.223889 0.522753 0.224161 0.523041 0.22498 0.523041 0.225252 0.522753 0.225525 0.522753 0.225798 0.523041 0.227434 0.523041 0.227707 0.522753 0.227979 0.522753 0.228252 0.523041 0.228252 0.523329 0.22907 0.523329 0.229615 0.523906 0.230706 0.523906 0.231252 0.524482 0.231252 0.52477 0.232615 0.52477 0.232888 0.525058 0.234251 0.525058 0.234524 0.525346 0.234797 0.525346 0.23507 0.525634 0.23507 0.525922 0.235888 0.525922 0.23616 0.52621 0.237524 0.52621 0.237797 0.526498 0.239433 0.526498 0.239705 0.526786 0.240796 0.526786 0.241342 0.52621 0.241614 0.526498 0.242433 0.526498 0.242433 0.52621 0.242705 0.525922 0.242978 0.525922 0.243251 0.52621 0.243523 0.52621 0.243796 0.526498 0.243796 0.526786 0.243523 0.527074 0.243523 0.527362 0.244614 0.527362 0.244887 0.52765 0.24625 0.52765 0.246523 0.527938 0.247068 0.527938 0.247068 0.52765 0.247341 0.527362 0.248159 0.527362 0.248432 0.52765 0.248432 0.527362 0.248705 0.527074 0.251159 0.527074 0.251159 0.526786 0.251432 0.526498 0.251704 0.526498 0.251977 0.526786 0.251977 0.526498 0.25225 0.52621 0.25525 0.52621 0.255795 0.526786 0.256886 0.526786 0.257158 0.527074 0.257431 0.527074 0.257704 0.527362 0.257704 0.52765 0.258522 0.52765 0.258795 0.527938 0.258795 0.528226 0.259067 0.528514 0.25934 0.528514 0.259613 0.528802 0.260158 0.528802 0.260431 0.52909 0.260431 0.529378 0.260704 0.529666 0.261249 0.529666 0.261522 0.529954 0.261522 0.530242 0.261794 0.530242 0.262067 0.53053 0.263703 0.53053 0.263976 0.530818 0.264794 0.530818 0.264794 0.53053 0.265067 0.530242 0.26534 0.53053 0.26534 0.530818 0.265612 0.531106 0.266703 0.531106 0.266703 0.530818 0.266976 0.53053 0.267521 0.53053 0.267521 0.530242 0.267794 0.529954 0.268067 0.529954 0.268339 0.530242 0.268339 0.53053 0.268067 0.530818 0.268339 0.530818 0.268612 0.531106 0.268612 0.531394 0.268885 0.531394 0.269157 0.531682 0.270521 0.531682 0.270794 0.531394 0.27243 0.531394 0.272702 0.531682 0.274066 0.531682 0.274339 0.53197 0.275702 0.53197 0.275975 0.532258 0.277611 0.532258 0.277884 0.532546 0.277884 0.532258 0.278157 0.53197 0.278702 0.53197 0.278702 0.531682 0.278975 0.531394 0.278975 0.53053 0.279247 0.530242 0.27952 0.530242 0.280065 0.530818 0.280065 0.531682 0.279793 0.53197 0.281156 0.53197 0.281429 0.532258 0.281429 0.53197 0.281702 0.531682 0.281702 0.531394 0.281974 0.531106 0.282247 0.531394 0.282247 0.531682 0.282792 0.531682 0.283065 0.53197 0.282792 0.532258 0.283065 0.532546 0.284429 0.532546 0.284701 0.532834 0.286338 0.532834 0.28661 0.533122 0.287156 0.533122 0.287156 0.532834 0.287428 0.532546 0.287974 0.532546 0.288247 0.532834 0.289065 0.532834 0.289337 0.533122 0.289337 0.53341 0.28961 0.53341 0.289883 0.533698 0.290428 0.533698 0.290701 0.533986 0.291519 0.533986 0.292064 0.534562 0.291792 0.53485 0.293155 0.53485 0.293428 0.535138 0.293973 0.535138 0.294246 0.535426 0.294246 0.535714 0.294791 0.535714 0.295064 0.536002 0.296428 0.536002 0.2967 0.53629 0.298337 0.53629 0.298609 0.536578 0.299973 0.536578 0.300245 0.536866 0.300518 0.536866 0.300518 0.536578 0.300791 0.53629 0.301882 0.53629 0.302154 0.536578 0.303518 0.536578 0.303791 0.536866 0.303791 0.537442 0.305154 0.537442 0.305427 0.53773 0.30679 0.53773 0.307063 0.538018 0.308699 0.538018 0.308972 0.538306 0.308972 0.538018 0.309245 0.53773 0.310335 0.53773 0.310335 0.537442 0.310608 0.537154 0.312244 0.537154 0.312517 0.537442 0.312517 0.537154 0.31279 0.536866 0.313881 0.536866 0.314153 0.537154 0.315789 0.537154 0.316062 0.537442 0.317426 0.537442 0.317698 0.53773 0.319062 0.53773 0.319335 0.538018 0.319607 0.538018 0.320153 0.538594 0.320425 0.538594 0.320698 0.538882 0.320971 0.538882 0.321516 0.539459 0.321516 0.539747 0.322607 0.539747 0.32288 0.540035 0.323152 0.540035 0.323425 0.540323 0.323425 0.540611 0.323971 0.540611 0.324789 0.541475 0.325334 0.541475 0.325334 0.541187 0.325607 0.540899 0.326152 0.540899 0.326425 0.540611 0.326698 0.540899 0.326698 0.541187 0.32697 0.541187 0.327516 0.541763 0.327788 0.541763 0.328061 0.542051 0.329425 0.542051 0.329697 0.542339 0.331334 0.542339 0.331606 0.542627 0.33297 0.542627 0.333242 0.542915 0.333515 0.542915 0.333788 0.542627 0.333788 0.541763 0.334061 0.541475 0.334061 0.541187 0.334333 0.540899 0.334606 0.540899 0.334606 0.540035 0.334879 0.539747 0.336515 0.539747 0.336788 0.540035 0.338424 0.540035 0.338696 0.540323 0.338696 0.542051 0.338969 0.542339 0.338969 0.542627 0.339242 0.542915 0.339242 0.543203 0.339787 0.543203 0.34006 0.543491 0.341151 0.543491 0.341151 0.543203 0.341424 0.542915 0.341696 0.542915 0.341969 0.543203 0.341969 0.542627 0.342242 0.542339 0.342514 0.542339 0.34306 0.541763 0.343332 0.541763 0.343605 0.542051 0.345241 0.542051 0.345514 0.542339 0.346878 0.542339 0.34715 0.542627 0.348514 0.542627 0.348786 0.542915 0.350423 0.542915 0.350695 0.543203 0.350968 0.543203 0.351241 0.543491 0.351241 0.543779 0.352059 0.543779 0.352604 0.544355 0.353422 0.544355 0.353695 0.544643 0.353695 0.544931 0.353968 0.545219 0.355331 0.545219 0.355604 0.545507 0.35724 0.545507 0.357513 0.545795 0.358604 0.545795 0.358876 0.546083 0.358876 0.546371 0.359149 0.546659 0.360513 0.546659 0.360785 0.546947 0.362422 0.546947 0.362694 0.547235 0.364058 0.547235 0.364331 0.547523 0.365694 0.547523 0.365967 0.547811 0.367058 0.547811 0.367058 0.547523 0.36733 0.547235 0.367603 0.547235 0.367876 0.547523 0.369239 0.547523 0.369512 0.547811 0.37033 0.547811 0.37033 0.547523 0.370603 0.547235 0.371148 0.547235 0.371421 0.547523 0.371693 0.547235 0.371693 0.546947 0.371966 0.546659 0.372784 0.546659 0.373057 0.546947 0.374693 0.546947 0.374966 0.547235 0.375784 0.547235 0.376057 0.547523 0.376057 0.547811 0.376329 0.547811 0.376602 0.548099 0.377966 0.548099 0.378238 0.548387 0.379875 0.548387 0.380147 0.548675 0.381511 0.548675 0.381783 0.548963 0.383147 0.548963 0.38342 0.549251 0.385056 0.549251 0.385329 0.549539 0.386692 0.549539 0.386965 0.549827 0.388328 0.549827 0.388601 0.550115 0.390237 0.550115 0.39051 0.550403 0.391873 0.550403 0.392146 0.550691 0.39351 0.550691 0.393782 0.550979 0.395419 0.550979 0.395691 0.551267 0.397055 0.551267 0.397328 0.551555 0.398691 0.551555 0.398964 0.551843 0.399236 0.551843 0.399236 0.551555 0.399509 0.551267 0.399782 0.551267 0.399782 0.550979 0.400055 0.550691 0.400327 0.550691 0.4006 0.550403 0.400873 0.550403 0.401145 0.550115 0.401418 0.550115 0.401418 0.549539 0.402236 0.548675 0.402509 0.548675 0.402509 0.547523 0.402782 0.547235 0.403054 0.547523 0.403327 0.547235 0.403327 0.546659 0.403872 0.546083 0.404145 0.546083 0.404145 0.545795 0.404418 0.545507 0.40469 0.545795 0.405509 0.544931 0.406327 0.544931 0.406599 0.545219 0.407963 0.545219 0.408236 0.545507 0.408781 0.545507 0.409054 0.545795 0.409599 0.545795 0.409872 0.546083 0.409872 0.546371 0.410145 0.546659 0.410145 0.547523 0.410963 0.547523 0.411235 0.547811 0.411235 0.548099 0.411508 0.548387 0.413144 0.548387 0.413417 0.548675 0.41478 0.548675 0.415053 0.548963 0.416417 0.548963 0.416417 0.548675 0.416689 0.548387 0.416962 0.548675 0.417235 0.548387 0.417507 0.548387 0.417507 0.548099 0.41778 0.547811 0.418326 0.547811 0.418598 0.548099 0.419416 0.548099 0.419416 0.547811 0.419689 0.547523 0.420235 0.547523 0.420507 0.547811 0.421325 0.547811 0.421598 0.548099 0.421598 0.548387 0.421871 0.548387 0.422143 0.548675 0.423507 0.548675 0.42378 0.548963 0.425416 0.548963 0.425689 0.548675 0.427052 0.548675 0.427325 0.548963 0.428688 0.548963 0.428961 0.549251 0.429234 0.548963 0.429506 0.548963 0.429506 0.548099 0.429779 0.547811 0.430052 0.547811 0.430325 0.547523 0.430325 0.547235 0.430597 0.546947 0.43087 0.547235 0.43087 0.547523 0.431143 0.547811 0.431143 0.548099 0.432506 0.548099 0.432779 0.548387 0.432779 0.548963 0.434142 0.548963 0.434415 0.549251 0.435779 0.549251 0.436051 0.549539 0.437415 0.549539 0.437687 0.549827 0.439324 0.549827 0.439596 0.550115 0.44096 0.550115 0.441233 0.550403 0.442869 0.550403 0.443142 0.550691 0.444505 0.550691 0.444778 0.550979 0.446141 0.550979 0.446414 0.551267 0.44805 0.551267 0.448323 0.551555 0.449686 0.551555 0.449959 0.551843 0.451323 0.551843 0.451595 0.552131 0.453232 0.552131 0.453504 0.552419 0.454868 0.552419 0.45514 0.552707 0.456504 0.552707 0.456777 0.552995 0.458413 0.552995 0.458686 0.553283 0.460049 0.553283 0.460322 0.553571 0.461685 0.553571 0.461958 0.553859 0.463594 0.553859 0.463867 0.554147 0.46523 0.554147 0.465503 0.554435 0.466867 0.554435 0.467139 0.554724 0.468776 0.554724 0.469048 0.555012 0.469321 0.555012 0.469594 0.5553 0.469594 0.555588 0.470412 0.555588 0.470684 0.555876 0.472048 0.555876 0.472321 0.556164 0.473957 0.556164 0.47423 0.556452 0.475593 0.556452 0.475866 0.55674 0.477229 0.55674 0.477502 0.557028 0.479138 0.557028 0.479411 0.557316 0.480774 0.557316 0.481047 0.557604 0.482411 0.557604 0.482683 0.557892 0.483774 0.557892 0.484047 0.55818 0.48432 0.55818 0.484592 0.558468 0.484592 0.55962 0.484865 0.559908 0.484865 0.56106 0.48541 0.561636 0.48541 0.5625 0.485683 0.5625 0.485956 0.562788 0.485956 0.563364 0.486501 0.56394 0.486501 0.564228 0.486774 0.564228 0.487047 0.564516 0.487047 0.564804 0.487319 0.564804 0.487865 0.56538 0.48841 0.56538 0.488683 0.565668 0.488683 0.565956 0.488956 0.565956 0.489228 0.566244 0.490046 0.566244 0.490319 0.566532 0.490319 0.56682 0.490592 0.56682 0.490864 0.567108 0.492228 0.567108 0.492501 0.567396 0.494137 0.567396 0.494682 0.567972 0.495773 0.567972 0.496046 0.56826 0.497409 0.56826 0.497682 0.568548 0.499318 0.568548 0.499591 0.568836 0.500954 0.568836 0.501227 0.569124 0.502591 0.569124 0.503136 0.5697 0.503136 0.569988 0.5045 0.569988 0.504772 0.570276 0.506136 0.570276 0.506409 0.570565 0.507772 0.570565 0.508045 0.570853 0.509681 0.570853 0.509954 0.571141 0.511317 0.571141 0.51159 0.571429 0.512953 0.571429 0.513226 0.571717 0.514862 0.571717 0.515135 0.572005 0.516499 0.572005 0.516771 0.572293 0.518135 0.572293 0.518407 0.572581 0.518407 0.572293 0.51868 0.572005 0.520044 0.572005 0.520316 0.572293 0.52168 0.572293 0.521953 0.572581 0.523589 0.572581 0.523861 0.572869 0.525225 0.572869 0.525498 0.573157 0.526861 0.573157 0.527134 0.573445 0.52877 0.573445 0.529043 0.573733 0.530406 0.573733 0.530679 0.574021 0.532043 0.574021 0.532315 0.574309 0.533951 0.574309 0.534224 0.574597 0.535588 0.574597 0.53586 0.574885 0.537224 0.574885 0.537497 0.575173 0.539133 0.575173 0.539406 0.575461 0.540769 0.575461 0.541042 0.575749 0.542678 0.575749 0.542951 0.576037 0.544314 0.576037 0.544587 0.576325 0.54595 0.576325 0.546223 0.576613 0.547859 0.576613 0.548132 0.576901 0.549496 0.576901 0.549768 0.577189 0.551132 0.577189 0.551404 0.577477 0.553041 0.577477 0.553313 0.577765 0.554677 0.577765 0.55495 0.578053 0.556313 0.578053 0.556586 0.578341 0.558222 0.578341 0.558495 0.578629 0.559858 0.578629 0.560131 0.578917 0.561494 0.578917 0.561767 0.579205 0.562858 0.579205 0.563131 0.578917 0.563403 0.578917 0.563676 0.579205 0.56504 0.579205 0.565312 0.579493 0.566948 0.579493 0.567221 0.579781 0.568585 0.579781 0.568857 0.580069 0.570221 0.580069 0.570494 0.580357 0.57213 0.580357 0.572403 0.580645 0.573766 0.580645 0.574039 0.580933 0.575402 0.580933 0.575675 0.581221 0.577311 0.581221 0.577584 0.581509 0.578947 0.581509 0.57922 0.581797 0.580584 0.581797 0.580856 0.582085 0.582493 0.582085 0.582765 0.582373 0.584129 0.582373 0.584401 0.582661 0.585765 0.582661 0.586038 0.582949 0.587674 0.582949 0.587947 0.583237 0.58931 0.583237 0.589583 0.583525 0.590946 0.583525 0.591219 0.583813 0.592855 0.583813 0.593128 0.584101 0.594491 0.584101 0.594764 0.584389 0.596128 0.584389 0.5964 0.584677 0.598037 0.584677 0.598309 0.584965 0.599673 0.584965 0.599945 0.585253 0.601582 0.585253 0.601854 0.585541 0.603218 0.585541 0.603491 0.585829 0.604854 0.585829 0.605127 0.586118 0.606763 0.586118 0.607036 0.586406 0.608399 0.586406 0.608672 0.586694 0.610035 0.586694 0.610308 0.586982 0.611944 0.586982 0.612217 0.58727 0.613581 0.58727 0.613853 0.587558 0.613853 0.587846 0.615217 0.587846 0.61549 0.588134 0.617126 0.588134 0.617398 0.588422 0.617944 0.588422 0.618217 0.588134 0.618762 0.588134 0.619035 0.588422 0.619307 0.588422 0.619307 0.588134 0.61958 0.587846 0.620671 0.587846 0.620944 0.588134 0.622307 0.588134 0.62258 0.588422 0.623943 0.588422 0.624216 0.58871 0.624489 0.58871 0.624489 0.588422 0.624761 0.588134 0.625852 0.588134 0.626125 0.588422 0.627488 0.588422 0.627761 0.58871 0.628034 0.58871 0.628307 0.588998 0.628307 0.589286 0.629125 0.589286 0.629397 0.589574 0.631034 0.589574 0.631306 0.589862 0.631306 0.590438 0.63267 0.590438 0.632942 0.590726 0.633488 0.590726 0.634033 0.59015 0.634306 0.59015 0.634579 0.590438 0.635397 0.590438 0.635669 0.590726 0.635397 0.591014 0.636215 0.591014 0.636488 0.591302 0.637033 0.591302 0.637033 0.591014 0.637306 0.590726 0.637851 0.590726 0.638124 0.590438 0.638397 0.590438 0.638669 0.590726 0.638669 0.591014 0.639487 0.591014 0.63976 0.591302 0.640033 0.591302 0.640305 0.59159 0.640305 0.591878 0.641396 0.591878 0.641669 0.592166 0.643032 0.592166 0.643305 0.592454 0.644669 0.592454 0.644941 0.592742 0.64685 0.592742 0.647123 0.592454 0.648214 0.592454 0.648487 0.592166 0.650123 0.592166 0.650395 0.592454 0.651759 0.592454 0.652032 0.592742 0.653395 0.592742 0.653668 0.59303 0.654759 0.59303 0.655031 0.593318 0.655031 0.593606 0.655304 0.593606 0.655577 0.593894 0.65694 0.593894 0.657213 0.594182 0.658576 0.594182 0.658849 0.59447 0.660213 0.59447 0.660485 0.594758 0.660485 0.595046 0.660758 0.595334 0.662122 0.595334 0.662394 0.595622 0.663758 0.595622 0.664031 0.59591 0.665394 0.59591 0.665394 0.595622 0.665667 0.595334 0.665939 0.595622 0.66703 0.595622 0.667303 0.59591 0.667303 0.596198 0.667576 0.596486 0.668666 0.596486 0.668666 0.596198 0.668939 0.59591 0.669212 0.596198 0.669757 0.596198 0.669757 0.59591 0.67003 0.595622 0.670575 0.595622 0.670848 0.595334 0.671121 0.595622 0.672484 0.595622 0.672757 0.59591 0.672757 0.596486 0.67303 0.596774 0.674121 0.596774 0.674393 0.597062 0.675211 0.597062 0.675211 0.59591 0.675484 0.595622 0.675757 0.595622 0.676029 0.59591 0.675757 0.596198 0.676302 0.596774 0.677666 0.596774 0.677938 0.597062 0.679575 0.597062 0.679847 0.59735 0.681211 0.59735 0.681484 0.597638 0.682847 0.597638 0.68312 0.597926 0.683665 0.597926 0.683938 0.598214 0.683665 0.598502 0.684756 0.598502 0.685029 0.59879 0.686392 0.59879 0.686665 0.599078 0.688028 0.599078 0.688301 0.599366 0.689937 0.599366 0.69021 0.599654 0.691573 0.599654 0.691846 0.599942 0.692119 0.599942 0.692392 0.60023 0.692392 0.600806 0.692119 0.601094 0.692119 0.601382 0.69321 0.601382 0.693482 0.601671 0.693482 0.601094 0.693755 0.600806 0.693755 0.600518 0.694028 0.60023 0.695119 0.60023 0.695391 0.600518 0.696209 0.600518 0.696209 0.599654 0.695391 0.599654 0.695119 0.599366 0.693755 0.599366 0.693755 0.599942 0.693482 0.60023 0.69321 0.599942 0.692664 0.599942 0.692392 0.599654 0.692392 0.599366 0.692664 0.599078 0.691846 0.599078 0.691573 0.59879 0.690755 0.59879 0.690483 0.598502 0.690483 0.598214 0.69021 0.598214 0.689937 0.597926 0.69021 0.597638 0.691573 0.597638 0.691846 0.597926 0.693482 0.597926 0.693755 0.598214 0.695119 0.598214 0.695391 0.598502 0.695664 0.598502 0.695937 0.59879 0.695937 0.599078 0.696755 0.599078 0.697028 0.599366 0.697846 0.599366 0.697846 0.59879 0.698118 0.598502 0.698664 0.598502 0.698936 0.59879 0.699482 0.59879 0.699755 0.599078 0.699755 0.599654 0.7003 0.599654 0.700573 0.599942 0.7003 0.60023 0.698664 0.60023 0.698391 0.599942 0.698118 0.599942 0.697846 0.60023 0.697846 0.600518 0.698118 0.600806 0.698391 0.600806 0.698664 0.601094 0.7003 0.601094 0.7003 0.60023 0.700573 0.599942 0.701936 0.599942 0.702209 0.60023 0.703845 0.60023 0.704118 0.600518 0.705481 0.600518 0.705754 0.600806 0.707118 0.600806 0.70739 0.601094 0.709026 0.601094 0.709299 0.601382 0.710663 0.601382 0.710935 0.601671 0.711208 0.601671 0.711481 0.601959 0.711481 0.602247 0.712299 0.602247 0.712572 0.602535 0.714208 0.602535 0.714481 0.602823 0.715844 0.602823 0.716117 0.603111 0.716935 0.603111 0.717208 0.603399 0.71748 0.603399 0.717753 0.603687 0.719389 0.603687 0.719662 0.603975 0.721025 0.603975 0.721843 0.604839 0.722662 0.604839 0.722934 0.605127 0.72348 0.605127 0.72348 0.603975 0.723752 0.603687 0.72457 0.603687 0.724843 0.603975 0.726207 0.603975 0.726479 0.604263 0.728116 0.604263 0.728388 0.604551 0.729752 0.604551 0.730025 0.604839 0.731388 0.604839 0.731661 0.605127 0.732206 0.605127 0.732206 0.604263 0.732752 0.603687 0.733297 0.603687 0.73357 0.603975 0.73466 0.603975 0.734933 0.604263 0.73466 0.604551 0.734115 0.604551 0.734115 0.605415 0.734933 0.605415 0.735206 0.605703 0.736569 0.605703 0.736842 0.605991 0.738478 0.605991 0.738751 0.606279 0.740115 0.606279 0.740387 0.606567 0.741751 0.606567 0.742023 0.606855 0.74366 0.606855 0.743932 0.607143 0.745023 0.607143 0.745569 0.606567 0.745841 0.606567 0.746114 0.606855 0.746387 0.606855 0.746659 0.607143 0.746387 0.607431 0.747205 0.607431 0.747478 0.607719 0.748841 0.607719 0.749114 0.608007 0.749659 0.608007 0.750205 0.608583 0.750477 0.608583 0.75075 0.608871 0.752113 0.608871 0.752386 0.609159 0.754022 0.609159 0.754295 0.609447 0.755931 0.609447 0.756204 0.609159 0.757022 0.609159 0.757022 0.608871 0.757295 0.608583 0.757567 0.608871 0.757567 0.609159 0.75784 0.609447 0.759204 0.609447 0.759476 0.609735 0.76084 0.609735 0.761113 0.610023 0.762749 0.610023 0.763022 0.610311 0.764385 0.610311 0.764658 0.610599 0.766021 0.610599 0.766294 0.610887 0.767112 0.610887 0.767385 0.611175 0.767385 0.611463 0.767657 0.611751 0.767657 0.612327 0.76793 0.612615 0.76793 0.613479 0.768203 0.613479 0.768476 0.613767 0.768476 0.614055 0.768748 0.614055 0.769021 0.614343 0.769021 0.614919 0.769566 0.615495 0.769566 0.615783 0.769839 0.615783 0.770112 0.616071 0.770112 0.616359 0.770385 0.616647 0.770385 0.616935 0.770657 0.617224 0.77093 0.617224 0.771475 0.6178 0.771475 0.618088 0.771748 0.618088 0.772021 0.618376 0.772021 0.618664 0.772293 0.618664 0.773112 0.619528 0.773112 0.619816 0.77393 0.619816 0.774202 0.620104 0.774202 0.620392 0.77393 0.62068 0.772566 0.62068 0.772293 0.620392 0.77093 0.620392 0.770657 0.620104 0.769021 0.620104 0.768748 0.619816 0.767385 0.619816 0.767112 0.619528 0.765749 0.619528 0.765476 0.61924 0.76384 0.61924 0.763567 0.618952 0.762203 0.618952 0.761931 0.618664 0.760295 0.618664 0.760022 0.618376 0.758658 0.618376 0.758386 0.618088 0.757022 0.618088 0.756749 0.6178 0.755113 0.6178 0.75484 0.617512 0.753477 0.617512 0.753204 0.617224 0.751841 0.617224 0.751568 0.616935 0.749932 0.616935 0.749659 0.616647 0.748296 0.616647 0.748023 0.616359 0.746659 0.616359 0.746387 0.616071 0.74475 0.616071 0.744478 0.615783 0.743114 0.615783 0.742842 0.615495 0.741478 0.615495 0.741205 0.615207 0.739569 0.615207 0.739296 0.614919 0.737933 0.614919 0.73766 0.614631 0.736297 0.614631 0.736024 0.614343 0.734388 0.614343 0.734115 0.614055 0.732752 0.614055 0.732479 0.613767 0.731115 0.613767 0.730843 0.613479 0.729206 0.613479 0.728934 0.613191 0.72757 0.613191 0.727298 0.612903 0.725661 0.612903 0.725389 0.612615 0.724025 0.612615 0.723752 0.612327 0.722389 0.612327 0.722116 0.612039 0.721571 0.612039 0.721571 0.612615 0.721298 0.612903 0.722116 0.612903 0.722389 0.613191 0.723752 0.613191 0.724025 0.613479 0.725661 0.613479 0.725934 0.613767 0.727298 0.613767 0.72757 0.614055 0.728934 0.614055 0.729206 0.614343 0.730843 0.614343 0.731115 0.614631 0.732479 0.614631 0.732752 0.614919 0.734388 0.614919 0.73466 0.615207 0.736024 0.615207 0.736297 0.615495 0.73766 0.615495 0.737933 0.615783 0.739569 0.615783 0.739842 0.616071 0.741205 0.616071 0.741478 0.616359 0.742842 0.616359 0.743114 0.616647 0.74475 0.616647 0.745023 0.616935 0.746387 0.616935 0.746659 0.617224 0.748023 0.617224 0.748296 0.617512 0.749932 0.617512 0.750205 0.6178 0.751568 0.6178 0.751841 0.618088 0.753204 0.618088 0.753477 0.618376 0.755113 0.618376 0.755386 0.618664 0.756749 0.618664 0.757022 0.618952 0.758386 0.618952 0.758658 0.61924 0.760295 0.61924 0.760567 0.619528 0.761931 0.619528 0.762203 0.619816 0.763567 0.619816 0.76384 0.620104 0.765476 0.620104 0.765749 0.620392 0.767112 0.620392 0.767385 0.62068 0.769021 0.62068 0.769294 0.620968 0.770657 0.620968 0.77093 0.621256 0.772293 0.621256 0.772566 0.621544 0.774202 0.621544 0.774475 0.621832 0.775839 0.621832 0.776111 0.62212 0.777475 0.62212 0.777747 0.622408 0.779384 0.622408 0.779656 0.622696 0.78102 0.622696 0.781293 0.622984 0.782656 0.622984 0.782929 0.623272 0.784565 0.623272 0.784838 0.62356 0.786201 0.62356 0.786474 0.623848 0.788656 0.623848 0.789201 0.623272 0.790292 0.623272 0.790292 0.622984 0.790564 0.622696 0.790837 0.622696 0.790837 0.622408 0.79111 0.62212 0.791383 0.62212 0.791655 0.621832 0.791928 0.62212 0.792201 0.62212 0.792746 0.621544 0.793019 0.621544 0.793019 0.621256 0.793292 0.620968 0.793837 0.620968 0.793837 0.62068 0.79411 0.620392 0.79411 0.620104 0.794382 0.619816 0.794655 0.619816 0.7952 0.61924 0.795473 0.61924 0.795473 0.618952 0.795746 0.618664 0.795746 0.618376 0.796019 0.618088 0.796291 0.618088 0.796291 0.617512 0.796564 0.617224 0.796837 0.617224 0.797109 0.616935 0.797109 0.615495 0.797655 0.614919 0.797655 0.613479 0.797927 0.613191 0.797927 0.611751 0.7982 0.611463 0.7982 0.609735 0.798746 0.609159 0.799018 0.609159 0.799018 0.608007 0.799291 0.607719 0.799291 0.606567 0.799564 0.606279 0.799836 0.606279 0.800382 0.605703 0.800382 0.605415 0.800654 0.605127 0.800927 0.605415 0.800927 0.605703 0.801473 0.605703 0.801745 0.605991 0.802291 0.605991 0.802291 0.605127 0.802563 0.604839 0.803382 0.604839 0.803654 0.605127 0.8042 0.605127 0.804472 0.604839 0.805018 0.604839 0.80529 0.605127 0.806927 0.605127 0.807199 0.605415 0.808563 0.605415 0.808836 0.605703 0.810199 0.605703 0.810472 0.605991 0.812108 0.605991 0.812381 0.606279 0.813744 0.606279 0.814017 0.606567 0.815653 0.606567 0.815926 0.606855 0.817289 0.606855 0.817562 0.607143 0.818926 0.607143 0.819198 0.607431 0.820834 0.607431 0.821107 0.607719 0.822471 0.607719 0.822743 0.608007 0.824107 0.608007 0.82438 0.608295 0.826016 0.608295 0.826289 0.608583 0.827652 0.608583 0.827925 0.608871 0.829288 0.608871 0.829561 0.609159 0.829834 0.609159 0.829834 0.608871 0.830106 0.608583 0.831197 0.608583 0.83147 0.608871 0.832015 0.608871 0.832561 0.608295 0.832833 0.608295 0.833106 0.608583 0.833651 0.608583 0.833924 0.608295 0.834742 0.608295 0.835015 0.608007 0.83556 0.608007 0.83556 0.607719 0.835833 0.607431 0.836106 0.607431 0.836651 0.606855 0.837197 0.606855 0.837197 0.606567 0.837469 0.606279 0.837742 0.606279 0.837742 0.605991 0.838015 0.605703 0.83856 0.605703 0.838833 0.605415 0.838833 0.604839 0.839106 0.604551 0.839378 0.604551 0.839651 0.604263 0.839924 0.604263 0.840469 0.604839 0.841287 0.604839 0.841287 0.604263 0.84156 0.603975 0.84156 0.602247 0.841833 0.601959 0.841833 0.600518 0.842105 0.60023 0.842105 0.59879 0.842378 0.598502 0.842378 0.596774 0.842651 0.596486 0.842651 0.595046 0.842923 0.594758 0.842923 0.59447 0.842378 0.593894 0.842378 0.59303 0.842651 0.592742 0.842378 0.592742 0.842105 0.592454 0.842378 0.592166 0.842923 0.592166 0.843196 0.592454 0.843196 0.591302 0.843469 0.591014 0.843469 0.589574 0.843196 0.589286 0.843469 0.588998 0.843741 0.588998 0.843741 0.587558 0.843469 0.587558 0.843196 0.58727 0.842651 0.58727 0.842378 0.587558 0.842105 0.58727 0.842105 0.586982 0.841833 0.586982 0.84156 0.586694 0.841833 0.586406 0.842105 0.586406 0.842105 0.585829 0.842378 0.585541 0.841833 0.585541 0.84156 0.585253 0.840469 0.585253 0.839924 0.584677 0.839924 0.584389 0.839651 0.584101 0.839651 0.583525 0.839924 0.583237 0.839924 0.581797 0.840196 0.581509 0.840196 0.580069 0.840469 0.579781 0.840469 0.578053 0.840742 0.577765 0.840742 0.576325 0.841014 0.576037 0.841014 0.574597 0.841287 0.574309 0.841287 0.573733 0.841833 0.573157 0.841833 0.572581 0.842105 0.572293 0.842105 0.570853 0.842378 0.570565 0.842378 0.568836 0.842651 0.568548 0.842651 0.567972 0.842105 0.567396 0.842105 0.567108 0.842378 0.56682 0.842378 0.56538 0.842651 0.565092 0.842651 0.56394 0.842923 0.563652 0.843196 0.563652 0.843196 0.563364 0.843469 0.563076 0.843469 0.561636 0.843741 0.561348 0.843741 0.55962 0.844014 0.559332 0.844014 0.557892 0.844287 0.557604 0.844287 0.556164 0.84456 0.555876 0.84456 0.554147 0.844832 0.553859 0.844832 0.552419 0.845105 0.552131 0.845105 0.550691 0.845378 0.550403 0.845378 0.548675 0.84565 0.548387 0.84565 0.546947 0.845923 0.546659 0.845923 0.545219 0.846196 0.544931 0.846196 0.543203 0.846469 0.542915 0.846469 0.541475 0.846741 0.541187 0.846741 0.539747 0.847014 0.539459 0.847014 0.53773 0.847287 0.537442 0.847287 0.536002 0.847559 0.535714 0.847559 0.535138 0.847287 0.535138 0.847014 0.53485 0.847014 0.534274 0.847287 0.533986 0.847287 0.532546 0.847559 0.532258 0.847559 0.53053 0.847832 0.530242 0.847832 0.528802 0.848105 0.528514 0.848105 0.527074 0.848377 0.526786 0.848377 0.525058 0.84865 0.52477 0.84865 0.523329 0.848923 0.523041 0.848923 0.522753 0.849468 0.522177 0.849468 0.521313 0.849741 0.521025 0.849741 0.519873 0.849468 0.519585 0.849468 0.517569 0.849196 0.517281 0.849468 0.516993 0.850014 0.516993 0.850286 0.516705 0.850286 0.516417 0.850014 0.516129 0.850559 0.515553 0.850559 0.514977 0.850286 0.514689 0.849468 0.514689 0.849196 0.514977 0.84865 0.514977 0.848105 0.514401 0.847832 0.514401 0.847559 0.514113 0.847559 0.513825 0.847287 0.513825 0.847014 0.513537 0.847014 0.513249 0.846741 0.512961 0.845923 0.512961 0.845378 0.512385 0.845105 0.512385 0.844832 0.512097 0.843469 0.512097 0.842923 0.511521 0.842105 0.511521 0.841833 0.511233 0.84156 0.511233 0.841287 0.510945 0.841287 0.510657 0.841014 0.510657 0.840742 0.510369 0.840742 0.509793 0.841014 0.509505 0.841014 0.507776 0.841287 0.507488 0.841287 0.506048 0.84156 0.50576 0.84156 0.50432 0.841833 0.504032 0.841833 0.502304 0.842105 0.502016 0.842105 0.500576 0.842378 0.500288 0.842378 0.499712 0.842651 0.499424 0.842923 0.499424 0.842923 0.498848 0.843196 0.49856 0.843196 0.496832 0.843469 0.496544 0.843469 0.495104 0.843741 0.494816 0.843741 0.493376 0.844014 0.493088 0.844014 0.491359 0.844287 0.491071 0.844287 0.489631 0.844832 0.489055 0.845105 0.489055 0.845105 0.487903 0.845378 0.487615 0.845378 0.487327 0.84456 0.486463 0.844832 0.486175 0.844832 0.485887 0.845105 0.485599 0.845105 0.485311 0.845378 0.485023 0.84565 0.485023 0.84565 0.484159 0.845923 0.483871 0.845923 0.483295 0.846196 0.483007 0.846741 0.483007 0.846741 0.482719 0.847014 0.482431 0.848105 0.482431 0.84865 0.481855 0.848923 0.481855 0.848923 0.481567 0.849196 0.481279 0.849468 0.481279 0.849741 0.481567 0.849741 0.481279 0.850014 0.480991 0.850832 0.480991 0.851104 0.480703 0.851377 0.480991 0.85165 0.480991 0.852195 0.480415 0.853013 0.480415 0.853286 0.480703 0.854104 0.480703 0.854104 0.480127 0.854377 0.479839 0.854922 0.480415 0.855468 0.480415 0.85574 0.480127 0.85574 0.479263 0.856013 0.478975 0.856013 0.477535 0.856286 0.477247 0.856286 0.47523 0.856013 0.474942 0.856013 0.474078 0.85574 0.474078 0.855468 0.47379 0.85574 0.473502 0.85574 0.473214 0.855468 0.473214 0.855195 0.472926 0.855468 0.472638 0.856831 0.472638 0.856831 0.472062 0.857104 0.471774 0.857104 0.470046 0.857377 0.469758 0.857377 0.468318 0.857649 0.46803 0.857649 0.46659 0.857922 0.466302 0.857922 0.464574 0.858195 0.464286 0.858195 0.462846 0.858467 0.462558 0.858467 0.460829 0.85874 0.460541 0.85874 0.459101 0.859013 0.458813 0.859013 0.457373 0.859286 0.457085 0.859286 0.455357 0.859558 0.455069 0.859558 0.453629 0.859831 0.453341 0.859831 0.451901 0.860104 0.451613 0.860104 0.449885 0.860376 0.449597 0.860376 0.448157 0.860649 0.447869 0.860649 0.447293 0.860922 0.447005 0.862285 0.447005 0.862558 0.447293 0.864194 0.447293 0.864467 0.447581 0.86583 0.447581 0.866103 0.447869 0.867739 0.447869 0.868012 0.448157 0.869376 0.448157 0.869648 0.448445 0.871012 0.448445 0.871284 0.448733 0.872921 0.448733 0.873193 0.449021 0.874557 0.449021 0.87483 0.449309 0.876193 0.449309 0.876466 0.449597 0.878102 0.449597 0.878375 0.449885 0.879738 0.449885 0.880011 0.450173 0.881374 0.450173 0.881647 0.450461 0.883283 0.450461 0.883556 0.450749 0.88492 0.450749 0.885192 0.451037 0.886556 0.451037 0.886828 0.451325 0.887647 0.451325 0.887919 0.451613 0.887919 0.451901 0.888737 0.451901 0.88901 0.451613 0.889283 0.451901 0.889283 0.452189 0.889555 0.452189 0.889828 0.452477 0.890101 0.452477 0.890374 0.452765 0.890646 0.452477 0.890646 0.452189 0.890919 0.451901 0.891464 0.451901 0.891737 0.452189 0.891737 0.452477 0.89201 0.452765 0.893646 0.452765 0.893919 0.453053 0.89501 0.453053 0.895282 0.452765 0.896918 0.452765 0.897191 0.453053 0.897464 0.453053 0.898009 0.452477 0.898827 0.452477 0.8991 0.452765 0.899373 0.452765 0.899645 0.452477 0.900736 0.452477 0.901009 0.452765 0.901554 0.452765 0.9021 0.452189 0.902373 0.452189 0.902645 0.452477 0.904009 0.452477 0.904281 0.452189 0.905918 0.452189 0.90619 0.451901 0.907554 0.451901 0.907827 0.452189 0.908099 0.451901 0.909463 0.451901 0.909735 0.451613 0.910826 0.451613 0.910826 0.451325 0.911099 0.451037 0.911372 0.451325 0.91219 0.451325 0.912463 0.451037 0.913008 0.451037 0.913281 0.450749 0.914099 0.450749 0.914644 0.450173 0.914917 0.450461 0.91519 0.450461 0.915462 0.450173 0.916008 0.450173 0.916553 0.449597 0.916826 0.449885 0.917098 0.449885 0.917098 0.449597 0.917371 0.449309 0.917917 0.449309 0.918189 0.449021 0.918462 0.449021 0.918735 0.449309 0.919007 0.449021 0.91928 0.449021 0.919553 0.448733 0.919553 0.448445 0.919825 0.448157 0.920098 0.448157 0.920371 0.448445 0.920644 0.448445 0.920644 0.448157 0.920916 0.447869 0.921462 0.447869 0.921734 0.447581 0.921734 0.447293 0.922007 0.447005 0.92228 0.447293 0.92228 0.446141 0.922552 0.445853 0.923916 0.445853 0.924189 0.446141 0.924461 0.445853 0.924461 0.4447 0.924189 0.4447 0.923916 0.444412 0.924189 0.444124 0.924189 0.443548 0.924461 0.44326 0.924734 0.44326 0.924734 0.442972 0.92528 0.442396 0.92528 0.43894 0.925552 0.438652 0.925552 0.438364 0.924734 0.438364 0.924461 0.438076 0.924461 0.4375 0.924189 0.437212 0.924189 0.436924 0.924461 0.436636 0.924461 0.435196 0.924734 0.434908 0.924734 0.434332 0.924189 0.433756 0.924189 0.43318 0.923916 0.432892 0.923916 0.432316 0.923643 0.432028 0.923643 0.431164 0.922825 0.4303 0.922825 0.430012 0.922552 0.430012 0.92228 0.429724 0.92228 0.428571 0.922007 0.428571 0.921734 0.428283 0.920098 0.428283 0.919825 0.427995 0.918462 0.427995 0.918189 0.427707 0.916826 0.427707 0.916553 0.427419 0.914917 0.427419 0.914644 0.427131 0.913281 0.427131 0.913008 0.426843 0.911372 0.426843 0.911099 0.426555 0.909735 0.426555 0.909463 0.426267 0.908645 0.426267 0.908372 0.426555 0.908372 0.426843 0.908099 0.427131 0.907554 0.426555 0.907554 0.425979 0.90619 0.425979 0.905918 0.425691 0.904554 0.425691 0.904281 0.425403 0.902918 0.425403 0.902645 0.425115 0.901827 0.425115 0.901827 0.425691 0.901554 0.425979 0.901827 0.426267 0.901554 0.426555 0.901009 0.426555 0.900736 0.426267 0.899645 0.426267 0.899645 0.426555 0.899373 0.426843 0.8991 0.426843 0.898827 0.426555 0.897464 0.426555 0.896918 0.425979 0.896918 0.425691 0.895828 0.425691 0.895555 0.425403 0.894191 0.425403 0.893919 0.425115 0.892283 0.425115 0.89201 0.424827 0.890646 0.424827 0.890374 0.424539 0.88901 0.424539 0.888737 0.424251 0.887101 0.424251 0.886828 0.423963 0.885465 0.423963 0.885192 0.423675 0.883556 0.423675 0.883283 0.423387 0.88192 0.423387 0.881647 0.423099 0.880284 0.423099 0.880011 0.422811 0.879193 0.422811 0.879193 0.423099 0.87892 0.423387 0.878375 0.423387 0.878102 0.423099 0.878102 0.422523 0.876738 0.422523 0.876466 0.422235 0.875102 0.422235 0.87483 0.421947 0.873193 0.421947 0.872921 0.421659 0.871557 0.421659 0.871284 0.421371 0.869921 0.421371 0.869648 0.421083 0.868012 0.421083 0.867739 0.420795 0.866376 0.420795 0.866103 0.420507 0.86474 0.420507 0.864467 0.420219 0.862831 0.420219 0.862558 0.419931 0.861194 0.419931 0.860922 0.419643 0.860376 0.419643 0.860376 0.419931 0.860104 0.420219 0.859286 0.420219 0.859013 0.419931 0.857649 0.419931 0.857377 0.419643 0.856013 0.419643 0.85574 0.419355 0.854104 0.419355 0.853831 0.419067 0.852468 0.419067 0.852195 0.418779 0.852195 0.418203 0.850832 0.418203 0.850559 0.417915 0.850286 0.417915 0.850286 0.418203 0.850014 0.418491 0.849741 0.418203 0.849741 0.417915 0.849468 0.417627 0.849741 0.417339 0.849741 0.415899 0.850014 0.415611 0.850014 0.414171 0.850286 0.413882 0.850286 0.413594 0.849468 0.413594 0.849196 0.413306 0.848923 0.413306 0.848923 0.413882 0.84865 0.414171 0.84865 0.415035 0.848923 0.415323 0.848105 0.416187 0.847832 0.416187 0.847832 0.416763 0.847559 0.417051 0.847287 0.416763 0.847287 0.416475 0.847014 0.416187 0.847014 0.415323 0.846741 0.415035 0.846741 0.414747 0.847014 0.414459 0.847287 0.414459 0.847559 0.414747 0.847559 0.413882 0.847832 0.413594 0.847832 0.41273 0.847287 0.412154 0.847287 0.411866 0.847014 0.411866 0.846741 0.411578 0.846469 0.411578 0.846196 0.41129 0.846469 0.411002 0.847559 0.411002 0.847832 0.41129 0.849196 0.41129 0.849468 0.411578 0.850559 0.411578 0.851377 0.412442 0.852468 0.412442 0.852741 0.412154 0.853559 0.412154 0.853831 0.412442 0.853831 0.41273 0.85465 0.41273 0.854922 0.413018 0.856558 0.413018 0.856831 0.41273 0.857649 0.41273 0.858467 0.413594 0.859831 0.413594 0.860104 0.413882 0.861467 0.413882 0.86174 0.414171 0.863103 0.414171 0.863376 0.414459 0.865012 0.414459 0.865285 0.414747 0.866648 0.414747 0.866921 0.415035 0.868285 0.415035 0.868557 0.415323 0.870194 0.415323 0.870466 0.415611 0.87183 0.415611 0.872103 0.415899 0.873466 0.415899 0.873739 0.416187 0.875375 0.416187 0.875648 0.416475 0.877011 0.416475 0.877284 0.416763 0.87892 0.416763 0.879193 0.417051 0.880556 0.417051 0.880829 0.417339 0.882193 0.417339 0.882465 0.417627 0.884101 0.417627 0.884374 0.417915 0.885738 0.417915 0.88601 0.418203 0.887374 0.418203 0.887647 0.418491 0.889283 0.418491 0.889555 0.418779 0.890919 0.418779 0.891192 0.419067 0.892555 0.419067 0.892828 0.419355 0.893373 0.419355 0.893919 0.418779 0.894191 0.418779 0.894464 0.419067 0.89501 0.419067 0.895555 0.418491 0.8961 0.418491 0.896373 0.418779 0.896918 0.418779 0.896918 0.418491 0.897191 0.418203 0.898282 0.418203 0.898827 0.417627 0.8991 0.417627 0.8991 0.417339 0.899373 0.417051 0.899645 0.417051 0.899918 0.417339 0.899918 0.418203 0.899645 0.418491 0.899645 0.419643 0.899918 0.419931 0.899918 0.420219 0.900191 0.420507 0.901282 0.420507 0.901282 0.420219 0.901554 0.419931 0.901554 0.419643 0.901282 0.419355 0.901009 0.419355 0.900736 0.419067 0.900736 0.418779 0.901009 0.418491 0.901282 0.418491 0.901554 0.418779 0.902645 0.418779 0.902645 0.418491 0.902918 0.418203 0.902918 0.416763 0.903191 0.416475 0.903191 0.416187 0.902645 0.415611 0.902645 0.414747 0.902918 0.414459 0.902918 0.414171 0.903191 0.413882 0.903463 0.413882 0.903463 0.413018 0.903736 0.41273 0.903463 0.412442 0.902645 0.412442 0.902373 0.412154 0.902373 0.411578 0.902645 0.41129 0.903736 0.41129 0.903736 0.411002 0.904009 0.410714 0.904009 0.40985 0.903736 0.409562 0.902918 0.409562 0.902645 0.409274 0.902645 0.408986 0.902918 0.408698 0.902918 0.407258 0.903191 0.40697 0.903191 0.40553 0.903463 0.405242 0.903736 0.40553 0.904009 0.40553 0.904281 0.405818 0.904554 0.405818 0.904554 0.40553 0.904827 0.405242 0.904827 0.403802 0.9051 0.403514 0.904554 0.403514 0.904281 0.403226 0.904009 0.403226 0.903736 0.402938 0.903736 0.401786 0.904009 0.401498 0.904009 0.400058 0.904281 0.39977 0.904554 0.39977 0.904827 0.400058 0.905372 0.400058 0.905645 0.39977 0.905645 0.398329 0.905918 0.398041 0.905918 0.397753 0.905645 0.397465 0.904827 0.397465 0.904554 0.397177 0.904554 0.396313 0.904827 0.396025 0.904827 0.394585 0.9051 0.394297 0.905372 0.394585 0.90619 0.394585 0.906463 0.394297 0.906463 0.393145 0.90619 0.393145 0.905918 0.392857 0.906463 0.392281 0.906736 0.392281 0.906736 0.391417 0.906463 0.391129 0.905645 0.391129 0.905372 0.390841 0.905645 0.390553 0.905645 0.389113 0.905918 0.388825 0.905918 0.387097 0.90619 0.386809 0.90619 0.385369 0.906463 0.385081 0.906463 0.383641 0.906736 0.383353 0.906736 0.381624 0.907008 0.381336 0.907008 0.379896 0.907281 0.379608 0.907281 0.37932 0.907554 0.379032 0.907827 0.379032 0.908099 0.37932 0.908099 0.379032 0.908372 0.378744 0.908645 0.378744 0.908645 0.378168 0.908917 0.37788 0.908917 0.377304 0.908645 0.377016 0.908917 0.376728 0.908917 0.37644 0.90919 0.376152 0.90919 0.374424 0.909463 0.374136 0.90919 0.373848 0.909463 0.37356 0.909463 0.372696 0.909735 0.372408 0.909735 0.370968 0.909463 0.37068 0.909735 0.370392 0.910008 0.370392 0.910008 0.369528 0.90919 0.369528 0.908917 0.36924 0.90919 0.368952 0.910008 0.368952 0.910281 0.368664 0.910281 0.3678 0.909735 0.367224 0.910281 0.366647 0.910554 0.366647 0.910554 0.365495 0.910826 0.365207 0.910826 0.364055 0.910554 0.363767 0.910008 0.363767 0.909735 0.363479 0.910008 0.363191 0.910008 0.362903 0.910281 0.362615 0.911099 0.362615 0.911099 0.362039 0.910826 0.361751 0.910826 0.360887 0.911099 0.360599 0.911372 0.360599 0.911372 0.359735 0.911099 0.359735 0.910554 0.359159 0.910826 0.358871 0.911099 0.358871 0.911372 0.359159 0.911644 0.358871 0.911644 0.358295 0.911372 0.358295 0.911099 0.358007 0.911372 0.357719 0.910826 0.357143 0.910826 0.356279 0.911099 0.355991 0.911644 0.355991 0.911644 0.355415 0.911917 0.355127 0.91219 0.355127 0.91219 0.354551 0.912463 0.354263 0.912463 0.353975 0.91219 0.353687 0.91219 0.353399 0.912463 0.353111 0.912463 0.352535 0.912735 0.352247 0.912735 0.351382 0.911917 0.351382 0.911644 0.351094 0.911644 0.350806 0.911917 0.350518 0.911917 0.35023 0.91219 0.349942 0.913008 0.349942 0.913008 0.349078 0.913281 0.34879 0.913281 0.347926 0.913008 0.347926 0.912735 0.347638 0.913008 0.34735 0.913281 0.34735 0.913281 0.347062 0.913553 0.346774 0.913553 0.345622 0.912735 0.345622 0.912463 0.345334 0.912735 0.345046 0.912735 0.344182 0.913008 0.343894 0.913826 0.343894 0.913826 0.343606 0.914099 0.343318 0.914099 0.341878 0.913826 0.34159 0.913553 0.34159 0.913281 0.341302 0.913553 0.341014 0.914371 0.341014 0.914371 0.339862 0.914644 0.339574 0.914371 0.339574 0.914099 0.339286 0.913826 0.339286 0.913553 0.338998 0.913553 0.337846 0.914099 0.33727 0.914371 0.33727 0.914644 0.337558 0.914917 0.33727 0.914917 0.336118 0.91519 0.335829 0.91519 0.334389 0.915462 0.334101 0.915462 0.333237 0.914917 0.333237 0.914371 0.332661 0.914371 0.332373 0.914644 0.332085 0.914644 0.330645 0.914917 0.330357 0.914917 0.328917 0.91519 0.328629 0.91519 0.326901 0.915462 0.326613 0.915462 0.325173 0.915735 0.324885 0.915735 0.324597 0.916008 0.324309 0.91628 0.324309 0.91628 0.323445 0.916826 0.322869 0.917098 0.322869 0.917098 0.321429 0.916826 0.321141 0.916826 0.3197 0.917098 0.319412 0.917098 0.317972 0.917371 0.317684 0.917371 0.315956 0.917644 0.315668 0.917644 0.314228 0.917917 0.31394 0.917917 0.3125 0.918189 0.312212 0.918189 0.310484 0.918462 0.310196 0.918462 0.308756 0.918735 0.308468 0.918735 0.30674 0.919007 0.306452 0.919007 0.305012 0.91928 0.304724 0.91928 0.303283 0.919553 0.302995 0.919553 0.301267 0.919825 0.300979 0.919825 0.299539 0.920098 0.299251 0.920098 0.297811 0.920371 0.297523 0.920371 0.295795 0.920644 0.295507 0.920644 0.294067 0.920916 0.293779 0.920916 0.292339 0.921189 0.292051 0.921189 0.290323 0.921462 0.290035 0.921462 0.288594 0.921734 0.288306 0.921734 0.286866 0.922007 0.286578 0.922007 0.28485 0.92228 0.284562 0.92228 0.283122 0.922552 0.282834 0.923098 0.282834 0.923098 0.281394 0.923371 0.281106 0.923371 0.279378 0.923643 0.27909 0.923643 0.27765 0.923916 0.277362 0.923916 0.275922 0.924189 0.275634 0.924189 0.273906 0.924461 0.273618 0.926098 0.273618 0.92637 0.273906 0.927734 0.273906 0.928007 0.274194 0.929643 0.274194 0.929915 0.274482 0.931279 0.274482 0.931552 0.27477 0.932915 0.27477 0.933188 0.275058 0.934824 0.275058 0.935097 0.275346 0.93646 0.275346 0.936733 0.275634 0.938097 0.275634 0.938369 0.275922 0.940005 0.275922 0.940278 0.27621 0.941642 0.27621 0.941914 0.276498 0.943551 0.276498 0.943823 0.276786 0.945187 0.276786 0.94546 0.277074 0.945732 0.277074 0.945732 0.276786 0.946005 0.276498 0.946823 0.276498 0.947096 0.276786 0.947641 0.276786 0.947641 0.276498 0.947914 0.27621 0.948732 0.27621 0.949005 0.276498 0.949277 0.27621 0.950641 0.27621 0.951186 0.276786 0.951186 0.27765 0.951459 0.277938 0.952004 0.277938 0.952004 0.27621 0.952277 0.275922 0.952277 0.274482 0.95255 0.274194 0.95255 0.272753 0.952822 0.272465 0.952822 0.270737 0.953095 0.270449 0.952822 0.270161 0.952822 0.269009 0.953095 0.268721 0.953095 0.266993 0.953641 0.266417 0.953641 0.265265 0.953913 0.264977 0.953913 0.263537 0.954186 0.263249 0.954186 0.261521 0.954459 0.261233 0.954459 0.259793 0.954731 0.259505 0.954731 0.258065 0.955004 0.257776 0.955004 0.256048 0.955277 0.25576 0.955277 0.25432 0.955549 0.254032 0.955549 0.252592 0.955822 0.252304 0.955822 0.250576 0.956095 0.250288 0.956095 0.248848 0.956368 0.24856 0.956368 0.24712 0.95664 0.246832 0.95664 0.245104 0.956913 0.244816 0.956913 0.243376 0.957186 0.243088 0.957186 0.241647 0.957458 0.241359 0.957458 0.239631 0.957731 0.239343 0.957731 0.237903 0.958004 0.237615 0.958004 0.236175 0.958277 0.235887 0.958277 0.234159 0.958549 0.233871 0.958549 0.232431 0.958822 0.232143 0.958822 0.230703 0.959095 0.230415 0.959095 0.228687 0.959367 0.228399 0.959367 0.226959 0.95964 0.226671 0.95964 0.224942 0.959913 0.224654 0.959913 0.223214 0.960185 0.222926 0.960185 0.221486 0.960458 0.221198 0.960458 0.219758 0.959913 0.219758 0.95964 0.220046 0.95964 0.221198 0.959367 0.221486 0.959367 0.223214 0.959095 0.223502 0.959095 0.224942 0.958822 0.22523 0.958822 0.226671 0.958549 0.226959 0.958549 0.228687 0.958277 0.228975 0.958277 0.230415 0.958004 0.230703 0.958004 0.232143 0.957731 0.232431 0.957731 0.233295 0.957458 0.233583 0.956913 0.233007 0.956913 0.232431 0.95664 0.232431 0.956368 0.232143 0.95664 0.231855 0.95664 0.231279 0.956095 0.230703 0.955549 0.230703 0.955277 0.230415 0.955277 0.230127 0.955004 0.230127 0.954731 0.229839 0.954731 0.229551 0.954459 0.229551 0.954186 0.229263 0.954186 0.228975 0.953913 0.228687 0.953641 0.228687 0.953368 0.228399 0.953095 0.228399 0.952822 0.228111 0.953095 0.227823 0.95255 0.227823 0.952277 0.227535 0.952277 0.227247 0.951732 0.226671 0.951459 0.226671 0.951186 0.226382 0.951186 0.226094 0.950914 0.226094 0.950641 0.225806 0.950641 0.22523 0.950368 0.22523 0.950095 0.224942 0.950095 0.223502 0.94955 0.222926 0.949277 0.222926 0.949005 0.222638 0.949005 0.22091 0.948459 0.220334 0.948732 0.220046 0.948732 0.218606 0.948459 0.218318 0.948459 0.217166 0.948187 0.217166 0.947914 0.216878 0.947914 0.21659 0.948187 0.216302 0.948187 0.21515 0.948459 0.214862 0.949823 0.214862 0.950095 0.21515 0.950641 0.21515 0.950914 0.214862 0.950914 0.21371 0.950641 0.21371 0.950368 0.213422 0.950368 0.213134 0.950095 0.213134 0.949823 0.212846 0.949005 0.212846 0.948732 0.212558 0.949005 0.21227 0.949823 0.21227 0.950095 0.211982 0.950368 0.21227 0.950914 0.211694 0.951732 0.211694 0.952277 0.211118 0.952277 0.209965 0.952004 0.209965 0.951732 0.209677 0.950914 0.209677 0.950914 0.209965 0.950641 0.210253 0.950368 0.210253 0.950095 0.209965 0.950095 0.209389 0.950368 0.209101 0.952277 0.209101 0.952277 0.208525 0.952004 0.208237 0.951186 0.208237 0.950914 0.207949 0.950914 0.207661 0.951186 0.207373 0.951459 0.207373 0.951459 0.206509 0.951732 0.206221 0.952004 0.206221 0.952277 0.205933 0.95255 0.206221 0.953368 0.206221 0.953368 0.205933 0.953641 0.205645 0.953641 0.204781 0.953913 0.204493 0.954459 0.204493 0.954459 0.204205 0.954731 0.203917 0.955277 0.203917 0.955277 0.203341 0.955549 0.203053 0.955822 0.203053 0.955822 0.202477 0.956095 0.202189 0.956095 0.200749 0.956368 0.200461 0.956368 0.199021 0.95664 0.198733 0.95664 0.197581 0.956913 0.197293 0.956913 0.197005 0.957186 0.196717 0.957186 0.195853 0.956913 0.195565 0.956913 0.195276 0.957186 0.194988 0.957186 0.19326 0.957458 0.192972 0.957458 0.191532 0.957731 0.191244 0.957731 0.189804 0.958004 0.189516 0.958004 0.188076 0.957731 0.188076 0.957458 0.187788 0.957731 0.1875 0.957731 0.18606 0.958004 0.185772 0.957731 0.185772 0.957458 0.185484 0.957458 0.184332 0.957186 0.184044 0.957458 0.183756 0.957458 0.18318 0.956913 0.182604 0.95664 0.182604 0.956368 0.182316 0.95664 0.182028 0.95664 0.181452 0.956368 0.181164 0.956095 0.181164 0.955822 0.180876 0.955822 0.1803 0.955549 0.180012 0.955549 0.179435 0.955277 0.179147 0.955277 0.178859 0.955004 0.178859 0.954731 0.178571 0.954731 0.178283 0.954459 0.177995 0.954459 0.177707 0.953641 0.176843 0.953641 0.176555 0.953368 0.176555 0.953095 0.176267 0.953368 0.175979 0.952822 0.175979 0.95255 0.175691 0.95255 0.175403 0.952277 0.175403 0.952004 0.175115 0.952004 0.174827 0.951459 0.174827 0.951186 0.174539 0.951186 0.174251 0.951459 0.173963 0.952822 0.173963 0.953095 0.174251 0.954731 0.174251 0.955004 0.174539 0.956368 0.174539 0.95664 0.174827 0.958004 0.174827 0.958277 0.175115 0.959913 0.175115 0.960185 0.175403 0.961549 0.175403 0.961822 0.175691 0.963185 0.175691 0.963458 0.175979 0.964276 0.175979 0.964549 0.175691 0.964549 0.175403 0.964821 0.175115 0.963458 0.175115 0.963185 0.174827 0.961822 0.174827 0.961549 0.174539 0.959913 0.174539 0.95964 0.174251 0.958277 0.174251 0.958004 0.173963 0.95664 0.173963 0.956368 0.173675 0.954731 0.173675 0.954459 0.173387 0.953095 0.173387 0.952822 0.173099 0.951459 0.173099 0.951186 0.172811 0.94955 0.172811 0.949277 0.172523 0.947914 0.172523 0.947641 0.172235 0.946278 0.172235 0.946005 0.171947 0.944369 0.171947 0.944096 0.171659 0.942732 0.171659 0.94246 0.171371 0.940824 0.171371 0.940551 0.171083 0.939187 0.171083 0.938915 0.170795 0.937551 0.170795 0.937278 0.170507 0.935642 0.170507 0.93537 0.170219 0.934006 0.170219 0.933733 0.169931 0.93237 0.169931 0.932097 0.169643 0.930461 0.169643 0.930188 0.169355 0.928825 0.169355 0.928552 0.169067 0.927188 0.169067 0.926916 0.168779 0.92528 0.168779 0.925007 0.168491 0.923643 0.168491 0.923371 0.168203 0.922007 0.168203 0.921734 0.167915 0.920098 0.167915 0.919825 0.167627 0.918462 0.167627 0.918189 0.167339 0.916826 0.167339 0.916553 0.167051 0.914917 0.167051 0.914644 0.166763 0.913281 0.166763 0.913008 0.166475 0.911372 0.166475 0.911099 0.166187 0.909735 0.166187 0.909463 0.165899 0.908099 0.165899 0.907827 0.165611 0.90619 0.165611 0.905918 0.165323 0.904554 0.165323 0.904281 0.165035 0.902918 0.165035 0.902645 0.164747 0.901009 0.164747 0.900736 0.164459 0.899373 0.164459 0.8991 0.164171 0.897737 0.164171 0.897464 0.163882 0.895828 0.163882 0.895555 0.163594 0.894191 0.163594 0.893919 0.163306 0.892555 0.163306 0.892283 0.163018 0.890646 0.163018 0.890374 0.16273 0.88901 0.16273 0.888737 0.162442 0.887374 0.162442 0.887101 0.162154 0.885465 0.162154 0.885192 0.161866 0.883829 0.161866 0.883556 0.161578 0.882193 0.161578 0.88192 0.16129 0.880284 0.16129 0.880011 0.161002 0.878647 0.161002 0.878375 0.160714 0.876738 0.160714 0.876466 0.160426 0.875102 0.160426 0.87483 0.160138 0.873466 0.160138 0.873193 0.15985 0.871557 0.15985 0.871284 0.159562 0.869921 0.159562 0.869648 0.159274 0.868285 0.159274 0.868012 0.158986 0.866376 0.158986 0.866103 0.158698 0.86474 0.158698 0.864467 0.15841 0.863103 0.15841 0.862831 0.158122 0.861194 0.158122 0.860922 0.157834 0.859558 0.157834 0.859286 0.157546 0.857922 0.157546 0.857649 0.157258 0.856013 0.157258 0.85574 0.15697 0.854377 0.15697 0.854104 0.156682 0.852741 0.156682 0.852468 0.156394 0.850832 0.156394 0.850559 0.156106
