0 0.289894 0.520045 0.28945 0.520327 0.28945 0.520892 0.289007 0.521174 0.28945 0.521457 0.289894 0.521457 0.290337 0.521739 0.291223 0.521739 0.291667 0.522021 0.292996 0.522021 0.29344 0.522304 0.294326 0.522304 0.294326 0.521739 0.29477 0.521457 0.29477 0.520892 0.29344 0.520892 0.292996 0.52061 0.29211 0.52061 0.291667 0.520327 0.29078 0.520327 0.290337 0.520045
0 0.350177 0.497459 0.350177 0.498024 0.349734 0.498306 0.349734 0.499153 0.349291 0.499435 0.347961 0.499435 0.347961 0.499718 0.347518 0.5 0.347518 0.500847 0.347074 0.501129 0.347074 0.501694 0.346631 0.501976 0.346631 0.502541 0.346188 0.502823 0.346188 0.50367 0.345745 0.503953 0.345745 0.504235 0.346188 0.504235 0.346631 0.504517 0.347961 0.504517 0.348404 0.504235 0.348404 0.503953 0.348848 0.50367 0.348848 0.503106 0.349291 0.502823 0.349291 0.502259 0.349734 0.501976 0.349734 0.501412 0.350621 0.500847 0.350621 0.500565 0.351064 0.500282 0.351064 0.499435 0.351507 0.499153 0.351507 0.498588 0.35195 0.498306 0.35195 0.497741 0.351507 0.497741 0.351064 0.497459
0 0.348404 0.49266 0.348404 0.492942 0.347961 0.493224 0.347961 0.494353 0.348404 0.494353 0.348848 0.494636 0.350177 0.494636 0.350177 0.494353 0.350621 0.494071 0.350621 0.493506 0.351064 0.493224 0.350621 0.493224 0.350177 0.492942 0.349291 0.492942 0.348848 0.49266
0 0.351507 0.486448 0.351064 0.486731 0.351064 0.487295 0.350621 0.487578 0.350621 0.488707 0.351064 0.488989 0.352837 0.488989 0.35328 0.488707 0.35328 0.48786 0.353723 0.487578 0.353723 0.487013 0.35328 0.486731 0.352394 0.486731 0.35195 0.486448
0 0.153812 0.466685 0.153812 0.466968 0.153369 0.46725 0.153369 0.468097 0.153812 0.468379 0.154699 0.468379 0.155142 0.468662 0.156028 0.468662 0.156472 0.468944 0.157358 0.468944 0.157801 0.469226 0.159574 0.469226 0.159574 0.468944 0.160018 0.468662 0.160018 0.467815 0.159574 0.467815 0.159131 0.467532 0.158245 0.467532 0.157801 0.46725 0.156472 0.46725 0.156028 0.466968 0.155142 0.466968 0.154699 0.466685
0 0.16844 0.464992 0.167553 0.465556 0.167553 0.466121 0.16711 0.466403 0.166223 0.466403 0.16578 0.466685 0.16578 0.46725 0.165337 0.467532 0.16578 0.467815 0.16578 0.468097 0.166667 0.468097 0.16711 0.468379 0.167996 0.468379 0.167996 0.467815 0.16844 0.467532 0.168883 0.467815 0.169326 0.467815 0.16977 0.467532 0.16977 0.466968 0.170213 0.466685 0.170213 0.465839 0.170656 0.465556 0.170213 0.465274 0.169326 0.465274 0.168883 0.464992
0 0.172429 0.457086 0.171986 0.457369 0.171543 0.457369 0.171543 0.457933 0.171099 0.458216 0.171099 0.45878 0.170656 0.459063 0.170656 0.459345 0.171099 0.459627 0.171543 0.459627 0.171986 0.45991 0.173316 0.45991 0.173316 0.459627 0.173759 0.459345 0.174645 0.459345 0.175089 0.459063 0.175089 0.458498 0.175532 0.458216 0.175532 0.457933 0.175089 0.457651 0.174202 0.457651 0.173759 0.457369 0.172872 0.457369
0 0.179078 0.450028 0.179078 0.450311 0.178635 0.450593 0.177748 0.450593 0.177305 0.450875 0.177305 0.45144 0.176862 0.451722 0.176862 0.452569 0.176418 0.452851 0.176418 0.453416 0.175975 0.453698 0.175975 0.454545 0.176418 0.454828 0.178191 0.454828 0.178635 0.454545 0.178635 0.453981 0.179078 0.453698 0.179078 0.452851 0.179521 0.452569 0.179521 0.452287 0.179965 0.452005 0.180851 0.452005 0.181294 0.451722 0.181294 0.451158 0.181738 0.450875 0.181738 0.450593 0.181294 0.450311 0.180408 0.450311 0.179965 0.450028
0 0.179965 0.443252 0.179521 0.443535 0.179521 0.443817 0.179078 0.444099 0.179078 0.444946 0.178635 0.445229 0.178635 0.445511 0.179078 0.445793 0.179521 0.445793 0.179965 0.446076 0.180851 0.446076 0.181294 0.446358 0.182181 0.446358 0.182624 0.446076 0.182624 0.445511 0.183067 0.445229 0.183067 0.444946 0.182624 0.444664 0.182181 0.444664 0.181738 0.444382 0.182181 0.444099 0.182181 0.443817 0.181738 0.443535 0.180408 0.443535
0 0.386525 0.395539 0.386082 0.395822 0.386082 0.396386 0.385638 0.396669 0.385638 0.397516 0.385195 0.397798 0.385195 0.398363 0.384752 0.398645 0.384752 0.399209 0.384309 0.399492 0.384309 0.400339 0.383865 0.400621 0.383865 0.401186 0.383422 0.401468 0.383422 0.402033 0.382979 0.402315 0.382979 0.403162 0.382535 0.403444 0.383422 0.403444 0.383865 0.403727 0.384752 0.403727 0.385638 0.403162 0.386525 0.403162 0.386525 0.40288 0.386968 0.402597 0.386968 0.40175 0.387411 0.401468 0.387411 0.400903 0.387855 0.400621 0.387855 0.400056 0.388298 0.399774 0.388298 0.399492 0.387855 0.399492 0.386968 0.398927 0.387411 0.398645 0.387411 0.39808 0.387855 0.397798 0.387855 0.396951 0.388298 0.396669 0.388298 0.395822 0.386968 0.395822
0 0.394504 0.380858 0.39406 0.381141 0.39406 0.381705 0.393617 0.381988 0.393617 0.382552 0.393174 0.382835 0.393174 0.383399 0.39273 0.383682 0.39273 0.384529 0.392287 0.384811 0.392287 0.385375 0.391844 0.385658 0.391401 0.385375 0.390957 0.385658 0.390957 0.386222 0.390514 0.386505 0.390514 0.387069 0.390071 0.387352 0.390071 0.388199 0.389628 0.388481 0.390071 0.388481 0.390514 0.388763 0.391401 0.388763 0.391844 0.389046 0.393174 0.389046 0.393174 0.388763 0.393617 0.388481 0.393617 0.387634 0.39406 0.387352 0.39406 0.386787 0.393617 0.386787 0.393174 0.386505 0.393174 0.38594 0.393617 0.385658 0.39406 0.38594 0.394504 0.38594 0.394947 0.385658 0.394947 0.384811 0.39539 0.384529 0.39539 0.383964 0.395833 0.383682 0.395833 0.383117 0.396277 0.382835 0.396277 0.381988 0.39672 0.381705 0.39672 0.381423 0.396277 0.381141 0.394947 0.381141
0 0.405142 0.358272 0.404699 0.358554 0.404699 0.359119 0.404255 0.359401 0.404255 0.359966 0.403369 0.360531 0.402926 0.360531 0.402926 0.360813 0.402482 0.361095 0.402482 0.36166 0.402039 0.361942 0.402039 0.362789 0.401596 0.363072 0.401596 0.363354 0.402482 0.363919 0.402039 0.364201 0.402039 0.364766 0.401596 0.365048 0.401596 0.365613 0.401152 0.365895 0.401152 0.366742 0.400709 0.367024 0.400709 0.367307 0.401152 0.367589 0.401152 0.367871 0.401596 0.368154 0.401596 0.368436 0.401152 0.368718 0.401152 0.369565 0.400266 0.37013 0.399823 0.369848 0.398493 0.369848 0.398493 0.37013 0.39805 0.370412 0.39805 0.371259 0.397606 0.371542 0.397606 0.372106 0.39805 0.372106 0.398493 0.372388 0.398936 0.372388 0.399379 0.372671 0.399379 0.373235 0.398936 0.373518 0.398936 0.374082 0.398493 0.374365 0.398493 0.375212 0.39805 0.375494 0.39805 0.376059 0.397606 0.376341 0.397606 0.376906 0.397163 0.377188 0.397163 0.377753 0.397606 0.378035 0.398493 0.378035 0.398936 0.378317 0.399379 0.378317 0.399823 0.378035 0.399823 0.37747 0.400266 0.377188 0.400266 0.376623 0.400709 0.376341 0.400709 0.375776 0.401152 0.375494 0.401152 0.374647 0.401596 0.374365 0.401596 0.3738 0.402039 0.373518 0.402039 0.372953 0.402482 0.372671 0.402482 0.372388 0.402926 0.372106 0.403369 0.372388 0.403812 0.372388 0.403812 0.372106 0.404255 0.371824 0.404255 0.370977 0.403369 0.370412 0.403369 0.37013 0.403812 0.369848 0.403812 0.369001 0.404255 0.368718 0.404255 0.368154 0.404699 0.367871 0.404699 0.367307 0.405142 0.367024 0.405142 0.366742 0.404699 0.366742 0.403812 0.366177 0.404255 0.365895 0.404255 0.36533 0.404699 0.365048 0.404699 0.364201 0.405142 0.363919 0.405142 0.363354 0.404255 0.362789 0.404255 0.362507 0.404699 0.362225 0.405142 0.362225 0.405585 0.362507 0.406028 0.362225 0.406028 0.361378 0.406472 0.361095 0.406472 0.360531 0.406915 0.360248 0.406915 0.359684 0.407358 0.359401 0.407358 0.358554 0.406472 0.358554 0.406028 0.358272
0 0.490691 0.188312 0.490691 0.188594 0.490248 0.188876 0.490248 0.189723 0.490691 0.189723 0.491135 0.190006 0.491135 0.19057 0.491578 0.190853 0.492465 0.190853 0.492908 0.191135 0.493351 0.191135 0.493794 0.190853 0.493794 0.190288 0.494238 0.190006 0.494238 0.188876 0.493351 0.188876 0.492908 0.188594 0.492021 0.188594 0.491578 0.188312
0 0.492021 0.185206 0.492021 0.185771 0.491578 0.186053 0.491578 0.186618 0.492021 0.186618 0.492465 0.1869 0.493351 0.1869 0.493794 0.187182 0.494238 0.1869 0.494238 0.186335 0.494681 0.186053 0.494681 0.185488 0.494238 0.185488 0.493794 0.185206
0 0.493794 0.178713 0.493794 0.178995 0.493351 0.179277 0.493351 0.180124 0.492908 0.180407 0.492908 0.180971 0.492465 0.181254 0.492465 0.181818 0.492021 0.182101 0.492021 0.182383 0.492908 0.182383 0.493351 0.182665 0.494681 0.182665 0.494681 0.182383 0.495124 0.182101 0.495124 0.181536 0.495567 0.181254 0.495567 0.180407 0.496011 0.180124 0.496011 0.17956 0.496454 0.179277 0.496454 0.178995 0.495567 0.178995 0.495124 0.178713
0 0.499113 0.167702 0.49867 0.167984 0.49867 0.168831 0.498227 0.169113 0.498227 0.16996 0.49867 0.16996 0.499113 0.170243 0.500443 0.170243 0.500887 0.16996 0.500887 0.169396 0.50133 0.169113 0.50133 0.167984 0.500887 0.167702
0 0.50133 0.160361 0.500887 0.160644 0.500887 0.161208 0.500443 0.161491 0.500443 0.161773 0.500887 0.161773 0.50133 0.162055 0.502216 0.162055 0.50266 0.162338 0.503103 0.162055 0.503103 0.161491 0.503546 0.161208 0.503546 0.160644 0.503103 0.160644 0.50266 0.160361
0 0.507979 0.154715 0.507979 0.154997 0.507535 0.15528 0.507535 0.155844 0.507092 0.156126 0.507092 0.157256 0.507979 0.157256 0.508422 0.157538 0.509309 0.157538 0.509309 0.157256 0.509752 0.156973 0.509752 0.156409 0.510195 0.156126 0.510195 0.15528 0.509752 0.154997 0.508865 0.154997 0.508422 0.154715
0 0.509752 0.148221 0.509309 0.148504 0.509309 0.149068 0.508865 0.149351 0.508865 0.150198 0.508422 0.15048 0.509309 0.15048 0.509752 0.150762 0.511082 0.150762 0.511082 0.15048 0.511525 0.150198 0.511525 0.149633 0.511968 0.149351 0.511968 0.148786 0.511525 0.148504 0.510638 0.148504 0.510195 0.148221
0 0.511082 0.145116 0.511082 0.145398 0.510638 0.14568 0.510638 0.146527 0.511082 0.14681 0.511968 0.14681 0.512411 0.147092 0.512855 0.147092 0.512855 0.14681 0.513298 0.146527 0.513298 0.145963 0.513741 0.14568 0.513298 0.145398 0.512855 0.145398 0.512411 0.145116
0 0.512855 0.141163 0.512855 0.141728 0.512411 0.14201 0.512411 0.142575 0.512855 0.142575 0.513298 0.142857 0.514184 0.142857 0.514628 0.143139 0.515071 0.142857 0.515071 0.14201 0.515514 0.141728 0.515071 0.141728 0.514628 0.141446 0.513741 0.141446 0.513298 0.141163
0 0.51906 0.139752 0.51906 0.140316 0.518617 0.140599 0.518617 0.141163 0.518174 0.141446 0.518174 0.142292 0.51906 0.142292 0.519504 0.142575 0.519947 0.142292 0.519947 0.141728 0.52039 0.141446 0.52039 0.140599 0.520833 0.140316 0.520833 0.140034 0.519947 0.140034 0.519504 0.139752
0 0.519947 0.135517 0.51906 0.136081 0.518174 0.136081 0.51773 0.136364 0.51773 0.137211 0.517287 0.137493 0.51773 0.137775 0.518617 0.137775 0.51906 0.138058 0.519947 0.138058 0.52039 0.13834 0.52172 0.13834 0.52172 0.137775 0.522163 0.137493 0.522163 0.136928 0.522606 0.136646 0.522606 0.136081 0.522163 0.136081 0.52172 0.135799 0.52039 0.135799
0 0.515514 0.132411 0.515514 0.132976 0.515071 0.133258 0.515071 0.13354 0.514628 0.133823 0.513741 0.133823 0.512855 0.134387 0.511968 0.134387 0.511968 0.13467 0.511525 0.134952 0.511525 0.135517 0.511968 0.135799 0.512855 0.135799 0.513298 0.136081 0.513741 0.136081 0.514184 0.135799 0.514184 0.135517 0.514628 0.135234 0.515071 0.135517 0.515514 0.135517 0.515514 0.135234 0.515957 0.134952 0.515957 0.134387 0.516401 0.134105 0.516844 0.134387 0.51906 0.134387 0.51906 0.133823 0.519504 0.13354 0.519504 0.132976 0.518617 0.132976 0.518174 0.132693 0.517287 0.132693 0.516844 0.132411
0 0.519947 0.126482 0.519504 0.126765 0.519504 0.127612 0.51906 0.127894 0.51906 0.128458 0.518617 0.128741 0.518617 0.129305 0.518174 0.129588 0.518174 0.130435 0.51773 0.130717 0.51773 0.130999 0.518617 0.130999 0.51906 0.131282 0.52039 0.131282 0.52039 0.130999 0.520833 0.130717 0.520833 0.12987 0.521277 0.129588 0.521277 0.129023 0.52172 0.128741 0.52172 0.128176 0.522163 0.127894 0.522163 0.126765 0.52172 0.126765 0.521277 0.126482
0 0.522163 0.121683 0.522163 0.121965 0.52172 0.122247 0.52172 0.122812 0.521277 0.123094 0.521277 0.123941 0.52172 0.123941 0.522163 0.124224 0.523493 0.124224 0.523936 0.123941 0.523936 0.123377 0.524379 0.123094 0.524379 0.122247 0.524823 0.121965 0.524379 0.121965 0.523936 0.121683
0 0.527039 0.11406 0.527039 0.114625 0.526596 0.114907 0.526596 0.115471 0.526152 0.115754 0.526152 0.116318 0.525709 0.116601 0.525709 0.117165 0.525266 0.117448 0.525266 0.11773 0.525709 0.118012 0.526152 0.118012 0.526596 0.118295 0.527482 0.118295 0.527926 0.118012 0.527926 0.11773 0.528369 0.117448 0.528369 0.116883 0.528812 0.116601 0.528812 0.116036 0.529255 0.115754 0.529255 0.114907 0.529699 0.114625 0.529699 0.114342 0.529255 0.114342 0.528812 0.11406
0 0.527039 0.108131 0.527039 0.108696 0.526596 0.108978 0.526596 0.109543 0.527482 0.110107 0.527482 0.110672 0.527926 0.110672 0.528369 0.110954 0.529699 0.110954 0.530142 0.110672 0.530142 0.110107 0.530585 0.109825 0.530585 0.109543 0.530142 0.109543 0.529699 0.10926 0.529699 0.108413 0.528812 0.108413 0.528369 0.108131
0 0.371897 0.07284 0.371897 0.073405 0.371454 0.073687 0.371897 0.07397 0.373227 0.07397 0.37367 0.074252 0.374557 0.074252 0.375 0.074534 0.37633 0.074534 0.376773 0.074816 0.377216 0.074816 0.37766 0.075099 0.377216 0.075381 0.377216 0.075946 0.376773 0.076228 0.376773 0.077075 0.37633 0.077357 0.37633 0.077922 0.375887 0.078204 0.375887 0.078769 0.375443 0.079051 0.375443 0.079898 0.375 0.080181 0.375 0.080745 0.374557 0.081028 0.374557 0.081592 0.374113 0.081875 0.374113 0.082722 0.37367 0.083004 0.37367 0.083569 0.373227 0.083851 0.373227 0.084416 0.372784 0.084698 0.372784 0.085545 0.37234 0.085827 0.37234 0.086392 0.371897 0.086674 0.371897 0.087239 0.371454 0.087521 0.371454 0.088368 0.371011 0.08865 0.371011 0.089215 0.370567 0.089497 0.370567 0.090627 0.371011 0.090627 0.371454 0.090909 0.371454 0.091191 0.371011 0.091474 0.371011 0.092038 0.370567 0.092321 0.370567 0.093168 0.371011 0.09345 0.371897 0.09345 0.372784 0.094015 0.372784 0.094297 0.37234 0.094579 0.373227 0.094579 0.37367 0.094862 0.37367 0.095144 0.373227 0.095426 0.373227 0.096556 0.37367 0.096556 0.374113 0.096838 0.374113 0.097403 0.37367 0.097685 0.37367 0.09825 0.373227 0.098532 0.373227 0.099097 0.372784 0.099379 0.372784 0.099944 0.37234 0.100226 0.37234 0.101355 0.372784 0.101355 0.373227 0.101637 0.373227 0.10192 0.372784 0.102202 0.372784 0.103049 0.37367 0.103614 0.37367 0.104178 0.373227 0.104461 0.373227 0.105025 0.372784 0.105308 0.372784 0.105872 0.37234 0.106155 0.37234 0.107002 0.371897 0.107284 0.371897 0.107566 0.371454 0.107849 0.371011 0.107849 0.370567 0.107566 0.370567 0.107002 0.371011 0.106719 0.371011 0.106437 0.370567 0.106155 0.369238 0.106155 0.368794 0.105872 0.368351 0.105872 0.368351 0.106437 0.367908 0.106719 0.367908 0.107566 0.367465 0.107849 0.367465 0.108131 0.368351 0.108131 0.368794 0.108413 0.369681 0.108413 0.370124 0.108696 0.369681 0.108978 0.369681 0.109543 0.369238 0.109825 0.369238 0.11039 0.368794 0.110672 0.368794 0.111519 0.368351 0.111801 0.368351 0.112366 0.367908 0.112648 0.367908 0.113213 0.367465 0.113495 0.367465 0.11406 0.368351 0.114625 0.368351 0.115189 0.367908 0.115471 0.367908 0.116318 0.367465 0.116601 0.367465 0.117165 0.367021 0.117448 0.367021 0.118012 0.366578 0.118295 0.366135 0.118012 0.365691 0.118012 0.365248 0.118295 0.365248 0.118859 0.364805 0.119142 0.364805 0.119989 0.364362 0.120271 0.364362 0.120836 0.363918 0.121118 0.363918 0.121683 0.363475 0.121965 0.363475 0.122812 0.363032 0.123094 0.363032 0.123659 0.362589 0.123941 0.362589 0.124506 0.362145 0.124788 0.362145 0.125635 0.361702 0.125918 0.361702 0.126482 0.361259 0.126765 0.361259 0.127329 0.360816 0.127612 0.360816 0.128458 0.359929 0.129023 0.359486 0.129023 0.359043 0.128741 0.357713 0.128741 0.357713 0.129023 0.35727 0.129305 0.35727 0.12987 0.356826 0.130152 0.356826 0.130999 0.356383 0.131282 0.356383 0.131846 0.35594 0.132129 0.35594 0.132693 0.355496 0.132976 0.353723 0.132976 0.35328 0.132693 0.352837 0.132976 0.352837 0.133258 0.352394 0.13354 0.351507 0.13354 0.350621 0.134105 0.350177 0.133823 0.349734 0.134105 0.349734 0.134387 0.349291 0.13467 0.348848 0.13467 0.348404 0.134387 0.348404 0.134952 0.347961 0.135234 0.347961 0.136081 0.347518 0.136364 0.347518 0.136928 0.347074 0.137211 0.347074 0.137775 0.346631 0.138058 0.346631 0.138905 0.346188 0.139187 0.346188 0.139469 0.345745 0.139752 0.344858 0.139752 0.344415 0.140034 0.344415 0.140599 0.343972 0.140881 0.343972 0.141446 0.343528 0.141728 0.343528 0.142292 0.343085 0.142575 0.343085 0.143422 0.342642 0.143704 0.342642 0.144269 0.342199 0.144551 0.342199 0.145116 0.341755 0.145398 0.341755 0.146245 0.341312 0.146527 0.341312 0.147092 0.340869 0.147374 0.340869 0.147939 0.340426 0.148221 0.340426 0.149068 0.339982 0.149351 0.339982 0.149915 0.339539 0.150198 0.339539 0.15048 0.339096 0.150762 0.338652 0.15048 0.338209 0.15048 0.338209 0.150762 0.337323 0.151327 0.336879 0.151045 0.336436 0.151045 0.336436 0.151609 0.335993 0.151892 0.335993 0.152456 0.336436 0.152456 0.336879 0.152739 0.336879 0.153586 0.337766 0.153586 0.338209 0.153868 0.338652 0.153868 0.339096 0.15415 0.339096 0.154715 0.338652 0.154997 0.338652 0.155562 0.338209 0.155844 0.338209 0.156691 0.337766 0.156973 0.337766 0.157538 0.337323 0.15782 0.335993 0.15782 0.33555 0.157538 0.334663 0.157538 0.334663 0.158385 0.33422 0.158667 0.33422 0.159232 0.333777 0.159514 0.333777 0.160079 0.333333 0.160361 0.333333 0.160926 0.33289 0.161208 0.332004 0.161208 0.33156 0.160926 0.330674 0.160926 0.33023 0.161208 0.33023 0.161773 0.329344 0.162338 0.328457 0.162338 0.328457 0.16262 0.328014 0.162902 0.328014 0.163467 0.327571 0.163749 0.326241 0.163749 0.326241 0.164314 0.325798 0.164596 0.325798 0.165161 0.325355 0.165443 0.325355 0.165726 0.324911 0.166008 0.324468 0.165726 0.324025 0.165726 0.324025 0.166008 0.323582 0.16629 0.323582 0.166855 0.323138 0.167137 0.322252 0.167137 0.321809 0.16742 0.321809 0.167984 0.321365 0.168267 0.321365 0.168831 0.320922 0.169113 0.320922 0.169678 0.320479 0.16996 0.320479 0.170807 0.320035 0.17109 0.320035 0.171654 0.319592 0.171937 0.319592 0.172501 0.319149 0.172784 0.319149 0.173631 0.318706 0.173913 0.318706 0.174478 0.318262 0.17476 0.318262 0.175325 0.317819 0.175607 0.317819 0.176454 0.317376 0.176736 0.317376 0.177301 0.316933 0.177583 0.316933 0.177866 0.317376 0.178148 0.317819 0.178148 0.318262 0.17843 0.317819 0.178713 0.317819 0.179277 0.317376 0.17956 0.317376 0.180124 0.316489 0.180689 0.316046 0.180407 0.315603 0.180689 0.315603 0.180971 0.31516 0.181254 0.31516 0.182101 0.314716 0.182383 0.314716 0.182947 0.314273 0.18323 0.314273 0.183794 0.31383 0.184077 0.31383 0.184924 0.313387 0.185206 0.313387 0.185771 0.312943 0.186053 0.312943 0.186618 0.313387 0.186618 0.31383 0.1869 0.31383 0.187747 0.313387 0.188029 0.313387 0.188594 0.312943 0.188876 0.312943 0.189441 0.3125 0.189723 0.3125 0.190288 0.312057 0.19057 0.311613 0.19057 0.31117 0.190853 0.310727 0.190853 0.310727 0.191417 0.310284 0.1917 0.310284 0.192264 0.30984 0.192547 0.30984 0.193111 0.309397 0.193394 0.309397 0.194241 0.308954 0.194523 0.308954 0.195088 0.308511 0.19537 0.308067 0.195088 0.307624 0.195088 0.307181 0.19537 0.307181 0.195935 0.306738 0.196217 0.306738 0.197064 0.306294 0.197346 0.306294 0.197911 0.305851 0.198193 0.305851 0.198758 0.305408 0.19904 0.305408 0.199887 0.304965 0.200169 0.304965 0.200734 0.304521 0.201016 0.304521 0.201581 0.304078 0.201863 0.303191 0.201863 0.303191 0.202428 0.302748 0.20271 0.302748 0.203275 0.302305 0.203557 0.301862 0.203275 0.301418 0.203275 0.300975 0.203557 0.300975 0.204122 0.300532 0.204404 0.300532 0.204969 0.300089 0.205251 0.300089 0.206098 0.299645 0.206381 0.299645 0.207228 0.300089 0.207228 0.300532 0.20751 0.300532 0.208075 0.300089 0.208357 0.300089 0.208922 0.299645 0.209204 0.299645 0.209768 0.299202 0.210051 0.299202 0.210898 0.298759 0.21118 0.298759 0.211745 0.298316 0.212027 0.298316 0.212592 0.297872 0.212874 0.297872 0.213156 0.297429 0.213439 0.296543 0.213439 0.296099 0.213721 0.296099 0.214568 0.295656 0.21485 0.295656 0.215415 0.295213 0.215697 0.295213 0.216262 0.29477 0.216544 0.29477 0.217391 0.294326 0.217674 0.294326 0.218238 0.293883 0.218521 0.293883 0.219085 0.29344 0.219368 0.29344 0.220215 0.292996 0.220497 0.292996 0.221062 0.292553 0.221344 0.292553 0.221626 0.29211 0.221909 0.291667 0.221909 0.291223 0.221626 0.291223 0.221909 0.29078 0.222191 0.29078 0.222756 0.290337 0.223038 0.290337 0.223885 0.289894 0.224167 0.289894 0.224732 0.28945 0.225014 0.28945 0.225579 0.289007 0.225861 0.289007 0.226708 0.288564 0.22699 0.288564 0.227555 0.288121 0.227837 0.288121 0.228402 0.287677 0.228684 0.287677 0.229249 0.287234 0.229531 0.287234 0.230378 0.286791 0.230661 0.286791 0.231225 0.286348 0.231508 0.286348 0.232072 0.285904 0.232355 0.285904 0.233202 0.285461 0.233484 0.285461 0.234049 0.285018 0.234331 0.285018 0.234896 0.284574 0.235178 0.284574 0.236025 0.284131 0.236307 0.284131 0.236872 0.283688 0.237154 0.282801 0.237154 0.282358 0.237436 0.282358 0.237719 0.281915 0.238001 0.281915 0.238566 0.281472 0.238848 0.281472 0.239695 0.281028 0.239977 0.281028 0.240542 0.280585 0.240824 0.280585 0.241389 0.280142 0.241671 0.280142 0.242518 0.279699 0.242801 0.279699 0.243365 0.279255 0.243648 0.279255 0.244212 0.278812 0.244495 0.278812 0.245342 0.278369 0.245624 0.278369 0.246189 0.277926 0.246471 0.277926 0.247036 0.277482 0.247318 0.277482 0.248165 0.277039 0.248447 0.277039 0.249012 0.276596 0.249294 0.276596 0.249859 0.276152 0.250141 0.276152 0.250988 0.275709 0.25127 0.275709 0.251835 0.275266 0.252117 0.275266 0.2524 0.274823 0.252682 0.273936 0.252682 0.273493 0.252964 0.273493 0.253529 0.27305 0.253811 0.27305 0.254376 0.272606 0.254658 0.272606 0.255505 0.272163 0.255788 0.272163 0.256352 0.27172 0.256635 0.27172 0.257199 0.271277 0.257482 0.271277 0.258329 0.270833 0.258611 0.270833 0.259176 0.27039 0.259458 0.27039 0.260023 0.269947 0.260305 0.269947 0.261152 0.269504 0.261434 0.269504 0.261999 0.26906 0.262281 0.26906 0.262846 0.268617 0.263128 0.268617 0.263975 0.268174 0.264257 0.268174 0.264822 0.26773 0.265104 0.26773 0.265669 0.267287 0.265951 0.267287 0.266516 0.266844 0.266798 0.265514 0.266798 0.265514 0.267645 0.265071 0.267928 0.265071 0.268492 0.264628 0.268775 0.264628 0.269339 0.264184 0.269622 0.264184 0.270469 0.263741 0.270751 0.263741 0.271316 0.263298 0.271598 0.263298 0.272163 0.262855 0.272445 0.262855 0.273292 0.262411 0.273574 0.262411 0.274139 0.261968 0.274421 0.261968 0.274986 0.261525 0.275268 0.261525 0.276115 0.261082 0.276398 0.261082 0.276962 0.260638 0.277244 0.260638 0.277809 0.260195 0.278091 0.258865 0.278091 0.258865 0.278656 0.258422 0.278938 0.258422 0.279503 0.257979 0.279785 0.257979 0.280632 0.257535 0.280915 0.257535 0.281479 0.257092 0.281762 0.257092 0.282326 0.256649 0.282609 0.256649 0.283456 0.256206 0.283738 0.256206 0.284303 0.255762 0.284585 0.255762 0.28515 0.255319 0.285432 0.255319 0.286279 0.254876 0.286561 0.254876 0.287126 0.254433 0.287408 0.254433 0.287973 0.253989 0.288255 0.253989 0.289102 0.253546 0.289385 0.253546 0.289949 0.25266 0.290514 0.251773 0.290514 0.251773 0.290796 0.25133 0.291078 0.25133 0.291643 0.250887 0.291925 0.250887 0.292772 0.250443 0.293055 0.250443 0.293619 0.25 0.293902 0.25 0.294466 0.249557 0.294749 0.249557 0.295313 0.249113 0.295596 0.249113 0.296443 0.24867 0.296725 0.24867 0.29729 0.248227 0.297572 0.248227 0.298137 0.247784 0.298419 0.247784 0.299266 0.24734 0.299548 0.24734 0.300113 0.246897 0.300395 0.246011 0.300395 0.245567 0.300113 0.245124 0.300113 0.244681 0.300395 0.244238 0.300395 0.244238 0.30096 0.243794 0.301242 0.243794 0.301807 0.243351 0.302089 0.243351 0.302936 0.242908 0.303219 0.242908 0.303783 0.242465 0.304065 0.242465 0.30463 0.242021 0.304912 0.242021 0.305759 0.241578 0.306042 0.241578 0.306606 0.241135 0.306889 0.241135 0.307453 0.240691 0.307736 0.240691 0.308583 0.240248 0.308865 0.240248 0.30943 0.239805 0.309712 0.239805 0.310277 0.239362 0.310559 0.239362 0.311406 0.238918 0.311688 0.238918 0.312253 0.238475 0.312535 0.238475 0.3131 0.238032 0.313382 0.238032 0.313947 0.237589 0.314229 0.237589 0.315076 0.237145 0.315359 0.237145 0.315923 0.236702 0.316206 0.236702 0.31677 0.236259 0.317053 0.236259 0.317899 0.235816 0.318182 0.235816 0.318746 0.235372 0.319029 0.235372 0.319593 0.234929 0.319876 0.234929 0.320723 0.234486 0.321005 0.234486 0.32157 0.234043 0.321852 0.234043 0.322417 0.233599 0.322699 0.233599 0.323546 0.233156 0.323828 0.233156 0.324111 0.232713 0.324393 0.23227 0.324111 0.231826 0.324393 0.231826 0.32524 0.231383 0.325522 0.231383 0.326087 0.23094 0.326369 0.23094 0.326934 0.230496 0.327216 0.229167 0.327216 0.229167 0.327781 0.228723 0.328063 0.228723 0.328346 0.22828 0.328628 0.227394 0.328628 0.22695 0.32891 0.22695 0.329757 0.226507 0.33004 0.226507 0.330604 0.226064 0.330887 0.226064 0.331451 0.225621 0.331733 0.225621 0.33258 0.225177 0.332863 0.225177 0.333427 0.224734 0.33371 0.224734 0.334274 0.224291 0.334557 0.224291 0.335404 0.223848 0.335686 0.223404 0.335404 0.222518 0.335404 0.222518 0.335968 0.222074 0.336251 0.222074 0.336815 0.222961 0.336815 0.223404 0.337098 0.222961 0.33738 0.222961 0.337945 0.222518 0.338227 0.222518 0.339074 0.222074 0.339356 0.222074 0.339921 0.221631 0.340203 0.221631 0.340768 0.221188 0.34105 0.221188 0.341897 0.220301 0.342462 0.219415 0.342462 0.219415 0.342744 0.218972 0.343027 0.218972 0.343591 0.218528 0.343874 0.218528 0.344438 0.218085 0.34472 0.218085 0.345567 0.217642 0.34585 0.217642 0.346414 0.217199 0.346697 0.217199 0.347261 0.216312 0.347826 0.215869 0.347544 0.215426 0.347544 0.215426 0.348108 0.214982 0.348391 0.214982 0.349238 0.215426 0.349238 0.215869 0.34952 0.215869 0.350367 0.216312 0.350367 0.216755 0.350649 0.216755 0.351214 0.216312 0.351496 0.216312 0.352061 0.215869 0.352343 0.215869 0.35319 0.215426 0.353473 0.215426 0.354037 0.214982 0.35432 0.214982 0.354884 0.214539 0.355167 0.214539 0.356014 0.214096 0.356296 0.214096 0.356861 0.213652 0.357143 0.213652 0.357425 0.214096 0.357708 0.214539 0.357708 0.214982 0.35799 0.214539 0.358272 0.214539 0.358837 0.214096 0.359119 0.214096 0.359684 0.213652 0.359966 0.213652 0.360813 0.213209 0.361095 0.213209 0.36166 0.212766 0.361942 0.212766 0.362507 0.212323 0.362789 0.212323 0.363636 0.211879 0.363919 0.211879 0.364483 0.211436 0.364766 0.211436 0.365613 0.211879 0.365613 0.212323 0.365895 0.212323 0.36646 0.211879 0.366742 0.211879 0.367589 0.211436 0.367871 0.211436 0.368436 0.210993 0.368718 0.210993 0.369283 0.21055 0.369565 0.21055 0.37013 0.210106 0.370412 0.210106 0.371259 0.209663 0.371542 0.209663 0.372106 0.20922 0.372388 0.20922 0.372953 0.209663 0.372953 0.210106 0.373235 0.209663 0.373518 0.209663 0.374082 0.20922 0.374365 0.20922 0.375212 0.208777 0.375494 0.208777 0.376059 0.208333 0.376341 0.208333 0.377753 0.208777 0.377753 0.20922 0.378035 0.208777 0.378317 0.208777 0.378882 0.208333 0.379164 0.208333 0.380011 0.20789 0.380294 0.20789 0.380858 0.207447 0.381141 0.207447 0.381705 0.207004 0.381988 0.207004 0.382552 0.20789 0.383117 0.20789 0.383682 0.207447 0.383964 0.207447 0.384811 0.207004 0.385093 0.207004 0.385658 0.20656 0.38594 0.20656 0.386787 0.207004 0.386787 0.207447 0.387069 0.207447 0.387634 0.207004 0.387916 0.207004 0.388481 0.20656 0.388763 0.20656 0.38961 0.206117 0.389893 0.206117 0.390457 0.205674 0.39074 0.205674 0.391869 0.206117 0.391869 0.20656 0.392151 0.20656 0.392434 0.206117 0.392716 0.206117 0.393281 0.205674 0.393563 0.205674 0.39441 0.20523 0.394692 0.20523 0.394975 0.206117 0.395539 0.206117 0.396386 0.205674 0.396669 0.205674 0.397233 0.20523 0.397516 0.20523 0.397798 0.206117 0.397798 0.20656 0.39808 0.20656 0.398363 0.206117 0.398645 0.206117 0.399209 0.205674 0.399492 0.205674 0.400339 0.20656 0.400903 0.20656 0.401186 0.207004 0.401468 0.208333 0.401468 0.208777 0.40175 0.208777 0.402597 0.20922 0.40288 0.20922 0.403444 0.208777 0.403727 0.208777 0.405138 0.20922 0.405421 0.20922 0.40655 0.208777 0.406832 0.207447 0.406832 0.207004 0.40655 0.20656 0.40655 0.20656 0.407115 0.206117 0.407397 0.206117 0.408244 0.205674 0.408526 0.205674 0.409091 0.206117 0.409373 0.206117 0.41022 0.205674 0.410503 0.205674 0.411067 0.20523 0.41135 0.20523 0.411914 0.204787 0.412196 0.204787 0.413043 0.204344 0.413326 0.204344 0.414737 0.204787 0.414737 0.20523 0.41502 0.204787 0.415302 0.205674 0.415867 0.205674 0.416996 0.20523 0.417278 0.203901 0.417278 0.203901 0.417843 0.203457 0.418125 0.203457 0.41869 0.203014 0.418972 0.203014 0.419537 0.202571 0.419819 0.202571 0.420666 0.202128 0.420949 0.202128 0.421513 0.201684 0.421796 0.201684 0.42236 0.201241 0.422643 0.201241 0.42349 0.200798 0.423772 0.200798 0.424337 0.200355 0.424619 0.200355 0.425184 0.199911 0.425466 0.199911 0.426313 0.199468 0.426595 0.199468 0.42716 0.199025 0.427442 0.199025 0.428007 0.198582 0.428289 0.198582 0.429136 0.198138 0.429418 0.198138 0.429983 0.197695 0.430265 0.197695 0.43083 0.197252 0.431112 0.197252 0.431959 0.196809 0.432242 0.196809 0.432806 0.196365 0.433089 0.196365 0.433653 0.195922 0.433936 0.195922 0.434218 0.196365 0.4345 0.196809 0.4345 0.197252 0.434783 0.196809 0.435065 0.196809 0.43563 0.196365 0.435912 0.196365 0.436477 0.195922 0.436759 0.195922 0.437606 0.195479 0.437888 0.195479 0.438453 0.195035 0.438735 0.195035 0.439582 0.194592 0.439864 0.194592 0.440147 0.195479 0.440711 0.195479 0.441558 0.195035 0.441841 0.195035 0.442405 0.194592 0.442688 0.194592 0.443252 0.194149 0.443535 0.194149 0.444382 0.193706 0.444664 0.193706 0.445229 0.193262 0.445511 0.193262 0.445793 0.193706 0.446076 0.194149 0.446076 0.194592 0.446358 0.194149 0.44664 0.194149 0.447205 0.193706 0.447487 0.193706 0.448052 0.193262 0.448334 0.193262 0.449181 0.192819 0.449464 0.192819 0.450028 0.192376 0.450311 0.192376 0.450875 0.191933 0.451158 0.191933 0.452005 0.191489 0.452287 0.191489 0.452851 0.191046 0.453134 0.191046 0.453698 0.190603 0.453981 0.190603 0.454828 0.19016 0.45511 0.19016 0.455675 0.189716 0.455957 0.189716 0.456522 0.189273 0.456804 0.189273 0.457651 0.18883 0.457933 0.18883 0.458498 0.188387 0.45878 0.188387 0.459345 0.187943 0.459627 0.187943 0.460474 0.1875 0.460757 0.1875 0.461321 0.187057 0.461604 0.187057 0.462168 0.186613 0.462451 0.186613 0.463298 0.18617 0.46358 0.18617 0.464145 0.185727 0.464427 0.185727 0.464992 0.185284 0.465274 0.185284 0.466121 0.18484 0.466403 0.18484 0.466968 0.184397 0.46725 0.184397 0.467815 0.183954 0.468097 0.183954 0.468944 0.183511 0.469226 0.183511 0.469791 0.183067 0.470073 0.183067 0.470638 0.182624 0.47092 0.182624 0.471485 0.182181 0.471767 0.182181 0.472614 0.181738 0.472897 0.181738 0.473461 0.181294 0.473744 0.181294 0.474308 0.180408 0.474873 0.179521 0.474873 0.179078 0.474591 0.177748 0.474591 0.177305 0.474308 0.176418 0.474308 0.175975 0.474026 0.175089 0.474026 0.174645 0.473744 0.173759 0.473744 0.173316 0.473461 0.172429 0.473461 0.172429 0.473744 0.171986 0.474026 0.170656 0.474026 0.170213 0.473744 0.168883 0.473744 0.16844 0.473461 0.167553 0.473461 0.16711 0.473179 0.166223 0.473179 0.16578 0.472897 0.16445 0.472897 0.164007 0.472614 0.163121 0.472614 0.162677 0.472332 0.161791 0.472332 0.161348 0.47205 0.160018 0.47205 0.159574 0.471767 0.158688 0.471767 0.158245 0.471485 0.157358 0.471485 0.156915 0.471203 0.155585 0.471203 0.155142 0.47092 0.154255 0.47092 0.153812 0.470638 0.152926 0.470638 0.152482 0.470356 0.151152 0.470356 0.150709 0.470073 0.149823 0.470073 0.149379 0.469791 0.148493 0.469791 0.14805 0.469509 0.14672 0.469509 0.146277 0.469226 0.14539 0.469226 0.144947 0.468944 0.14406 0.468944 0.143617 0.468662 0.142287 0.468662 0.141844 0.468379 0.140957 0.468379 0.140514 0.468097 0.139628 0.468097 0.139184 0.467815 0.137855 0.467815 0.137411 0.467532 0.136525 0.467532 0.136082 0.46725 0.135195 0.46725 0.134752 0.466968 0.133865 0.466968 0.132979 0.467532 0.132092 0.467532 0.131649 0.46725 0.130319 0.46725 0.129876 0.466968 0.128989 0.466968 0.128546 0.466685 0.12766 0.466685 0.127216 0.466403 0.125887 0.466403 0.125443 0.466121 0.124557 0.466121 0.124113 0.465839 0.123227 0.465839 0.122784 0.465556 0.121454 0.465556 0.121011 0.465274 0.120124 0.465274 0.119681 0.464992 0.118794 0.464992 0.118351 0.464709 0.117021 0.464709 0.116578 0.464427 0.116135 0.464427 0.115248 0.464992 0.114805 0.464992 0.114362 0.464709 0.114805 0.464427 0.114805 0.46358 0.115248 0.463298 0.115248 0.462733 0.115691 0.462451 0.116135 0.462733 0.116578 0.462733 0.117021 0.462451 0.117021 0.462168 0.117465 0.461886 0.117908 0.462168 0.118794 0.462168 0.119238 0.462451 0.119681 0.462451 0.119681 0.462168 0.120124 0.461886 0.120567 0.461886 0.121011 0.462168 0.12234 0.462168 0.122784 0.462451 0.125 0.462451 0.125443 0.462168 0.125443 0.461604 0.125887 0.461321 0.125443 0.461321 0.124557 0.460757 0.124557 0.460474 0.125 0.460192 0.124557 0.460192 0.124113 0.45991 0.122784 0.45991 0.12234 0.459627 0.121011 0.459627 0.121011 0.45991 0.120567 0.460192 0.119238 0.460192 0.119238 0.460474 0.118794 0.460757 0.117908 0.460757 0.117021 0.461321 0.116578 0.461321 0.116135 0.461039 0.115248 0.461039 0.114805 0.461321 0.114362 0.461321 0.113918 0.461604 0.113918 0.462168 0.113475 0.462451 0.113475 0.463298 0.113032 0.46358 0.113032 0.464145 0.112589 0.464427 0.112589 0.464992 0.112145 0.465274 0.112589 0.465556 0.113475 0.465556 0.113918 0.465839 0.113918 0.466121 0.113475 0.466403 0.113475 0.466968 0.113032 0.46725 0.112145 0.46725 0.111702 0.467532 0.111702 0.468097 0.111259 0.468379 0.111259 0.468944 0.110816 0.469226 0.110372 0.469226 0.110372 0.469791 0.109929 0.470073 0.109929 0.470638 0.109486 0.47092 0.109486 0.471767 0.109043 0.47205 0.109043 0.472614 0.108599 0.472897 0.108599 0.473461 0.108156 0.473744 0.108156 0.474591 0.107713 0.474873 0.107713 0.475438 0.10727 0.47572 0.10727 0.476285 0.106826 0.476567 0.106826 0.477414 0.106383 0.477696 0.106383 0.478261 0.10594 0.478543 0.10594 0.479108 0.105496 0.47939 0.105496 0.479955 0.105053 0.480237 0.105053 0.481084 0.10461 0.481366 0.10461 0.481931 0.104167 0.482213 0.104167 0.482778 0.103723 0.48306 0.103723 0.483907 0.10328 0.48419 0.10328 0.484754 0.102837 0.485037 0.102837 0.485601 0.102394 0.485884 0.102394 0.486731 0.10195 0.487013 0.10195 0.487578 0.101507 0.48786 0.101507 0.488425 0.101064 0.488707 0.101064 0.489554 0.100621 0.489836 0.100621 0.490401 0.100177 0.490683 0.100177 0.491248 0.099734 0.49153 0.099734 0.492377 0.099291 0.49266 0.099291 0.493224 0.098848 0.493506 0.099291 0.493789 0.099291 0.494353 0.099734 0.494636 0.100621 0.494636 0.101064 0.494918 0.10195 0.494918 0.102394 0.4952 0.10328 0.4952 0.103723 0.495483 0.105053 0.495483 0.105496 0.495765 0.106383 0.495765 0.106826 0.496047 0.107713 0.496047 0.108156 0.49633 0.109486 0.49633 0.109929 0.496612 0.110816 0.496612 0.111259 0.496894 0.111259 0.497741 0.112145 0.497741 0.112589 0.498024 0.113475 0.498024 0.113918 0.498306 0.114362 0.498306 0.114805 0.498588 0.113918 0.499153 0.113475 0.498871 0.111702 0.498871 0.111702 0.499153 0.111259 0.499435 0.110372 0.499435 0.109929 0.499718 0.109929 0.500282 0.109486 0.500565 0.109486 0.501129 0.109043 0.501412 0.109043 0.501976 0.108599 0.502259 0.108599 0.502823 0.109486 0.503388 0.109486 0.504235 0.109929 0.504235 0.110372 0.504517 0.110372 0.505082 0.110816 0.505364 0.111702 0.505364 0.112589 0.505929 0.112589 0.506211 0.112145 0.506494 0.111702 0.506211 0.110816 0.506211 0.110372 0.505929 0.109929 0.505929 0.109486 0.506211 0.109486 0.506494 0.109043 0.506776 0.108599 0.506494 0.106826 0.506494 0.106826 0.506776 0.106383 0.507058 0.106383 0.507623 0.10594 0.507905 0.10594 0.508752 0.105496 0.509034 0.105496 0.509599 0.105053 0.509881 0.105053 0.510446 0.10461 0.510728 0.10461 0.511858 0.105053 0.511858 0.105496 0.51214 0.105496 0.512705 0.10594 0.512987 0.106826 0.512987 0.10727 0.513269 0.108599 0.513269 0.109043 0.513552 0.109043 0.513834 0.108599 0.514116 0.109043 0.514399 0.109486 0.514399 0.109929 0.514681 0.109929 0.514963 0.109486 0.515246 0.109486 0.51581 0.109043 0.516093 0.109043 0.51694 0.109929 0.517504 0.109929 0.517787 0.109486 0.518069 0.109486 0.518916 0.109929 0.518916 0.110372 0.519198 0.110372 0.519763 0.109486 0.520327 0.108599 0.520327 0.108156 0.520045 0.107713 0.520045 0.106826 0.52061 0.10594 0.52061 0.105496 0.520892 0.105496 0.521174 0.105053 0.521457 0.105053 0.522304 0.10461 0.522586 0.10461 0.523151 0.104167 0.523433 0.104167 0.523715 0.10461 0.523715 0.105053 0.523998 0.10594 0.523998 0.106383 0.52428 0.106383 0.525127 0.10727 0.525127 0.107713 0.525409 0.10727 0.525692 0.10727 0.526256 0.106826 0.526539 0.106826 0.526821 0.10727 0.527103 0.107713 0.527103 0.108156 0.527386 0.107713 0.527668 0.107713 0.528515 0.108156 0.528515 0.108599 0.528797 0.108599 0.529644 0.109043 0.529927 0.109043 0.530491 0.109929 0.531056 0.109929 0.531621 0.110372 0.531621 0.110816 0.531903 0.111702 0.531903 0.112145 0.532185 0.113475 0.532185 0.113918 0.532468 0.114805 0.532468 0.114805 0.532185 0.115248 0.531903 0.116578 0.531903 0.117021 0.532185 0.117908 0.532185 0.117908 0.531621 0.118351 0.531338 0.118794 0.531621 0.119238 0.531621 0.120124 0.531056 0.121454 0.531056 0.121897 0.531338 0.121897 0.531056 0.12234 0.530774 0.123227 0.530774 0.12367 0.531056 0.124557 0.531056 0.125443 0.530491 0.12633 0.530491 0.126773 0.530774 0.127216 0.530774 0.12766 0.531056 0.12766 0.531338 0.127216 0.531621 0.127216 0.532185 0.126773 0.532468 0.126773 0.533032 0.12633 0.533315 0.12633 0.533879 0.126773 0.533879 0.127216 0.534161 0.127216 0.535008 0.126773 0.535291 0.126773 0.536138 0.12633 0.53642 0.126773 0.536702 0.127216 0.536702 0.12766 0.536985 0.127216 0.537267 0.127216 0.537549 0.12766 0.537549 0.128546 0.538114 0.128103 0.538396 0.128103 0.538679 0.128989 0.538679 0.129433 0.538961 0.129433 0.539243 0.128989 0.539526 0.129433 0.539808 0.129876 0.539808 0.130319 0.54009 0.130319 0.540655 0.130762 0.540937 0.131649 0.540937 0.132092 0.54122 0.132979 0.54122 0.133422 0.541502 0.133422 0.541784 0.134309 0.541784 0.134752 0.542067 0.135638 0.542067 0.136082 0.542349 0.137411 0.542349 0.137855 0.542631 0.138741 0.542631 0.139184 0.542914 0.140071 0.542914 0.140514 0.543196 0.141844 0.543196 0.142287 0.543478 0.143174 0.543478 0.143617 0.543761 0.14406 0.543761 0.144504 0.543478 0.144947 0.543478 0.14539 0.543761 0.147163 0.543761 0.147163 0.543478 0.147606 0.543196 0.14805 0.543196 0.148493 0.543478 0.148493 0.543196 0.149379 0.542631 0.149823 0.542914 0.151152 0.542914 0.151596 0.543196 0.152926 0.543196 0.152926 0.542914 0.153369 0.542631 0.154255 0.542631 0.154699 0.542914 0.155585 0.542914 0.156472 0.542349 0.157358 0.542349 0.157801 0.542631 0.158245 0.542631 0.158245 0.542349 0.158688 0.542067 0.160461 0.542067 0.160904 0.542349 0.161348 0.542067 0.161348 0.541784 0.161791 0.541502 0.162234 0.541502 0.162677 0.541784 0.163121 0.541502 0.163121 0.540655 0.164007 0.54009 0.16445 0.540373 0.164894 0.540373 0.164894 0.539808 0.165337 0.539526 0.165337 0.538961 0.166223 0.538396 0.16711 0.538396 0.16711 0.538114 0.167553 0.537832 0.167553 0.537267 0.167996 0.536985 0.167996 0.53642 0.16844 0.536138 0.169326 0.536138 0.16977 0.53642 0.170656 0.53642 0.171543 0.535855 0.172429 0.535855 0.172429 0.535573 0.172872 0.535291 0.172872 0.534726 0.173316 0.534444 0.173316 0.533879 0.173759 0.533597 0.173759 0.533032 0.172872 0.532468 0.172872 0.531903 0.172429 0.531903 0.171986 0.531621 0.171986 0.530774 0.171543 0.530774 0.171099 0.530491 0.171099 0.529644 0.171543 0.529362 0.171543 0.52908 0.170656 0.528515 0.170656 0.527668 0.171099 0.527386 0.171099 0.526821 0.171543 0.526539 0.171543 0.525974 0.171986 0.525692 0.171986 0.524845 0.172429 0.524562 0.172429 0.523998 0.172872 0.523715 0.172872 0.523151 0.173316 0.522868 0.173316 0.522021 0.173759 0.521739 0.173759 0.521174 0.174202 0.520892 0.174202 0.520327 0.174645 0.520045 0.174645 0.519198 0.175089 0.518916 0.175089 0.518351 0.175532 0.518069 0.175532 0.517504 0.175975 0.517222 0.175975 0.516375 0.176418 0.516093 0.177305 0.516093 0.177748 0.516375 0.178635 0.516375 0.179078 0.516657 0.179965 0.516657 0.180408 0.516375 0.180408 0.51581 0.180851 0.515528 0.180851 0.514963 0.181294 0.514681 0.181294 0.513834 0.180408 0.513269 0.180408 0.512987 0.180851 0.512705 0.180851 0.51214 0.181294 0.511858 0.181294 0.511011 0.182181 0.510446 0.183067 0.510446 0.183067 0.510164 0.183511 0.509881 0.183511 0.509317 0.183954 0.509034 0.183954 0.50847 0.184397 0.508187 0.184397 0.50734 0.185284 0.506776 0.185727 0.507058 0.187057 0.507058 0.1875 0.50734 0.188387 0.50734 0.188387 0.507058 0.18883 0.506776 0.19016 0.506776 0.190603 0.507058 0.191489 0.507058 0.191933 0.50734 0.192819 0.50734 0.193262 0.507623 0.195035 0.507623 0.195035 0.50734 0.195479 0.507058 0.196365 0.507058 0.196809 0.50734 0.197695 0.50734 0.198138 0.507623 0.199025 0.507623 0.199468 0.507905 0.200798 0.507905 0.201241 0.508187 0.202128 0.508187 0.202571 0.50847 0.203457 0.50847 0.203901 0.508752 0.20523 0.508752 0.205674 0.509034 0.20656 0.509034 0.207004 0.509317 0.20789 0.509317 0.208777 0.509881 0.208777 0.510446 0.20922 0.510446 0.209663 0.510728 0.210993 0.510728 0.211879 0.510164 0.212323 0.510164 0.212766 0.510446 0.213652 0.510446 0.213652 0.510164 0.214096 0.509881 0.215426 0.509881 0.215869 0.510164 0.217199 0.510164 0.217642 0.510446 0.218085 0.510164 0.218085 0.509881 0.218528 0.509599 0.218972 0.509881 0.220301 0.509881 0.220745 0.510164 0.220745 0.509881 0.221631 0.509317 0.222074 0.509599 0.223848 0.509599 0.223848 0.509317 0.224291 0.509034 0.225177 0.509034 0.226064 0.50847 0.226507 0.50847 0.22695 0.508187 0.22695 0.507623 0.227394 0.50734 0.22695 0.507058 0.226064 0.507058 0.225621 0.506776 0.225177 0.506776 0.225177 0.507058 0.224291 0.507623 0.223404 0.507058 0.223848 0.506776 0.223848 0.506211 0.224291 0.505929 0.225621 0.505929 0.226064 0.506211 0.22695 0.506211 0.227394 0.506494 0.228723 0.506494 0.229167 0.506776 0.230053 0.506776 0.230496 0.507058 0.231383 0.507058 0.231826 0.50734 0.23227 0.50734 0.232713 0.507623 0.23227 0.507905 0.23227 0.509034 0.232713 0.509034 0.233156 0.509317 0.234486 0.509317 0.234929 0.509599 0.235816 0.509599 0.236259 0.509881 0.237145 0.509881 0.237589 0.510164 0.238918 0.510164 0.239362 0.510446 0.240248 0.510446 0.240691 0.510728 0.241578 0.510728 0.242021 0.511011 0.243351 0.511011 0.243794 0.511293 0.244681 0.511293 0.245124 0.511575 0.246011 0.511575 0.246454 0.511858 0.247784 0.511858 0.248227 0.51214 0.249113 0.51214 0.249557 0.512422 0.250443 0.512422 0.250887 0.512705 0.251773 0.512705 0.252216 0.512987 0.253546 0.512987 0.253989 0.513269 0.254876 0.513269 0.255319 0.513552 0.256206 0.513552 0.256649 0.513834 0.257979 0.513834 0.258422 0.514116 0.259309 0.514116 0.259752 0.514399 0.260638 0.514399 0.261082 0.514681 0.262411 0.514681 0.262855 0.514963 0.263741 0.514963 0.264184 0.515246 0.264628 0.515246 0.265514 0.514681 0.266844 0.514681 0.267287 0.514963 0.268174 0.514963 0.268617 0.515246 0.269947 0.515246 0.27039 0.515528 0.271277 0.515528 0.27172 0.51581 0.272606 0.51581 0.27305 0.516093 0.274379 0.516093 0.274823 0.516375 0.275709 0.516375 0.276152 0.516657 0.277039 0.516657 0.277482 0.51694 0.278369 0.51694 0.278812 0.517222 0.278812 0.518069 0.278369 0.518351 0.278812 0.518634 0.279699 0.518634 0.280142 0.518916 0.281028 0.518916 0.281472 0.519198 0.282801 0.519198 0.283245 0.519481 0.283688 0.519198 0.283688 0.518634 0.284574 0.518069 0.285018 0.518351 0.285904 0.518351 0.286348 0.518634 0.287677 0.518634 0.288121 0.518916 0.288564 0.518916 0.28945 0.518351 0.29078 0.518351 0.291223 0.518634 0.29211 0.518634 0.292553 0.518916 0.29344 0.518916 0.293883 0.519198 0.295213 0.519198 0.295656 0.519481 0.296099 0.519481 0.296543 0.519763 0.296543 0.52061 0.296099 0.520892 0.296986 0.521457 0.297872 0.521457 0.298316 0.521739 0.299202 0.521739 0.299645 0.522021 0.300532 0.522021 0.300975 0.522304 0.302305 0.522304 0.302748 0.522586 0.303191 0.522304 0.303635 0.522304 0.303635 0.521457 0.304078 0.521174 0.305408 0.521174 0.306294 0.521739 0.306294 0.522304 0.305851 0.522586 0.305851 0.522868 0.306294 0.523151 0.306738 0.523151 0.307181 0.523433 0.308067 0.523433 0.308511 0.523715 0.308954 0.523715 0.309397 0.523433 0.30984 0.523433 0.30984 0.523151 0.310284 0.522868 0.310284 0.522586 0.310727 0.522304 0.311613 0.522304 0.3125 0.521739 0.313387 0.521739 0.313387 0.521457 0.31383 0.521174 0.31383 0.52061 0.314273 0.520327 0.314273 0.519763 0.314716 0.519481 0.315603 0.519481 0.315603 0.518634 0.316046 0.518351 0.316046 0.517787 0.316933 0.517222 0.317376 0.517504 0.317819 0.517504 0.317819 0.51694 0.318262 0.516657 0.318262 0.516093 0.318706 0.51581 0.318706 0.515246 0.319149 0.514963 0.319149 0.514116 0.319592 0.513834 0.320922 0.513834 0.321365 0.514116 0.322252 0.514116 0.322252 0.513552 0.322695 0.513269 0.323138 0.513552 0.323582 0.513552 0.324468 0.512987 0.325355 0.512987 0.325355 0.512705 0.325798 0.512422 0.327128 0.512422 0.327128 0.511858 0.327571 0.511575 0.327571 0.511293 0.328014 0.511011 0.329344 0.511011 0.329787 0.511293 0.330674 0.511293 0.331117 0.511575 0.332447 0.511575 0.33289 0.511293 0.333777 0.511293 0.33422 0.511575 0.33555 0.511575 0.335993 0.511858 0.336436 0.511858 0.337323 0.511293 0.338652 0.511293 0.339096 0.511575 0.339982 0.511011 0.341755 0.511011 0.342199 0.511293 0.342642 0.511011 0.342642 0.510728 0.343085 0.510446 0.343972 0.511011 0.343972 0.511575 0.344415 0.511575 0.344858 0.511858 0.345301 0.511858 0.345301 0.511575 0.345745 0.511293 0.345745 0.510728 0.346188 0.510446 0.346188 0.509881 0.346631 0.509599 0.346631 0.509034 0.347074 0.508752 0.346631 0.50847 0.345745 0.50847 0.345301 0.508187 0.345301 0.507623 0.345745 0.50734 0.345745 0.506776 0.345301 0.506494 0.344415 0.506494 0.343528 0.505929 0.343528 0.505647 0.343972 0.505364 0.343972 0.5048 0.344415 0.504517 0.344415 0.50367 0.344858 0.503388 0.344858 0.502823 0.345301 0.502541 0.345301 0.501976 0.345745 0.501694 0.345745 0.500847 0.346188 0.500565 0.346188 0.5 0.345301 0.499435 0.345301 0.498871 0.345745 0.498588 0.345745 0.498024 0.346188 0.497741 0.346188 0.497459 0.345745 0.497177 0.345301 0.497177 0.344858 0.496894 0.344415 0.496894 0.343972 0.496612 0.343972 0.495765 0.344415 0.495483 0.343972 0.495483 0.343085 0.494918 0.343528 0.494636 0.343528 0.494353 0.342642 0.494353 0.342199 0.494071 0.342199 0.493789 0.342642 0.493506 0.342642 0.493224 0.341755 0.493224 0.341312 0.492942 0.341312 0.49266 0.341755 0.492377 0.342642 0.492377 0.343085 0.49266 0.344415 0.49266 0.344858 0.492942 0.345301 0.492942 0.345745 0.49266 0.345745 0.492095 0.346188 0.491813 0.346188 0.491248 0.346631 0.490966 0.346631 0.490119 0.347074 0.489836 0.347074 0.489272 0.347518 0.488989 0.347518 0.488425 0.347961 0.488142 0.347961 0.487578 0.348404 0.487295 0.348404 0.486448 0.348848 0.486166 0.348848 0.485601 0.349291 0.485319 0.349291 0.48419 0.348848 0.48419 0.348404 0.483907 0.348404 0.483625 0.348848 0.483343 0.348848 0.482496 0.349291 0.482213 0.349291 0.481649 0.348848 0.481649 0.348404 0.481366 0.348404 0.480519 0.347961 0.480519 0.347518 0.480237 0.347518 0.479955 0.346631 0.47939 0.347074 0.479108 0.345745 0.478261 0.346188 0.477979 0.346188 0.477414 0.346631 0.477132 0.346188 0.476849 0.345745 0.476849 0.345301 0.476567 0.345301 0.476285 0.345745 0.476002 0.345301 0.476002 0.344415 0.475438 0.345301 0.474873 0.345745 0.475155 0.346188 0.474873 0.346188 0.474591 0.346631 0.474308 0.346631 0.473461 0.347074 0.473179 0.347074 0.472614 0.347518 0.472332 0.347518 0.47205 0.347074 0.471767 0.346631 0.471767 0.346188 0.471485 0.346631 0.471203 0.346631 0.470638 0.347074 0.470356 0.347074 0.469791 0.347518 0.469509 0.347518 0.468662 0.347074 0.468662 0.346631 0.468379 0.346631 0.467815 0.347074 0.467532 0.347074 0.466685 0.347961 0.466121 0.348848 0.466121 0.348848 0.465839 0.349291 0.465556 0.349291 0.464992 0.349734 0.464709 0.349734 0.464145 0.350177 0.463862 0.351507 0.463862 0.351507 0.463298 0.35195 0.463015 0.35195 0.462451 0.352394 0.462168 0.352394 0.461321 0.352837 0.461039 0.352837 0.460474 0.35328 0.460192 0.35328 0.459345 0.352837 0.459345 0.352394 0.459063 0.352394 0.458498 0.352837 0.458216 0.352837 0.457369 0.35328 0.457086 0.35328 0.456522 0.353723 0.456239 0.353723 0.455675 0.354167 0.455392 0.354167 0.454545 0.35461 0.454263 0.35461 0.453698 0.354167 0.453698 0.353723 0.453416 0.353723 0.452569 0.354167 0.452287 0.354167 0.452005 0.35328 0.45144 0.35328 0.450875 0.352837 0.450875 0.352394 0.450593 0.352394 0.450311 0.352837 0.450028 0.353723 0.450028 0.353723 0.449746 0.354167 0.449464 0.355496 0.449464 0.355496 0.448899 0.35594 0.448617 0.35594 0.448334 0.356383 0.448052 0.35727 0.448052 0.357713 0.44777 0.357713 0.447205 0.358156 0.446923 0.358156 0.446358 0.358599 0.446076 0.358599 0.445229 0.359043 0.444946 0.359043 0.444664 0.359486 0.444382 0.360372 0.444382 0.360816 0.444099 0.360816 0.443535 0.361259 0.443252 0.361259 0.442688 0.361702 0.442405 0.361702 0.441558 0.362145 0.441276 0.362145 0.440711 0.362589 0.440429 0.362589 0.439864 0.363032 0.439582 0.363032 0.438735 0.363475 0.438453 0.363475 0.437888 0.363918 0.437606 0.363918 0.437041 0.364362 0.436759 0.364362 0.435912 0.364805 0.43563 0.364805 0.435065 0.365248 0.434783 0.365248 0.434218 0.365691 0.433936 0.365691 0.433089 0.366135 0.432806 0.366135 0.432242 0.366578 0.431959 0.366578 0.431395 0.367021 0.431112 0.367021 0.430265 0.367465 0.429983 0.367465 0.429418 0.367908 0.429136 0.367908 0.428571 0.368351 0.428289 0.368351 0.427442 0.368794 0.42716 0.368794 0.426595 0.369238 0.426313 0.369238 0.425748 0.369681 0.425466 0.369681 0.424619 0.370124 0.424337 0.370124 0.423772 0.370567 0.42349 0.370567 0.422925 0.371011 0.422643 0.371011 0.421796 0.371454 0.421513 0.371454 0.420949 0.371897 0.420666 0.371897 0.420102 0.37234 0.419819 0.37234 0.418972 0.372784 0.41869 0.372784 0.418125 0.373227 0.417843 0.373227 0.417278 0.37367 0.416996 0.37367 0.416149 0.374113 0.415867 0.374113 0.415302 0.374557 0.41502 0.374557 0.414737 0.37367 0.414737 0.373227 0.414455 0.373227 0.414173 0.37367 0.41389 0.375 0.41389 0.375 0.413608 0.375443 0.413326 0.375443 0.412479 0.375887 0.412196 0.375887 0.411632 0.37633 0.41135 0.37633 0.410785 0.376773 0.410503 0.376773 0.41022 0.377216 0.409938 0.37766 0.41022 0.378103 0.41022 0.378103 0.409938 0.378546 0.409656 0.378546 0.408809 0.378989 0.408526 0.378989 0.407962 0.379433 0.407679 0.379433 0.407115 0.379876 0.406832 0.379876 0.405985 0.380319 0.405703 0.379876 0.405421 0.379433 0.405421 0.378989 0.405138 0.379433 0.404856 0.379433 0.404009 0.379876 0.403727 0.379876 0.403162 0.380319 0.40288 0.380319 0.402315 0.380762 0.402033 0.380762 0.401186 0.381206 0.400903 0.381206 0.400339 0.381649 0.400056 0.381649 0.399492 0.382092 0.399209 0.382092 0.398363 0.382535 0.39808 0.382535 0.397516 0.382979 0.397233 0.382979 0.396669 0.383422 0.396386 0.383422 0.395539 0.383865 0.395257 0.383865 0.394692 0.384309 0.39441 0.384309 0.393845 0.384752 0.393563 0.386082 0.393563 0.386082 0.392998 0.386525 0.392716 0.386525 0.391869 0.386968 0.391587 0.386968 0.391022 0.387411 0.39074 0.387411 0.390175 0.387855 0.389893 0.387855 0.389046 0.388298 0.388763 0.388298 0.388199 0.388741 0.387916 0.388741 0.387352 0.389184 0.387069 0.389184 0.386222 0.389628 0.38594 0.389628 0.385375 0.390071 0.385093 0.390071 0.384529 0.389628 0.384529 0.389184 0.384246 0.389184 0.383399 0.389628 0.383117 0.389628 0.382552 0.390071 0.38227 0.390071 0.381423 0.390514 0.381141 0.390514 0.380576 0.390957 0.380294 0.390957 0.379729 0.391401 0.379447 0.391401 0.3786 0.391844 0.378317 0.391844 0.377753 0.392287 0.37747 0.392287 0.376906 0.39273 0.376623 0.39273 0.375776 0.393174 0.375494 0.393174 0.374929 0.393617 0.374647 0.393617 0.374365 0.39406 0.374082 0.394947 0.374082 0.39539 0.3738 0.39539 0.373235 0.395833 0.372953 0.395833 0.372106 0.396277 0.371824 0.396277 0.371259 0.39672 0.370977 0.39672 0.370412 0.397163 0.37013 0.397163 0.369283 0.397606 0.369001 0.397606 0.368436 0.39805 0.368154 0.39805 0.367589 0.398493 0.367307 0.398493 0.36646 0.398936 0.366177 0.398936 0.365613 0.39805 0.365048 0.39805 0.364483 0.398493 0.364201 0.398493 0.363636 0.398936 0.363354 0.398936 0.362789 0.399379 0.362507 0.399379 0.361942 0.399823 0.36166 0.399823 0.360813 0.400266 0.360531 0.400266 0.359966 0.400709 0.359684 0.400709 0.359119 0.401152 0.358837 0.401152 0.35799 0.401596 0.357708 0.402482 0.357708 0.402926 0.357425 0.402926 0.357143 0.403369 0.356861 0.403369 0.356296 0.403812 0.356014 0.403812 0.355449 0.404255 0.355167 0.404255 0.35432 0.404699 0.354037 0.404699 0.353473 0.405142 0.35319 0.405585 0.35319 0.406028 0.353473 0.406472 0.353473 0.406915 0.353755 0.406915 0.35432 0.406472 0.354602 0.406472 0.355731 0.406915 0.356014 0.408245 0.356014 0.408688 0.356296 0.408688 0.355731 0.409131 0.355449 0.409131 0.354884 0.409574 0.354602 0.409574 0.35432 0.410018 0.354037 0.410461 0.35432 0.412234 0.35432 0.412677 0.354037 0.412677 0.35319 0.413121 0.352908 0.413121 0.352343 0.413564 0.352061 0.413564 0.351496 0.414007 0.351214 0.414007 0.350367 0.413564 0.350367 0.413121 0.350085 0.413121 0.349238 0.413564 0.348955 0.413564 0.348391 0.414007 0.348108 0.414007 0.347826 0.413564 0.347826 0.412677 0.347261 0.413121 0.346979 0.413121 0.346414 0.413564 0.346132 0.413564 0.345285 0.413121 0.345285 0.412677 0.345003 0.412677 0.34472 0.413121 0.344438 0.414007 0.344438 0.41445 0.344156 0.41445 0.343591 0.414894 0.343309 0.414894 0.342744 0.415337 0.342462 0.415337 0.341615 0.41578 0.341333 0.41578 0.340768 0.416223 0.340486 0.416223 0.339921 0.416667 0.339639 0.416667 0.338792 0.41711 0.338509 0.41711 0.337945 0.417553 0.337662 0.417553 0.337098 0.417996 0.336815 0.419326 0.336815 0.419326 0.336251 0.41977 0.335968 0.41977 0.335404 0.420213 0.335121 0.420213 0.334839 0.420656 0.334557 0.421099 0.334839 0.422429 0.334839 0.422872 0.335121 0.423759 0.335121 0.424202 0.335404 0.425532 0.335404 0.425532 0.334839 0.425975 0.334557 0.425975 0.333992 0.426418 0.33371 0.426418 0.333427 0.425532 0.332863 0.424645 0.332863 0.424202 0.33258 0.424202 0.332016 0.424645 0.331733 0.425089 0.332016 0.425532 0.332016 0.426418 0.331451 0.427305 0.331451 0.427305 0.331169 0.427748 0.330887 0.428191 0.331169 0.428635 0.330887 0.429078 0.330887 0.429078 0.330322 0.429965 0.329757 0.431294 0.329757 0.431294 0.329475 0.431738 0.329193 0.431738 0.328628 0.432181 0.328346 0.432181 0.327499 0.432624 0.327216 0.432624 0.326652 0.433067 0.326369 0.433067 0.325805 0.433511 0.325522 0.433511 0.324675 0.433954 0.324393 0.433954 0.323828 0.434397 0.323546 0.434397 0.322981 0.43484 0.322699 0.43484 0.321852 0.435284 0.32157 0.435284 0.321005 0.435727 0.320723 0.435727 0.320158 0.43617 0.319876 0.43617 0.319029 0.436613 0.318746 0.436613 0.318182 0.437057 0.317899 0.437057 0.317335 0.4375 0.317053 0.4375 0.316206 0.437943 0.315923 0.437943 0.315359 0.438387 0.315076 0.438387 0.314512 0.43883 0.314229 0.43883 0.313382 0.439273 0.3131 0.439273 0.312535 0.439716 0.312253 0.439716 0.311688 0.44016 0.311406 0.44016 0.310559 0.440603 0.310277 0.440603 0.309712 0.441046 0.30943 0.441046 0.308865 0.441489 0.308583 0.441489 0.308018 0.441933 0.307736 0.441933 0.306889 0.442376 0.306606 0.442376 0.306042 0.442819 0.305759 0.442819 0.305195 0.443262 0.304912 0.443262 0.304065 0.443706 0.303783 0.443706 0.303219 0.444149 0.302936 0.444149 0.302372 0.444592 0.302089 0.444592 0.301242 0.445035 0.30096 0.445035 0.300395 0.445479 0.300113 0.445479 0.299548 0.445922 0.299266 0.445922 0.298419 0.446365 0.298137 0.446365 0.297572 0.446809 0.29729 0.446809 0.296725 0.447252 0.296443 0.447252 0.29616 0.446809 0.295878 0.446809 0.295031 0.445922 0.295031 0.445479 0.294749 0.445035 0.294749 0.444592 0.294466 0.445035 0.294184 0.443706 0.293337 0.444149 0.293055 0.443706 0.292772 0.443262 0.292772 0.442819 0.29249 0.441933 0.29249 0.441489 0.292208 0.441933 0.291925 0.441489 0.291643 0.440603 0.291643 0.44016 0.291361 0.439716 0.291361 0.439273 0.291078 0.439716 0.290796 0.439716 0.290514 0.439273 0.290514 0.438387 0.289949 0.43883 0.289667 0.43883 0.289102 0.439273 0.28882 0.43883 0.288538 0.438387 0.288538 0.437943 0.288255 0.437943 0.287973 0.438387 0.287691 0.438387 0.286844 0.437943 0.286561 0.437943 0.285997 0.438387 0.285714 0.438387 0.28515 0.4375 0.284585 0.4375 0.28402 0.436613 0.283456 0.436613 0.282891 0.4375 0.282326 0.437943 0.282609 0.439273 0.282609 0.439716 0.282891 0.440603 0.282891 0.441046 0.283173 0.441489 0.283173 0.441933 0.282891 0.441933 0.282326 0.442376 0.282044 0.442376 0.281479 0.441933 0.281479 0.441489 0.281197 0.441489 0.280632 0.441046 0.28035 0.44016 0.28035 0.439716 0.280068 0.439716 0.279785 0.44016 0.279503 0.441046 0.279503 0.441046 0.279221 0.441489 0.278938 0.442819 0.278938 0.443262 0.279221 0.443706 0.279221 0.443706 0.278656 0.444149 0.278374 0.444149 0.277809 0.444592 0.277527 0.444592 0.27668 0.443706 0.27668 0.442819 0.276115 0.442819 0.275551 0.443262 0.275268 0.443262 0.274139 0.442819 0.274139 0.442376 0.273857 0.442376 0.273574 0.442819 0.273292 0.442819 0.272727 0.443262 0.272445 0.443262 0.271598 0.442376 0.271033 0.442376 0.270469 0.441489 0.269904 0.441489 0.269622 0.441933 0.269339 0.442376 0.269622 0.442819 0.269622 0.443262 0.269339 0.443262 0.268775 0.443706 0.268492 0.443706 0.267928 0.444149 0.267645 0.444149 0.266798 0.444592 0.266516 0.444592 0.265951 0.445035 0.265669 0.445035 0.265104 0.445479 0.264822 0.445479 0.263975 0.445922 0.263693 0.445922 0.263128 0.446365 0.262846 0.446365 0.262281 0.446809 0.261999 0.446809 0.261434 0.447252 0.261152 0.447252 0.260305 0.447695 0.260023 0.447695 0.259458 0.448138 0.259176 0.448138 0.258611 0.448582 0.258329 0.448582 0.257482 0.449025 0.257199 0.449025 0.256635 0.449468 0.256352 0.449468 0.255788 0.449911 0.255505 0.449911 0.254658 0.450355 0.254376 0.450355 0.253811 0.450798 0.253529 0.450798 0.252964 0.451241 0.252682 0.451241 0.251835 0.451684 0.251553 0.451684 0.250988 0.451241 0.250988 0.450798 0.250706 0.450798 0.249859 0.451241 0.249577 0.451241 0.249012 0.451684 0.24873 0.451684 0.247883 0.452128 0.2476 0.452128 0.247036 0.452571 0.246753 0.453901 0.246753 0.453901 0.246189 0.454344 0.245906 0.454344 0.245624 0.454787 0.245342 0.455674 0.245342 0.456117 0.245059 0.456117 0.244495 0.457004 0.24393 0.457447 0.244212 0.45789 0.24393 0.45789 0.243648 0.458333 0.243365 0.458333 0.242801 0.458777 0.242518 0.458777 0.241107 0.458333 0.241107 0.45789 0.240824 0.458333 0.240542 0.458333 0.239695 0.458777 0.239413 0.459663 0.239413 0.460106 0.239695 0.460993 0.239695 0.460993 0.23913 0.461436 0.238848 0.462323 0.239413 0.462323 0.239977 0.462766 0.239977 0.463209 0.24026 0.464096 0.24026 0.464539 0.240542 0.464539 0.241389 0.465426 0.241389 0.465869 0.241671 0.466755 0.241671 0.467642 0.241107 0.468528 0.241107 0.468528 0.240824 0.468972 0.240542 0.470301 0.240542 0.470745 0.240824 0.471188 0.240824 0.471631 0.240542 0.471631 0.24026 0.472074 0.239977 0.472518 0.24026 0.473404 0.24026 0.473848 0.239977 0.473848 0.239413 0.474291 0.23913 0.474291 0.238283 0.474734 0.238001 0.474734 0.237436 0.475177 0.237154 0.475177 0.236589 0.475621 0.236307 0.475621 0.23546 0.476064 0.235178 0.476064 0.234613 0.476507 0.234331 0.476507 0.233766 0.47695 0.233484 0.47695 0.232637 0.477394 0.232355 0.477394 0.23179 0.477837 0.231508 0.477837 0.230943 0.47828 0.230661 0.47828 0.229814 0.478723 0.229531 0.478723 0.228967 0.479167 0.228684 0.479167 0.22812 0.47961 0.227837 0.47961 0.22699 0.480053 0.226708 0.480053 0.226143 0.480496 0.225861 0.480496 0.225296 0.48094 0.225014 0.48094 0.224167 0.481383 0.223885 0.481383 0.22332 0.481826 0.223038 0.481826 0.222473 0.48227 0.222191 0.48227 0.221344 0.482713 0.221062 0.482713 0.220497 0.483156 0.220215 0.483156 0.21965 0.483599 0.219368 0.483599 0.218521 0.484043 0.218238 0.484043 0.217674 0.484486 0.217391 0.484486 0.216827 0.484929 0.216544 0.484929 0.215697 0.485372 0.215415 0.485372 0.21485 0.485816 0.214568 0.485816 0.214003 0.486259 0.213721 0.486259 0.212874 0.486702 0.212592 0.486702 0.212027 0.487145 0.211745 0.487145 0.21118 0.487589 0.210898 0.487589 0.210051 0.488032 0.209768 0.488032 0.209204 0.488475 0.208922 0.488475 0.208357 0.488918 0.208075 0.488918 0.20751 0.489362 0.207228 0.489362 0.206381 0.489805 0.206098 0.489805 0.205534 0.490248 0.205251 0.490248 0.204687 0.490691 0.204404 0.490691 0.203557 0.491135 0.203275 0.491135 0.20271 0.491578 0.202428 0.491578 0.201863 0.492021 0.201581 0.492021 0.200734 0.492465 0.200452 0.492465 0.199887 0.492908 0.199605 0.492908 0.19904 0.493351 0.198758 0.493351 0.197911 0.493794 0.197628 0.493794 0.197064 0.494238 0.196781 0.494238 0.196499 0.493794 0.196217 0.493794 0.195935 0.494238 0.195652 0.494238 0.194805 0.493794 0.194805 0.493351 0.194523 0.492021 0.194523 0.491578 0.194805 0.491578 0.195652 0.491135 0.195935 0.491135 0.196499 0.490691 0.196781 0.491135 0.196781 0.492021 0.197346 0.492021 0.197628 0.491578 0.197911 0.491578 0.198475 0.491135 0.198758 0.490248 0.198193 0.490248 0.197628 0.489805 0.197628 0.489362 0.197346 0.489362 0.196499 0.489805 0.196217 0.489805 0.195652 0.489362 0.195652 0.488918 0.19537 0.488918 0.194805 0.488475 0.194523 0.487589 0.194523 0.486702 0.193958 0.486702 0.193394 0.486259 0.193394 0.485816 0.193111 0.485816 0.192264 0.485372 0.192264 0.484929 0.191982 0.484929 0.191417 0.484043 0.190853 0.484043 0.190288 0.484486 0.190006 0.484486 0.189441 0.484043 0.189441 0.483599 0.189159 0.484043 0.188876 0.484043 0.188312 0.484486 0.188029 0.484486 0.187465 0.484929 0.187182 0.485816 0.187182 0.485816 0.186618 0.486259 0.186335 0.486259 0.185488 0.486702 0.185206 0.486702 0.184641 0.487145 0.184359 0.487145 0.183794 0.487589 0.183512 0.487589 0.182665 0.488032 0.182383 0.488032 0.181818 0.488475 0.181536 0.488475 0.180971 0.488918 0.180689 0.488918 0.179842 0.489362 0.17956 0.489362 0.178995 0.489805 0.178713 0.489805 0.178148 0.490248 0.177866 0.490248 0.177019 0.490691 0.176736 0.490691 0.176172 0.491135 0.175889 0.491135 0.175325 0.491578 0.175042 0.491578 0.174195 0.492021 0.173913 0.492021 0.173348 0.492465 0.173066 0.492465 0.172501 0.492908 0.172219 0.492908 0.171372 0.493351 0.17109 0.493351 0.170525 0.493794 0.170243 0.493794 0.169678 0.494238 0.169396 0.494238 0.168549 0.494681 0.168267 0.494681 0.167702 0.495124 0.16742 0.495124 0.166855 0.495567 0.166573 0.495567 0.165726 0.496011 0.165443 0.496011 0.164879 0.496454 0.164596 0.496454 0.164032 0.496897 0.163749 0.496897 0.162902 0.49734 0.16262 0.49734 0.162055 0.497784 0.161773 0.497784 0.161208 0.498227 0.160926 0.498227 0.160079 0.49867 0.159797 0.49867 0.159232 0.499113 0.15895 0.499113 0.158385 0.499557 0.158103 0.499557 0.157256 0.5 0.156973 0.5 0.156409 0.500443 0.156126 0.500443 0.155562 0.500887 0.15528 0.500887 0.154433 0.50133 0.15415 0.50133 0.153586 0.501773 0.153303 0.501773 0.152739 0.502216 0.152456 0.502216 0.151609 0.50266 0.151327 0.50266 0.150762 0.503103 0.15048 0.503103 0.149915 0.503546 0.149633 0.503546 0.148786 0.503989 0.148504 0.503989 0.147939 0.504433 0.147657 0.504433 0.147092 0.504876 0.14681 0.504876 0.145963 0.505319 0.14568 0.505319 0.145116 0.505762 0.144833 0.505762 0.144269 0.506206 0.143986 0.506206 0.143139 0.506649 0.142857 0.506649 0.142292 0.507092 0.14201 0.507092 0.141446 0.507535 0.141163 0.507535 0.140316 0.507979 0.140034 0.507979 0.139469 0.508422 0.139187 0.508422 0.138622 0.508865 0.13834 0.508865 0.137775 0.509309 0.137493 0.509309 0.136646 0.509752 0.136364 0.509752 0.135799 0.510195 0.135517 0.510195 0.134952 0.510638 0.13467 0.510638 0.133823 0.511082 0.13354 0.511082 0.132976 0.511525 0.132693 0.511525 0.132129 0.511968 0.131846 0.511968 0.131564 0.511525 0.131564 0.511082 0.131282 0.511082 0.130999 0.511525 0.130717 0.511525 0.12987 0.511968 0.129588 0.511968 0.129023 0.512411 0.128741 0.512411 0.128176 0.512855 0.127894 0.512855 0.127047 0.513298 0.126765 0.513298 0.1262 0.513741 0.125918 0.514628 0.125918 0.514628 0.125353 0.515071 0.125071 0.515071 0.124788 0.515514 0.124506 0.515957 0.124788 0.516401 0.124788 0.516401 0.124506 0.516844 0.124224 0.516844 0.123659 0.517287 0.123377 0.517287 0.122812 0.51773 0.12253 0.51773 0.1214 0.517287 0.1214 0.516844 0.121118 0.516844 0.120836 0.517287 0.120553 0.517287 0.119706 0.51773 0.119424 0.51773 0.118859 0.518174 0.118577 0.518174 0.118295 0.518617 0.118012 0.51906 0.118295 0.519504 0.118295 0.519504 0.118012 0.519947 0.11773 0.52039 0.11773 0.520833 0.118012 0.521277 0.11773 0.521277 0.117165 0.52172 0.116883 0.52172 0.116601 0.522163 0.116318 0.522606 0.116601 0.52305 0.116601 0.52305 0.116318 0.523493 0.116036 0.523493 0.115471 0.523936 0.115189 0.523936 0.114625 0.524379 0.114342 0.523936 0.11406 0.523493 0.11406 0.52305 0.113778 0.52305 0.113495 0.523493 0.113213 0.523493 0.112648 0.523936 0.112366 0.523936 0.111519 0.523493 0.111519 0.52305 0.111237 0.52305 0.11039 0.523493 0.110107 0.523493 0.109825 0.522606 0.109825 0.522163 0.109543 0.522606 0.10926 0.522606 0.108413 0.52305 0.108131 0.522163 0.107566 0.522163 0.107002 0.52172 0.107002 0.521277 0.106719 0.519947 0.106719 0.519504 0.106437 0.51906 0.106437 0.518617 0.106155 0.51906 0.105872 0.51906 0.10559 0.518617 0.10559 0.518174 0.105308 0.517287 0.105308 0.516844 0.105025 0.516844 0.104178 0.515957 0.104178 0.515514 0.103896 0.514628 0.103896 0.514184 0.103614 0.513298 0.103614 0.512855 0.103331 0.511525 0.103331 0.511082 0.103049 0.510195 0.103049 0.509752 0.102767 0.508865 0.102767 0.508422 0.102484 0.507092 0.102484 0.506649 0.102202 0.505762 0.102202 0.505319 0.10192 0.504433 0.10192 0.503989 0.101637 0.50266 0.101637 0.502216 0.101355 0.50133 0.101355 0.500887 0.101073 0.500887 0.100226 0.5 0.100226 0.499557 0.099944 0.49867 0.099944 0.498227 0.099661 0.496897 0.099661 0.496454 0.099379 0.495567 0.099379 0.495124 0.099097 0.494238 0.099097 0.493794 0.098814 0.492465 0.098814 0.492021 0.098532 0.491135 0.098532 0.490248 0.097967 0.490248 0.097403 0.489805 0.097403 0.489362 0.09712 0.488475 0.09712 0.488032 0.096838 0.487145 0.096838 0.486702 0.096556 0.485372 0.096556 0.484929 0.096273 0.484043 0.096273 0.483599 0.095991 0.482713 0.095991 0.48227 0.095709 0.48227 0.095426 0.482713 0.095144 0.483599 0.095144 0.484043 0.095426 0.485372 0.095426 0.485816 0.095709 0.486702 0.095709 0.487145 0.095991 0.488032 0.095991 0.488475 0.096273 0.489805 0.096273 0.490248 0.096556 0.491135 0.096556 0.491578 0.096838 0.492465 0.096838 0.492908 0.09712 0.494238 0.09712 0.494681 0.097403 0.495567 0.097403 0.496011 0.097685 0.496897 0.097685 0.49734 0.097967 0.49867 0.097967 0.499113 0.09825 0.5 0.09825 0.500443 0.098532 0.50133 0.098532 0.501773 0.098814 0.503103 0.098814 0.503546 0.099097 0.504433 0.099097 0.504876 0.099379 0.505762 0.099379 0.506206 0.099661 0.507535 0.099661 0.507979 0.099944 0.508865 0.099944 0.509309 0.100226 0.510195 0.100226 0.510638 0.100508 0.511968 0.100508 0.512411 0.100791 0.513298 0.100791 0.513741 0.101073 0.514628 0.101073 0.515071 0.101355 0.515514 0.101355 0.515514 0.101073 0.515957 0.100791 0.515957 0.100226 0.515514 0.100226 0.515071 0.099944 0.514184 0.099944 0.513741 0.099661 0.512411 0.099661 0.511968 0.099379 0.511082 0.099379 0.510638 0.099097 0.509752 0.099097 0.509309 0.098814 0.507979 0.098814 0.507535 0.098532 0.506649 0.098532 0.506206 0.09825 0.505319 0.09825 0.504876 0.097967 0.503546 0.097967 0.503103 0.097685 0.502216 0.097685 0.501773 0.097403 0.500887 0.097403 0.500443 0.09712 0.499113 0.09712 0.49867 0.096838 0.497784 0.096838 0.49734 0.096556 0.496454 0.096556 0.496011 0.096273 0.494681 0.096273 0.494238 0.095991 0.493351 0.095991 0.492908 0.095709 0.492021 0.095709 0.491578 0.095426 0.490248 0.095426 0.489805 0.095144 0.488918 0.095144 0.488475 0.094862 0.487589 0.094862 0.487145 0.094579 0.485816 0.094579 0.485372 0.094297 0.484486 0.094297 0.484043 0.094015 0.483156 0.094015 0.482713 0.093732 0.481383 0.093732 0.48094 0.09345 0.480053 0.09345 0.47961 0.093168 0.478723 0.093168 0.47828 0.092885 0.47695 0.092885 0.476507 0.092603 0.475621 0.092603 0.475177 0.092321 0.474291 0.092321 0.473848 0.092038 0.472518 0.092038 0.472074 0.091756 0.471188 0.091756 0.470745 0.091474 0.469858 0.091474 0.469415 0.091191 0.468085 0.091191 0.467642 0.090909 0.466755 0.090909 0.466312 0.090627 0.465426 0.090627 0.464982 0.090344 0.463652 0.090344 0.463209 0.090062 0.462323 0.090062 0.461879 0.08978 0.460993 0.08978 0.46055 0.089497 0.45922 0.089497 0.458777 0.089215 0.45789 0.089215 0.457447 0.088933 0.45656 0.088933 0.456117 0.08865 0.454787 0.08865 0.454344 0.088368 0.453457 0.088368 0.453014 0.088086 0.452128 0.088086 0.451684 0.087804 0.450355 0.087804 0.449911 0.087521 0.449025 0.087521 0.448582 0.087239 0.447695 0.087239 0.447252 0.086957 0.445922 0.086957 0.445479 0.086674 0.444592 0.086674 0.444149 0.086392 0.443262 0.086392 0.442819 0.08611 0.441489 0.08611 0.441046 0.085827 0.44016 0.085827 0.439716 0.085545 0.43883 0.085545 0.438387 0.085263 0.4375 0.085263 0.437057 0.08498 0.435727 0.08498 0.435284 0.084698 0.434397 0.084698 0.433954 0.084416 0.433067 0.084416 0.432624 0.084133 0.431294 0.084133 0.430851 0.083851 0.429965 0.083851 0.429521 0.083569 0.428635 0.083569 0.428191 0.083286 0.426862 0.083286 0.426418 0.083004 0.425532 0.083004 0.425089 0.082722 0.424202 0.082722 0.423759 0.082439 0.422429 0.082439 0.421986 0.082157 0.421099 0.082157 0.420656 0.081875 0.41977 0.081875 0.419326 0.081592 0.417996 0.081592 0.417553 0.08131 0.416667 0.08131 0.416223 0.081028 0.415337 0.081028 0.414894 0.080745 0.413564 0.080745 0.413121 0.080463 0.412234 0.080463 0.411791 0.080181 0.410904 0.080181 0.410461 0.079898 0.409131 0.079898 0.408688 0.079616 0.407801 0.079616 0.407358 0.079334 0.406472 0.079334 0.406028 0.079051 0.404699 0.079051 0.404255 0.078769 0.403369 0.078769 0.402926 0.078487 0.402039 0.078487 0.401596 0.078204 0.400266 0.078204 0.399823 0.077922 0.398936 0.077922 0.398493 0.07764 0.397606 0.07764 0.397163 0.077357 0.395833 0.077357 0.39539 0.077075 0.394504 0.077075 0.39406 0.076793 0.393174 0.076793 0.39273 0.07651 0.391401 0.07651 0.390957 0.076228 0.390071 0.076228 0.389628 0.075946 0.388741 0.075946 0.388298 0.075663 0.386968 0.075663 0.386525 0.075381 0.385638 0.075381 0.385195 0.075099 0.384309 0.075099 0.383865 0.074816 0.382535 0.074816 0.382092 0.074534 0.381206 0.074534 0.380762 0.074252 0.379876 0.074252 0.379433 0.07397 0.378103 0.07397 0.37766 0.073687 0.376773 0.073687 0.37633 0.073405 0.375443 0.073405 0.375 0.073123 0.37367 0.073123 0.373227 0.07284
