0 0.190825 0.566716 0.190439 0.567208 0.19121 0.567208 0.191596 0.566716
0 0.228219 0.560807 0.228219 0.5613 0.227833 0.561792 0.227833 0.563269 0.227448 0.563762 0.227833 0.564254 0.227833 0.565239 0.227448 0.565731 0.227448 0.566224 0.227833 0.566716 0.228219 0.566224 0.228219 0.565731 0.228604 0.565239 0.228604 0.564254 0.228219 0.563762 0.228604 0.563269 0.228604 0.561792 0.22899 0.5613 0.228604 0.5613
0 0.236315 0.521418 0.236315 0.522895 0.235929 0.523387 0.235929 0.524372 0.235544 0.524865 0.235544 0.526342 0.235158 0.526834 0.235158 0.528311 0.234773 0.528804 0.235544 0.528804 0.235929 0.528311 0.235929 0.526834 0.236315 0.526342 0.236315 0.525357 0.2367 0.524865 0.2367 0.523387 0.237086 0.522895 0.237086 0.52191 0.2367 0.521418
0 0.239784 0.507139 0.239784 0.508124 0.239399 0.508616 0.239399 0.509601 0.239784 0.510094 0.24017 0.510094 0.24017 0.508616 0.240555 0.508124 0.240555 0.507139
0 0.244025 0.490891 0.244025 0.491384 0.243639 0.491876 0.243639 0.493353 0.243254 0.493845 0.243254 0.495323 0.242868 0.495815 0.242868 0.4968 0.243254 0.4968 0.243254 0.495815 0.243639 0.495323 0.243639 0.493845 0.244025 0.493353 0.244025 0.492368 0.24441 0.491876 0.24441 0.490891
0 0.247109 0.477597 0.247109 0.478582 0.246723 0.479074 0.246723 0.480551 0.246338 0.481044 0.246338 0.482521 0.245952 0.483013 0.245952 0.48449 0.245567 0.484983 0.246338 0.484983 0.246723 0.48449 0.246723 0.483013 0.247109 0.482521 0.247109 0.481044 0.247494 0.480551 0.247494 0.479567 0.24788 0.479074 0.24788 0.47809 0.247494 0.47809
0 0.246338 0.469227 0.245952 0.469719 0.245952 0.471196 0.246723 0.471196 0.246723 0.469719
0 0.261758 0.432299 0.261372 0.432792 0.261372 0.434269 0.261758 0.434269 0.262143 0.433776 0.262143 0.432299
0 0.266769 0.410635 0.266384 0.411128 0.266384 0.41162 0.265998 0.412112 0.265998 0.413589 0.265613 0.414082 0.265613 0.415066 0.265227 0.415559 0.265227 0.417036 0.265998 0.417036 0.265998 0.416051 0.266384 0.415559 0.266384 0.414082 0.266769 0.413589 0.266769 0.412112 0.267155 0.41162 0.267155 0.411128
0 0.288358 0.329887 0.287972 0.330379 0.288358 0.330871 0.288743 0.330871 0.288743 0.329887
0 0.225135 0.227967 0.224749 0.228459 0.224749 0.228951 0.223978 0.229936 0.223593 0.229936 0.223207 0.229444 0.222051 0.229444 0.221665 0.228951 0.220894 0.228951 0.220509 0.228459 0.219738 0.229444 0.219352 0.229444 0.218967 0.228951 0.217425 0.228951 0.217039 0.229444 0.216654 0.229444 0.216268 0.229936 0.215883 0.229936 0.215497 0.230428 0.215112 0.230428 0.214726 0.230921 0.214341 0.230921 0.214341 0.231413 0.21357 0.232398 0.21357 0.233383 0.213184 0.233875 0.212799 0.233875 0.212799 0.23486 0.212413 0.235352 0.212413 0.236829 0.212028 0.237322 0.212028 0.238799 0.211642 0.239291 0.211642 0.240276 0.211257 0.240768 0.211257 0.242245 0.210871 0.242738 0.210871 0.24323 0.210486 0.243722 0.210486 0.244215 0.2101 0.244707 0.2101 0.245692 0.209715 0.246184 0.209715 0.247661 0.209329 0.248154 0.209329 0.249631 0.208944 0.250123 0.208944 0.2516 0.208558 0.252093 0.208558 0.253077 0.208173 0.25357 0.208173 0.254062 0.207787 0.254554 0.207787 0.255047 0.207402 0.255539 0.207402 0.257016 0.207016 0.257509 0.207016 0.258493 0.206631 0.258986 0.206631 0.260463 0.206245 0.260955 0.206245 0.262432 0.20586 0.262925 0.20586 0.264402 0.205474 0.264894 0.205474 0.265879 0.205089 0.266371 0.205089 0.267848 0.204703 0.268341 0.204318 0.268341 0.204318 0.269818 0.203932 0.27031 0.203932 0.271295 0.203547 0.271787 0.203547 0.273264 0.203161 0.273757 0.203161 0.275234 0.202776 0.275726 0.202776 0.277203 0.20239 0.277696 0.20239 0.27868 0.202005 0.279173 0.202005 0.28065 0.201619 0.281142 0.201619 0.282619 0.201234 0.283112 0.201234 0.284589 0.200848 0.285081 0.200848 0.286066 0.200463 0.286558 0.200463 0.288035 0.200077 0.288528 0.200077 0.290005 0.199692 0.290497 0.199692 0.291974 0.199306 0.292467 0.199306 0.293452 0.198921 0.293944 0.198535 0.293944 0.198535 0.295421 0.19815 0.295913 0.19815 0.29739 0.197764 0.297883 0.197764 0.298868 0.197379 0.29936 0.197379 0.299852 0.197764 0.300345 0.197764 0.300837 0.197379 0.301329 0.197379 0.301822 0.19815 0.302806 0.19815 0.303791 0.199306 0.305268 0.198921 0.305761 0.198535 0.305761 0.198535 0.306745 0.19815 0.307238 0.19815 0.310684 0.197764 0.311177 0.197764 0.312161 0.197379 0.312654 0.197379 0.314131 0.196993 0.314623 0.196993 0.3161 0.196608 0.316593 0.196608 0.31807 0.196222 0.318562 0.196222 0.319547 0.195837 0.320039 0.195837 0.321516 0.195451 0.322009 0.195451 0.323486 0.195066 0.323978 0.195066 0.325455 0.19468 0.325948 0.19468 0.326933 0.194295 0.327425 0.194295 0.328902 0.193909 0.329394 0.193909 0.330871 0.193524 0.331364 0.193524 0.332841 0.193138 0.333333 0.193138 0.334318 0.192753 0.33481 0.192753 0.335303 0.192367 0.335795 0.192367 0.336288 0.191981 0.33678 0.191981 0.338257 0.191596 0.338749 0.191596 0.339734 0.19121 0.340226 0.19121 0.341704 0.190825 0.342196 0.190825 0.342688 0.190439 0.343181 0.190439 0.343673 0.189668 0.344658 0.189283 0.344658 0.188512 0.345643 0.187741 0.345643 0.187741 0.346135 0.18697 0.34712 0.18697 0.348597 0.186584 0.349089 0.186584 0.350566 0.186199 0.351059 0.186199 0.351551 0.185813 0.352043 0.185813 0.352536 0.185428 0.353028 0.185428 0.354013 0.185042 0.354505 0.185042 0.355982 0.184657 0.356475 0.184657 0.357952 0.184271 0.358444 0.184271 0.359429 0.183886 0.359921 0.183886 0.361398 0.1835 0.361891 0.1835 0.363368 0.183115 0.36386 0.183115 0.365337 0.182729 0.36583 0.182729 0.366322 0.181958 0.367307 0.181958 0.368784 0.181573 0.369276 0.181573 0.370753 0.181187 0.371246 0.181187 0.372723 0.180802 0.373215 0.180802 0.3742 0.180416 0.374692 0.180416 0.376169 0.180031 0.376662 0.180031 0.378139 0.179645 0.378631 0.179645 0.379616 0.17926 0.380108 0.17926 0.381585 0.178874 0.382078 0.178874 0.383555 0.178489 0.384047 0.178489 0.385524 0.178103 0.386017 0.178103 0.387001 0.177718 0.387494 0.177718 0.388971 0.177332 0.389463 0.177332 0.39094 0.176947 0.391433 0.176947 0.39291 0.176561 0.393402 0.176561 0.394387 0.176176 0.394879 0.176176 0.396356 0.17579 0.396849 0.17579 0.398326 0.175405 0.398818 0.175405 0.400295 0.175019 0.400788 0.175019 0.401773 0.174634 0.402265 0.174248 0.402265 0.174248 0.403742 0.173863 0.404234 0.173863 0.405711 0.173477 0.406204 0.173477 0.407189 0.173092 0.407681 0.173092 0.409158 0.172706 0.40965 0.172706 0.411128 0.172321 0.41162 0.172321 0.413097 0.171935 0.413589 0.171935 0.414574 0.17155 0.415066 0.17155 0.416544 0.171164 0.417036 0.171164 0.418513 0.170779 0.419005 0.170779 0.41999 0.170393 0.420483 0.170008 0.420483 0.170008 0.42196 0.169622 0.422452 0.169622 0.423929 0.169237 0.424421 0.169237 0.425899 0.168851 0.426391 0.168851 0.427376 0.168466 0.427868 0.168466 0.42836 0.16808 0.428853 0.167695 0.428853 0.167309 0.429345 0.166924 0.429345 0.166538 0.428853 0.166153 0.428853 0.165767 0.42836 0.165767 0.428853 0.165382 0.429345 0.165382 0.430822 0.164996 0.431315 0.164225 0.431315 0.16384 0.430822 0.162683 0.430822 0.162298 0.43033 0.161527 0.43033 0.161141 0.429838 0.159985 0.429838 0.159599 0.429345 0.158443 0.429345 0.158057 0.428853 0.156901 0.428853 0.156515 0.42836 0.155744 0.42836 0.155359 0.427868 0.154202 0.427868 0.153816 0.427376 0.151503 0.427376 0.151503 0.427868 0.150732 0.428853 0.150732 0.43033 0.150347 0.430822 0.150347 0.432299 0.149961 0.432792 0.149961 0.433776 0.149576 0.434269 0.149576 0.435746 0.14919 0.436238 0.14919 0.437715 0.148805 0.438208 0.148805 0.439193 0.148419 0.439685 0.148419 0.441162 0.148034 0.441654 0.148034 0.443131 0.147648 0.443624 0.147648 0.445101 0.147263 0.445593 0.147263 0.44707 0.146877 0.447563 0.147263 0.448055 0.147263 0.448548 0.146877 0.44904 0.146877 0.450517 0.146492 0.451009 0.146492 0.452486 0.146106 0.452979 0.146106 0.454456 0.145721 0.454948 0.145721 0.455933 0.145335 0.456425 0.145335 0.457903 0.14495 0.458395 0.14495 0.459872 0.144564 0.460364 0.144564 0.461349 0.144179 0.461841 0.144179 0.463319 0.143793 0.463811 0.143793 0.466273 0.143408 0.466765 0.143022 0.466765 0.143022 0.467258 0.142637 0.46775 0.142637 0.468242 0.143408 0.468242 0.143793 0.468735 0.143793 0.469227 0.143408 0.469719 0.143408 0.470212 0.142637 0.471196 0.142637 0.472674 0.142251 0.473166 0.142251 0.474643 0.141866 0.475135 0.141866 0.475628 0.141095 0.476613 0.141095 0.47809 0.140709 0.478582 0.140709 0.480059 0.139938 0.481044 0.139938 0.481536 0.139553 0.482029 0.139553 0.483506 0.139167 0.483998 0.139167 0.487937 0.139553 0.488429 0.139553 0.488922 0.138782 0.489906 0.138396 0.489906 0.13724 0.491384 0.136469 0.491384 0.136469 0.492368 0.136083 0.492861 0.136083 0.494338 0.135698 0.49483 0.135698 0.496307 0.135312 0.4968 0.135312 0.498277 0.134927 0.498769 0.134927 0.499754 0.134541 0.500246 0.134541 0.501723 0.134156 0.502216 0.134156 0.503693 0.13377 0.504185 0.13377 0.504677 0.134156 0.50517 0.135312 0.50517 0.135698 0.505662 0.136854 0.505662 0.13724 0.506155 0.138396 0.506155 0.138782 0.506647 0.139553 0.506647 0.139938 0.507139 0.141095 0.507139 0.14148 0.507632 0.142637 0.507632 0.143022 0.508124 0.144179 0.508124 0.144564 0.508616 0.14495 0.508616 0.145335 0.509109 0.14495 0.509601 0.14495 0.511078 0.144564 0.511571 0.144564 0.513048 0.144179 0.51354 0.144179 0.514525 0.144564 0.515017 0.144179 0.51551 0.144179 0.516494 0.144564 0.516987 0.144179 0.517479 0.144179 0.518464 0.143793 0.518956 0.143793 0.520433 0.143408 0.520926 0.143408 0.522403 0.143022 0.522895 0.143022 0.52388 0.143408 0.524372 0.143793 0.524372 0.144179 0.524865 0.145335 0.524865 0.146106 0.525849 0.146492 0.525849 0.146877 0.526342 0.148034 0.526342 0.148419 0.526834 0.149576 0.526834 0.149961 0.527326 0.150347 0.527326 0.150732 0.527819 0.151118 0.527819 0.151503 0.528311 0.152274 0.528311 0.15266 0.528804 0.15266 0.529296 0.153816 0.529296 0.154588 0.530281 0.154973 0.530281 0.155359 0.530773 0.156515 0.530773 0.156901 0.531265 0.158057 0.531265 0.158443 0.531758 0.159599 0.531758 0.159985 0.53225 0.159985 0.532742 0.160756 0.532742 0.161141 0.533235 0.162298 0.533235 0.162683 0.533727 0.16384 0.533727 0.164225 0.53422 0.165382 0.53422 0.165767 0.534712 0.166538 0.534712 0.166924 0.535204 0.16808 0.535204 0.168466 0.535697 0.169622 0.535697 0.170008 0.536189 0.170779 0.536189 0.171164 0.536681 0.172321 0.536681 0.172706 0.537174 0.173863 0.537174 0.174634 0.538159 0.175405 0.538159 0.17579 0.538651 0.176561 0.538651 0.176947 0.539143 0.178103 0.539143 0.178489 0.539636 0.179645 0.539636 0.180031 0.540128 0.181187 0.540128 0.181573 0.54062 0.182344 0.54062 0.182729 0.541113 0.183886 0.541113 0.184271 0.541605 0.185428 0.541605 0.185813 0.542097 0.186584 0.542097 0.18697 0.54259 0.188126 0.54259 0.188512 0.543082 0.189668 0.543082 0.190054 0.543575 0.19121 0.543575 0.191596 0.544067 0.192367 0.544067 0.192753 0.544559 0.193909 0.544559 0.194295 0.545052 0.195451 0.545052 0.195837 0.545544 0.196993 0.545544 0.197379 0.546036 0.197764 0.546036 0.198535 0.547021 0.199692 0.547021 0.200077 0.547514 0.201234 0.547514 0.201619 0.548006 0.201619 0.548498 0.202005 0.548498 0.202776 0.549483 0.202776 0.549975 0.203547 0.55096 0.203547 0.553422 0.203161 0.553914 0.203161 0.555391 0.202776 0.555884 0.202776 0.556869 0.20239 0.557361 0.20239 0.558838 0.202005 0.55933 0.202005 0.560807 0.201619 0.5613 0.201619 0.562777 0.201234 0.563269 0.201234 0.564254 0.200848 0.564746 0.200848 0.566224 0.200463 0.566716 0.200463 0.568193 0.200077 0.568685 0.200848 0.56967 0.201234 0.56967 0.202005 0.570655 0.203161 0.570655 0.203547 0.571147 0.204318 0.571147 0.205089 0.572132 0.20586 0.572132 0.206245 0.572624 0.207402 0.572624 0.207787 0.573117 0.208944 0.573117 0.209329 0.573609 0.210486 0.573609 0.210871 0.574101 0.211642 0.574101 0.212028 0.574594 0.213184 0.574594 0.21357 0.575086 0.214726 0.575086 0.215112 0.575579 0.216268 0.575579 0.216654 0.576071 0.217425 0.576071 0.21781 0.576563 0.218967 0.576563 0.219352 0.577056 0.220509 0.577056 0.220894 0.577548 0.222051 0.577548 0.222051 0.576071 0.222436 0.575579 0.222822 0.575579 0.222822 0.575086 0.223593 0.574101 0.223593 0.572624 0.224364 0.57164 0.224364 0.570655 0.224749 0.570162 0.224749 0.569178 0.225135 0.568685 0.225135 0.567208 0.22552 0.566716 0.22552 0.565731 0.226291 0.564746 0.226291 0.563269 0.226677 0.562777 0.226677 0.561792 0.227062 0.5613 0.227062 0.559823 0.227448 0.55933 0.227448 0.558838 0.227062 0.558346 0.227062 0.557853 0.226677 0.557361 0.226677 0.555884 0.227062 0.555391 0.227062 0.553914 0.227448 0.553422 0.227448 0.552437 0.227833 0.551945 0.227833 0.550468 0.228219 0.549975 0.228219 0.548498 0.22899 0.547514 0.22899 0.547021 0.229375 0.546529 0.229375 0.545544 0.230146 0.544559 0.230146 0.544067 0.230532 0.543575 0.230532 0.543082 0.230918 0.54259 0.230918 0.541113 0.231303 0.54062 0.231303 0.539636 0.231689 0.539143 0.231689 0.537666 0.232074 0.537174 0.232074 0.535697 0.23246 0.535204 0.23246 0.53422 0.232845 0.533727 0.232845 0.53225 0.233231 0.531758 0.233231 0.530281 0.233616 0.529788 0.233616 0.528311 0.234002 0.527819 0.234002 0.526834 0.234387 0.526342 0.234387 0.524865 0.234773 0.524372 0.234773 0.522895 0.235158 0.522403 0.235158 0.521418 0.235544 0.520926 0.235544 0.519449 0.235929 0.518956 0.235929 0.517479 0.236315 0.516987 0.236315 0.51551 0.2367 0.515017 0.2367 0.514525 0.237471 0.51354 0.237471 0.512063 0.237857 0.511571 0.237857 0.510094 0.238242 0.509601 0.238242 0.508124 0.238628 0.507632 0.238628 0.506647 0.239013 0.506155 0.239013 0.504677 0.239399 0.504185 0.239399 0.502708 0.239784 0.502216 0.239784 0.501723 0.240555 0.500739 0.240555 0.499261 0.240941 0.498769 0.240941 0.497292 0.241326 0.4968 0.241326 0.496307 0.242097 0.495323 0.242097 0.493845 0.242483 0.493353 0.242483 0.492861 0.242097 0.492368 0.242097 0.491876 0.242483 0.491384 0.242483 0.490399 0.243254 0.489414 0.243254 0.488429 0.243639 0.487937 0.243639 0.48646 0.244025 0.485968 0.244025 0.48449 0.24441 0.483998 0.24441 0.482521 0.244796 0.482029 0.244796 0.481044 0.245181 0.480551 0.245181 0.479074 0.245567 0.478582 0.245567 0.477105 0.245952 0.476613 0.245952 0.47612 0.245181 0.475135 0.245567 0.474643 0.24441 0.473166 0.24441 0.471689 0.244025 0.471196 0.24441 0.470704 0.24441 0.469227 0.244796 0.468735 0.244796 0.46775 0.245181 0.467258 0.245181 0.466765 0.245567 0.466273 0.245567 0.465288 0.245952 0.464796 0.245952 0.464303 0.245567 0.463811 0.245952 0.463319 0.245952 0.461841 0.246338 0.461349 0.246723 0.461349 0.246723 0.460364 0.247109 0.459872 0.247109 0.458395 0.247494 0.457903 0.247494 0.456425 0.24788 0.455933 0.248265 0.455933 0.249422 0.454456 0.249422 0.453964 0.249807 0.453471 0.250193 0.453471 0.250578 0.452979 0.250964 0.452979 0.251349 0.452486 0.251735 0.452979 0.25212 0.452979 0.252506 0.452486 0.253277 0.452486 0.253277 0.451994 0.253662 0.451502 0.253662 0.450025 0.254048 0.449532 0.254048 0.448055 0.254433 0.447563 0.254433 0.44707 0.255204 0.446086 0.25559 0.446086 0.25559 0.445101 0.256361 0.444116 0.256361 0.442639 0.257132 0.441654 0.257132 0.441162 0.257517 0.44067 0.257517 0.439193 0.257903 0.4387 0.257903 0.437223 0.258288 0.436731 0.258288 0.435746 0.258674 0.435254 0.258674 0.433776 0.259059 0.433284 0.259059 0.431807 0.259445 0.431315 0.259445 0.429838 0.25983 0.429345 0.25983 0.42836 0.260216 0.427868 0.260216 0.426391 0.260601 0.425899 0.260601 0.424421 0.260987 0.423929 0.260987 0.422452 0.261372 0.42196 0.261372 0.420975 0.261758 0.420483 0.261758 0.419005 0.262143 0.418513 0.262143 0.417036 0.262529 0.416544 0.262529 0.415066 0.262914 0.414574 0.262914 0.413589 0.2633 0.413097 0.2633 0.41162 0.263685 0.411128 0.263685 0.410143 0.264456 0.409158 0.264456 0.406204 0.264842 0.405711 0.264842 0.404234 0.265227 0.403742 0.265227 0.402265 0.265613 0.401773 0.265613 0.40128 0.266384 0.400295 0.266384 0.399803 0.265998 0.399311 0.265998 0.398818 0.266769 0.397834 0.266769 0.396849 0.267155 0.396356 0.267155 0.394879 0.26754 0.394387 0.26754 0.393402 0.267926 0.39291 0.267926 0.392418 0.268311 0.391925 0.268311 0.391433 0.268697 0.39094 0.268697 0.389463 0.269082 0.388971 0.269082 0.387986 0.269468 0.387494 0.269468 0.386017 0.269854 0.385524 0.269854 0.384047 0.270239 0.383555 0.270239 0.382078 0.270625 0.381585 0.270625 0.380601 0.27101 0.380108 0.27101 0.378631 0.271781 0.377646 0.271781 0.376662 0.272167 0.376169 0.272167 0.375185 0.272552 0.374692 0.272552 0.373215 0.272938 0.372723 0.272938 0.371246 0.273323 0.370753 0.273709 0.370753 0.273709 0.370261 0.27448 0.369276 0.27448 0.367799 0.274865 0.367307 0.27448 0.366814 0.27448 0.36583 0.274865 0.365337 0.27448 0.364845 0.27448 0.36386 0.274865 0.363368 0.274865 0.362383 0.27448 0.361891 0.274865 0.361398 0.275251 0.361398 0.275251 0.360414 0.275636 0.359921 0.275636 0.358444 0.276022 0.357952 0.276022 0.356475 0.276407 0.355982 0.276407 0.354505 0.276793 0.354013 0.276793 0.353028 0.277178 0.352536 0.277178 0.351059 0.277564 0.350566 0.277564 0.349089 0.277949 0.348597 0.277949 0.347612 0.278335 0.34712 0.278335 0.345643 0.27872 0.34515 0.27872 0.344658 0.278335 0.344165 0.278335 0.343673 0.279106 0.342688 0.279106 0.341704 0.279491 0.341211 0.279491 0.340226 0.279877 0.339734 0.279877 0.338257 0.280262 0.337765 0.280262 0.336288 0.280648 0.335795 0.280648 0.334318 0.281033 0.333826 0.281033 0.332841 0.281419 0.332349 0.281419 0.330871 0.281804 0.330379 0.28219 0.330379 0.28219 0.329394 0.282961 0.32841 0.282961 0.327917 0.284117 0.32644 0.284503 0.32644 0.284888 0.325948 0.284888 0.325455 0.285274 0.324963 0.285274 0.324471 0.286045 0.323486 0.28643 0.323486 0.286816 0.322994 0.287201 0.323486 0.287587 0.322994 0.288358 0.322994 0.288743 0.323486 0.289514 0.323486 0.2899 0.322994 0.290285 0.323486 0.291056 0.322501 0.291442 0.322501 0.292213 0.321516 0.292213 0.321024 0.292598 0.320532 0.292598 0.320039 0.293369 0.319055 0.293369 0.317578 0.293755 0.317085 0.293755 0.315608 0.29414 0.315116 0.29414 0.314131 0.294526 0.313639 0.294526 0.312161 0.294911 0.311669 0.294911 0.310192 0.295297 0.3097 0.295297 0.308223 0.295682 0.30773 0.295682 0.306745 0.296068 0.306253 0.296068 0.304776 0.296453 0.304284 0.296453 0.302806 0.296839 0.302314 0.296839 0.300837 0.297224 0.300345 0.297224 0.29936 0.29761 0.298868 0.29761 0.29739 0.297995 0.296898 0.297995 0.295421 0.298381 0.294929 0.298381 0.293452 0.298766 0.292959 0.298766 0.291974 0.299152 0.291482 0.299152 0.290005 0.299537 0.289513 0.299537 0.288035 0.299923 0.287543 0.299923 0.286066 0.300308 0.285574 0.300308 0.284589 0.300694 0.284097 0.300694 0.282619 0.301079 0.282127 0.301079 0.28065 0.301465 0.280158 0.301465 0.279173 0.30185 0.27868 0.30185 0.277203 0.302236 0.276711 0.302236 0.275234 0.302621 0.274742 0.302621 0.273264 0.303007 0.272772 0.303007 0.271787 0.303392 0.271295 0.303392 0.269818 0.303778 0.269325 0.303778 0.267848 0.304163 0.267356 0.304163 0.265879 0.304549 0.265387 0.304549 0.264402 0.304934 0.263909 0.304934 0.261448 0.304549 0.261448 0.303778 0.260463 0.303392 0.260463 0.303007 0.25997 0.302621 0.25997 0.302236 0.259478 0.301465 0.259478 0.301079 0.258986 0.300308 0.258986 0.299923 0.259478 0.299537 0.258986 0.299152 0.258986 0.298766 0.258493 0.298766 0.257509 0.299152 0.257016 0.299923 0.258001 0.299923 0.257509 0.300308 0.257016 0.299923 0.257016 0.299537 0.257509 0.299152 0.257016 0.299152 0.256524 0.298766 0.256032 0.298766 0.255539 0.299152 0.255047 0.299152 0.254062 0.298766 0.254062 0.297224 0.252093 0.296068 0.252093 0.295682 0.2516 0.294911 0.2516 0.294526 0.251108 0.294911 0.250615 0.294911 0.249138 0.295297 0.248646 0.294911 0.248154 0.294911 0.247661 0.294526 0.247169 0.293755 0.247169 0.293369 0.246677 0.292213 0.246677 0.291442 0.245692 0.291827 0.245199 0.291827 0.244707 0.292213 0.244215 0.292213 0.243722 0.291827 0.243722 0.291827 0.244215 0.291442 0.244707 0.290285 0.24323 0.289514 0.24323 0.289129 0.242738 0.287972 0.242738 0.287587 0.242245 0.286816 0.242245 0.28643 0.241753 0.285274 0.241753 0.284888 0.24126 0.283732 0.24126 0.283346 0.240768 0.28219 0.240768 0.281804 0.240276 0.281033 0.240276 0.280648 0.239783 0.279491 0.239783 0.279106 0.239291 0.277949 0.239291 0.277564 0.238799 0.276407 0.238799 0.276022 0.238306 0.275251 0.238306 0.274865 0.237814 0.273709 0.237814 0.273323 0.237322 0.272167 0.237322 0.271781 0.236829 0.27101 0.236829 0.270625 0.236337 0.269468 0.236337 0.269082 0.235844 0.267926 0.235844 0.26754 0.235352 0.266384 0.235352 0.265998 0.23486 0.265227 0.23486 0.264842 0.234367 0.263685 0.234367 0.2633 0.233875 0.262143 0.233875 0.261758 0.233383 0.260601 0.233383 0.260216 0.23289 0.259445 0.23289 0.259059 0.232398 0.257903 0.232398 0.257517 0.231905 0.256746 0.231905 0.256746 0.23289 0.256361 0.233383 0.254819 0.233383 0.254048 0.232398 0.253277 0.232398 0.252891 0.231905 0.250578 0.231905 0.250193 0.231413 0.250193 0.230921 0.249036 0.230921 0.248651 0.230428 0.247494 0.230428 0.247109 0.229936 0.246723 0.229936 0.245952 0.230921 0.245567 0.230428 0.245181 0.230428 0.244796 0.230921 0.24441 0.230921 0.244025 0.230428 0.243639 0.230428 0.243254 0.230921 0.242868 0.230428 0.242483 0.230428 0.242097 0.230921 0.242097 0.231413 0.241326 0.232398 0.240941 0.231905 0.240555 0.232398 0.239784 0.232398 0.239399 0.231905 0.238628 0.231905 0.238242 0.231413 0.237086 0.231413 0.2367 0.230921 0.235544 0.230921 0.235158 0.230428 0.234387 0.230428 0.234002 0.229936 0.232845 0.229936 0.23246 0.229444 0.231303 0.229444 0.230918 0.228951 0.229761 0.228951 0.229375 0.228459 0.22899 0.228459 0.228604 0.228951 0.228219 0.228951 0.227833 0.228459 0.227062 0.228459 0.226677 0.227967
