0 0.257006 0.648319 0.257348 0.64859 0.257348 0.648861 0.258031 0.648861 0.258031 0.64859 0.25769 0.648319
0 0.2635 0.647505 0.2635 0.648048 0.263841 0.648048 0.264183 0.647777 0.264183 0.647505
0 0.2635 0.644252 0.2635 0.644794 0.263841 0.644794 0.263841 0.644252
0 0.214627 0.58731 0.214286 0.587581 0.213944 0.587581 0.213944 0.587852 0.214286 0.588124 0.214627 0.587852
0 0.213602 0.585141 0.213602 0.586497 0.213944 0.586768 0.214286 0.586497 0.214286 0.585141
0 0.21121 0.57538 0.21121 0.575651 0.211893 0.575651 0.211893 0.57538
0 0.208476 0.563449 0.208476 0.56372 0.208817 0.56372 0.208817 0.563449
0 0.208134 0.562364 0.208134 0.562636 0.208817 0.562636 0.208817 0.562364
0 0.252221 0.459328 0.252221 0.460412 0.252563 0.460683 0.252563 0.459599
0 0.186261 0.457158 0.186261 0.457701 0.186603 0.457701 0.186603 0.457158
0 0.162679 0.414859 0.162338 0.41513 0.160971 0.41513 0.160629 0.415401 0.159262 0.415401 0.15892 0.415672 0.157211 0.415672 0.156869 0.415944 0.155502 0.415944 0.155161 0.416215 0.153452 0.416215 0.15311 0.416486 0.151743 0.416486 0.151401 0.416757 0.150034 0.416757 0.149692 0.417028 0.147984 0.417028 0.147642 0.417299 0.146275 0.417299 0.145933 0.41757 0.144566 0.41757 0.144224 0.417842 0.142515 0.417842 0.142174 0.418113 0.141832 0.418113 0.141832 0.418384 0.142174 0.418384 0.142515 0.418655 0.142515 0.419469 0.142174 0.41974 0.142174 0.420011 0.142515 0.420282 0.142515 0.421367 0.142857 0.421638 0.142857 0.422451 0.143199 0.422722 0.143199 0.423807 0.143541 0.424078 0.143541 0.425705 0.143882 0.425976 0.143882 0.427061 0.144224 0.427332 0.144224 0.428688 0.144566 0.428959 0.144566 0.430043 0.144908 0.430315 0.144566 0.430586 0.142174 0.430586 0.141832 0.430857 0.140465 0.430857 0.140123 0.431128 0.139781 0.431128 0.13944 0.430857 0.139098 0.430857 0.138756 0.431128 0.138414 0.430857 0.138072 0.431128 0.137389 0.431128 0.137047 0.431399 0.134997 0.431399 0.134655 0.43167 0.13363 0.43167 0.133288 0.431941 0.132946 0.431941 0.132604 0.432213 0.131237 0.432213 0.130895 0.432484 0.130554 0.432213 0.129187 0.432213 0.128845 0.432484 0.128503 0.432213 0.128503 0.43167 0.128161 0.431399 0.128161 0.430043 0.12782 0.429772 0.12782 0.429501 0.127478 0.42923 0.125085 0.42923 0.124744 0.429501 0.123377 0.429501 0.123035 0.429772 0.121668 0.429772 0.121326 0.430043 0.120984 0.430043 0.120643 0.429772 0.119617 0.429772 0.119617 0.430043 0.119275 0.430315 0.117908 0.430315 0.117567 0.430586 0.1162 0.430586 0.115858 0.430857 0.114149 0.430857 0.113807 0.431128 0.113465 0.430857 0.11244 0.430857 0.112098 0.431128 0.111073 0.431128 0.111415 0.431399 0.111415 0.432484 0.111757 0.432755 0.111757 0.433839 0.112098 0.434111 0.112098 0.435466 0.11244 0.435738 0.11244 0.436822 0.112782 0.437093 0.112782 0.438449 0.113124 0.43872 0.113124 0.439805 0.113465 0.440076 0.114149 0.440076 0.114491 0.440347 0.114491 0.441161 0.114149 0.441432 0.113807 0.441161 0.113807 0.440618 0.113465 0.440618 0.113465 0.441161 0.113807 0.441432 0.113807 0.442787 0.114149 0.443059 0.114149 0.444143 0.114491 0.444414 0.114491 0.445499 0.114833 0.44577 0.114833 0.446584 0.115174 0.446855 0.115174 0.448482 0.115516 0.448753 0.115516 0.449837 0.115858 0.449837 0.115858 0.449566 0.1162 0.449295 0.116541 0.449566 0.116541 0.449837 0.116883 0.450108 0.116883 0.451464 0.117225 0.451735 0.117225 0.452007 0.116541 0.452549 0.1162 0.452549 0.1162 0.45282 0.116541 0.453091 0.116541 0.454447 0.116883 0.454718 0.116883 0.455803 0.117225 0.456074 0.117567 0.456074 0.117908 0.456345 0.117908 0.456887 0.118592 0.456887 0.119275 0.456345 0.119617 0.456345 0.119959 0.456616 0.120301 0.456616 0.120643 0.456887 0.120984 0.456616 0.121326 0.456616 0.121668 0.456345 0.122351 0.456345 0.122693 0.456074 0.123377 0.456074 0.123718 0.456345 0.124402 0.456345 0.124744 0.456074 0.125427 0.456074 0.125769 0.456345 0.126111 0.456345 0.126452 0.456074 0.12782 0.456074 0.128161 0.455803 0.12987 0.455803 0.130212 0.455531 0.131579 0.455531 0.131921 0.45526 0.13363 0.45526 0.133971 0.454989 0.135338 0.454989 0.136022 0.454447 0.137047 0.454447 0.137389 0.454176 0.139098 0.454176 0.13944 0.453905 0.140807 0.453905 0.141148 0.453633 0.144566 0.453633 0.144908 0.453362 0.145591 0.453362 0.145933 0.453633 0.146275 0.453633 0.146617 0.453362 0.146958 0.453362 0.1473 0.453633 0.148325 0.453633 0.148667 0.453362 0.150034 0.453362 0.150376 0.453091 0.151743 0.453091 0.152085 0.45282 0.153452 0.45282 0.153794 0.453091 0.154477 0.453091 0.154477 0.45282 0.154819 0.452549 0.155502 0.452549 0.155844 0.452278 0.156528 0.452278 0.156869 0.452549 0.157553 0.452549 0.157895 0.452278 0.159262 0.453362 0.159604 0.453091 0.160287 0.453091 0.160629 0.453362 0.161312 0.453362 0.161654 0.453091 0.163021 0.453091 0.163363 0.45282 0.165072 0.45282 0.165414 0.452549 0.166781 0.452549 0.167122 0.452278 0.167464 0.452278 0.167806 0.452549 0.168489 0.452549 0.168831 0.452278 0.17054 0.452278 0.170882 0.452007 0.172249 0.452007 0.172591 0.451735 0.174299 0.451735 0.174641 0.451464 0.176008 0.451464 0.17635 0.451193 0.177717 0.451193 0.178059 0.450922 0.179768 0.450922 0.180109 0.450651 0.181476 0.450651 0.181818 0.45038 0.183185 0.45038 0.183527 0.450108 0.184211 0.450108 0.184552 0.45038 0.185236 0.45038 0.185578 0.450651 0.185236 0.450922 0.184894 0.450922 0.184894 0.452278 0.185236 0.452549 0.185236 0.45282 0.185919 0.45282 0.186261 0.453091 0.186261 0.453362 0.185919 0.453633 0.185236 0.453633 0.185578 0.453905 0.185578 0.454176 0.186261 0.454176 0.186261 0.453905 0.186603 0.453633 0.186945 0.453905 0.186945 0.454447 0.186603 0.454718 0.185919 0.454718 0.185919 0.454989 0.185578 0.45526 0.185919 0.455531 0.185919 0.456345 0.186603 0.456345 0.186945 0.456616 0.187286 0.456616 0.187628 0.456887 0.187628 0.45743 0.187286 0.457701 0.187286 0.457972 0.18797 0.458514 0.18797 0.459599 0.187628 0.45987 0.186945 0.45987 0.186945 0.460954 0.187286 0.460954 0.187628 0.461226 0.187286 0.461497 0.187286 0.461768 0.187628 0.461768 0.18797 0.462039 0.18797 0.46231 0.187628 0.462581 0.187286 0.462581 0.187628 0.462852 0.187628 0.463124 0.188312 0.463124 0.188312 0.462852 0.18797 0.462852 0.187628 0.462581 0.18797 0.46231 0.188653 0.46231 0.188995 0.462581 0.188995 0.465293 0.188653 0.465564 0.188312 0.465564 0.188312 0.465835 0.188653 0.466106 0.188995 0.466106 0.189337 0.466377 0.189337 0.466649 0.188995 0.46692 0.188312 0.46692 0.188653 0.467191 0.188653 0.467462 0.189337 0.467462 0.189679 0.467733 0.189679 0.468275 0.190021 0.468547 0.190021 0.469631 0.190362 0.469902 0.190021 0.470174 0.189679 0.470174 0.189337 0.470445 0.189337 0.470716 0.189679 0.470987 0.190021 0.470987 0.190704 0.471529 0.190704 0.472614 0.190362 0.472885 0.190021 0.472885 0.190021 0.473156 0.190362 0.473156 0.190704 0.473427 0.190704 0.473698 0.190362 0.47397 0.190021 0.47397 0.190021 0.474241 0.190704 0.474783 0.190362 0.475054 0.190362 0.475597 0.190704 0.475868 0.190704 0.476952 0.191046 0.477223 0.191046 0.478037 0.191388 0.478308 0.191388 0.479121 0.191729 0.479393 0.191388 0.479664 0.191388 0.479935 0.191729 0.480206 0.191729 0.48102 0.192071 0.481291 0.192071 0.482918 0.192413 0.483189 0.192413 0.484273 0.192755 0.484544 0.192755 0.4859 0.193096 0.486171 0.193096 0.487256 0.193438 0.487527 0.193438 0.488612 0.19378 0.488883 0.19378 0.490239 0.194122 0.49051 0.194122 0.491594 0.194463 0.491866 0.194463 0.49295 0.194805 0.493221 0.194805 0.494306 0.194122 0.494848 0.194122 0.495662 0.194463 0.49539 0.194805 0.49539 0.195147 0.495662 0.194805 0.495933 0.195147 0.496204 0.195147 0.496746 0.195489 0.497017 0.195489 0.497289 0.195147 0.49756 0.194805 0.49756 0.194805 0.498915 0.195147 0.499187 0.195147 0.499729 0.195489 0.499729 0.19583 0.5 0.195489 0.500271 0.19583 0.500542 0.19583 0.501085 0.196172 0.501356 0.19583 0.501627 0.195489 0.501627 0.195489 0.501898 0.196172 0.50244 0.19583 0.502711 0.19583 0.503254 0.196172 0.503525 0.196172 0.504067 0.196856 0.504067 0.197198 0.504338 0.196856 0.50461 0.197198 0.504881 0.196856 0.505152 0.196514 0.505152 0.196514 0.505423 0.196856 0.505423 0.197198 0.505694 0.196856 0.505965 0.196856 0.506236 0.197198 0.506508 0.197539 0.506236 0.197881 0.506508 0.197881 0.506779 0.197539 0.50705 0.197198 0.50705 0.197198 0.507592 0.197539 0.507863 0.197539 0.508134 0.197198 0.508406 0.197198 0.509219 0.197539 0.50949 0.197539 0.509761 0.197881 0.510033 0.197881 0.510575 0.198223 0.510575 0.198906 0.511117 0.198565 0.511388 0.198223 0.511388 0.197881 0.511659 0.197881 0.511931 0.198223 0.512202 0.198223 0.513015 0.198565 0.513286 0.198223 0.513557 0.198565 0.513829 0.198565 0.5141 0.198906 0.514371 0.198565 0.514642 0.198565 0.514913 0.198906 0.515184 0.198906 0.51654 0.199248 0.516811 0.199248 0.517896 0.19959 0.518167 0.19959 0.518709 0.199932 0.51898 0.199932 0.519252 0.200273 0.519523 0.200273 0.519794 0.199932 0.520065 0.199932 0.520879 0.200615 0.520879 0.200957 0.52115 0.200615 0.521421 0.200615 0.522234 0.200957 0.522505 0.200615 0.522777 0.200615 0.52359 0.200957 0.523861 0.200957 0.524403 0.201299 0.524675 0.201299 0.525217 0.20164 0.525488 0.20164 0.525759 0.201982 0.52603 0.201982 0.526573 0.202324 0.526844 0.202324 0.527928 0.202666 0.5282 0.202666 0.528471 0.203008 0.528742 0.203008 0.529555 0.203349 0.529826 0.203349 0.530911 0.203691 0.531182 0.203691 0.532267 0.204033 0.532538 0.204033 0.533894 0.204375 0.534165 0.204375 0.535249 0.204716 0.535521 0.204716 0.536605 0.206425 0.537961 0.207109 0.537961 0.207792 0.538503 0.209159 0.538503 0.209843 0.539046 0.209843 0.539317 0.210185 0.539317 0.210526 0.539588 0.210526 0.539859 0.210185 0.54013 0.210185 0.540401 0.208817 0.541486 0.208134 0.541486 0.207792 0.541757 0.20745 0.541757 0.206767 0.542299 0.206425 0.542299 0.206425 0.545553 0.206767 0.545824 0.206767 0.546909 0.206425 0.54718 0.206425 0.547451 0.206083 0.547722 0.206083 0.547993 0.207109 0.548807 0.207109 0.549078 0.20745 0.549349 0.20745 0.54962 0.207109 0.549892 0.207109 0.550434 0.20745 0.550705 0.20745 0.550976 0.208134 0.551518 0.207792 0.55179 0.207109 0.55179 0.206767 0.551518 0.206767 0.551247 0.206425 0.551518 0.205742 0.551518 0.206083 0.55179 0.205742 0.552061 0.205742 0.552332 0.206425 0.552332 0.206767 0.552603 0.206425 0.552874 0.205742 0.552874 0.206083 0.553145 0.206425 0.553145 0.206767 0.552874 0.207109 0.553145 0.207109 0.553688 0.20745 0.553959 0.20745 0.55423 0.207792 0.554501 0.207792 0.555315 0.20745 0.555586 0.207109 0.555586 0.207109 0.556128 0.206767 0.556399 0.206767 0.556941 0.207792 0.556941 0.208134 0.557213 0.207792 0.557484 0.20745 0.557484 0.207109 0.557755 0.207109 0.558297 0.20745 0.558026 0.208134 0.558026 0.208134 0.557755 0.207792 0.557484 0.208134 0.557213 0.208476 0.557213 0.208817 0.557484 0.208817 0.558026 0.209159 0.558297 0.209159 0.558568 0.209501 0.558839 0.209159 0.559111 0.208476 0.559111 0.208476 0.559382 0.208817 0.559382 0.209501 0.559924 0.209501 0.560195 0.209159 0.560466 0.208817 0.560195 0.208476 0.560195 0.208134 0.559924 0.207792 0.559924 0.20745 0.560195 0.207792 0.560466 0.207792 0.561551 0.208134 0.561822 0.208817 0.561822 0.208476 0.561551 0.208476 0.56128 0.208134 0.561009 0.208817 0.560466 0.209159 0.560466 0.209501 0.560195 0.209843 0.560466 0.209843 0.561551 0.210185 0.561822 0.210185 0.562907 0.210526 0.563178 0.210526 0.564534 0.210868 0.564805 0.210868 0.565889 0.21121 0.566161 0.210868 0.566432 0.210185 0.566432 0.210185 0.567245 0.209843 0.567516 0.209159 0.567516 0.209501 0.567787 0.209501 0.56833 0.210185 0.56833 0.210868 0.567787 0.211552 0.56833 0.21121 0.568601 0.21121 0.568872 0.210868 0.569143 0.209843 0.569143 0.209843 0.569957 0.210185 0.569957 0.210868 0.569414 0.21121 0.569685 0.21121 0.570228 0.211552 0.570499 0.211552 0.571855 0.211893 0.572126 0.211893 0.572397 0.211552 0.572668 0.210526 0.572668 0.210526 0.57321 0.210868 0.573482 0.210868 0.573753 0.21121 0.573482 0.211893 0.573482 0.212235 0.573753 0.212235 0.574566 0.212919 0.574566 0.21326 0.574837 0.21326 0.575108 0.212919 0.57538 0.212919 0.576193 0.21326 0.576464 0.21326 0.577549 0.213602 0.57782 0.213602 0.578633 0.212919 0.579176 0.212577 0.579176 0.212919 0.579447 0.212919 0.579718 0.21326 0.579718 0.213602 0.579447 0.213944 0.579718 0.213944 0.580531 0.214286 0.580803 0.214286 0.581345 0.213944 0.581616 0.213944 0.581887 0.213602 0.582158 0.212919 0.582158 0.21326 0.58243 0.21326 0.582701 0.213602 0.582701 0.213944 0.582972 0.213602 0.583243 0.212919 0.583243 0.212919 0.583514 0.213602 0.583514 0.214286 0.582972 0.214627 0.583243 0.214627 0.583514 0.214969 0.583785 0.214969 0.585141 0.215311 0.585412 0.214969 0.585683 0.214969 0.586226 0.215311 0.586226 0.215653 0.586497 0.215311 0.586768 0.215311 0.587852 0.215995 0.588395 0.215653 0.588666 0.215311 0.588666 0.215311 0.589208 0.215653 0.589208 0.215995 0.589479 0.215995 0.589751 0.215653 0.590022 0.214969 0.590022 0.214627 0.590293 0.214627 0.590564 0.214969 0.590564 0.215311 0.590293 0.215653 0.590564 0.215653 0.590835 0.215995 0.591106 0.215995 0.591377 0.215653 0.591649 0.214969 0.591649 0.214969 0.59192 0.215311 0.592191 0.215311 0.592462 0.215653 0.592462 0.216336 0.59192 0.21702 0.592462 0.21702 0.592733 0.216678 0.593004 0.216678 0.593547 0.216336 0.593818 0.215653 0.593818 0.215653 0.59436 0.216336 0.59436 0.216336 0.593818 0.216678 0.593547 0.21702 0.593818 0.21702 0.595174 0.217362 0.595445 0.217362 0.596529 0.217703 0.5968 0.217703 0.597072 0.217362 0.597343 0.216336 0.596529 0.216336 0.597614 0.217362 0.597614 0.218045 0.598156 0.218045 0.599512 0.217703 0.599783 0.21702 0.599783 0.21702 0.600325 0.217362 0.600325 0.217362 0.600054 0.218045 0.599512 0.218387 0.599783 0.218387 0.600325 0.218045 0.600597 0.218045 0.601139 0.218387 0.60141 0.218387 0.603037 0.218729 0.603308 0.218045 0.60385 0.217703 0.60385 0.218045 0.604121 0.218045 0.604664 0.218387 0.604393 0.218729 0.604664 0.218729 0.605206 0.219412 0.605748 0.219412 0.60602 0.21907 0.606291 0.218729 0.606291 0.218387 0.606562 0.218387 0.606833 0.218729 0.607104 0.218729 0.607375 0.21907 0.607375 0.21907 0.607104 0.219412 0.606833 0.219754 0.607104 0.219754 0.608189 0.220096 0.60846 0.220096 0.608731 0.220437 0.609002 0.220437 0.609273 0.220096 0.609544 0.220437 0.609816 0.220437 0.610629 0.220096 0.6109 0.219754 0.6109 0.219754 0.611171 0.220096 0.611443 0.220437 0.611443 0.220779 0.611714 0.220779 0.612527 0.221121 0.612798 0.221121 0.613883 0.221463 0.614154 0.221463 0.61551 0.221121 0.615781 0.220779 0.61551 0.220779 0.615239 0.220437 0.615239 0.220437 0.61551 0.220779 0.615781 0.220779 0.616052 0.221121 0.616323 0.220779 0.616594 0.220779 0.617137 0.221121 0.617408 0.221121 0.617679 0.221805 0.617679 0.222146 0.61795 0.222146 0.618492 0.222488 0.618764 0.222488 0.619306 0.221805 0.619848 0.221463 0.619848 0.221805 0.620119 0.221805 0.62039 0.222146 0.620119 0.222488 0.620119 0.22283 0.62039 0.22283 0.621204 0.223172 0.621475 0.223172 0.62256 0.22283 0.622831 0.223172 0.623102 0.22283 0.623373 0.222488 0.623373 0.222488 0.623915 0.223172 0.623915 0.223855 0.624458 0.223855 0.625542 0.223513 0.625813 0.223855 0.626085 0.223855 0.627169 0.224197 0.62744 0.224197 0.627983 0.223855 0.628254 0.223855 0.628525 0.224197 0.628796 0.224197 0.630152 0.224539 0.630423 0.224539 0.630694 0.22488 0.630965 0.224539 0.631236 0.224197 0.631236 0.224197 0.631508 0.224539 0.631779 0.224539 0.63205 0.22488 0.632321 0.22488 0.632863 0.225222 0.633134 0.225222 0.633677 0.225564 0.633948 0.225564 0.63449 0.225906 0.634761 0.225906 0.635846 0.226247 0.636117 0.226247 0.637202 0.226589 0.637473 0.226589 0.638829 0.226931 0.6391 0.226931 0.640184 0.227273 0.640456 0.227273 0.642082 0.226931 0.642354 0.226931 0.643167 0.227273 0.643438 0.227273 0.643709 0.227614 0.64398 0.227273 0.644252 0.227273 0.644794 0.227614 0.645065 0.227614 0.64615 0.227956 0.646421 0.227956 0.646963 0.228298 0.647234 0.228298 0.647505 0.22864 0.647777 0.22864 0.649132 0.228982 0.649403 0.228982 0.650488 0.229323 0.650759 0.228982 0.65103 0.228982 0.651573 0.229665 0.652115 0.229665 0.652928 0.229323 0.6532 0.229323 0.653471 0.231374 0.653471 0.231716 0.6532 0.233083 0.6532 0.233424 0.652928 0.234792 0.652928 0.235133 0.652657 0.236159 0.652657 0.2365 0.652386 0.236842 0.652657 0.237184 0.652386 0.238551 0.652386 0.238893 0.652115 0.24026 0.652115 0.240602 0.651844 0.24231 0.651844 0.242652 0.651573 0.244019 0.651573 0.244361 0.651302 0.245728 0.651302 0.245728 0.65103 0.246411 0.650488 0.247095 0.650488 0.247437 0.650217 0.247779 0.650217 0.24812 0.649946 0.249146 0.649946 0.249829 0.649403 0.250171 0.649403 0.250513 0.649132 0.251196 0.649132 0.25188 0.64859 0.252563 0.64859 0.252905 0.648319 0.253247 0.648319 0.253589 0.64859 0.254956 0.64859 0.254956 0.648048 0.255297 0.647777 0.255639 0.647777 0.255981 0.647505 0.255981 0.646963 0.256323 0.646692 0.256323 0.64615 0.256664 0.645879 0.256323 0.645607 0.256664 0.645336 0.256664 0.645065 0.257006 0.644794 0.257006 0.644252 0.255981 0.643438 0.255981 0.642896 0.255639 0.642896 0.255297 0.642625 0.255297 0.642354 0.254956 0.642082 0.254272 0.642082 0.253589 0.64154 0.253247 0.64154 0.252563 0.640998 0.252563 0.640184 0.252221 0.639913 0.252221 0.6391 0.252563 0.638829 0.252563 0.638286 0.252905 0.638015 0.252905 0.637202 0.252563 0.636931 0.252563 0.635846 0.252221 0.635575 0.252221 0.634219 0.25188 0.633948 0.25188 0.633406 0.251196 0.632863 0.251196 0.63205 0.25188 0.631508 0.25188 0.630694 0.252563 0.630152 0.252563 0.629338 0.253247 0.628796 0.253247 0.628254 0.253589 0.627983 0.253589 0.62744 0.25393 0.627169 0.25393 0.626898 0.254272 0.626627 0.254272 0.626356 0.254956 0.625813 0.254956 0.625542 0.255639 0.625 0.255639 0.624729 0.256323 0.624187 0.256323 0.623915 0.256664 0.623644 0.256664 0.623373 0.257006 0.623102 0.257348 0.623102 0.257348 0.622831 0.25769 0.62256 0.258373 0.62256 0.258715 0.622289 0.259398 0.622289 0.25974 0.622017 0.260082 0.622017 0.260424 0.621746 0.260766 0.621746 0.261449 0.621204 0.262816 0.621204 0.263158 0.620933 0.264867 0.620933 0.265208 0.620662 0.265892 0.620662 0.266234 0.62039 0.266576 0.62039 0.266917 0.620119 0.267601 0.620119 0.267943 0.62039 0.268284 0.62039 0.268626 0.620119 0.269651 0.620119 0.269993 0.619848 0.270335 0.619848 0.270677 0.619577 0.27136 0.619577 0.272044 0.620119 0.272386 0.620119 0.273069 0.620662 0.273411 0.620662 0.274094 0.621204 0.274778 0.621204 0.27512 0.621475 0.277854 0.621475 0.278195 0.621204 0.279563 0.621204 0.280246 0.620662 0.281613 0.620662 0.281613 0.62039 0.281955 0.620119 0.282638 0.620119 0.28298 0.619848 0.28298 0.619577 0.283322 0.619306 0.283322 0.619035 0.28298 0.619035 0.282297 0.618492 0.282638 0.618221 0.28298 0.618221 0.28298 0.61795 0.283322 0.617679 0.283322 0.617408 0.28298 0.617679 0.282638 0.617679 0.282297 0.617408 0.282297 0.617137 0.281955 0.616866 0.282297 0.616594 0.282297 0.616052 0.282638 0.615781 0.282297 0.61551 0.282297 0.614967 0.282638 0.614696 0.282638 0.614154 0.282297 0.613883 0.282297 0.612798 0.281955 0.612527 0.281955 0.611443 0.281613 0.611171 0.281613 0.610087 0.28093 0.609544 0.28093 0.60846 0.280588 0.608189 0.280588 0.607104 0.280246 0.606833 0.280246 0.605477 0.279904 0.605206 0.279904 0.604121 0.279563 0.60385 0.279563 0.602766 0.279221 0.602495 0.279221 0.601139 0.278879 0.600868 0.278879 0.599783 0.278537 0.599512 0.278537 0.598156 0.278195 0.597885 0.278195 0.5968 0.277854 0.596529 0.277854 0.595445 0.277512 0.595174 0.277512 0.593818 0.27717 0.593547 0.27717 0.592462 0.276828 0.592191 0.276828 0.591106 0.276487 0.590835 0.276487 0.589479 0.276145 0.589208 0.276145 0.588124 0.275803 0.587852 0.276828 0.587039 0.27717 0.587039 0.277854 0.586497 0.278195 0.586768 0.278537 0.586768 0.278879 0.586497 0.279563 0.586497 0.279563 0.586226 0.279221 0.585954 0.279221 0.58487 0.278879 0.584599 0.278879 0.583514 0.278537 0.583243 0.278537 0.581887 0.278195 0.581616 0.278195 0.580531 0.277854 0.58026 0.277854 0.579176 0.277512 0.578905 0.277512 0.577549 0.27717 0.577549 0.276828 0.577278 0.276828 0.576735 0.27717 0.576464 0.27717 0.576193 0.276828 0.575922 0.276828 0.57538 0.275461 0.57538 0.27512 0.575108 0.27512 0.574837 0.274778 0.574837 0.274778 0.57538 0.274436 0.575651 0.274094 0.57538 0.274094 0.574837 0.273411 0.574295 0.273411 0.574024 0.273069 0.573753 0.273069 0.573482 0.272727 0.57321 0.273069 0.572939 0.273411 0.572939 0.273411 0.572397 0.272727 0.571855 0.273069 0.571584 0.273069 0.571312 0.272727 0.571041 0.272727 0.570499 0.272044 0.569957 0.272044 0.569143 0.271702 0.568872 0.271702 0.567787 0.27136 0.567516 0.27136 0.566161 0.271018 0.565889 0.271018 0.564805 0.270677 0.564534 0.270677 0.563449 0.270335 0.563178 0.270677 0.562907 0.270677 0.561822 0.270335 0.561551 0.270335 0.560466 0.269993 0.560195 0.269993 0.559382 0.270335 0.559111 0.270335 0.558839 0.269993 0.558568 0.269993 0.558297 0.270335 0.558026 0.270335 0.557484 0.269993 0.557213 0.270335 0.556941 0.270335 0.556399 0.269993 0.556128 0.26931 0.556128 0.268968 0.555857 0.268968 0.555043 0.26931 0.554772 0.26931 0.554501 0.268968 0.55423 0.268968 0.553959 0.268626 0.553688 0.268626 0.553416 0.268284 0.553688 0.267943 0.553416 0.267943 0.552603 0.267601 0.552332 0.267601 0.55179 0.267259 0.551518 0.267259 0.548807 0.266917 0.548536 0.266917 0.54718 0.266576 0.546909 0.266576 0.545824 0.266234 0.545553 0.266234 0.544469 0.265892 0.544469 0.26555 0.544197 0.26555 0.542842 0.265208 0.54257 0.265208 0.541486 0.264867 0.541215 0.264867 0.54013 0.264525 0.539859 0.264525 0.539317 0.264867 0.539046 0.264867 0.53769 0.26555 0.537148 0.26555 0.536334 0.265892 0.536063 0.265892 0.535792 0.265208 0.535249 0.265208 0.534707 0.26555 0.534436 0.26555 0.534165 0.265208 0.533894 0.265208 0.532538 0.264867 0.532267 0.264867 0.531182 0.264183 0.53064 0.264525 0.530369 0.264525 0.529826 0.264183 0.529555 0.264183 0.5282 0.263841 0.527928 0.263841 0.527115 0.2635 0.526844 0.2635 0.525217 0.263158 0.524946 0.263158 0.523861 0.262816 0.52359 0.262816 0.522505 0.262474 0.522234 0.262474 0.520879 0.262816 0.520607 0.263158 0.520607 0.263158 0.519523 0.262816 0.519252 0.262816 0.517896 0.262474 0.517896 0.262133 0.517625 0.262133 0.516811 0.262474 0.51654 0.262133 0.516269 0.262133 0.515184 0.261449 0.515184 0.261107 0.514913 0.261449 0.514642 0.261791 0.514642 0.261791 0.513557 0.261449 0.513286 0.261449 0.512744 0.261107 0.512473 0.261107 0.512202 0.260766 0.511931 0.260766 0.511388 0.261107 0.511117 0.261107 0.510575 0.260766 0.510304 0.260766 0.509219 0.260424 0.508948 0.260424 0.507863 0.260082 0.507592 0.260082 0.507321 0.25974 0.50705 0.260082 0.506779 0.260082 0.506236 0.25974 0.505965 0.25974 0.504881 0.259398 0.50461 0.259398 0.503525 0.259057 0.503254 0.259057 0.501898 0.258715 0.501627 0.258715 0.500542 0.258373 0.500271 0.258373 0.499187 0.258031 0.498915 0.258031 0.49756 0.25769 0.497289 0.25769 0.496204 0.257348 0.495933 0.257348 0.494577 0.257006 0.494306 0.257006 0.493221 0.256664 0.49295 0.256664 0.491866 0.256323 0.491594 0.256323 0.490239 0.255981 0.489967 0.255981 0.488883 0.255639 0.488612 0.255639 0.487527 0.255297 0.487256 0.255297 0.4859 0.254956 0.485629 0.254956 0.484544 0.254614 0.484273 0.254614 0.482918 0.254272 0.482646 0.254272 0.481562 0.25393 0.481291 0.25393 0.480206 0.253589 0.479935 0.253589 0.478579 0.253247 0.478308 0.253247 0.477223 0.252905 0.476952 0.252905 0.475868 0.252221 0.475325 0.25188 0.475325 0.251538 0.475597 0.251196 0.475325 0.251196 0.474512 0.250854 0.474241 0.250854 0.472885 0.250513 0.472614 0.250513 0.471529 0.250171 0.471258 0.250171 0.470174 0.249829 0.469902 0.249829 0.468547 0.249487 0.468275 0.249487 0.467191 0.249146 0.46692 0.249146 0.465564 0.248804 0.465293 0.248804 0.465022 0.249146 0.464751 0.250171 0.464751 0.250171 0.464479 0.249487 0.464479 0.248804 0.463937 0.249487 0.463395 0.250171 0.463395 0.251196 0.462581 0.251196 0.460954 0.250854 0.460683 0.250854 0.460141 0.250513 0.45987 0.250854 0.459599 0.251196 0.459599 0.250854 0.459328 0.250171 0.459328 0.250513 0.459599 0.249829 0.460141 0.249487 0.460141 0.249146 0.45987 0.248462 0.45987 0.24812 0.459599 0.247437 0.460141 0.247095 0.460141 0.246753 0.45987 0.245728 0.45987 0.245044 0.459328 0.245044 0.458514 0.244703 0.458243 0.245386 0.457701 0.245386 0.45743 0.245728 0.457158 0.245728 0.456887 0.24607 0.456616 0.248462 0.456616 0.249487 0.455803 0.250171 0.455803 0.250513 0.456074 0.251196 0.456074 0.251538 0.455803 0.251538 0.45526 0.251196 0.454989 0.251196 0.453633 0.250854 0.453362 0.250854 0.452278 0.250513 0.452007 0.250513 0.450651 0.250171 0.45038 0.250171 0.449295 0.249829 0.449024 0.249829 0.447939 0.249487 0.447668 0.249487 0.446312 0.249146 0.446312 0.248804 0.446041 0.249146 0.44577 0.249146 0.444957 0.248804 0.444685 0.248804 0.443601 0.248462 0.44333 0.248462 0.441974 0.24812 0.441703 0.24812 0.441432 0.247779 0.441161 0.247779 0.438991 0.247095 0.438449 0.247095 0.438178 0.244703 0.438178 0.244703 0.438449 0.245044 0.438449 0.245728 0.438991 0.247095 0.438991 0.247437 0.439262 0.247437 0.440889 0.247095 0.441161 0.246753 0.441161 0.246411 0.440889 0.24607 0.440889 0.245386 0.441432 0.245044 0.441161 0.245044 0.440889 0.244703 0.440618 0.244703 0.439262 0.244361 0.439262 0.244019 0.438991 0.24026 0.438991 0.239918 0.439262 0.238551 0.439262 0.238209 0.439534 0.2365 0.439534 0.236159 0.439805 0.234792 0.439805 0.23445 0.440076 0.234108 0.440076 0.233766 0.439805 0.232741 0.439805 0.232399 0.440076 0.231032 0.440076 0.23069 0.440347 0.229323 0.440347 0.228982 0.440618 0.227273 0.440618 0.226931 0.440889 0.225564 0.440889 0.225222 0.441161 0.223855 0.441161 0.223513 0.441432 0.221805 0.441432 0.221463 0.441703 0.220096 0.441703 0.219754 0.441974 0.218045 0.441974 0.217703 0.442245 0.216336 0.442245 0.215995 0.442516 0.214627 0.442516 0.214286 0.442787 0.212919 0.442787 0.212577 0.442516 0.211893 0.442516 0.210868 0.441703 0.210526 0.441703 0.209159 0.440618 0.208817 0.440618 0.208476 0.440347 0.208476 0.438991 0.208134 0.43872 0.208134 0.437636 0.207792 0.437364 0.207792 0.436009 0.20745 0.435738 0.20745 0.434653 0.207109 0.434382 0.207109 0.433297 0.206767 0.433026 0.206767 0.43167 0.206425 0.431399 0.206425 0.430315 0.206083 0.430043 0.206083 0.428959 0.205742 0.428688 0.205742 0.427332 0.2054 0.427061 0.2054 0.425976 0.205058 0.425705 0.205058 0.424349 0.204716 0.424078 0.204716 0.422993 0.204375 0.422722 0.204375 0.421638 0.204033 0.421367 0.204033 0.420011 0.203691 0.41974 0.203691 0.418926 0.202324 0.418926 0.201982 0.419197 0.200615 0.419197 0.199932 0.41974 0.19959 0.41974 0.19959 0.420011 0.199932 0.420282 0.19959 0.420553 0.198565 0.420553 0.198223 0.420282 0.198223 0.41974 0.196856 0.41974 0.196514 0.420011 0.195489 0.420011 0.195147 0.41974 0.195147 0.419197 0.194805 0.418926 0.194805 0.418655 0.194463 0.418926 0.193096 0.418926 0.192755 0.419197 0.192413 0.419197 0.192071 0.418926 0.192071 0.418113 0.191729 0.417842 0.191729 0.417299 0.191046 0.417299 0.190704 0.41757 0.189337 0.41757 0.188995 0.417842 0.187286 0.417842 0.186945 0.418113 0.185578 0.418113 0.185236 0.418384 0.183869 0.418384 0.183527 0.418655 0.181818 0.418655 0.181476 0.418926 0.180109 0.418926 0.179768 0.419197 0.178059 0.419197 0.177717 0.419469 0.17635 0.419469 0.176008 0.41974 0.174641 0.41974 0.174299 0.420011 0.172591 0.420011 0.172249 0.420282 0.170882 0.420282 0.17054 0.420553 0.169173 0.420553 0.168831 0.420824 0.167122 0.420824 0.166781 0.421095 0.166097 0.421095 0.166439 0.421367 0.166439 0.421909 0.166097 0.42218 0.165414 0.42218 0.165072 0.421909 0.165072 0.421367 0.16473 0.421095 0.16473 0.420011 0.164388 0.41974 0.164388 0.418655 0.164046 0.418384 0.164046 0.417028 0.163705 0.416757 0.163705 0.415672 0.163363 0.415401 0.163363 0.414859
