0 0.397129 0.630552 0.397129 0.630888 0.397395 0.630888 0.397395 0.630552
0 0.387294 0.612046 0.387028 0.612382 0.386762 0.612382 0.386762 0.612719 0.387294 0.613392 0.38756 0.613055 0.38756 0.612719 0.387294 0.612382
0 0.378256 0.596231 0.378256 0.596568 0.378522 0.596904 0.378788 0.596904 0.378788 0.596568 0.378522 0.596231
0 0.364168 0.573688 0.364168 0.574024 0.364434 0.574361 0.364434 0.574697 0.365231 0.575707 0.365231 0.576043 0.365497 0.576043 0.365497 0.575707 0.365231 0.57537 0.365231 0.574697 0.364965 0.574697 0.364434 0.574024 0.364434 0.573688
0 0.368155 0.566285 0.368155 0.566622 0.368421 0.566958 0.368421 0.566285
0 0.401648 0.534993 0.401382 0.53533 0.401116 0.53533 0.400319 0.536339 0.400053 0.536339 0.399787 0.536676 0.400053 0.537012 0.400319 0.536676 0.400851 0.536676 0.401116 0.536339 0.401116 0.536003 0.401648 0.53533 0.401914 0.53533
0 0.410154 0.527927 0.409623 0.5286 0.409357 0.5286 0.408825 0.529273 0.408559 0.528937 0.408293 0.529273 0.408293 0.52961 0.408028 0.529946 0.407496 0.529946 0.406964 0.530619 0.406699 0.530283 0.406167 0.530956 0.405901 0.530956 0.405901 0.531292 0.405635 0.531629 0.405635 0.531965 0.405901 0.531965 0.406167 0.531629 0.406433 0.531629 0.40723 0.530619 0.407496 0.530619 0.408293 0.52961 0.408559 0.52961 0.408825 0.529273 0.409357 0.529273 0.409888 0.5286 0.410154 0.5286
0 0.418926 0.519515 0.418394 0.520188 0.418129 0.520188 0.417331 0.521198 0.417065 0.521198 0.416534 0.521871 0.416268 0.521871 0.416002 0.522207 0.416002 0.522544 0.415205 0.523553 0.414939 0.523553 0.414939 0.52389 0.415205 0.52389 0.41547 0.523553 0.415736 0.523553 0.416002 0.523217 0.416002 0.52288 0.4168 0.521871 0.417065 0.521871 0.417331 0.521534 0.417863 0.521534 0.418394 0.520861 0.418394 0.520525 0.41866 0.520188 0.418926 0.520188 0.419192 0.519852 0.419192 0.519515
0 0.420787 0.517833 0.420255 0.518506 0.420787 0.518506
0 0.423711 0.515141 0.423445 0.515478 0.423445 0.515814 0.423179 0.516151 0.423445 0.516487 0.423977 0.515814 0.423977 0.515478
0 0.424508 0.514805 0.424774 0.515141 0.424774 0.515814 0.42504 0.515814 0.425306 0.515478 0.424774 0.514805
0 0.426369 0.512786 0.426103 0.513122 0.425837 0.513122 0.425572 0.513459 0.425837 0.513795 0.426369 0.513122
0 0.431154 0.506729 0.430622 0.507402 0.431154 0.507402 0.431419 0.507066 0.431419 0.506729
0 0.441255 0.498318 0.440723 0.498991 0.440457 0.498991 0.440191 0.499327 0.440457 0.499664 0.440989 0.498991 0.441255 0.498991 0.44152 0.498654
0 0.464646 0.477793 0.464381 0.478129 0.464381 0.478466 0.464646 0.478466 0.464912 0.478129
0 0.471823 0.471736 0.471558 0.472073 0.471292 0.472073 0.471026 0.472409 0.471026 0.472746 0.471292 0.473082 0.471823 0.472409 0.472089 0.472409 0.471823 0.472073
0 0.454545 0.439771 0.45428 0.440108 0.454545 0.440444 0.455077 0.440444 0.455343 0.440781 0.455609 0.440444 0.455609 0.439771
0 0.457469 0.437752 0.457204 0.438089 0.457204 0.438425 0.457469 0.438425 0.457735 0.438089 0.457735 0.437752
0 0.448166 0.437752 0.448166 0.438089 0.448432 0.438425 0.448698 0.438089 0.448698 0.437752
0 0.449229 0.437079 0.449229 0.437416 0.449495 0.437752 0.449495 0.438089 0.449761 0.438425 0.450027 0.438089 0.450027 0.437752 0.449495 0.437079
0 0.461191 0.43607 0.460925 0.436406 0.460925 0.436743 0.460659 0.437079 0.460925 0.437416 0.460659 0.437752 0.460393 0.437752 0.460128 0.438089 0.459862 0.438089 0.459064 0.439098 0.458799 0.439098 0.458799 0.439435 0.458533 0.439771 0.458001 0.439771 0.457735 0.440108 0.457735 0.440444 0.457204 0.441117 0.456672 0.441117 0.456406 0.441454 0.45614 0.441454 0.45614 0.44179 0.455343 0.442799 0.455077 0.442463 0.454811 0.442799 0.454811 0.443472 0.454545 0.443809 0.454014 0.443809 0.454014 0.444145 0.45428 0.444482 0.454014 0.444818 0.453482 0.444818 0.452951 0.445491 0.452685 0.445491 0.452419 0.445828 0.452153 0.445828 0.451887 0.445491 0.451621 0.445491 0.45109 0.444818 0.45109 0.444482 0.450292 0.443472 0.450292 0.443136 0.449495 0.442127 0.449495 0.44179 0.448963 0.441117 0.448698 0.441117 0.448432 0.440781 0.448166 0.440781 0.4479 0.440444 0.447634 0.440444 0.447368 0.440108 0.447368 0.439771 0.447103 0.439435 0.447103 0.439098 0.447368 0.438762 0.447103 0.438425 0.446305 0.438425 0.446305 0.438762 0.446039 0.439098 0.445774 0.439098 0.445508 0.439435 0.445242 0.439435 0.44471 0.440108 0.444444 0.440108 0.443647 0.441117 0.443381 0.441117 0.442584 0.442127 0.442318 0.442127 0.441786 0.442799 0.44152 0.442799 0.440723 0.443809 0.440457 0.443809 0.439926 0.444482 0.43966 0.444482 0.438862 0.445491 0.438596 0.445491 0.437799 0.446501 0.437533 0.446501 0.437002 0.447174 0.436736 0.447174 0.435938 0.448183 0.435938 0.44852 0.435673 0.448856 0.434875 0.448856 0.434078 0.449865 0.433812 0.449865 0.43328 0.450538 0.433014 0.450538 0.433014 0.450875 0.431951 0.452221 0.431685 0.451884 0.431154 0.452557 0.430888 0.452557 0.430356 0.45323 0.43009 0.45323 0.43009 0.453567 0.429027 0.454913 0.428761 0.454913 0.428761 0.455249 0.42823 0.455922 0.427698 0.455922 0.427166 0.456595 0.426901 0.456595 0.426369 0.457268 0.426103 0.457268 0.425306 0.458277 0.424774 0.458277 0.424508 0.458614 0.424508 0.459623 0.423977 0.460296 0.423445 0.460296 0.423179 0.460633 0.422913 0.460633 0.422382 0.461306 0.422382 0.461642 0.42185 0.462315 0.421584 0.462315 0.421053 0.462988 0.420787 0.462988 0.419989 0.463997 0.419724 0.463997 0.419192 0.46467 0.418926 0.46467 0.418129 0.46568 0.417863 0.46568 0.417065 0.466689 0.4168 0.466689 0.416268 0.467362 0.415736 0.467362 0.41547 0.467699 0.415205 0.467699 0.415205 0.468035 0.414407 0.469044 0.414141 0.469044 0.413344 0.470054 0.413078 0.470054 0.412812 0.47039 0.412812 0.470727 0.412281 0.4714 0.412015 0.4714 0.411217 0.472409 0.410686 0.472409 0.410686 0.472746 0.41042 0.473082 0.410154 0.472746 0.409623 0.473419 0.409623 0.473755 0.409357 0.474092 0.409091 0.473755 0.408559 0.474428 0.408293 0.474428 0.408293 0.475437 0.408028 0.475774 0.407762 0.475437 0.40723 0.475437 0.406964 0.475774 0.406964 0.47611 0.407496 0.476783 0.40723 0.47712 0.40723 0.477456 0.406699 0.478129 0.405901 0.47712 0.405369 0.477793 0.404572 0.477793 0.404306 0.478129 0.403775 0.478129 0.402977 0.479139 0.402446 0.479139 0.402446 0.479475 0.40218 0.479812 0.401914 0.479475 0.401382 0.480148 0.400851 0.480148 0.400585 0.480485 0.400319 0.480485 0.399787 0.481157 0.399787 0.481494 0.398724 0.48284 0.398458 0.482503 0.398458 0.482167 0.397661 0.483176 0.397395 0.483176 0.396863 0.483849 0.396863 0.484186 0.396598 0.484522 0.396332 0.484522 0.396598 0.484859 0.396598 0.485195 0.396066 0.485868 0.3958 0.485868 0.395268 0.486541 0.395003 0.486541 0.394205 0.48755 0.393939 0.48755 0.393408 0.488223 0.393142 0.488223 0.392344 0.489233 0.392079 0.489233 0.392079 0.489569 0.391281 0.490579 0.391015 0.490579 0.390484 0.491252 0.390218 0.491252 0.389686 0.490579 0.388889 0.491588 0.388889 0.492261 0.388623 0.492598 0.388623 0.492934 0.388357 0.493271 0.388091 0.493271 0.387294 0.49428 0.387028 0.49428 0.386762 0.494616 0.386231 0.494616 0.385965 0.494953 0.385965 0.495289 0.385433 0.495962 0.384902 0.495962 0.384636 0.496299 0.38437 0.496299 0.384902 0.496972 0.384902 0.498318 0.384636 0.498654 0.38437 0.498318 0.383573 0.499327 0.383307 0.499327 0.382509 0.500336 0.382243 0.500336 0.381978 0.500673 0.381978 0.501009 0.381712 0.501346 0.38118 0.501346 0.380914 0.501682 0.380914 0.502019 0.380649 0.502355 0.380117 0.502355 0.379851 0.502692 0.379585 0.502692 0.379851 0.503028 0.379585 0.503365 0.37932 0.503365 0.378522 0.504374 0.377725 0.504374 0.377193 0.505047 0.377193 0.50572 0.376396 0.506729 0.37613 0.506393 0.375864 0.506729 0.375598 0.506729 0.375864 0.507066 0.375598 0.507402 0.375332 0.507402 0.375066 0.507066 0.374801 0.507066 0.374535 0.507402 0.374535 0.507739 0.373737 0.508748 0.373472 0.508748 0.37294 0.509421 0.372674 0.509421 0.372142 0.510094 0.372142 0.510431 0.371611 0.511104 0.371345 0.510767 0.370813 0.510767 0.370813 0.511104 0.371079 0.51144 0.370813 0.511777 0.370282 0.511777 0.370016 0.512113 0.36975 0.512113 0.36975 0.51245 0.369484 0.512786 0.369484 0.514132 0.369219 0.514468 0.368687 0.514468 0.368421 0.514805 0.368155 0.514805 0.367889 0.514468 0.367624 0.514468 0.367358 0.514805 0.367624 0.515141 0.367624 0.515478 0.367358 0.515814 0.367092 0.515814 0.36656 0.516487 0.366295 0.516487 0.365497 0.517497 0.365231 0.517497 0.364434 0.518506 0.364168 0.518506 0.363636 0.519179 0.363636 0.519515 0.363371 0.519852 0.363105 0.519852 0.362307 0.520861 0.362041 0.520861 0.36151 0.521534 0.361244 0.521534 0.360447 0.522544 0.360181 0.522544 0.359649 0.523217 0.359383 0.523217 0.358586 0.524226 0.35832 0.524226 0.357523 0.525236 0.357257 0.525236 0.356725 0.525908 0.356459 0.525908 0.355662 0.526918 0.355396 0.526918 0.354864 0.527591 0.354599 0.527591 0.353801 0.5286 0.353535 0.5286 0.352738 0.52961 0.352472 0.52961 0.35194 0.530283 0.351675 0.530283 0.350877 0.531292 0.350611 0.531292 0.35008 0.531965 0.349814 0.531965 0.349016 0.532974 0.348751 0.532974 0.348219 0.533647 0.347953 0.533647 0.347156 0.534657 0.34689 0.534657 0.346358 0.53533 0.346358 0.535666 0.346093 0.536003 0.345827 0.535666 0.345295 0.536339 0.345029 0.536339 0.344232 0.537349 0.343966 0.537349 0.343434 0.538022 0.343169 0.538022 0.342371 0.539031 0.342105 0.539031 0.341308 0.54004 0.341042 0.54004 0.34051 0.540713 0.340245 0.540713 0.339713 0.541386 0.339713 0.541723 0.339447 0.542059 0.339181 0.541723 0.338915 0.542059 0.338915 0.542396 0.339181 0.542732 0.339447 0.542732 0.339713 0.543069 0.339713 0.543405 0.339979 0.543405 0.34051 0.544078 0.34051 0.544751 0.341042 0.545424 0.341042 0.54576 0.340245 0.54677 0.339979 0.54677 0.339979 0.547106 0.339447 0.547779 0.338915 0.547779 0.339713 0.548789 0.339713 0.549125 0.340245 0.549798 0.340245 0.550135 0.341042 0.550135 0.341308 0.550471 0.341308 0.550808 0.342105 0.551817 0.342105 0.552153 0.342637 0.552826 0.342637 0.553163 0.343434 0.554172 0.343434 0.554509 0.343966 0.555182 0.343966 0.555518 0.344763 0.556528 0.344763 0.556864 0.345295 0.557537 0.345295 0.557873 0.346093 0.558883 0.346093 0.559219 0.34689 0.560229 0.34689 0.560565 0.347422 0.561238 0.347422 0.561575 0.348219 0.562584 0.348219 0.563257 0.348485 0.563594 0.348219 0.56393 0.348485 0.564266 0.347687 0.565276 0.347422 0.565276 0.347156 0.565612 0.347156 0.565949 0.346358 0.566958 0.346093 0.566958 0.345561 0.567631 0.345295 0.567631 0.344498 0.568641 0.344232 0.568641 0.343966 0.568977 0.343966 0.569314 0.344232 0.56965 0.344232 0.569987 0.343966 0.570323 0.344498 0.570996 0.344763 0.570659 0.345295 0.571332 0.345561 0.571332 0.345827 0.571669 0.345827 0.572005 0.346624 0.573015 0.346358 0.573351 0.34689 0.574024 0.34689 0.574361 0.347156 0.574361 0.347953 0.57537 0.348485 0.57537 0.348751 0.575707 0.349548 0.575707 0.349814 0.57537 0.350611 0.57537 0.350877 0.575707 0.351143 0.57537 0.351409 0.575707 0.351409 0.576043 0.351675 0.575707 0.35194 0.576043 0.35194 0.57638 0.352738 0.577389 0.353004 0.577389 0.35327 0.577725 0.35327 0.578062 0.353801 0.578062 0.354067 0.577725 0.354333 0.577725 0.354864 0.578398 0.354599 0.578735 0.355396 0.579744 0.355396 0.580081 0.355928 0.580754 0.355928 0.58109 0.356725 0.5821 0.356725 0.582436 0.356991 0.582773 0.356725 0.583109 0.356725 0.583445 0.356991 0.583782 0.357257 0.583782 0.357523 0.583445 0.358054 0.584118 0.358852 0.583109 0.359383 0.583109 0.359649 0.583445 0.359915 0.583445 0.360712 0.584455 0.360712 0.584791 0.361244 0.585464 0.361244 0.585801 0.361776 0.586474 0.361776 0.58782 0.362307 0.588493 0.362573 0.588493 0.362839 0.588829 0.362839 0.589166 0.363371 0.589838 0.363105 0.590175 0.363371 0.590511 0.363636 0.590511 0.364168 0.591184 0.363902 0.591521 0.364434 0.592194 0.364434 0.59253 0.365231 0.59354 0.365231 0.593876 0.365763 0.594549 0.365763 0.594886 0.36656 0.595895 0.36656 0.596231 0.367092 0.596904 0.367092 0.597241 0.367889 0.59825 0.367889 0.598587 0.368687 0.599596 0.368687 0.599933 0.368953 0.600269 0.368953 0.600942 0.369484 0.601615 0.369484 0.601952 0.370282 0.602961 0.370016 0.603297 0.370282 0.603634 0.370282 0.60397 0.370813 0.604643 0.370548 0.60498 0.370282 0.60498 0.370282 0.605653 0.370548 0.605989 0.370813 0.605989 0.371079 0.605653 0.371345 0.605653 0.371611 0.605989 0.371611 0.606326 0.372408 0.607335 0.372142 0.607672 0.372142 0.608681 0.372408 0.609017 0.372408 0.60969 0.371611 0.6107 0.371345 0.6107 0.371345 0.611036 0.371079 0.611373 0.370813 0.611373 0.370548 0.611709 0.370282 0.611709 0.370282 0.612046 0.370016 0.612382 0.36975 0.612382 0.36975 0.613055 0.370548 0.613055 0.370813 0.613392 0.370813 0.614065 0.371611 0.615074 0.371611 0.61541 0.371877 0.61541 0.372408 0.616083 0.372142 0.61642 0.372408 0.616756 0.372674 0.616756 0.37294 0.61642 0.373206 0.616756 0.373206 0.617429 0.37294 0.617766 0.373472 0.618439 0.373737 0.618439 0.374003 0.618775 0.373737 0.619112 0.373472 0.619112 0.373472 0.619785 0.374269 0.620794 0.374801 0.620794 0.375066 0.621131 0.375066 0.621467 0.375598 0.62214 0.375332 0.622476 0.374801 0.622476 0.374269 0.623149 0.374269 0.623486 0.374003 0.623822 0.373737 0.623822 0.373206 0.624495 0.373206 0.624832 0.372674 0.625505 0.372408 0.625505 0.372142 0.625841 0.371611 0.625841 0.371079 0.626514 0.370813 0.626514 0.371079 0.626851 0.370813 0.627187 0.370548 0.627187 0.370813 0.627524 0.370548 0.62786 0.36975 0.62786 0.369484 0.628197 0.368953 0.628197 0.368953 0.628533 0.368687 0.628869 0.368421 0.628869 0.368155 0.629206 0.368155 0.629879 0.367889 0.630215 0.367624 0.630215 0.367358 0.630552 0.367358 0.631225 0.367092 0.631561 0.367358 0.631898 0.367358 0.632234 0.366826 0.632907 0.36656 0.632907 0.366029 0.63358 0.365763 0.63358 0.364965 0.63459 0.3647 0.63459 0.364168 0.635262 0.364168 0.635599 0.364434 0.635935 0.364434 0.636272 0.3647 0.636608 0.3647 0.637281 0.365497 0.638291 0.365497 0.638627 0.366029 0.6393 0.366029 0.639637 0.366826 0.640646 0.366826 0.640983 0.367624 0.641992 0.367358 0.642328 0.367624 0.642665 0.367624 0.643338 0.367358 0.643674 0.367624 0.644011 0.367889 0.644011 0.368155 0.643674 0.368421 0.644011 0.368421 0.644347 0.368953 0.64502 0.368953 0.645357 0.369484 0.64603 0.369219 0.646366 0.36975 0.647039 0.370016 0.647039 0.370282 0.647376 0.370016 0.647712 0.370016 0.648048 0.370282 0.648385 0.370282 0.648721 0.370548 0.649058 0.370813 0.649058 0.371345 0.649731 0.371079 0.650067 0.371345 0.650404 0.371611 0.650404 0.371877 0.65074 0.371877 0.651413 0.372142 0.65175 0.372142 0.652086 0.372408 0.652423 0.372408 0.653096 0.373206 0.654105 0.373206 0.654441 0.373737 0.655114 0.373737 0.655451 0.374269 0.656124 0.374535 0.656124 0.375066 0.656797 0.375066 0.657133 0.375332 0.657133 0.375598 0.656797 0.375864 0.656797 0.37613 0.657133 0.376661 0.657133 0.376927 0.65747 0.377193 0.65747 0.377193 0.657133 0.377725 0.65646 0.378256 0.65646 0.378788 0.655787 0.379054 0.655787 0.379585 0.655114 0.379851 0.655114 0.380383 0.654441 0.380649 0.654778 0.381446 0.653769 0.381712 0.653769 0.382243 0.653096 0.382509 0.653096 0.383307 0.652086 0.383573 0.652086 0.38437 0.651077 0.384636 0.651077 0.385167 0.650404 0.385433 0.650404 0.385167 0.650067 0.385433 0.649731 0.385699 0.649731 0.386231 0.649058 0.386231 0.648385 0.385965 0.648048 0.385965 0.647712 0.385433 0.647039 0.385433 0.646703 0.385167 0.646366 0.385167 0.64603 0.385699 0.645357 0.385965 0.645357 0.386762 0.644347 0.387028 0.644347 0.38756 0.643674 0.387826 0.643674 0.388623 0.642665 0.388889 0.642665 0.389421 0.641992 0.389686 0.642328 0.390218 0.641655 0.390484 0.641655 0.391281 0.640646 0.391547 0.640646 0.392079 0.639973 0.392344 0.639973 0.392876 0.6393 0.392876 0.638964 0.393408 0.638291 0.393674 0.638291 0.393674 0.637954 0.393939 0.637618 0.393674 0.637281 0.393939 0.636945 0.394205 0.636945 0.393939 0.636608 0.393939 0.635262 0.393674 0.634926 0.393674 0.634253 0.393142 0.63358 0.393142 0.633244 0.392344 0.632234 0.392344 0.631225 0.391547 0.630215 0.391547 0.629879 0.39075 0.628869 0.39075 0.628533 0.390218 0.62786 0.390484 0.627524 0.389952 0.626851 0.389952 0.626514 0.389421 0.625841 0.389421 0.625505 0.389155 0.625168 0.389155 0.624495 0.388357 0.623486 0.388357 0.623149 0.38756 0.62214 0.38756 0.621803 0.387028 0.621131 0.387028 0.620794 0.386231 0.619785 0.386231 0.619448 0.385699 0.618775 0.385699 0.618102 0.385433 0.617766 0.385433 0.617429 0.384636 0.61642 0.384636 0.616083 0.384104 0.61541 0.384104 0.615074 0.383573 0.614401 0.383838 0.614065 0.383041 0.613055 0.383041 0.612719 0.382509 0.612046 0.382509 0.611709 0.381712 0.6107 0.381712 0.610363 0.38118 0.60969 0.38118 0.609354 0.380383 0.608345 0.380383 0.607672 0.380117 0.607335 0.380117 0.606326 0.379851 0.605989 0.379851 0.605316 0.379054 0.604307 0.379054 0.603634 0.378788 0.603297 0.378788 0.602961 0.378256 0.602288 0.378256 0.601952 0.377725 0.601279 0.377725 0.600606 0.377459 0.600269 0.377459 0.599933 0.376661 0.598923 0.376661 0.598587 0.375864 0.597577 0.375864 0.597241 0.375332 0.596568 0.375332 0.596231 0.374535 0.595222 0.374535 0.594886 0.374003 0.594213 0.374003 0.593876 0.373472 0.593203 0.373472 0.59253 0.37294 0.591857 0.37294 0.591521 0.372408 0.590848 0.372408 0.590511 0.371611 0.589502 0.371611 0.589166 0.371079 0.588493 0.370813 0.588493 0.370548 0.588156 0.370813 0.58782 0.370282 0.587147 0.370282 0.58681 0.36975 0.586137 0.36975 0.585464 0.369219 0.584791 0.369219 0.584455 0.368687 0.583782 0.368687 0.583445 0.367889 0.582436 0.367889 0.5821 0.367358 0.581427 0.367358 0.58109 0.36656 0.580081 0.366295 0.580081 0.366029 0.579744 0.366029 0.579408 0.365763 0.579408 0.364965 0.578398 0.364965 0.578062 0.364168 0.577052 0.364168 0.576716 0.363636 0.576043 0.363636 0.575707 0.362839 0.574697 0.362839 0.574361 0.362573 0.574024 0.362573 0.573351 0.362041 0.572678 0.362041 0.571332 0.361776 0.570996 0.362041 0.570659 0.362041 0.570323 0.362307 0.569987 0.362573 0.569987 0.362573 0.56965 0.362839 0.569314 0.362839 0.568977 0.363636 0.567968 0.363636 0.567631 0.363902 0.567295 0.364168 0.567295 0.364434 0.566958 0.3647 0.567295 0.364965 0.566958 0.364965 0.566622 0.365231 0.566285 0.365497 0.566285 0.365763 0.566622 0.366029 0.566285 0.366029 0.565949 0.366295 0.565612 0.366295 0.565276 0.36656 0.564939 0.366826 0.564939 0.367092 0.564603 0.367624 0.565276 0.367889 0.564939 0.368155 0.564939 0.368421 0.564603 0.368421 0.564266 0.368687 0.56393 0.368687 0.563594 0.368421 0.563257 0.368687 0.562921 0.368953 0.562921 0.369484 0.562248 0.36975 0.562248 0.370016 0.561911 0.370548 0.561911 0.370813 0.561575 0.371345 0.562248 0.371079 0.562584 0.370813 0.562584 0.370813 0.562921 0.371079 0.563257 0.371345 0.563257 0.372142 0.562248 0.372408 0.562248 0.37294 0.561575 0.373206 0.561575 0.374003 0.560565 0.374269 0.560902 0.375864 0.558883 0.37613 0.558883 0.376927 0.557873 0.377725 0.557873 0.377725 0.557537 0.378788 0.556191 0.379054 0.556191 0.379585 0.555518 0.379851 0.555518 0.380649 0.554509 0.380914 0.554509 0.381712 0.553499 0.381978 0.553499 0.382509 0.552826 0.382775 0.552826 0.383041 0.55249 0.383041 0.552153 0.383838 0.551144 0.384104 0.551144 0.384636 0.550471 0.384902 0.550471 0.385699 0.549462 0.385965 0.549462 0.386497 0.548789 0.386762 0.548789 0.38756 0.547779 0.387826 0.548116 0.388357 0.547443 0.389155 0.547443 0.389686 0.54677 0.389686 0.546433 0.390218 0.54576 0.390484 0.54576 0.39075 0.546097 0.391015 0.546097 0.391547 0.545424 0.391813 0.545424 0.392079 0.545087 0.392079 0.544751 0.391813 0.544415 0.392079 0.544078 0.392344 0.544078 0.39261 0.544415 0.392876 0.544415 0.393674 0.543405 0.393408 0.543069 0.393408 0.542732 0.393939 0.542059 0.394205 0.542396 0.394471 0.542396 0.394737 0.542059 0.395268 0.542059 0.395534 0.541723 0.395268 0.541386 0.396066 0.540377 0.396332 0.540713 0.396598 0.540377 0.396598 0.54004 0.396863 0.539704 0.397129 0.539704 0.397927 0.538694 0.398192 0.538694 0.398458 0.538358 0.398458 0.538022 0.398192 0.537685 0.398192 0.537349 0.398458 0.537012 0.398724 0.537012 0.398724 0.536676 0.39899 0.536339 0.39899 0.535666 0.398724 0.53533 0.39899 0.534993 0.399256 0.534993 0.399522 0.53533 0.399787 0.534993 0.400053 0.53533 0.400585 0.534657 0.400851 0.534657 0.401382 0.533984 0.401382 0.533647 0.401914 0.532974 0.40218 0.533311 0.402711 0.533311 0.402977 0.533647 0.402711 0.533984 0.402711 0.53432 0.402977 0.53432 0.403509 0.533647 0.403775 0.533647 0.403509 0.533311 0.403243 0.533647 0.402977 0.533647 0.402711 0.533311 0.402977 0.532974 0.402977 0.532638 0.403509 0.531965 0.403775 0.531965 0.40404 0.532301 0.403775 0.532638 0.40404 0.532974 0.404306 0.532638 0.404306 0.532301 0.40404 0.532301 0.403775 0.531965 0.40404 0.531629 0.40404 0.531292 0.404572 0.530619 0.404838 0.530619 0.405635 0.52961 0.405901 0.52961 0.406699 0.5286 0.406964 0.5286 0.407496 0.527927 0.407762 0.528264 0.408293 0.527591 0.408825 0.527591 0.409091 0.527254 0.409357 0.527254 0.409091 0.526918 0.409357 0.526581 0.409623 0.526581 0.410154 0.525908 0.41042 0.525908 0.411217 0.524899 0.411483 0.524899 0.411749 0.525236 0.411483 0.525572 0.412015 0.526245 0.411483 0.526918 0.411217 0.526918 0.410952 0.526581 0.410686 0.526581 0.41042 0.526918 0.410686 0.527254 0.410686 0.527591 0.410952 0.527927 0.411749 0.526918 0.412015 0.526918 0.412281 0.526581 0.412281 0.526245 0.412547 0.525908 0.413078 0.525908 0.41361 0.525236 0.413876 0.525236 0.414407 0.524563 0.414141 0.524226 0.413876 0.524563 0.413344 0.524563 0.412547 0.525572 0.412281 0.525572 0.412015 0.525236 0.411749 0.525236 0.411483 0.524899 0.411749 0.524563 0.412281 0.524563 0.412812 0.52389 0.413078 0.52389 0.413344 0.523553 0.413876 0.523553 0.414407 0.52288 0.414673 0.52288 0.414407 0.522544 0.414673 0.522207 0.414407 0.521871 0.415205 0.520861 0.41547 0.520861 0.416002 0.520188 0.416534 0.520188 0.4168 0.519852 0.417065 0.520188 0.417331 0.519852 0.417331 0.519179 0.418129 0.51817 0.418394 0.51817 0.418926 0.517497 0.419192 0.517497 0.419458 0.51716 0.419989 0.51716 0.420787 0.516151 0.421053 0.516151 0.421584 0.515478 0.42185 0.515478 0.422648 0.514468 0.422913 0.514468 0.423445 0.513795 0.423711 0.513795 0.424242 0.513122 0.424242 0.512786 0.424774 0.512113 0.42504 0.512113 0.425572 0.51144 0.425837 0.51144 0.426103 0.511104 0.426103 0.510767 0.426369 0.510431 0.426369 0.510094 0.426103 0.509758 0.426369 0.509421 0.426369 0.509085 0.426635 0.508748 0.426901 0.508748 0.427432 0.508075 0.427698 0.508075 0.428495 0.507066 0.428761 0.507066 0.429559 0.506057 0.429825 0.506057 0.43009 0.50572 0.430622 0.50572 0.431154 0.505047 0.431419 0.505047 0.432217 0.504038 0.432483 0.504038 0.433014 0.503365 0.43328 0.503365 0.434078 0.502355 0.434078 0.502019 0.434343 0.501682 0.434609 0.501682 0.435141 0.501009 0.435407 0.501009 0.435673 0.500673 0.435673 0.500336 0.43647 0.499327 0.436736 0.499664 0.437002 0.499327 0.437267 0.499664 0.437799 0.498991 0.438065 0.498991 0.437799 0.498654 0.438065 0.498318 0.438331 0.498318 0.439128 0.497308 0.439394 0.497308 0.439926 0.496635 0.440191 0.496635 0.440989 0.495626 0.441255 0.495626 0.441786 0.494953 0.442052 0.494953 0.442318 0.494616 0.442318 0.49428 0.442584 0.493943 0.44285 0.493943 0.443115 0.49428 0.443647 0.493607 0.443913 0.493607 0.443913 0.493271 0.44471 0.492261 0.444976 0.492261 0.445242 0.491925 0.445242 0.491588 0.445508 0.491252 0.446039 0.491252 0.446571 0.490579 0.446837 0.490579 0.447634 0.489569 0.4479 0.489569 0.448432 0.488896 0.448698 0.488896 0.448432 0.48856 0.448698 0.488223 0.449229 0.488223 0.449495 0.487887 0.449761 0.487887 0.450292 0.487214 0.450558 0.48755 0.45109 0.486878 0.451356 0.486878 0.451621 0.486541 0.451621 0.486205 0.451887 0.485868 0.451887 0.485195 0.452951 0.483849 0.453216 0.483849 0.452951 0.483513 0.452951 0.483176 0.453216 0.48284 0.453216 0.482503 0.453482 0.482167 0.453748 0.482167 0.454545 0.481157 0.454811 0.481157 0.455343 0.480485 0.455609 0.480485 0.456406 0.479475 0.456672 0.479475 0.457204 0.480148 0.458799 0.478129 0.458799 0.477793 0.459064 0.477456 0.45933 0.477456 0.459862 0.476783 0.460128 0.476783 0.460659 0.47611 0.460925 0.476447 0.461722 0.475437 0.461988 0.475437 0.462254 0.475101 0.462786 0.475101 0.463317 0.474428 0.463583 0.474428 0.464381 0.473419 0.464646 0.473419 0.465178 0.472746 0.465444 0.472746 0.466241 0.471736 0.466507 0.471736 0.467039 0.471063 0.467305 0.471063 0.468102 0.470054 0.468368 0.470054 0.469165 0.469044 0.469431 0.469044 0.469963 0.468371 0.470229 0.468371 0.471026 0.467362 0.471292 0.467362 0.471823 0.466689 0.472089 0.466689 0.472887 0.46568 0.473153 0.46568 0.47395 0.46467 0.474216 0.46467 0.474747 0.463997 0.475013 0.463997 0.475811 0.462988 0.476077 0.462988 0.476342 0.462651 0.476342 0.462315 0.476608 0.461978 0.476608 0.461306 0.476342 0.460969 0.476342 0.460633 0.475545 0.459623 0.475545 0.459287 0.475013 0.458614 0.475013 0.457941 0.474747 0.457604 0.474747 0.457268 0.47395 0.456258 0.47395 0.455922 0.473153 0.454913 0.473153 0.454576 0.472621 0.453903 0.472621 0.453567 0.471823 0.452557 0.471823 0.451548 0.471292 0.450875 0.471026 0.451211 0.470229 0.450202 0.470229 0.449865 0.469963 0.449529 0.469963 0.449192 0.469697 0.448856 0.469697 0.447847 0.4689 0.446837 0.4689 0.446501 0.468368 0.445828 0.468368 0.445491 0.468102 0.445155 0.467836 0.445155 0.467039 0.444145 0.467039 0.443809 0.466507 0.443136 0.466507 0.442799 0.466241 0.442463 0.466241 0.44179 0.465444 0.440781 0.465444 0.440444 0.464912 0.439771 0.464912 0.439435 0.464646 0.439098 0.464381 0.439098 0.464115 0.439435 0.463849 0.439435 0.463583 0.439098 0.463317 0.439098 0.462786 0.438425 0.462786 0.438089 0.463052 0.437752 0.463052 0.437416 0.463317 0.437079 0.463317 0.436743 0.463052 0.436406 0.462786 0.436406 0.46252 0.43607 0.462254 0.43607 0.461988 0.436406 0.461457 0.436406
0 0.460393 0.43607 0.460128 0.436406 0.459862 0.436406 0.459862 0.436743 0.460128 0.436743 0.460393 0.436406
