0 0.184157 0.688749 0.184157 0.68932 0.183819 0.689606 0.183819 0.690177 0.184834 0.690177 0.184834 0.689606 0.185173 0.68932 0.185173 0.689035 0.184834 0.688749
0 0.172647 0.674186 0.172647 0.674472 0.172309 0.674757 0.172647 0.675043 0.172986 0.675043 0.173324 0.675328 0.173324 0.674757 0.173663 0.674472 0.173324 0.674186
0 0.200068 0.596516 0.200068 0.596802 0.199729 0.597087 0.199729 0.597373 0.200406 0.597373 0.200745 0.597658 0.200745 0.597373 0.201083 0.597087 0.201083 0.596802 0.200745 0.596802 0.200406 0.596516
0 0.248477 0.506282 0.248138 0.506568 0.248138 0.506853 0.2478 0.507139 0.2478 0.50771 0.247461 0.507995 0.247461 0.508567 0.247123 0.508852 0.247123 0.509138 0.246784 0.509423 0.246784 0.509994 0.246445 0.51028 0.246445 0.510851 0.246107 0.511136 0.246107 0.511422 0.245768 0.511708 0.245768 0.512279 0.24543 0.512564 0.245768 0.51285 0.246445 0.51285 0.246784 0.512564 0.246784 0.511993 0.247123 0.511708 0.247123 0.511136 0.247461 0.510851 0.247461 0.510565 0.2478 0.51028 0.2478 0.509709 0.248138 0.509423 0.248138 0.508852 0.248477 0.508567 0.248477 0.508281 0.248815 0.507995 0.248815 0.507424 0.249154 0.507139 0.249154 0.506568 0.248815 0.506282
0 0.25694 0.488292 0.25694 0.488578 0.256601 0.488864 0.256601 0.489435 0.256263 0.48972 0.256601 0.490006 0.257278 0.490006 0.257617 0.48972 0.257617 0.489149 0.257955 0.488864 0.257955 0.488578 0.257617 0.488292
0 0.287068 0.450029 0.28673 0.450314 0.28673 0.4506 0.286391 0.450885 0.286391 0.451456 0.286053 0.451742 0.286053 0.452027 0.287068 0.452027 0.287407 0.451742 0.287407 0.451171 0.287745 0.450885 0.287745 0.450314 0.287407 0.450314
0 0.288761 0.43518 0.288761 0.435465 0.288422 0.435751 0.288422 0.436322 0.288084 0.436608 0.288084 0.436893 0.287745 0.437179 0.287745 0.43775 0.287407 0.438035 0.287407 0.438607 0.287068 0.438892 0.287068 0.439463 0.28673 0.439749 0.28673 0.440034 0.286391 0.44032 0.286391 0.440891 0.286053 0.441176 0.286053 0.441748 0.285714 0.442033 0.285714 0.442319 0.285376 0.442604 0.285714 0.442604 0.286053 0.44289 0.286391 0.44289 0.28673 0.442604 0.28673 0.442033 0.287068 0.441748 0.287068 0.441462 0.287407 0.441176 0.287407 0.440605 0.287745 0.44032 0.287745 0.439749 0.288084 0.439463 0.288084 0.438892 0.288422 0.438607 0.288422 0.438321 0.288761 0.438035 0.288761 0.437464 0.2891 0.437179 0.2891 0.436608 0.289438 0.436322 0.289438 0.436037 0.289777 0.435751 0.289777 0.435465 0.289438 0.435465 0.2891 0.43518
0 0.295193 0.422901 0.295193 0.423472 0.294854 0.423758 0.294854 0.424043 0.294516 0.424329 0.294516 0.4249 0.294177 0.425186 0.294177 0.425757 0.293839 0.426042 0.293839 0.426328 0.2935 0.426613 0.2935 0.427184 0.293162 0.42747 0.293162 0.428041 0.292823 0.428327 0.292823 0.429183 0.293162 0.429183 0.2935 0.428898 0.2935 0.428327 0.293839 0.428041 0.293839 0.427756 0.294177 0.42747 0.294177 0.426899 0.294516 0.426613 0.294516 0.426042 0.294854 0.425757 0.294854 0.425471 0.295193 0.425186 0.295193 0.424615 0.295531 0.424329 0.295531 0.423758 0.29587 0.423472 0.29587 0.422901
0 0.302302 0.409195 0.302302 0.409766 0.301963 0.410051 0.301963 0.410623 0.301625 0.410908 0.301625 0.411194 0.301286 0.411479 0.301286 0.41205 0.301963 0.41205 0.301963 0.411765 0.302302 0.411479 0.302302 0.410908 0.30264 0.410623 0.30264 0.410051 0.302979 0.409766 0.302979 0.40948 0.30264 0.409195
0 0.311781 0.388921 0.311781 0.389206 0.311442 0.389492 0.311442 0.389777 0.311104 0.390063 0.311104 0.390634 0.310765 0.390919 0.310765 0.391491 0.310427 0.391776 0.310427 0.392347 0.310088 0.392633 0.310088 0.392918 0.309749 0.393204 0.309749 0.393775 0.309411 0.394061 0.309411 0.394632 0.309072 0.394917 0.309072 0.395203 0.308734 0.395488 0.308734 0.396059 0.308395 0.396345 0.308395 0.396916 0.309411 0.396916 0.309411 0.39663 0.309749 0.396345 0.309749 0.395774 0.310088 0.395488 0.310088 0.394917 0.310427 0.394632 0.310427 0.394346 0.310765 0.394061 0.310765 0.393489 0.311104 0.393204 0.311104 0.392633 0.311442 0.392347 0.311442 0.391776 0.311781 0.391491 0.311781 0.391205 0.312119 0.390919 0.312119 0.390348 0.312458 0.390063 0.312458 0.389206 0.312119 0.389206
0 0.388964 0.353798 0.388964 0.354083 0.389303 0.354369 0.38998 0.354369 0.38998 0.353798
0 0.328707 0.3498 0.328707 0.350086 0.328368 0.350371 0.328368 0.350942 0.32803 0.351228 0.32803 0.351513 0.327691 0.351799 0.327691 0.352085 0.32803 0.35237 0.327691 0.352656 0.327691 0.353227 0.327353 0.353512 0.327353 0.353798 0.327014 0.354083 0.327014 0.354654 0.326676 0.35494 0.326676 0.355226 0.327014 0.355511 0.327691 0.355511 0.327691 0.355226 0.32803 0.35494 0.32803 0.354369 0.328368 0.354083 0.328368 0.353512 0.328707 0.353227 0.328707 0.352941 0.329045 0.352656 0.329045 0.35237 0.328707 0.35237 0.328368 0.352085 0.328707 0.351799 0.328707 0.351228 0.329045 0.350942 0.329045 0.350371 0.329384 0.350086 0.329045 0.350086
0 0.340217 0.338378 0.340217 0.338664 0.339878 0.338949 0.339878 0.33952 0.33954 0.339806 0.339201 0.339806 0.339201 0.340091 0.338863 0.340377 0.338524 0.340377 0.338186 0.340662 0.338186 0.340948 0.33717 0.341805 0.33717 0.342376 0.336831 0.342661 0.336831 0.343232 0.336493 0.343518 0.336493 0.343804 0.335816 0.344375 0.335477 0.344375 0.335477 0.34466 0.335139 0.344946 0.335139 0.345231 0.3348 0.345517 0.3348 0.346088 0.334462 0.346374 0.334462 0.346945 0.334123 0.34723 0.334123 0.347516 0.333785 0.347801 0.333785 0.348372 0.333446 0.348658 0.333446 0.349229 0.333108 0.349515 0.333108 0.3498 0.332769 0.350086 0.332769 0.350657 0.332092 0.351228 0.332092 0.351513 0.331754 0.351799 0.331754 0.352085 0.331415 0.35237 0.331415 0.352941 0.331077 0.353227 0.331077 0.353798 0.330738 0.354083 0.330738 0.354369 0.330399 0.354654 0.330399 0.355226 0.330061 0.355511 0.330061 0.356082 0.329722 0.356368 0.329722 0.356653 0.329384 0.356939 0.329384 0.35751 0.329045 0.357796 0.329045 0.358081 0.329384 0.358367 0.329384 0.358652 0.329722 0.358938 0.329722 0.36008 0.329384 0.360366 0.329384 0.360651 0.329045 0.360937 0.329045 0.361508 0.328707 0.361793 0.328707 0.362364 0.328368 0.36265 0.328368 0.362935 0.32803 0.363221 0.32803 0.363792 0.327691 0.364078 0.327691 0.364649 0.327353 0.364934 0.327353 0.365505 0.327014 0.365791 0.327014 0.366077 0.326676 0.366362 0.326676 0.366933 0.326337 0.367219 0.326337 0.36779 0.325999 0.368075 0.325999 0.368361 0.32566 0.368646 0.32566 0.369218 0.325322 0.369503 0.325322 0.369789 0.324983 0.370074 0.324645 0.370074 0.324645 0.370645 0.324306 0.370931 0.324306 0.371502 0.323968 0.371788 0.323968 0.372073 0.323629 0.372359 0.322952 0.372359 0.322952 0.37293 0.322613 0.373215 0.322613 0.373786 0.322275 0.374072 0.321936 0.374072 0.321936 0.374358 0.321598 0.374643 0.321598 0.375214 0.321259 0.3755 0.321259 0.375785 0.320921 0.376071 0.320921 0.376642 0.320582 0.376927 0.320582 0.377499 0.320244 0.377784 0.320244 0.37807 0.319905 0.378355 0.319905 0.378926 0.319567 0.379212 0.319567 0.379783 0.319228 0.380069 0.319228 0.380354 0.31889 0.38064 0.31889 0.381211 0.318551 0.381496 0.318551 0.382067 0.317536 0.382924 0.317536 0.383495 0.317197 0.383781 0.317197 0.384352 0.316858 0.384637 0.316858 0.384923 0.31652 0.385208 0.31652 0.38578 0.316181 0.386065 0.316181 0.386636 0.315843 0.386922 0.315843 0.387207 0.315504 0.387493 0.315504 0.388064 0.315166 0.38835 0.315166 0.388921 0.314827 0.389206 0.314827 0.389492 0.314489 0.389777 0.314489 0.390348 0.31415 0.390634 0.31415 0.391205 0.313812 0.391491 0.313812 0.391776 0.313473 0.392062 0.313473 0.392633 0.313135 0.392918 0.313135 0.393489 0.312796 0.393775 0.312796 0.394346 0.312458 0.394632 0.312458 0.394917 0.312119 0.395203 0.312119 0.395774 0.311781 0.396059 0.311781 0.39663 0.311442 0.396916 0.311442 0.397202 0.311104 0.397487 0.311104 0.398058 0.310765 0.398344 0.310765 0.398915 0.310427 0.3992 0.310427 0.399486 0.310088 0.399772 0.310088 0.400343 0.309749 0.400628 0.309749 0.401199 0.309411 0.401485 0.309411 0.40177 0.309072 0.402056 0.309072 0.402627 0.308734 0.402913 0.308734 0.403484 0.308395 0.403769 0.308395 0.404055 0.308057 0.40434 0.308057 0.404626 0.307718 0.404911 0.30738 0.404626 0.30738 0.404911 0.307041 0.405197 0.307041 0.405483 0.306703 0.405768 0.306703 0.406339 0.306364 0.406625 0.306364 0.407196 0.306026 0.407481 0.306026 0.407767 0.305687 0.408053 0.305687 0.408624 0.305349 0.408909 0.305349 0.40948 0.30501 0.409766 0.30501 0.410051 0.304672 0.410337 0.304672 0.410908 0.304333 0.411194 0.304333 0.411765 0.303995 0.41205 0.303995 0.412621 0.303656 0.412907 0.303656 0.413192 0.303318 0.413478 0.303318 0.414049 0.302979 0.414335 0.302979 0.414906 0.30264 0.415191 0.30264 0.415477 0.302302 0.415762 0.302302 0.416334 0.301963 0.416619 0.301963 0.41719 0.301625 0.417476 0.301625 0.417761 0.301286 0.418047 0.301286 0.418332 0.300609 0.418903 0.300609 0.419189 0.300271 0.419475 0.300271 0.420046 0.299932 0.420331 0.299932 0.420617 0.300271 0.420902 0.299932 0.421188 0.299594 0.421188 0.299594 0.421759 0.299255 0.422045 0.299255 0.42233 0.298917 0.422616 0.298917 0.423187 0.298578 0.423472 0.298578 0.423758 0.29824 0.424043 0.297563 0.424043 0.297563 0.424615 0.297224 0.4249 0.297224 0.425471 0.297563 0.425757 0.297563 0.426042 0.297224 0.426328 0.296886 0.426042 0.296547 0.426328 0.296547 0.426899 0.296209 0.427184 0.296547 0.427184 0.296886 0.42747 0.296886 0.427756 0.296547 0.428041 0.296547 0.428612 0.296209 0.428898 0.296209 0.429183 0.29587 0.429469 0.29587 0.43004 0.295531 0.430326 0.295193 0.43004 0.294854 0.43004 0.294516 0.430326 0.294516 0.430611 0.294177 0.430897 0.294177 0.431468 0.293839 0.431753 0.293839 0.432895 0.2935 0.433181 0.2935 0.433752 0.293162 0.434038 0.293162 0.434609 0.292823 0.434894 0.292823 0.43518 0.292485 0.435465 0.292485 0.436037 0.292146 0.436322 0.292146 0.436893 0.291808 0.437179 0.291808 0.437464 0.291469 0.43775 0.291469 0.438321 0.291131 0.438607 0.291131 0.439178 0.290792 0.439463 0.290792 0.439749 0.290454 0.440034 0.290454 0.440605 0.290115 0.440891 0.290115 0.441462 0.289777 0.441748 0.289777 0.442319 0.289438 0.442604 0.289438 0.44289 0.2891 0.443175 0.2891 0.443746 0.288761 0.444032 0.288761 0.444603 0.288422 0.444889 0.288422 0.445174 0.288761 0.445174 0.2891 0.44546 0.288761 0.445745 0.2891 0.446031 0.288761 0.446316 0.288761 0.446602 0.289438 0.447173 0.289438 0.447744 0.290454 0.448601 0.290454 0.448886 0.290115 0.449172 0.290115 0.449457 0.290454 0.449743 0.290454 0.4506 0.290115 0.450885 0.290115 0.451171 0.289777 0.451456 0.289777 0.451742 0.290115 0.452027 0.289777 0.452313 0.289777 0.452884 0.289438 0.45317 0.2891 0.45317 0.2891 0.453455 0.288761 0.453741 0.288761 0.454312 0.288422 0.454597 0.288422 0.455168 0.287745 0.45574 0.287407 0.45574 0.287068 0.456025 0.287068 0.456596 0.287407 0.456882 0.287407 0.457167 0.287068 0.457453 0.286391 0.457453 0.286391 0.458024 0.28673 0.45831 0.28673 0.458595 0.287068 0.458881 0.286391 0.459452 0.286391 0.459737 0.286053 0.460023 0.286053 0.460308 0.285376 0.460879 0.285037 0.460879 0.285037 0.461165 0.284699 0.461451 0.284699 0.461736 0.28436 0.462022 0.28436 0.462593 0.284022 0.462878 0.284022 0.463449 0.283683 0.463735 0.283683 0.464021 0.283345 0.464306 0.283345 0.464877 0.283006 0.465163 0.283006 0.465734 0.282668 0.466019 0.282668 0.466305 0.281652 0.467162 0.281313 0.467162 0.280975 0.467447 0.280298 0.467447 0.280298 0.467733 0.279959 0.468018 0.279959 0.468589 0.279621 0.468875 0.278944 0.468875 0.278944 0.46916 0.278605 0.469446 0.27759 0.469446 0.277251 0.46916 0.276913 0.469446 0.276574 0.469446 0.276236 0.46916 0.27522 0.46916 0.274543 0.469732 0.274204 0.469446 0.273189 0.470303 0.273189 0.470588 0.27285 0.470874 0.27285 0.471445 0.272512 0.47173 0.271835 0.47173 0.271835 0.472016 0.271496 0.472302 0.271496 0.472873 0.271158 0.473158 0.271158 0.473729 0.270819 0.474015 0.270819 0.4743 0.270481 0.474586 0.270481 0.474872 0.269804 0.475443 0.269804 0.476014 0.269127 0.476585 0.268788 0.476299 0.268788 0.476585 0.26845 0.47687 0.26845 0.477441 0.268111 0.477727 0.267773 0.477727 0.267773 0.478013 0.267434 0.478298 0.267434 0.478869 0.267095 0.479155 0.267095 0.479726 0.266757 0.480011 0.266757 0.480297 0.266418 0.480583 0.26608 0.480583 0.26608 0.481154 0.265741 0.481439 0.265741 0.481725 0.265403 0.48201 0.265403 0.482581 0.265064 0.482867 0.265064 0.483438 0.264726 0.483724 0.264726 0.484009 0.264387 0.484295 0.264387 0.484866 0.264049 0.485151 0.263372 0.485151 0.263372 0.485437 0.263033 0.485722 0.263033 0.486294 0.262695 0.486579 0.262695 0.48715 0.262356 0.487436 0.262356 0.487721 0.262018 0.488007 0.262018 0.488578 0.261679 0.488864 0.262018 0.488864 0.262356 0.489149 0.262356 0.489435 0.262018 0.48972 0.262018 0.490291 0.261679 0.490577 0.261679 0.491148 0.261341 0.491433 0.261341 0.491719 0.261002 0.492005 0.261002 0.492576 0.260664 0.492861 0.260664 0.493432 0.260325 0.493718 0.260325 0.494003 0.259986 0.494289 0.259986 0.49486 0.259648 0.495146 0.259648 0.495717 0.259309 0.496002 0.259309 0.496288 0.258971 0.496573 0.258971 0.497144 0.258632 0.49743 0.258632 0.498001 0.258294 0.498287 0.258294 0.498572 0.257955 0.498858 0.257955 0.499429 0.257617 0.499714 0.257617 0.500286 0.257278 0.500571 0.257278 0.500857 0.25694 0.501142 0.25694 0.501713 0.256601 0.501999 0.256601 0.50257 0.256263 0.502856 0.256263 0.503141 0.255924 0.503427 0.255924 0.503998 0.255586 0.504283 0.255586 0.50514 0.255247 0.505425 0.25457 0.505425 0.254232 0.505711 0.254232 0.506282 0.253893 0.506568 0.253893 0.507139 0.253555 0.507424 0.253555 0.50771 0.253216 0.507995 0.253216 0.508567 0.252877 0.508852 0.252877 0.509423 0.252539 0.509709 0.252539 0.509994 0.2522 0.51028 0.2522 0.510851 0.251862 0.511136 0.251862 0.511708 0.251523 0.511993 0.251523 0.512279 0.251862 0.512564 0.251862 0.513135 0.251523 0.513421 0.250846 0.513421 0.250846 0.513992 0.249831 0.514849 0.249831 0.51542 0.249492 0.515705 0.249492 0.516276 0.249154 0.516562 0.249492 0.516562 0.250169 0.517133 0.249831 0.517419 0.249831 0.517704 0.249492 0.51799 0.249492 0.518561 0.249154 0.518846 0.249154 0.519417 0.248815 0.519703 0.248815 0.519989 0.248138 0.52056 0.2478 0.52056 0.2478 0.520845 0.247461 0.521131 0.247461 0.521416 0.247123 0.521702 0.247123 0.521987 0.247461 0.521987 0.2478 0.522273 0.2478 0.522559 0.247461 0.522844 0.247461 0.52313 0.247123 0.523415 0.247123 0.523701 0.246784 0.523986 0.246445 0.523986 0.246107 0.524272 0.245768 0.524272 0.245768 0.524557 0.24543 0.524843 0.245768 0.525128 0.245768 0.525414 0.24543 0.5257 0.24543 0.526271 0.245091 0.526556 0.245091 0.526842 0.244753 0.527127 0.244414 0.527127 0.244414 0.527698 0.244076 0.527984 0.244076 0.52827 0.243737 0.528555 0.243737 0.529126 0.243399 0.529412 0.243399 0.529983 0.24306 0.530268 0.24306 0.530554 0.242722 0.53084 0.242722 0.531411 0.242383 0.531696 0.242383 0.532267 0.242045 0.532553 0.242045 0.533124 0.241706 0.533409 0.241368 0.533124 0.241029 0.533124 0.241029 0.533695 0.240691 0.533981 0.240691 0.534552 0.240352 0.534837 0.240352 0.535123 0.240014 0.535408 0.240014 0.535979 0.239675 0.536265 0.239675 0.536836 0.239336 0.537122 0.239336 0.537407 0.238998 0.537693 0.238998 0.538264 0.238659 0.538549 0.238659 0.539121 0.238321 0.539406 0.238321 0.539692 0.237982 0.539977 0.237982 0.540548 0.237644 0.540834 0.237644 0.541405 0.237305 0.54169 0.237305 0.541976 0.236967 0.542262 0.236967 0.542833 0.236628 0.543118 0.236628 0.543689 0.23629 0.543975 0.23629 0.54426 0.235951 0.544546 0.235951 0.545117 0.235613 0.545403 0.235613 0.545974 0.235274 0.546259 0.235274 0.546545 0.234936 0.54683 0.234936 0.547401 0.234259 0.547973 0.234259 0.548258 0.23392 0.548544 0.23392 0.548829 0.233582 0.549115 0.233582 0.549686 0.233243 0.549971 0.233243 0.550543 0.232905 0.550828 0.232905 0.551114 0.232566 0.551399 0.232566 0.55197 0.232227 0.552256 0.23155 0.552256 0.23155 0.552541 0.231212 0.552827 0.231212 0.553398 0.230873 0.553684 0.230873 0.554255 0.230535 0.55454 0.230535 0.554826 0.230196 0.555111 0.230196 0.555397 0.229519 0.555968 0.229519 0.556254 0.229181 0.556539 0.228842 0.556539 0.228842 0.55711 0.228504 0.557396 0.228504 0.557967 0.228165 0.558252 0.228165 0.558538 0.227827 0.558824 0.228165 0.559109 0.228165 0.559395 0.227827 0.55968 0.227827 0.560251 0.227488 0.560537 0.227488 0.560822 0.227827 0.561108 0.227488 0.561393 0.227488 0.561679 0.22715 0.561965 0.22715 0.562536 0.226811 0.562821 0.226811 0.563392 0.226473 0.563678 0.226811 0.563678 0.22715 0.563963 0.22715 0.565106 0.226811 0.565391 0.226473 0.565391 0.226473 0.565677 0.226134 0.565962 0.226134 0.566533 0.225796 0.566819 0.225796 0.56739 0.225457 0.567676 0.225457 0.567961 0.225118 0.568247 0.225118 0.568532 0.22478 0.568818 0.224441 0.568818 0.224103 0.569103 0.224103 0.569389 0.223764 0.569674 0.223764 0.570246 0.223426 0.570531 0.223426 0.571102 0.223087 0.571388 0.223087 0.571673 0.222749 0.571959 0.222749 0.57253 0.22241 0.572816 0.22241 0.573387 0.222072 0.573672 0.222072 0.573958 0.221733 0.574243 0.221733 0.574814 0.221395 0.5751 0.221395 0.575385 0.221733 0.575671 0.221733 0.576528 0.221395 0.576813 0.221395 0.577099 0.221056 0.577384 0.221056 0.577955 0.220718 0.578241 0.220718 0.578812 0.220379 0.579098 0.220379 0.579669 0.220041 0.579954 0.220041 0.58024 0.219702 0.580525 0.219702 0.581097 0.219364 0.581382 0.219364 0.581953 0.219025 0.582239 0.219025 0.582524 0.218687 0.58281 0.218687 0.583095 0.219025 0.583381 0.218687 0.583666 0.218687 0.584238 0.218348 0.584523 0.218348 0.584809 0.218009 0.585094 0.217671 0.585094 0.217671 0.585665 0.217332 0.585951 0.217332 0.586522 0.216994 0.586808 0.216994 0.587093 0.216655 0.587379 0.216655 0.58795 0.216317 0.588235 0.216317 0.588806 0.215978 0.589092 0.215978 0.589377 0.21564 0.589663 0.21564 0.590234 0.215301 0.59052 0.215301 0.591091 0.214963 0.591376 0.214963 0.591662 0.214624 0.591947 0.214624 0.592519 0.214286 0.592804 0.214286 0.593375 0.213947 0.593661 0.213947 0.593946 0.213609 0.594232 0.213609 0.594803 0.21327 0.595089 0.21327 0.59566 0.212932 0.595945 0.212932 0.596516 0.212593 0.596802 0.211916 0.596802 0.211916 0.597087 0.211578 0.597373 0.211239 0.597373 0.211239 0.597658 0.2109 0.597944 0.2109 0.598515 0.210562 0.598801 0.210562 0.599372 0.210223 0.599657 0.209885 0.599657 0.209885 0.599943 0.209546 0.600228 0.209546 0.6008 0.209208 0.601085 0.208192 0.601085 0.208192 0.601371 0.207515 0.601942 0.207177 0.601656 0.207177 0.601942 0.206838 0.602227 0.205823 0.602227 0.205823 0.602513 0.205484 0.602798 0.205484 0.60337 0.204807 0.603941 0.204807 0.604226 0.20413 0.604797 0.203453 0.604797 0.202776 0.605368 0.202437 0.605083 0.202099 0.605083 0.20176 0.604797 0.201422 0.605083 0.201083 0.605083 0.200745 0.604797 0.200068 0.604797 0.199729 0.604512 0.199052 0.604512 0.198714 0.604226 0.198375 0.604226 0.198037 0.603941 0.19736 0.604512 0.196682 0.604512 0.196005 0.605083 0.195328 0.605083 0.19499 0.605368 0.194651 0.605368 0.194651 0.605654 0.193974 0.606225 0.193297 0.606225 0.193297 0.606511 0.192959 0.606796 0.192959 0.607367 0.191943 0.608224 0.191943 0.608795 0.191605 0.609081 0.191605 0.609366 0.191266 0.609652 0.191266 0.610223 0.190928 0.610508 0.190928 0.611079 0.190589 0.611365 0.190589 0.61165 0.190251 0.611936 0.190251 0.612507 0.189912 0.612793 0.189912 0.613364 0.189573 0.613649 0.189573 0.613935 0.189235 0.61422 0.188896 0.61422 0.188896 0.614792 0.188558 0.615077 0.188558 0.615648 0.188219 0.615934 0.188219 0.616219 0.187881 0.616505 0.187881 0.617076 0.187542 0.617362 0.187542 0.617933 0.187204 0.618218 0.187204 0.618504 0.186865 0.618789 0.186865 0.61936 0.186527 0.619646 0.186527 0.620217 0.186188 0.620503 0.186188 0.620788 0.18585 0.621074 0.18585 0.621645 0.185511 0.62193 0.185511 0.622501 0.185173 0.622787 0.185173 0.623073 0.184834 0.623358 0.184834 0.623929 0.184496 0.624215 0.184496 0.624786 0.184157 0.625071 0.184157 0.625642 0.183819 0.625928 0.183819 0.626214 0.18348 0.626499 0.18348 0.62707 0.183142 0.627356 0.183142 0.627927 0.182803 0.628212 0.182803 0.628498 0.182464 0.628784 0.182464 0.629355 0.182126 0.62964 0.182126 0.630211 0.181787 0.630497 0.181787 0.630782 0.181449 0.631068 0.181449 0.631639 0.18111 0.631925 0.18111 0.632496 0.180772 0.632781 0.180772 0.633067 0.180433 0.633352 0.180433 0.633923 0.180095 0.634209 0.180095 0.63478 0.179756 0.635066 0.179756 0.635351 0.179418 0.635637 0.179418 0.636208 0.179079 0.636493 0.179079 0.637065 0.178741 0.63735 0.178741 0.637636 0.178402 0.637921 0.178402 0.638492 0.178064 0.638778 0.178064 0.639349 0.177725 0.639634 0.177725 0.63992 0.177387 0.640206 0.177387 0.640777 0.177048 0.641062 0.177048 0.641633 0.17671 0.641919 0.17671 0.64249 0.176371 0.642776 0.176371 0.643061 0.176032 0.643347 0.176032 0.643918 0.175694 0.644203 0.175694 0.644774 0.175355 0.64506 0.175355 0.645346 0.175017 0.645631 0.175017 0.646202 0.174678 0.646488 0.174678 0.647059 0.17434 0.647344 0.17434 0.64763 0.174001 0.647915 0.174001 0.648487 0.173663 0.648772 0.173663 0.649343 0.173324 0.649629 0.173324 0.649914 0.172986 0.6502 0.172986 0.650771 0.172647 0.651057 0.172647 0.651628 0.172309 0.651913 0.172309 0.652199 0.17197 0.652484 0.17197 0.653055 0.171632 0.653341 0.171632 0.653912 0.171293 0.654198 0.171293 0.654483 0.170955 0.654769 0.170955 0.65534 0.170616 0.655625 0.170616 0.656196 0.170278 0.656482 0.170278 0.656768 0.169939 0.657053 0.169939 0.657624 0.169601 0.65791 0.169601 0.658481 0.169262 0.658766 0.169262 0.659052 0.168923 0.659338 0.168923 0.659909 0.168585 0.660194 0.168585 0.660765 0.168246 0.661051 0.168246 0.661622 0.167908 0.661907 0.167908 0.662193 0.167569 0.662479 0.167569 0.66305 0.167231 0.663335 0.167231 0.663906 0.166892 0.664192 0.166892 0.664477 0.166554 0.664763 0.166554 0.665334 0.166215 0.66562 0.166215 0.666191 0.165877 0.666476 0.165877 0.666762 0.165538 0.667047 0.165538 0.667619 0.1652 0.667904 0.1652 0.668761 0.165877 0.669332 0.165877 0.669903 0.166554 0.670474 0.167231 0.670474 0.167908 0.671045 0.167908 0.671331 0.168246 0.671616 0.168923 0.671616 0.169262 0.671902 0.169939 0.671902 0.170278 0.672187 0.170616 0.672187 0.170955 0.672473 0.171632 0.672473 0.17197 0.672758 0.172986 0.672758 0.173324 0.672473 0.173663 0.672473 0.174001 0.672758 0.17434 0.672758 0.174678 0.673044 0.175017 0.673044 0.175355 0.67333 0.175017 0.673615 0.175017 0.673901 0.174678 0.674186 0.174678 0.674757 0.17434 0.675043 0.17434 0.676185 0.174001 0.676471 0.174001 0.677042 0.173663 0.677327 0.173663 0.677898 0.173324 0.678184 0.173663 0.678469 0.17434 0.678469 0.174678 0.678755 0.175017 0.678755 0.175355 0.679041 0.175694 0.679041 0.176371 0.679612 0.176371 0.679897 0.176032 0.680183 0.176032 0.680468 0.17671 0.680468 0.177048 0.680754 0.177725 0.680754 0.178064 0.681039 0.178402 0.681039 0.178741 0.681325 0.179418 0.681325 0.179756 0.681611 0.180433 0.681611 0.18111 0.682182 0.180772 0.682467 0.180433 0.682467 0.180433 0.683038 0.180095 0.683324 0.180095 0.683609 0.179756 0.683895 0.179756 0.684466 0.179418 0.684752 0.179418 0.685037 0.179756 0.685323 0.179418 0.685608 0.179418 0.685894 0.179756 0.686179 0.180433 0.686179 0.180772 0.686465 0.18111 0.686465 0.181449 0.68675 0.182126 0.68675 0.182464 0.687036 0.183142 0.687036 0.18348 0.687322 0.184157 0.687322 0.184496 0.687607 0.184834 0.687607 0.185173 0.687893 0.185173 0.688178 0.18585 0.688178 0.186527 0.688749 0.186188 0.689035 0.186188 0.689606 0.18585 0.689891 0.18585 0.690177 0.186188 0.690177 0.186527 0.690463 0.186527 0.690748 0.187204 0.690748 0.187542 0.691034 0.187881 0.691034 0.188219 0.691319 0.188896 0.691319 0.189235 0.691605 0.189912 0.691605 0.190251 0.69189 0.190589 0.69189 0.190928 0.692176 0.190928 0.692461 0.191605 0.692461 0.191943 0.692747 0.19262 0.692747 0.192959 0.693033 0.193297 0.693033 0.193636 0.693318 0.194313 0.693318 0.194651 0.693604 0.195328 0.693604 0.195667 0.693889 0.196005 0.693889 0.196344 0.694175 0.197021 0.694175 0.19736 0.69446 0.198037 0.69446 0.198375 0.694746 0.198714 0.694746 0.199052 0.695031 0.199729 0.695031 0.200068 0.695317 0.200745 0.695317 0.201083 0.695603 0.201422 0.695603 0.20176 0.695888 0.202437 0.695888 0.202776 0.696174 0.203453 0.696174 0.203791 0.696459 0.204469 0.696459 0.204807 0.696745 0.205146 0.696745 0.205484 0.69703 0.206161 0.69703 0.2065 0.697316 0.207177 0.697316 0.207515 0.697601 0.207854 0.697601 0.208192 0.697887 0.208869 0.697887 0.209208 0.698172 0.209885 0.698172 0.210223 0.698458 0.210562 0.698458 0.2109 0.698744 0.211578 0.698744 0.211916 0.699029 0.212593 0.699029 0.212932 0.699315 0.21327 0.699315 0.213609 0.6996 0.214286 0.6996 0.214624 0.699886 0.215301 0.699886 0.21564 0.700171 0.215978 0.700171 0.216317 0.700457 0.216994 0.700457 0.217332 0.700742 0.218009 0.700742 0.218348 0.701028 0.218687 0.701028 0.219025 0.701314 0.219702 0.701314 0.220041 0.701599 0.220718 0.701599 0.221056 0.701885 0.221395 0.701885 0.221733 0.70217 0.22241 0.70217 0.222749 0.702456 0.223426 0.702456 0.223764 0.702741 0.224441 0.702741 0.22478 0.703027 0.225118 0.703027 0.225457 0.703312 0.226134 0.703312 0.226473 0.703598 0.22715 0.703598 0.227488 0.703883 0.227827 0.703883 0.228165 0.704169 0.228842 0.704169 0.229181 0.704455 0.229858 0.704455 0.230196 0.70474 0.230535 0.70474 0.230873 0.705026 0.23155 0.705026 0.231889 0.705311 0.232566 0.705311 0.232905 0.705597 0.233243 0.705597 0.233582 0.705882 0.234259 0.705882 0.234597 0.706168 0.235274 0.706168 0.235613 0.706453 0.235951 0.706453 0.23629 0.706739 0.236967 0.706739 0.237305 0.707025 0.237982 0.707025 0.238321 0.70731 0.238659 0.70731 0.238998 0.707596 0.239675 0.707596 0.240014 0.707881 0.240352 0.707596 0.240352 0.707025 0.240691 0.706739 0.240691 0.706453 0.241029 0.706168 0.241706 0.706168 0.242045 0.705882 0.242383 0.706168 0.24306 0.706168 0.243399 0.706453 0.243737 0.706453 0.244076 0.706739 0.244414 0.706739 0.244753 0.707025 0.244753 0.70731 0.245091 0.707596 0.24543 0.707596 0.245768 0.707881 0.246445 0.707881 0.246784 0.708167 0.247461 0.708167 0.2478 0.708452 0.248815 0.708452 0.249154 0.708167 0.249492 0.708452 0.250169 0.708452 0.250508 0.708738 0.250846 0.708738 0.251185 0.709023 0.251185 0.709309 0.251523 0.709595 0.251862 0.709595 0.2522 0.70988 0.2522 0.710166 0.252877 0.710166 0.253216 0.710451 0.253555 0.710451 0.253893 0.710737 0.254232 0.710451 0.25457 0.710451 0.254909 0.710737 0.255586 0.710737 0.255924 0.711022 0.256263 0.711022 0.256601 0.710737 0.257278 0.710737 0.257617 0.710451 0.257955 0.710737 0.258294 0.710737 0.258632 0.711022 0.258971 0.711022 0.258971 0.710737 0.259309 0.710451 0.259648 0.710737 0.260325 0.710737 0.260664 0.711022 0.261341 0.711022 0.261679 0.711308 0.262018 0.711022 0.262356 0.711022 0.262695 0.710737 0.263372 0.710737 0.26371 0.711022 0.264387 0.711022 0.264387 0.710166 0.264726 0.70988 0.265403 0.70988 0.265741 0.709595 0.267434 0.709595 0.267773 0.70988 0.268111 0.70988 0.26845 0.710166 0.269127 0.710166 0.269465 0.710451 0.270142 0.710451 0.270481 0.710737 0.271158 0.710737 0.271496 0.711022 0.271835 0.711022 0.272173 0.711308 0.27285 0.711308 0.273189 0.711593 0.273866 0.711593 0.274204 0.711879 0.274543 0.711879 0.274882 0.712164 0.275559 0.712164 0.275897 0.71245 0.276574 0.71245 0.276913 0.712736 0.277251 0.712736 0.27759 0.713021 0.278267 0.713021 0.278605 0.713307 0.279282 0.713307 0.279621 0.713592 0.279959 0.713592 0.280298 0.713878 0.280975 0.713878 0.281313 0.714163 0.281991 0.714163 0.282329 0.714449 0.282668 0.714449 0.283006 0.714734 0.283683 0.714734 0.284022 0.71502 0.284699 0.71502 0.285037 0.715306 0.285376 0.715306 0.285376 0.71502 0.285714 0.714734 0.286053 0.71502 0.286391 0.71502 0.28673 0.715306 0.287407 0.715306 0.287745 0.715591 0.288422 0.715591 0.288761 0.715877 0.289438 0.715877 0.289777 0.716162 0.290115 0.716162 0.290454 0.716448 0.290792 0.716162 0.291131 0.716162 0.291469 0.716448 0.291808 0.716162 0.291808 0.715877 0.292146 0.715591 0.292485 0.715591 0.292485 0.715306 0.292823 0.71502 0.293162 0.71502 0.2935 0.714734 0.293839 0.714734 0.294516 0.714163 0.294854 0.714449 0.294854 0.714734 0.295193 0.714734 0.295531 0.71502 0.296886 0.71502 0.297224 0.714734 0.297563 0.714734 0.297901 0.71502 0.297901 0.715591 0.29824 0.715877 0.298917 0.715877 0.299255 0.716162 0.299594 0.715877 0.299594 0.715591 0.299932 0.715306 0.300271 0.715591 0.300948 0.715591 0.301286 0.715877 0.301963 0.715877 0.302302 0.716162 0.303656 0.716162 0.303995 0.716448 0.303995 0.716162 0.304333 0.715877 0.305687 0.715877 0.305687 0.715591 0.306026 0.715306 0.306703 0.715306 0.307041 0.71502 0.30738 0.715306 0.307718 0.715306 0.307718 0.71502 0.308057 0.714734 0.309072 0.714734 0.309749 0.714163 0.310427 0.714163 0.310427 0.713592 0.310765 0.713307 0.311104 0.713307 0.311104 0.713021 0.311442 0.712736 0.311442 0.712164 0.311781 0.711879 0.311781 0.711593 0.312119 0.711308 0.312458 0.711308 0.312458 0.710737 0.312796 0.710451 0.312796 0.70988 0.313135 0.709595 0.313135 0.709309 0.313473 0.709023 0.313473 0.708452 0.313812 0.708167 0.314489 0.708167 0.314489 0.707881 0.314827 0.707596 0.314827 0.707025 0.315166 0.706739 0.315166 0.706168 0.315504 0.705882 0.315504 0.705597 0.315843 0.705311 0.315843 0.70474 0.316181 0.704455 0.316181 0.703883 0.31652 0.703598 0.31652 0.703312 0.316858 0.703027 0.316858 0.702456 0.317197 0.70217 0.317197 0.701599 0.317536 0.701314 0.317874 0.701314 0.317874 0.701028 0.318213 0.700742 0.318213 0.700171 0.318551 0.699886 0.318551 0.699315 0.31889 0.699029 0.31889 0.698744 0.319228 0.698458 0.319228 0.697887 0.319567 0.697601 0.319567 0.69703 0.319905 0.696745 0.319905 0.696459 0.320244 0.696174 0.320244 0.695603 0.320582 0.695317 0.320582 0.694746 0.320921 0.69446 0.320921 0.694175 0.321259 0.693889 0.321259 0.693318 0.321598 0.693033 0.321598 0.692461 0.321936 0.692176 0.321936 0.69189 0.322275 0.691605 0.322275 0.691034 0.322613 0.690748 0.322613 0.690177 0.322952 0.689891 0.32329 0.690177 0.323629 0.689891 0.323629 0.689606 0.323968 0.68932 0.323968 0.688749 0.324306 0.688464 0.324306 0.688178 0.324645 0.687893 0.324645 0.687322 0.324983 0.687036 0.324983 0.686465 0.325322 0.686179 0.325322 0.685894 0.32566 0.685608 0.32566 0.685037 0.325999 0.684752 0.325999 0.68418 0.326337 0.683895 0.326337 0.683324 0.326676 0.683038 0.326676 0.682753 0.327014 0.682467 0.327014 0.681896 0.327353 0.681611 0.327353 0.681039 0.327691 0.680754 0.327691 0.680468 0.32803 0.680183 0.32803 0.679612 0.328368 0.679326 0.328368 0.678755 0.328707 0.678469 0.328707 0.678184 0.329045 0.677898 0.329045 0.677327 0.329384 0.677042 0.329384 0.676471 0.329722 0.676185 0.329722 0.675899 0.330399 0.675328 0.330399 0.675043 0.330738 0.674757 0.330738 0.674186 0.331077 0.673901 0.331077 0.673615 0.331415 0.67333 0.331415 0.672758 0.331754 0.672473 0.331754 0.671902 0.332092 0.671616 0.332092 0.671331 0.332431 0.671045 0.332431 0.670474 0.332769 0.670188 0.332769 0.669617 0.333108 0.669332 0.333108 0.669046 0.333446 0.668761 0.333446 0.66819 0.333785 0.667904 0.333785 0.667333 0.334123 0.667047 0.334123 0.666762 0.334462 0.666476 0.334462 0.665905 0.3348 0.66562 0.3348 0.665049 0.335139 0.664763 0.335139 0.664477 0.335477 0.664192 0.335477 0.663621 0.335816 0.663335 0.335816 0.662764 0.336154 0.662479 0.336154 0.662193 0.336493 0.661907 0.336493 0.661336 0.336831 0.661051 0.336831 0.66048 0.33717 0.660194 0.337847 0.660194 0.337847 0.659909 0.338186 0.659623 0.338186 0.659052 0.338524 0.658766 0.338524 0.658481 0.338863 0.658195 0.338863 0.657624 0.339201 0.657339 0.339201 0.656768 0.33954 0.656482 0.33954 0.655911 0.339878 0.655625 0.339878 0.65534 0.340217 0.655054 0.340217 0.654483 0.340555 0.654198 0.340555 0.653626 0.340894 0.653341 0.340894 0.653055 0.341232 0.65277 0.341232 0.652199 0.341571 0.651913 0.341571 0.651342 0.341909 0.651057 0.341909 0.650771 0.342248 0.650485 0.342248 0.649914 0.342586 0.649629 0.342586 0.649058 0.343602 0.648201 0.343602 0.64763 0.34394 0.647344 0.34394 0.646773 0.344279 0.646488 0.344279 0.646202 0.344617 0.645917 0.344617 0.645346 0.344956 0.64506 0.344956 0.644489 0.345295 0.644203 0.345295 0.643918 0.345633 0.643632 0.345633 0.643061 0.345972 0.642776 0.345972 0.64249 0.345633 0.642204 0.345972 0.641919 0.345972 0.641633 0.34631 0.641348 0.34631 0.640777 0.346649 0.640491 0.345972 0.63992 0.345972 0.639349 0.345633 0.639349 0.345295 0.639063 0.345295 0.638207 0.344956 0.638207 0.344617 0.637921 0.344956 0.637636 0.344617 0.63735 0.344617 0.636779 0.344279 0.636779 0.34394 0.636493 0.34394 0.636208 0.344279 0.635922 0.344617 0.635922 0.345295 0.635351 0.345295 0.63478 0.345633 0.634495 0.345633 0.634209 0.345972 0.633923 0.345972 0.633352 0.34631 0.633067 0.345972 0.632781 0.345972 0.631639 0.34631 0.631354 0.34631 0.631068 0.346649 0.630782 0.346649 0.630211 0.346987 0.629926 0.346987 0.629355 0.347326 0.629069 0.347326 0.628498 0.347664 0.628212 0.347664 0.627927 0.348003 0.627641 0.348003 0.62707 0.348341 0.626785 0.348341 0.626214 0.34868 0.625928 0.34868 0.625642 0.349018 0.625357 0.349018 0.624786 0.349357 0.6245 0.349357 0.623929 0.349695 0.623644 0.349695 0.623358 0.350034 0.623073 0.350034 0.622501 0.350372 0.622216 0.350372 0.621645 0.350711 0.621359 0.350711 0.621074 0.351049 0.620788 0.351049 0.620217 0.351388 0.619931 0.351388 0.61936 0.351726 0.619075 0.351726 0.618789 0.352065 0.618504 0.352065 0.617933 0.352404 0.617647 0.352404 0.617076 0.352742 0.61679 0.352742 0.616505 0.353081 0.616219 0.353081 0.615648 0.353419 0.615363 0.353419 0.614792 0.353758 0.614506 0.353758 0.61422 0.354096 0.613935 0.354096 0.613364 0.354435 0.613078 0.354435 0.612507 0.354773 0.612222 0.354773 0.61165 0.355112 0.611365 0.355112 0.611079 0.35545 0.610794 0.35545 0.610223 0.355789 0.609937 0.355789 0.609366 0.356127 0.609081 0.356127 0.608795 0.356466 0.608509 0.356466 0.607938 0.356804 0.607653 0.356804 0.607082 0.357143 0.606796 0.357143 0.606511 0.357481 0.606225 0.357481 0.605654 0.35782 0.605368 0.35782 0.604797 0.358158 0.604512 0.358158 0.604226 0.358497 0.603941 0.358835 0.603941 0.359174 0.603655 0.359174 0.60337 0.359513 0.603084 0.359513 0.602798 0.359851 0.602513 0.359851 0.601942 0.36019 0.601656 0.36019 0.601085 0.360528 0.6008 0.360528 0.600514 0.360867 0.600228 0.360867 0.599657 0.361205 0.599372 0.361205 0.598801 0.361544 0.598515 0.361544 0.597944 0.361882 0.597658 0.361882 0.597373 0.362221 0.597087 0.362221 0.596516 0.363236 0.59566 0.363236 0.595089 0.363575 0.594803 0.36459 0.594803 0.365267 0.594232 0.365944 0.594232 0.366622 0.593661 0.367637 0.593661 0.367637 0.593375 0.367976 0.59309 0.368314 0.59309 0.368314 0.592519 0.368653 0.592233 0.368653 0.591947 0.368991 0.591662 0.368991 0.591091 0.36933 0.590805 0.36933 0.590234 0.369668 0.589949 0.369668 0.589663 0.370007 0.589377 0.370007 0.588806 0.370345 0.588521 0.370345 0.58795 0.370684 0.587664 0.370684 0.587379 0.371022 0.587093 0.371361 0.587379 0.371699 0.587093 0.371699 0.586522 0.372038 0.586236 0.372038 0.585951 0.372376 0.585665 0.372376 0.585094 0.372715 0.584809 0.372715 0.584238 0.373053 0.583952 0.373053 0.583381 0.373392 0.583095 0.373392 0.58281 0.373731 0.582524 0.373731 0.581953 0.374069 0.581668 0.374069 0.581097 0.374408 0.580811 0.374408 0.580525 0.374746 0.58024 0.374746 0.579669 0.375085 0.579383 0.375085 0.578812 0.375423 0.578527 0.375423 0.578241 0.375762 0.577955 0.375762 0.577384 0.3761 0.577099 0.3761 0.576528 0.376439 0.576242 0.376439 0.575957 0.376777 0.575671 0.376777 0.5751 0.377116 0.574814 0.377116 0.574243 0.377454 0.573958 0.377454 0.573672 0.377793 0.573387 0.377793 0.572816 0.378131 0.57253 0.378131 0.571959 0.37847 0.571673 0.378808 0.571673 0.378808 0.571388 0.379147 0.571102 0.379147 0.570531 0.379485 0.570246 0.379485 0.569674 0.379824 0.569389 0.379824 0.569103 0.380162 0.568818 0.380162 0.568247 0.380501 0.567961 0.380501 0.56739 0.38084 0.567105 0.38084 0.566819 0.381178 0.566533 0.381178 0.565962 0.381517 0.565677 0.381517 0.565106 0.381855 0.56482 0.381855 0.564535 0.382194 0.564249 0.382194 0.563678 0.382532 0.563392 0.382532 0.562821 0.382871 0.562536 0.382871 0.56225 0.383209 0.561965 0.383209 0.561393 0.383548 0.561108 0.383548 0.560537 0.383886 0.560251 0.383886 0.559966 0.384225 0.55968 0.384225 0.559109 0.384563 0.558824 0.384563 0.558252 0.384902 0.557967 0.384902 0.557396 0.38524 0.55711 0.38524 0.556825 0.385579 0.556539 0.385579 0.555968 0.385917 0.555682 0.385917 0.555111 0.386256 0.554826 0.386256 0.55454 0.386594 0.554255 0.386594 0.553684 0.386933 0.553398 0.386933 0.553113 0.387271 0.552827 0.38761 0.553113 0.387949 0.552827 0.387949 0.552256 0.388287 0.55197 0.388287 0.551399 0.388626 0.551114 0.388626 0.550828 0.388964 0.550543 0.388964 0.549971 0.389303 0.549686 0.389303 0.549115 0.389641 0.548829 0.389641 0.548544 0.38998 0.548258 0.38998 0.547687 0.390318 0.547401 0.390318 0.54683 0.390657 0.546545 0.390657 0.546259 0.390995 0.545974 0.390995 0.545403 0.391334 0.545117 0.391334 0.544546 0.391672 0.54426 0.391672 0.543975 0.392011 0.543689 0.392011 0.543118 0.392349 0.542833 0.392349 0.542262 0.392688 0.541976 0.392688 0.54169 0.393026 0.541405 0.393026 0.540834 0.393365 0.540548 0.393365 0.539977 0.393703 0.539692 0.393703 0.539406 0.394042 0.539121 0.394042 0.538549 0.394381 0.538264 0.394381 0.537693 0.394719 0.537407 0.394719 0.536836 0.395058 0.536551 0.395058 0.536265 0.395396 0.535979 0.395396 0.535408 0.396412 0.534552 0.396412 0.533981 0.39675 0.533695 0.39675 0.533124 0.397089 0.532838 0.397089 0.532553 0.397427 0.532267 0.397427 0.531696 0.397766 0.531411 0.397766 0.53084 0.398104 0.530554 0.398104 0.530268 0.398443 0.529983 0.398443 0.529412 0.398781 0.529126 0.398781 0.528555 0.39912 0.52827 0.39912 0.527698 0.399458 0.527413 0.399458 0.527127 0.399797 0.526842 0.399797 0.526271 0.400135 0.525985 0.400135 0.525414 0.400474 0.525128 0.400474 0.524843 0.400812 0.524557 0.400812 0.523986 0.401151 0.523701 0.401151 0.52313 0.40149 0.522844 0.40149 0.522559 0.401828 0.522273 0.401828 0.521702 0.402167 0.521416 0.402167 0.520845 0.402505 0.52056 0.402505 0.520274 0.402844 0.519989 0.402844 0.519417 0.403182 0.519132 0.403182 0.518561 0.403521 0.518275 0.403521 0.51799 0.403859 0.517704 0.403859 0.517133 0.404198 0.516848 0.404198 0.516276 0.404536 0.515991 0.404536 0.515705 0.404875 0.51542 0.405213 0.51542 0.405552 0.515134 0.405552 0.514849 0.40589 0.514563 0.40589 0.514278 0.406229 0.513992 0.406229 0.513421 0.406567 0.513135 0.406567 0.512564 0.406906 0.512279 0.406906 0.511993 0.407244 0.511708 0.407244 0.511136 0.407583 0.510851 0.407583 0.51028 0.407921 0.509994 0.407921 0.509423 0.40826 0.509138 0.40826 0.508852 0.408599 0.508567 0.408599 0.507995 0.408937 0.50771 0.408937 0.507139 0.409614 0.506568 0.409953 0.506853 0.41063 0.506282 0.411307 0.506282 0.411307 0.505997 0.411645 0.505711 0.411984 0.505997 0.412322 0.505711 0.412999 0.506282 0.412999 0.506853 0.414015 0.506853 0.414015 0.506282 0.414353 0.505997 0.414353 0.505425 0.414692 0.50514 0.414692 0.504854 0.41503 0.504569 0.415708 0.504569 0.416046 0.504854 0.416723 0.504854 0.417062 0.50514 0.417739 0.50514 0.418077 0.505425 0.418416 0.505425 0.418754 0.505711 0.419431 0.505711 0.41977 0.505997 0.420447 0.505997 0.420785 0.506282 0.421462 0.506282 0.421801 0.506568 0.422139 0.506568 0.422478 0.506853 0.423155 0.506853 0.423494 0.507139 0.424171 0.507139 0.424509 0.507424 0.424848 0.507424 0.425186 0.50771 0.425863 0.50771 0.426202 0.507995 0.426879 0.507995 0.427217 0.508281 0.427556 0.508281 0.427894 0.508567 0.428571 0.508567 0.42891 0.508852 0.429587 0.508852 0.429926 0.509138 0.430264 0.509138 0.430603 0.509423 0.43128 0.509423 0.431618 0.509709 0.432295 0.509709 0.432634 0.509994 0.432972 0.509994 0.433311 0.51028 0.433988 0.51028 0.434326 0.510565 0.434326 0.51028 0.434665 0.509994 0.435003 0.509994 0.435342 0.51028 0.43568 0.51028 0.436019 0.509994 0.436357 0.51028 0.436696 0.51028 0.436696 0.509994 0.437035 0.509709 0.437373 0.509709 0.437712 0.509423 0.437712 0.509138 0.43805 0.508852 0.438389 0.508852 0.438389 0.508567 0.438727 0.508281 0.438727 0.50771 0.439066 0.507424 0.439066 0.506853 0.439404 0.506568 0.439404 0.506282 0.439743 0.505997 0.439743 0.505425 0.440081 0.50514 0.440081 0.503712 0.44042 0.503427 0.44042 0.503141 0.440758 0.502856 0.440758 0.502284 0.441097 0.501999 0.441097 0.501428 0.441435 0.501142 0.441435 0.500857 0.441774 0.500571 0.441774 0.5 0.442112 0.499714 0.442112 0.499143 0.442451 0.498858 0.442451 0.498572 0.442789 0.498287 0.442789 0.497716 0.443128 0.49743 0.443128 0.496859 0.443466 0.496573 0.443466 0.496288 0.443805 0.496002 0.443805 0.495431 0.444144 0.495146 0.444144 0.494575 0.444482 0.494289 0.444482 0.493718 0.444821 0.493432 0.444821 0.493147 0.445159 0.492861 0.445159 0.49229 0.445498 0.492005 0.445498 0.491433 0.445836 0.491148 0.445836 0.490862 0.446175 0.490577 0.446175 0.490006 0.446513 0.48972 0.446513 0.488578 0.446175 0.488292 0.446513 0.488007 0.446513 0.487721 0.446852 0.487436 0.446852 0.486865 0.44719 0.486579 0.44719 0.486008 0.447529 0.485722 0.447529 0.485437 0.447867 0.485151 0.447867 0.48458 0.448206 0.484295 0.448206 0.483724 0.448544 0.483438 0.448544 0.483152 0.448883 0.482867 0.448883 0.482296 0.449221 0.48201 0.449221 0.481439 0.44956 0.481154 0.44956 0.480868 0.449898 0.480583 0.449898 0.480011 0.450237 0.479726 0.450237 0.479155 0.450575 0.478869 0.450575 0.478584 0.450914 0.478298 0.450914 0.477727 0.451253 0.477441 0.451253 0.47687 0.451591 0.476585 0.451591 0.476299 0.45193 0.476014 0.45193 0.475443 0.452268 0.475157 0.452268 0.474586 0.452607 0.4743 0.452607 0.473729 0.452945 0.473444 0.452945 0.473158 0.453284 0.472873 0.453284 0.472302 0.453622 0.472016 0.453622 0.471445 0.453961 0.471159 0.453961 0.470874 0.454299 0.470588 0.454299 0.46916 0.454638 0.468875 0.455315 0.468875 0.455992 0.468304 0.455992 0.467733 0.45633 0.467447 0.455992 0.467162 0.455315 0.467162 0.455315 0.467447 0.454976 0.467733 0.454976 0.468018 0.454638 0.468304 0.454299 0.468018 0.453961 0.468018 0.453622 0.467733 0.454976 0.466591 0.454976 0.466019 0.455315 0.465734 0.455315 0.465163 0.455992 0.464592 0.45633 0.464592 0.456669 0.464306 0.456669 0.463735 0.457007 0.463449 0.457007 0.463164 0.457346 0.462878 0.457346 0.462307 0.457684 0.462022 0.457684 0.461451 0.458023 0.461165 0.458023 0.460879 0.458362 0.460594 0.458362 0.460023 0.4587 0.459737 0.4587 0.459166 0.459716 0.45831 0.459716 0.457738 0.460054 0.457453 0.460054 0.456882 0.460393 0.456596 0.460393 0.456311 0.460731 0.456025 0.460731 0.455454 0.46107 0.455168 0.46107 0.454597 0.461408 0.454312 0.461408 0.454026 0.461747 0.453741 0.462424 0.453741 0.462424 0.45317 0.462762 0.452884 0.463101 0.452884 0.463101 0.452599 0.463439 0.452313 0.463439 0.450885 0.463778 0.4506 0.463778 0.450314 0.464116 0.450029 0.464116 0.449457 0.464455 0.449172 0.464455 0.448886 0.464116 0.448886 0.463778 0.448601 0.464116 0.448315 0.464116 0.447744 0.464455 0.447459 0.464455 0.447173 0.464116 0.446887 0.464455 0.446602 0.464455 0.446316 0.464116 0.446031 0.464116 0.44546 0.464455 0.445174 0.465132 0.445174 0.465132 0.444603 0.466148 0.443746 0.467163 0.443746 0.467163 0.443461 0.467502 0.443175 0.468517 0.443175 0.468517 0.44289 0.468856 0.442604 0.469533 0.442604 0.469533 0.442033 0.469871 0.441748 0.469871 0.441462 0.47021 0.441176 0.47021 0.440605 0.470548 0.44032 0.470548 0.439749 0.470887 0.439463 0.470887 0.439178 0.471225 0.438892 0.471225 0.438321 0.471564 0.438035 0.471564 0.437464 0.471903 0.437179 0.471903 0.436893 0.472241 0.436608 0.472241 0.436037 0.47258 0.435751 0.47258 0.43518 0.472918 0.434894 0.472918 0.434323 0.473257 0.434038 0.473257 0.433752 0.473595 0.433467 0.473595 0.432895 0.473934 0.43261 0.473934 0.432039 0.474272 0.431753 0.474272 0.431468 0.474611 0.431182 0.474611 0.430611 0.474949 0.430326 0.474949 0.429754 0.475288 0.429469 0.475288 0.429183 0.475626 0.428898 0.475626 0.428612 0.475288 0.428612 0.474949 0.428327 0.474272 0.428327 0.473934 0.428041 0.473257 0.428041 0.472918 0.427756 0.47258 0.427756 0.472241 0.42747 0.471564 0.42747 0.471225 0.427184 0.470548 0.427184 0.47021 0.426899 0.469871 0.426899 0.469533 0.426613 0.468856 0.426613 0.468517 0.426328 0.46784 0.426328 0.467502 0.426042 0.466825 0.426042 0.466486 0.425757 0.466148 0.425757 0.465809 0.425471 0.465132 0.425471 0.464794 0.425186 0.464116 0.425186 0.463778 0.4249 0.463439 0.4249 0.463101 0.424615 0.462424 0.424615 0.462085 0.424329 0.461408 0.424329 0.46107 0.424043 0.460731 0.424043 0.460393 0.423758 0.459716 0.423758 0.459377 0.423472 0.4587 0.423472 0.458362 0.423187 0.458023 0.423187 0.457346 0.422616 0.457346 0.42233 0.457684 0.422045 0.457684 0.421473 0.458023 0.421188 0.458023 0.420617 0.458362 0.420331 0.458362 0.420046 0.4587 0.41976 0.4587 0.419189 0.459039 0.418903 0.459039 0.418332 0.459377 0.418047 0.459377 0.417761 0.459716 0.417476 0.459716 0.416619 0.459377 0.416334 0.459377 0.416048 0.459716 0.415762 0.459716 0.415191 0.460054 0.414906 0.460054 0.413764 0.460393 0.413478 0.460393 0.412907 0.460731 0.412621 0.460731 0.41205 0.46107 0.411765 0.46107 0.411479 0.461408 0.411194 0.461408 0.410623 0.461747 0.410337 0.461747 0.409766 0.462085 0.40948 0.462085 0.409195 0.462424 0.408909 0.462424 0.408338 0.462762 0.408053 0.462762 0.407196 0.462424 0.40691 0.462424 0.406625 0.462085 0.406339 0.462085 0.406054 0.461408 0.406054 0.46107 0.405768 0.460731 0.405768 0.460393 0.405483 0.459716 0.405483 0.459377 0.405197 0.4587 0.405197 0.457684 0.40434 0.457007 0.40434 0.456669 0.404055 0.45633 0.404055 0.455992 0.403769 0.455315 0.403769 0.454976 0.403484 0.454299 0.403484 0.453961 0.403198 0.453622 0.403198 0.453284 0.402913 0.452607 0.402913 0.452268 0.402627 0.451591 0.402627 0.451253 0.402342 0.450575 0.402342 0.450237 0.402056 0.450237 0.401485 0.449898 0.401485 0.44956 0.401199 0.448883 0.401199 0.448544 0.400914 0.448206 0.400914 0.447867 0.400628 0.447529 0.400628 0.446852 0.400057 0.446513 0.400057 0.446175 0.399772 0.446175 0.3992 0.445498 0.3992 0.445159 0.398915 0.444821 0.398915 0.444144 0.398344 0.443805 0.398344 0.443466 0.398058 0.442789 0.398058 0.442451 0.397773 0.442112 0.397773 0.441774 0.397487 0.441097 0.397487 0.440758 0.397202 0.440081 0.397202 0.439743 0.396916 0.439404 0.396916 0.439066 0.39663 0.438389 0.39663 0.43805 0.396345 0.437373 0.396345 0.437035 0.396059 0.436696 0.396059 0.436019 0.395488 0.436019 0.395203 0.43568 0.395203 0.435342 0.394917 0.435003 0.394917 0.434665 0.394632 0.433988 0.394632 0.433649 0.394346 0.432972 0.394346 0.432634 0.394061 0.432295 0.394061 0.431957 0.393775 0.43128 0.393775 0.430941 0.393489 0.430264 0.393489 0.429926 0.393204 0.429587 0.393204 0.429248 0.392918 0.428571 0.392918 0.428233 0.392633 0.427556 0.392633 0.427217 0.392347 0.426879 0.392347 0.42654 0.392062 0.425863 0.392062 0.425525 0.391776 0.424848 0.391776 0.424509 0.391491 0.423832 0.391491 0.423494 0.391205 0.423155 0.391205 0.422817 0.390919 0.422139 0.390919 0.421801 0.390634 0.421124 0.390634 0.420785 0.390348 0.420447 0.390348 0.420108 0.390063 0.419431 0.390063 0.419093 0.389777 0.418416 0.389777 0.418077 0.389492 0.417739 0.389492 0.4174 0.389206 0.416723 0.389206 0.416385 0.388921 0.415708 0.388921 0.415369 0.388635 0.41503 0.388635 0.414692 0.38835 0.414015 0.38835 0.413676 0.388064 0.412999 0.388064 0.412661 0.387778 0.412661 0.387493 0.412322 0.387493 0.411984 0.387207 0.411307 0.387207 0.410968 0.386922 0.410291 0.386922 0.409953 0.386636 0.409614 0.386636 0.409276 0.386351 0.408599 0.386351 0.40826 0.386065 0.407583 0.386065 0.407244 0.38578 0.406906 0.38578 0.406567 0.385494 0.40589 0.385494 0.405552 0.385208 0.404875 0.385208 0.404536 0.384923 0.404198 0.384923 0.403859 0.384637 0.403182 0.384637 0.402844 0.384352 0.402167 0.384352 0.401828 0.384066 0.40149 0.384066 0.401151 0.383781 0.400474 0.383781 0.400135 0.383495 0.399458 0.383495 0.39912 0.38321 0.398781 0.38321 0.398443 0.382924 0.397766 0.382924 0.397427 0.382638 0.39675 0.382638 0.396412 0.382353 0.396073 0.382353 0.395735 0.382067 0.395058 0.382067 0.394719 0.381782 0.394042 0.381782 0.393703 0.381496 0.393026 0.381496 0.392011 0.38064 0.392011 0.380354 0.391334 0.380354 0.390995 0.380069 0.390657 0.380069 0.390318 0.379783 0.389641 0.379783 0.389303 0.379497 0.388626 0.379497 0.388287 0.379212 0.38761 0.379212 0.387271 0.378926 0.386933 0.378926 0.386594 0.378641 0.385917 0.378641 0.385579 0.378355 0.384902 0.378355 0.384563 0.37807 0.384225 0.37807 0.383886 0.377784 0.383209 0.377784 0.382871 0.377499 0.382194 0.377499 0.381855 0.377213 0.381517 0.377213 0.381178 0.376927 0.380501 0.376927 0.380162 0.376642 0.379485 0.376642 0.379147 0.376356 0.378808 0.376356 0.37847 0.376071 0.377793 0.376071 0.377454 0.375785 0.376777 0.375785 0.376439 0.3755 0.3761 0.3755 0.375423 0.374929 0.375085 0.374929 0.374746 0.374643 0.374408 0.374643 0.374069 0.374358 0.373392 0.374358 0.373053 0.374072 0.372376 0.374072 0.372038 0.373786 0.371699 0.373786 0.371361 0.373501 0.370684 0.373501 0.370345 0.373215 0.370007 0.373215 0.369668 0.37293 0.369668 0.372644 0.368991 0.372644 0.368314 0.372073 0.368653 0.371788 0.368314 0.371788 0.367299 0.370931 0.367637 0.370645 0.36696 0.370074 0.36696 0.368361 0.367299 0.368075 0.367299 0.36779 0.367637 0.367504 0.367637 0.366933 0.367976 0.366648 0.367976 0.366077 0.368314 0.365791 0.368314 0.365505 0.368653 0.36522 0.368653 0.364649 0.368991 0.364363 0.368991 0.363792 0.36933 0.363507 0.36933 0.363221 0.369668 0.362935 0.369668 0.362364 0.370007 0.362079 0.370007 0.361508 0.370345 0.361222 0.370345 0.360937 0.370684 0.360651 0.370684 0.36008 0.371022 0.359794 0.371022 0.359223 0.371361 0.358938 0.371361 0.358652 0.371699 0.358367 0.371699 0.357796 0.372038 0.35751 0.372038 0.356939 0.372376 0.356653 0.372376 0.356368 0.372715 0.356082 0.372715 0.355511 0.373053 0.355226 0.373053 0.354654 0.373392 0.354369 0.373392 0.354083 0.373731 0.353798 0.373731 0.353227 0.373392 0.353227 0.373053 0.352941 0.373392 0.352656 0.373392 0.35237 0.373731 0.352085 0.373731 0.351513 0.374069 0.351228 0.374069 0.350657 0.374408 0.350371 0.374069 0.350086 0.373731 0.350086 0.373053 0.349515 0.373053 0.349229 0.372715 0.348943 0.372038 0.348943 0.371699 0.348658 0.371022 0.348658 0.370684 0.348372 0.370345 0.348372 0.370007 0.348087 0.36933 0.348087 0.368991 0.347801 0.368314 0.347801 0.367976 0.347516 0.367637 0.347516 0.367299 0.34723 0.367299 0.346945 0.366622 0.346945 0.366283 0.346659 0.365606 0.346659 0.365267 0.346374 0.364929 0.346374 0.36459 0.346088 0.363913 0.346088 0.363575 0.345802 0.362898 0.345802 0.362559 0.345517 0.362221 0.345517 0.361882 0.345231 0.361205 0.345231 0.360867 0.344946 0.36019 0.344946 0.359851 0.34466 0.359513 0.34466 0.359174 0.344375 0.358497 0.344375 0.357481 0.343518 0.356804 0.343518 0.356466 0.343232 0.355789 0.343232 0.35545 0.342947 0.354773 0.342947 0.354435 0.342661 0.354096 0.342661 0.353758 0.342376 0.353081 0.342376 0.352742 0.34209 0.352065 0.34209 0.351726 0.341805 0.351388 0.341805 0.351049 0.341519 0.350372 0.341519 0.350034 0.341234 0.349357 0.341234 0.349018 0.340948 0.34868 0.340948 0.348341 0.340662 0.347664 0.340662 0.347326 0.340377 0.346649 0.340377 0.34631 0.340091 0.345972 0.340091 0.345633 0.339806 0.344956 0.339806 0.344617 0.33952 0.34394 0.33952 0.343602 0.339235 0.343263 0.339235 0.342925 0.338949 0.342248 0.338949 0.341909 0.338664 0.341232 0.338664 0.340894 0.338378
