0 0.196259 0.646669 0.196259 0.647405 0.19653 0.647773 0.196801 0.647405 0.196801 0.647037 0.19653 0.646669
0 0.1865 0.601399 0.1865 0.602135 0.186771 0.602503 0.186771 0.603607 0.187043 0.603975 0.187314 0.603975 0.187585 0.603607 0.187856 0.603607 0.187585 0.603239 0.187585 0.602503 0.187314 0.602135 0.187314 0.601399
0 0.159664 0.57269 0.159393 0.573059 0.159664 0.573427 0.159664 0.574163 0.159935 0.574531 0.160206 0.574531 0.160206 0.573059 0.159935 0.57269
0 0.179181 0.561649 0.17891 0.562017 0.178639 0.562017 0.178639 0.562753 0.17891 0.563121 0.17891 0.563857 0.179181 0.563857 0.179452 0.563489 0.179452 0.562753 0.179181 0.562385
0 0.164543 0.504969 0.164272 0.505337 0.164272 0.506441 0.164543 0.506809 0.164543 0.507545 0.165085 0.507545 0.165356 0.507913 0.165356 0.508281 0.165085 0.508649 0.164814 0.508649 0.165085 0.509017 0.165085 0.510121 0.165356 0.51049 0.165628 0.51049 0.165628 0.509017 0.165356 0.508649 0.165899 0.507913 0.165899 0.507545 0.165628 0.507177 0.165356 0.507545 0.165085 0.507177 0.165085 0.506441 0.164814 0.506073 0.164814 0.505337
0 0.175657 0.493191 0.175386 0.493559 0.175115 0.493559 0.175115 0.493927 0.175386 0.494295 0.175386 0.495031 0.175657 0.494663 0.175928 0.494663 0.175928 0.494295 0.175657 0.493927
0 0.20412 0.477365 0.203849 0.477733 0.203307 0.477733 0.203036 0.478101 0.202223 0.478101 0.201952 0.478469 0.201681 0.478469 0.20141 0.478101 0.201139 0.478469 0.200596 0.478469 0.200325 0.478837 0.200054 0.478837 0.200054 0.479573 0.200325 0.479573 0.200596 0.479205 0.201139 0.479205 0.20141 0.478837 0.201681 0.479205 0.202223 0.479205 0.202494 0.478837 0.203036 0.478837 0.203307 0.478469 0.203849 0.478469 0.20412 0.478101 0.204934 0.478101 0.204934 0.477365
0 0.252643 0.460802 0.252372 0.46117 0.251559 0.46117 0.251288 0.461538 0.250745 0.461538 0.250474 0.461907 0.249932 0.461907 0.249661 0.462275 0.249119 0.462275 0.249119 0.462643 0.24939 0.463011 0.249661 0.463011 0.249932 0.462643 0.250474 0.462643 0.250745 0.462275 0.251017 0.462643 0.251559 0.462643 0.252101 0.461907 0.252372 0.461907 0.252643 0.461538 0.253185 0.461538 0.253456 0.46117 0.253456 0.460802
0 0.258065 0.458594 0.257793 0.458962 0.25698 0.458962 0.256709 0.45933 0.256167 0.45933 0.255896 0.459698 0.256167 0.460066 0.25698 0.460066 0.257251 0.459698 0.257793 0.459698 0.258065 0.45933
0 0.259691 0.457122 0.25942 0.45749 0.258878 0.45749 0.258878 0.457858 0.259149 0.458226 0.259691 0.458226 0.259962 0.457858 0.259962 0.457122
0 0.26701 0.455282 0.266739 0.45565 0.266468 0.45565 0.265926 0.456386 0.265655 0.456386 0.265384 0.456018 0.264299 0.456018 0.264028 0.456386 0.263486 0.456386 0.263486 0.457122 0.263215 0.45749 0.262944 0.45749 0.262944 0.458226 0.263215 0.458226 0.263486 0.457858 0.264299 0.457858 0.26457 0.45749 0.265112 0.45749 0.265384 0.457122 0.266197 0.457122 0.266468 0.456754 0.266739 0.456754 0.267281 0.456018 0.267823 0.456018 0.267823 0.455282
0 0.268908 0.454545 0.268636 0.454914 0.268636 0.45565 0.268908 0.455282 0.269721 0.455282 0.269721 0.454914 0.26945 0.454545
0 0.272703 0.453809 0.272432 0.454177 0.271618 0.454177 0.271347 0.454545 0.270805 0.454545 0.270534 0.454914 0.270263 0.454914 0.270263 0.45565 0.270534 0.456018 0.270805 0.456018 0.271076 0.45565 0.271618 0.45565 0.271889 0.455282 0.272432 0.455282 0.272703 0.454914 0.272974 0.454914 0.272974 0.454177
0 0.274329 0.451969 0.274058 0.452337 0.2746 0.453073 0.274329 0.453441 0.274329 0.453809 0.2746 0.454177 0.275142 0.454177 0.275413 0.453809 0.276227 0.453809 0.276498 0.453441 0.27704 0.453441 0.27704 0.452337 0.276227 0.452337 0.275956 0.452705 0.275413 0.452705 0.275142 0.452337 0.275142 0.451969
0 0.277853 0.449761 0.277582 0.450129 0.27704 0.450129 0.27704 0.450497 0.277311 0.450865 0.277311 0.451601 0.277582 0.451969 0.277853 0.451969 0.278124 0.451601 0.278666 0.451601 0.278937 0.451969 0.278937 0.452337 0.279751 0.452337 0.280022 0.451969 0.280564 0.451969 0.280835 0.451601 0.281648 0.451601 0.281919 0.451233 0.28219 0.451233 0.28219 0.450129 0.281648 0.450129 0.281377 0.450497 0.281106 0.450129 0.279751 0.450129 0.27948 0.450497 0.279208 0.450497 0.278666 0.451233 0.278395 0.450865 0.278124 0.450865 0.277853 0.450497
0 0.285443 0.448657 0.285172 0.449025 0.284359 0.449025 0.284088 0.449393 0.284088 0.450497 0.284359 0.450497 0.28463 0.450129 0.285172 0.450129 0.285443 0.449761 0.285985 0.449761 0.286256 0.449393 0.286256 0.449025 0.285985 0.448657
0 0.291678 0.445344 0.291407 0.445712 0.290594 0.445712 0.290323 0.44608 0.28978 0.44608 0.289509 0.446448 0.289509 0.446816 0.289238 0.447184 0.288967 0.446816 0.288967 0.446448 0.288696 0.446816 0.287883 0.446816 0.287883 0.447184 0.287612 0.447552 0.28707 0.447552 0.286799 0.447921 0.286799 0.448657 0.28707 0.448657 0.287341 0.448289 0.287883 0.448289 0.288154 0.447921 0.288425 0.447921 0.288967 0.447184 0.289238 0.447184 0.289509 0.446816 0.28978 0.446816 0.290052 0.447184 0.290052 0.447921 0.290594 0.447921 0.290865 0.447552 0.291678 0.447552 0.291949 0.447184 0.291949 0.446448 0.29222 0.44608 0.29222 0.445344
0 0.293304 0.444608 0.293033 0.444976 0.292762 0.444976 0.292762 0.445712 0.293304 0.445712 0.293575 0.445344 0.294118 0.445344 0.294118 0.444976 0.293847 0.444608
0 0.297099 0.443136 0.296828 0.443504 0.296557 0.443504 0.296557 0.44424 0.296828 0.444608 0.297099 0.44424 0.297371 0.44424 0.297371 0.443136
0 0.306316 0.442032 0.306587 0.4424 0.306587 0.442768 0.307129 0.442768 0.307129 0.4424 0.306858 0.442032
0 0.304419 0.440559 0.304147 0.440927 0.303876 0.440927 0.303334 0.441664 0.303334 0.4424 0.304147 0.4424 0.304419 0.442032 0.304961 0.442032 0.304961 0.441664 0.30469 0.441296 0.30469 0.440559
0 0.306316 0.440191 0.306316 0.440927 0.306587 0.441296 0.306858 0.441296 0.306858 0.440191
0 0.30984 0.437983 0.309569 0.438351 0.309027 0.438351 0.309027 0.439087 0.309569 0.439087 0.30984 0.438719 0.310382 0.438719 0.310653 0.438351 0.310653 0.437983
0 0.32231 0.430254 0.322038 0.430622 0.321496 0.430622 0.321496 0.431358 0.322038 0.431358 0.32231 0.43099 0.322852 0.43099 0.323123 0.430622 0.323123 0.430254
0 0.345893 0.422157 0.345622 0.422525 0.34508 0.422525 0.344809 0.422893 0.343996 0.422893 0.343725 0.423261 0.343454 0.423261 0.343725 0.423629 0.343725 0.423997 0.343996 0.423997 0.344267 0.423629 0.344809 0.423629 0.34508 0.423261 0.345622 0.423261 0.345893 0.422893
0 0.399566 0.401546 0.399295 0.401914 0.398753 0.401914 0.399024 0.402282 0.399024 0.40265 0.399295 0.40265 0.399566 0.402282 0.399837 0.402282 0.399566 0.401914
0 0.416102 0.396393 0.415831 0.396761 0.415289 0.396761 0.415018 0.397129 0.414204 0.397129 0.413933 0.397497 0.414204 0.397865 0.414204 0.398233 0.414475 0.397865 0.414747 0.397865 0.415018 0.397497 0.415831 0.397497 0.416102 0.397129
0 0.400108 0.31763 0.399837 0.317998 0.399566 0.317998 0.399837 0.318366 0.399837 0.318734 0.40038 0.318734 0.400651 0.319102 0.401193 0.319102 0.401464 0.31947 0.401735 0.31947 0.402006 0.319102 0.402006 0.318366 0.401735 0.318734 0.401193 0.317998 0.400922 0.317998 0.400651 0.318366 0.40038 0.317998 0.40038 0.31763
0 0.406614 0.316158 0.406343 0.316526 0.405801 0.316526 0.405801 0.316894 0.406072 0.317262 0.406343 0.317262 0.406614 0.316894 0.406885 0.316894 0.406885 0.316158
0 0.391434 0.307692 0.391434 0.308428 0.391705 0.308796 0.391705 0.309165 0.392247 0.309901 0.392247 0.310269 0.392518 0.309901 0.392789 0.309901 0.392789 0.309533 0.392518 0.309165 0.392518 0.308796 0.391976 0.30806 0.391976 0.307692
0 0.389536 0.307692 0.389265 0.30806 0.389265 0.308796 0.39035 0.308796 0.39035 0.307692 0.390079 0.30806 0.389808 0.307692
0 0.385741 0.307692 0.38547 0.30806 0.386012 0.308796 0.386012 0.309533 0.385741 0.309901 0.38547 0.309901 0.385199 0.309533 0.385199 0.308796 0.383031 0.308796 0.38276 0.309165 0.381946 0.309165 0.381675 0.309533 0.381133 0.309533 0.380862 0.309901 0.38032 0.309901 0.38032 0.310269 0.380049 0.310637 0.379507 0.310637 0.379236 0.310269 0.378964 0.310637 0.378422 0.310637 0.378151 0.311005 0.377609 0.311005 0.377338 0.311373 0.376525 0.311373 0.376254 0.311741 0.375712 0.311741 0.37544 0.312109 0.374898 0.312109 0.374627 0.312477 0.374356 0.312477 0.374085 0.312845 0.373814 0.312845 0.373543 0.313213 0.372188 0.313213 0.371917 0.313581 0.371103 0.313581 0.370832 0.313949 0.37029 0.313949 0.370019 0.314317 0.369477 0.314317 0.369206 0.314685 0.368393 0.314685 0.368121 0.315053 0.367579 0.315053 0.367308 0.315421 0.366766 0.315421 0.366495 0.315789 0.365682 0.315789 0.365411 0.316158 0.364869 0.316158 0.364597 0.316526 0.363784 0.316526 0.363513 0.316894 0.362971 0.316894 0.3627 0.317262 0.362158 0.317262 0.361616 0.317998 0.361345 0.317998 0.361345 0.318734 0.361073 0.319102 0.360802 0.318734 0.36026 0.318734 0.359989 0.318366 0.359447 0.318366 0.359176 0.318734 0.358363 0.318734 0.358092 0.319102 0.357549 0.319102 0.357278 0.31947 0.356736 0.31947 0.356736 0.319838 0.356465 0.320206 0.356194 0.320206 0.355652 0.320942 0.355381 0.320574 0.355381 0.320206 0.354839 0.320206 0.354568 0.320574 0.354297 0.320574 0.354297 0.320942 0.353754 0.321678 0.353212 0.321678 0.352941 0.322046 0.352128 0.322046 0.351857 0.322414 0.351586 0.322414 0.351315 0.322046 0.35023 0.322046 0.349688 0.322782 0.349417 0.322782 0.349146 0.323151 0.348604 0.323151 0.348333 0.323519 0.348333 0.323887 0.348062 0.324255 0.347791 0.324255 0.34752 0.324623 0.346706 0.324623 0.346435 0.324991 0.345893 0.324991 0.345622 0.325359 0.34508 0.325359 0.344538 0.326095 0.343996 0.326095 0.343725 0.326463 0.343182 0.326463 0.342911 0.326831 0.34264 0.326463 0.342369 0.326463 0.342098 0.326831 0.341285 0.326831 0.341014 0.327199 0.340472 0.327199 0.340201 0.327567 0.338574 0.327567 0.338303 0.327935 0.337761 0.327935 0.337761 0.328303 0.33749 0.328671 0.336406 0.328671 0.336134 0.328303 0.336134 0.327935 0.335863 0.327935 0.335592 0.328303 0.33505 0.328303 0.335321 0.328671 0.334779 0.329407 0.334508 0.329407 0.334508 0.329775 0.334779 0.330144 0.334779 0.330512 0.334508 0.33088 0.334237 0.33088 0.333966 0.331248 0.333695 0.33088 0.333153 0.33088 0.332882 0.331248 0.33261 0.331248 0.332339 0.33088 0.332068 0.331248 0.331526 0.331248 0.331526 0.331616 0.331255 0.331984 0.330984 0.331984 0.330713 0.331616 0.330442 0.331616 0.330171 0.331984 0.329629 0.331984 0.329629 0.332352 0.329358 0.33272 0.328815 0.33272 0.328544 0.333088 0.328273 0.333088 0.328002 0.333456 0.327731 0.333456 0.32746 0.333824 0.326918 0.333824 0.326647 0.334192 0.326105 0.334192 0.325834 0.33456 0.32502 0.33456 0.324749 0.334928 0.324207 0.334928 0.323936 0.335296 0.323394 0.335296 0.323123 0.335664 0.32231 0.335664 0.322038 0.336032 0.321496 0.336032 0.320954 0.336768 0.320683 0.3364 0.320412 0.336768 0.31987 0.336768 0.319599 0.337137 0.318786 0.337137 0.318515 0.337505 0.317972 0.337505 0.317701 0.337873 0.317159 0.337873 0.316888 0.337505 0.316617 0.337873 0.316075 0.337873 0.315804 0.338241 0.315533 0.338241 0.315262 0.338609 0.314719 0.338609 0.314448 0.338241 0.314177 0.338241 0.313906 0.338609 0.313364 0.338609 0.313093 0.338977 0.312822 0.338977 0.312822 0.339345 0.31228 0.340081 0.311467 0.340081 0.311195 0.340449 0.310653 0.340449 0.310382 0.340817 0.30984 0.340817 0.309569 0.341185 0.308756 0.341185 0.308485 0.341553 0.307943 0.341553 0.307671 0.341921 0.307129 0.341921 0.307129 0.342289 0.306858 0.342657 0.306316 0.342657 0.306045 0.343025 0.306045 0.343393 0.305774 0.343762 0.305232 0.343762 0.304961 0.34413 0.30469 0.34413 0.304419 0.343762 0.303605 0.343762 0.303334 0.34413 0.301708 0.34413 0.301708 0.345234 0.301437 0.345602 0.301166 0.345234 0.301166 0.344498 0.300623 0.344498 0.300352 0.344866 0.300081 0.344866 0.299539 0.345602 0.297913 0.345602 0.297642 0.34597 0.297099 0.34597 0.296828 0.346338 0.296557 0.346338 0.296828 0.346706 0.296828 0.347442 0.296557 0.34781 0.296286 0.34781 0.296015 0.348178 0.295473 0.348178 0.295202 0.34781 0.295202 0.347442 0.294931 0.347074 0.294389 0.347074 0.294118 0.347442 0.293575 0.347442 0.293575 0.348178 0.293847 0.348546 0.293847 0.34965 0.294118 0.350018 0.293304 0.351123 0.292762 0.351123 0.292491 0.351491 0.291678 0.351491 0.291407 0.351123 0.291407 0.350386 0.291136 0.350018 0.291136 0.34965 0.290865 0.34965 0.290594 0.350018 0.28978 0.350018 0.289509 0.34965 0.287883 0.34965 0.287612 0.350018 0.286799 0.350018 0.286528 0.34965 0.285985 0.34965 0.285714 0.350018 0.285172 0.350018 0.284901 0.350386 0.28463 0.350386 0.284359 0.350018 0.284088 0.350018 0.283546 0.350755 0.282461 0.350755 0.28219 0.351123 0.278666 0.351123 0.278395 0.351491 0.277853 0.351491 0.277853 0.351859 0.277582 0.352227 0.277311 0.352227 0.27704 0.352595 0.276769 0.352595 0.276769 0.352963 0.276498 0.353331 0.276227 0.353331 0.275684 0.354067 0.275142 0.354067 0.274871 0.354435 0.2746 0.354435 0.274329 0.354067 0.2746 0.353699 0.2746 0.352963 0.274058 0.352963 0.273787 0.353331 0.273516 0.353331 0.273516 0.353699 0.272974 0.354435 0.272432 0.353699 0.27216 0.353699 0.271889 0.354067 0.271347 0.354067 0.271076 0.354435 0.270805 0.354435 0.270805 0.354803 0.270263 0.355539 0.269721 0.355539 0.269721 0.356643 0.26945 0.357011 0.268908 0.357011 0.268636 0.357379 0.268094 0.357379 0.268094 0.357748 0.267823 0.358116 0.26701 0.358116 0.266739 0.358484 0.266197 0.358484 0.265926 0.358852 0.265384 0.358852 0.265112 0.35922 0.264299 0.35922 0.264028 0.359588 0.263486 0.359588 0.263215 0.359956 0.262402 0.359956 0.262131 0.360324 0.261589 0.360324 0.261317 0.360692 0.260775 0.360692 0.260504 0.36106 0.259691 0.36106 0.25942 0.361428 0.258878 0.361428 0.258878 0.361796 0.258607 0.362164 0.258065 0.362164 0.257793 0.362532 0.257251 0.362532 0.25698 0.3629 0.256167 0.3629 0.255896 0.363268 0.255354 0.363268 0.255083 0.363636 0.254541 0.363636 0.254269 0.363268 0.254269 0.3629 0.253998 0.362532 0.253998 0.362164 0.253185 0.362164 0.252914 0.362532 0.252372 0.362532 0.25183 0.363268 0.25183 0.364372 0.251559 0.364741 0.250745 0.364741 0.250745 0.365109 0.250474 0.365477 0.249932 0.365477 0.249661 0.365845 0.249119 0.365845 0.248848 0.366213 0.248035 0.366213 0.247764 0.366581 0.247221 0.366581 0.24695 0.366949 0.246408 0.366949 0.246137 0.367317 0.245866 0.367317 0.245595 0.366949 0.245324 0.366949 0.245053 0.367317 0.244782 0.367317 0.244782 0.367685 0.244511 0.368053 0.244511 0.368421 0.24424 0.368789 0.243697 0.368789 0.243426 0.369157 0.242613 0.369157 0.242342 0.368789 0.242342 0.368421 0.2418 0.368421 0.241529 0.368789 0.241258 0.368789 0.241529 0.369157 0.241529 0.370261 0.2418 0.370261 0.242071 0.370629 0.242071 0.370997 0.241529 0.371734 0.241258 0.371734 0.241258 0.372102 0.240987 0.37247 0.240987 0.372838 0.240716 0.373206 0.240445 0.373206 0.240173 0.372838 0.23936 0.372838 0.239089 0.373206 0.238547 0.373206 0.238276 0.373574 0.237463 0.373574 0.237192 0.373942 0.236649 0.373942 0.236378 0.37431 0.235836 0.37431 0.235565 0.374678 0.235023 0.374678 0.234752 0.375046 0.234752 0.375782 0.234481 0.37615 0.23421 0.375782 0.233939 0.375782 0.233668 0.37615 0.233126 0.37615 0.232854 0.375782 0.232312 0.375782 0.232312 0.37615 0.23177 0.376886 0.231228 0.376886 0.230957 0.377254 0.230686 0.376886 0.230686 0.376518 0.230144 0.376518 0.229873 0.376886 0.22933 0.376886 0.229059 0.377254 0.228788 0.377254 0.228788 0.377622 0.228246 0.378358 0.227704 0.378358 0.227433 0.378727 0.22662 0.378727 0.226349 0.379095 0.225806 0.379095 0.225535 0.379463 0.225264 0.379463 0.224722 0.378727 0.224451 0.379095 0.223909 0.379095 0.223638 0.379463 0.223638 0.379831 0.223096 0.380567 0.223096 0.380935 0.222825 0.381303 0.222282 0.381303 0.222011 0.381671 0.221198 0.381671 0.220927 0.381303 0.220385 0.381303 0.220114 0.381671 0.219843 0.381671 0.219843 0.382039 0.220114 0.382407 0.219843 0.382775 0.21903 0.382775 0.218758 0.382407 0.218758 0.381671 0.218487 0.381303 0.218216 0.381671 0.217674 0.381671 0.217403 0.382039 0.217403 0.382407 0.217132 0.382775 0.21659 0.382775 0.216319 0.383143 0.216048 0.383143 0.215506 0.383879 0.214963 0.383879 0.214692 0.384247 0.21415 0.384247 0.213879 0.384615 0.213066 0.384615 0.212795 0.384983 0.211168 0.384983 0.211168 0.385351 0.211439 0.38572 0.211439 0.386088 0.210897 0.386824 0.210626 0.386456 0.210626 0.386088 0.210355 0.386088 0.209813 0.385351 0.209813 0.384983 0.209271 0.384983 0.209 0.385351 0.208729 0.385351 0.208729 0.38572 0.208458 0.386088 0.208458 0.386824 0.207915 0.38756 0.207644 0.38756 0.207373 0.387192 0.207373 0.386824 0.206831 0.386824 0.20656 0.387192 0.205747 0.387192 0.205747 0.388296 0.205476 0.388664 0.204934 0.388664 0.204663 0.389032 0.205205 0.389768 0.204934 0.390136 0.204663 0.390136 0.204391 0.390504 0.204391 0.390872 0.20412 0.39124 0.203307 0.39124 0.203036 0.391608 0.202494 0.390872 0.202223 0.39124 0.201952 0.39124 0.201681 0.390872 0.201681 0.390136 0.20141 0.390136 0.201139 0.390504 0.200596 0.390504 0.200325 0.390872 0.200325 0.39124 0.200054 0.391608 0.199783 0.391608 0.199512 0.391976 0.198699 0.391976 0.198428 0.392344 0.197886 0.392344 0.197615 0.392713 0.197072 0.392713 0.197072 0.393081 0.196801 0.393449 0.195988 0.393449 0.195717 0.393817 0.195175 0.393817 0.194904 0.394185 0.194362 0.394185 0.194091 0.394553 0.193277 0.394553 0.193006 0.394921 0.192464 0.394921 0.192193 0.395289 0.191651 0.395289 0.191651 0.396025 0.19138 0.396393 0.190838 0.396393 0.190567 0.396761 0.189753 0.396761 0.189482 0.397129 0.18894 0.397129 0.188669 0.397497 0.187856 0.397497 0.187585 0.397865 0.187043 0.397865 0.186771 0.398233 0.186229 0.398233 0.185958 0.398601 0.185145 0.398601 0.184874 0.398969 0.184332 0.398969 0.184061 0.399338 0.183519 0.399338 0.183247 0.399706 0.182434 0.399706 0.182163 0.400074 0.181621 0.400074 0.18135 0.400442 0.180808 0.400442 0.180537 0.40081 0.179724 0.40081 0.179452 0.401178 0.17891 0.401178 0.178639 0.401546 0.178097 0.401546 0.177826 0.401914 0.177013 0.401914 0.176742 0.402282 0.1762 0.402282 0.175928 0.40265 0.175386 0.40265 0.175115 0.403018 0.174302 0.403018 0.174031 0.403386 0.173489 0.403386 0.173218 0.403754 0.172676 0.403754 0.172404 0.404122 0.171591 0.404122 0.17132 0.40449 0.170778 0.40449 0.170778 0.404858 0.170507 0.405226 0.16888 0.405226 0.168609 0.405594 0.168067 0.405594 0.167796 0.405962 0.166983 0.405962 0.166712 0.406331 0.16617 0.406331 0.165899 0.406699 0.165356 0.406699 0.165356 0.407067 0.165085 0.407435 0.164814 0.407067 0.164272 0.407067 0.164001 0.407435 0.163459 0.407435 0.163459 0.407803 0.163188 0.408171 0.162917 0.408171 0.162375 0.408907 0.161832 0.408171 0.161561 0.408171 0.161019 0.408907 0.160748 0.408907 0.160477 0.409275 0.160206 0.409275 0.159935 0.408907 0.159664 0.409275 0.158851 0.409275 0.15858 0.409643 0.158037 0.409643 0.157766 0.410011 0.157224 0.410011 0.156953 0.410379 0.15614 0.410379 0.155869 0.410747 0.155327 0.410747 0.155327 0.411115 0.155056 0.411483 0.154784 0.411115 0.154513 0.411115 0.154242 0.411483 0.153429 0.411483 0.153158 0.411851 0.152616 0.411851 0.152345 0.412219 0.151803 0.412219 0.151532 0.412587 0.150718 0.412587 0.150989 0.412955 0.150989 0.413324 0.150718 0.413692 0.150176 0.413692 0.149905 0.413324 0.149634 0.413692 0.149363 0.413324 0.149092 0.413324 0.148821 0.413692 0.148008 0.413692 0.147737 0.41406 0.147465 0.41406 0.147194 0.414428 0.146381 0.414428 0.14611 0.414796 0.145297 0.414796 0.145026 0.415164 0.144484 0.415164 0.144213 0.415532 0.143399 0.415532 0.143128 0.4159 0.142857 0.4159 0.142586 0.416268 0.141773 0.416268 0.141502 0.416636 0.140689 0.416636 0.140417 0.417004 0.139875 0.417004 0.139604 0.417372 0.139062 0.417372 0.139062 0.41774 0.138791 0.418108 0.138249 0.418108 0.137978 0.41774 0.137707 0.418108 0.137165 0.418108 0.136893 0.418476 0.136351 0.418476 0.13608 0.418844 0.135267 0.418844 0.135267 0.419212 0.134725 0.419948 0.134454 0.419948 0.134183 0.41958 0.133641 0.41958 0.133369 0.419948 0.133098 0.419948 0.133369 0.420317 0.133369 0.420685 0.133641 0.420685 0.133912 0.421053 0.134183 0.421053 0.134454 0.421421 0.134183 0.421789 0.134183 0.422157 0.134454 0.422525 0.134454 0.423261 0.134725 0.423261 0.135267 0.423997 0.135267 0.424733 0.135538 0.425101 0.135267 0.425469 0.135267 0.425837 0.135538 0.426205 0.135267 0.426573 0.135267 0.42731 0.135538 0.427678 0.135538 0.428414 0.135809 0.428782 0.135809 0.42915 0.135267 0.429886 0.134996 0.429518 0.134725 0.429518 0.134454 0.429886 0.133641 0.429886 0.133369 0.430254 0.132827 0.430254 0.132827 0.43099 0.132556 0.431358 0.132014 0.431358 0.131743 0.43099 0.13093 0.43099 0.13093 0.431358 0.130659 0.431726 0.130659 0.432094 0.13093 0.432462 0.13093 0.433198 0.131201 0.433566 0.131201 0.433934 0.131472 0.434303 0.131472 0.435775 0.132014 0.436511 0.132014 0.436879 0.132285 0.437247 0.132556 0.436879 0.133098 0.436879 0.133369 0.437247 0.133369 0.437983 0.133641 0.438351 0.133641 0.439087 0.133912 0.439455 0.133912 0.440559 0.134183 0.440927 0.134183 0.441664 0.134454 0.442032 0.134454 0.442768 0.134725 0.443136 0.134725 0.44424 0.134996 0.444608 0.134996 0.445344 0.135267 0.445712 0.135267 0.446448 0.135538 0.446816 0.135538 0.447921 0.135809 0.448289 0.135809 0.449025 0.13608 0.449393 0.13608 0.450129 0.136351 0.450497 0.136351 0.451601 0.136622 0.451969 0.136622 0.452705 0.136893 0.453073 0.136893 0.453809 0.137165 0.454177 0.137165 0.455282 0.137436 0.45565 0.137436 0.456386 0.137707 0.456754 0.137707 0.45749 0.137978 0.457858 0.137978 0.458962 0.138249 0.45933 0.138249 0.460066 0.13852 0.460434 0.13852 0.46117 0.138791 0.461538 0.138791 0.462643 0.139062 0.463011 0.139062 0.463747 0.139333 0.464115 0.139333 0.464851 0.139604 0.465219 0.139604 0.466323 0.139875 0.466691 0.139875 0.467427 0.140146 0.467795 0.140146 0.468531 0.140417 0.4689 0.140417 0.469268 0.140146 0.469636 0.140146 0.470004 0.140417 0.470372 0.140146 0.47074 0.139875 0.47074 0.139604 0.471108 0.139333 0.471108 0.139333 0.471476 0.139604 0.471844 0.139604 0.472212 0.139062 0.472948 0.138249 0.472948 0.137707 0.473684 0.137436 0.473684 0.137165 0.474052 0.136893 0.474052 0.136351 0.474788 0.135809 0.474788 0.135538 0.475156 0.134725 0.475156 0.134454 0.475524 0.133912 0.475524 0.133369 0.476261 0.133098 0.475893 0.132827 0.476261 0.132014 0.476261 0.131743 0.476629 0.131201 0.476629 0.130659 0.477365 0.129303 0.477365 0.129032 0.477733 0.129032 0.478469 0.129303 0.478837 0.129303 0.479205 0.128761 0.479941 0.128761 0.481045 0.129032 0.481413 0.129032 0.481781 0.129303 0.481781 0.129574 0.482149 0.130117 0.482149 0.130388 0.482517 0.130388 0.483254 0.13093 0.48399 0.13093 0.484726 0.131201 0.485094 0.131201 0.48583 0.131472 0.486198 0.131472 0.487302 0.131743 0.48767 0.131743 0.488406 0.131472 0.488774 0.131472 0.489879 0.131743 0.490247 0.131743 0.490983 0.132014 0.491351 0.132285 0.491351 0.132556 0.491719 0.132556 0.492087 0.132827 0.492087 0.133098 0.492455 0.133098 0.493191 0.133641 0.493927 0.133641 0.494295 0.133912 0.494295 0.134183 0.494663 0.134454 0.494663 0.134725 0.495031 0.134725 0.495399 0.134996 0.495399 0.135267 0.495767 0.135809 0.495767 0.13608 0.495399 0.137165 0.495399 0.137707 0.496135 0.137978 0.495767 0.138791 0.496872 0.139333 0.496872 0.139875 0.497608 0.139875 0.497976 0.140689 0.49908 0.140417 0.499448 0.140689 0.499816 0.140689 0.50092 0.14096 0.501288 0.14096 0.501656 0.141502 0.502392 0.141502 0.50276 0.142315 0.503865 0.142586 0.503497 0.143128 0.503497 0.143399 0.503128 0.14367 0.503128 0.143941 0.503497 0.143941 0.503865 0.144213 0.504233 0.144213 0.505337 0.144484 0.505705 0.144213 0.506073 0.144213 0.506441 0.144484 0.506809 0.144484 0.507545 0.144755 0.507913 0.144755 0.509017 0.145026 0.509385 0.145026 0.510121 0.145297 0.51049 0.145297 0.511226 0.145568 0.511594 0.145568 0.512698 0.145839 0.513066 0.145839 0.513802 0.14611 0.51417 0.14611 0.514906 0.145839 0.515274 0.14611 0.515642 0.14611 0.516378 0.145568 0.517114 0.145568 0.517851 0.145839 0.518219 0.145839 0.518587 0.146652 0.518587 0.146923 0.518219 0.147465 0.518955 0.147465 0.519323 0.147737 0.519691 0.148008 0.519323 0.148821 0.519323 0.149092 0.518955 0.149634 0.518955 0.149905 0.518587 0.150176 0.518587 0.150447 0.518955 0.150718 0.518587 0.150989 0.518955 0.150989 0.519323 0.151261 0.519691 0.151261 0.520059 0.151803 0.520795 0.151803 0.521531 0.152074 0.521899 0.152074 0.523003 0.152345 0.523371 0.152345 0.524107 0.152616 0.524476 0.152616 0.525212 0.152887 0.52558 0.152887 0.526684 0.153158 0.527052 0.153158 0.527788 0.153429 0.528156 0.153158 0.528524 0.153158 0.52926 0.153429 0.529628 0.152887 0.530364 0.152616 0.530364 0.152887 0.530732 0.152887 0.531837 0.153158 0.532205 0.1537 0.532205 0.153971 0.532573 0.153971 0.532941 0.154242 0.533309 0.154242 0.534045 0.153971 0.534413 0.153971 0.535517 0.154242 0.535885 0.154242 0.536253 0.153971 0.536621 0.154242 0.536989 0.154242 0.537725 0.154513 0.537725 0.154784 0.538093 0.154784 0.539198 0.155056 0.539566 0.154784 0.539934 0.154784 0.540302 0.155056 0.54067 0.155056 0.541774 0.155327 0.542142 0.155327 0.542878 0.155598 0.543246 0.155598 0.543982 0.155869 0.54435 0.155869 0.544718 0.155598 0.545086 0.155598 0.545455 0.155869 0.545823 0.155869 0.546559 0.15614 0.546927 0.15614 0.547663 0.156411 0.548031 0.156411 0.549135 0.156682 0.549503 0.156682 0.550239 0.156953 0.550607 0.156953 0.551343 0.157224 0.551711 0.157224 0.552816 0.157495 0.553184 0.157495 0.55392 0.157766 0.554288 0.157766 0.555024 0.158037 0.555392 0.158037 0.556496 0.158308 0.556864 0.158308 0.5576 0.15858 0.557968 0.15858 0.559073 0.158851 0.559441 0.158851 0.560177 0.159122 0.560545 0.159122 0.561281 0.159393 0.561649 0.159393 0.562385 0.159122 0.562753 0.159393 0.563121 0.159393 0.563857 0.159664 0.564225 0.159664 0.564961 0.159935 0.565329 0.159935 0.566434 0.160206 0.566802 0.160206 0.567538 0.160477 0.567906 0.160477 0.568274 0.160206 0.568642 0.160206 0.56901 0.160477 0.569378 0.160206 0.569746 0.160206 0.570114 0.160477 0.570482 0.160477 0.571218 0.160748 0.571586 0.160748 0.571954 0.161019 0.572322 0.161019 0.57269 0.16129 0.573059 0.161019 0.573427 0.161019 0.573795 0.16129 0.574163 0.16129 0.574531 0.161832 0.575267 0.161832 0.576371 0.162104 0.576739 0.162104 0.577475 0.162375 0.577843 0.162104 0.578211 0.162104 0.579315 0.161832 0.579683 0.161561 0.579683 0.16129 0.580052 0.16129 0.580788 0.161019 0.581156 0.161019 0.581524 0.16129 0.581892 0.16129 0.582628 0.161561 0.582996 0.161561 0.583364 0.161019 0.5841 0.160748 0.5841 0.160477 0.584468 0.159935 0.584468 0.159664 0.584836 0.159122 0.584836 0.15858 0.585572 0.157224 0.585572 0.157224 0.58594 0.156953 0.586308 0.156682 0.586308 0.156411 0.58594 0.15614 0.58594 0.155869 0.586308 0.155869 0.586676 0.155598 0.587045 0.155327 0.586676 0.155327 0.586308 0.155056 0.586676 0.154784 0.586676 0.154784 0.587045 0.154513 0.587413 0.154513 0.587781 0.155056 0.588517 0.155327 0.588517 0.155598 0.588149 0.155869 0.588149 0.15614 0.588517 0.15614 0.588885 0.155869 0.589253 0.155869 0.590357 0.156682 0.591461 0.156411 0.591829 0.156411 0.592933 0.156682 0.593301 0.156682 0.594038 0.157224 0.594038 0.157495 0.594406 0.157495 0.595142 0.157766 0.59551 0.158037 0.595142 0.158308 0.59551 0.158308 0.596246 0.158037 0.596614 0.157766 0.596246 0.157224 0.596246 0.157224 0.596614 0.157495 0.596982 0.157495 0.597718 0.158037 0.597718 0.158037 0.596614 0.158308 0.596246 0.15858 0.596614 0.15858 0.59735 0.158851 0.597718 0.158851 0.598822 0.159122 0.59919 0.159122 0.599558 0.158851 0.599926 0.15858 0.599558 0.158308 0.599926 0.158037 0.599926 0.158037 0.600294 0.158308 0.600662 0.158308 0.601399 0.15858 0.601399 0.159122 0.602135 0.159122 0.603239 0.158851 0.603607 0.158308 0.603607 0.158308 0.605079 0.15858 0.605447 0.15858 0.606551 0.158851 0.606919 0.158851 0.607287 0.159122 0.607287 0.159393 0.607656 0.159664 0.607656 0.159935 0.608024 0.159935 0.60876 0.160206 0.609128 0.160206 0.609864 0.160477 0.610232 0.160477 0.6106 0.160748 0.610968 0.160477 0.611336 0.158851 0.611336 0.15858 0.611704 0.158037 0.611704 0.156953 0.613176 0.156411 0.613176 0.15614 0.613544 0.155327 0.613544 0.155327 0.613912 0.155056 0.61428 0.154513 0.61428 0.153971 0.615017 0.1537 0.615017 0.153429 0.615385 0.152616 0.615385 0.152345 0.615753 0.152074 0.615385 0.150718 0.615385 0.150447 0.615753 0.149905 0.615753 0.14855 0.617593 0.147194 0.617593 0.146923 0.617961 0.146652 0.617961 0.146381 0.617593 0.146381 0.617225 0.145839 0.617225 0.145297 0.617961 0.145568 0.618329 0.145297 0.618697 0.144484 0.618697 0.144213 0.618329 0.14367 0.618329 0.142857 0.619433 0.142857 0.620169 0.142586 0.620537 0.142315 0.620169 0.142044 0.620169 0.141773 0.620537 0.14096 0.620537 0.14096 0.621273 0.140689 0.621642 0.140417 0.621642 0.140689 0.62201 0.140689 0.622378 0.140417 0.622746 0.140417 0.623114 0.140689 0.623482 0.140146 0.624218 0.139604 0.624218 0.139333 0.624586 0.13852 0.624586 0.138249 0.624954 0.137707 0.624954 0.137436 0.625322 0.136893 0.625322 0.136622 0.62569 0.135809 0.62569 0.135538 0.626058 0.134996 0.626058 0.134725 0.626426 0.134183 0.626426 0.133912 0.626794 0.133098 0.626794 0.132827 0.627162 0.132827 0.628266 0.133098 0.628635 0.133098 0.629371 0.133369 0.629739 0.133369 0.630475 0.133098 0.630843 0.133369 0.631211 0.133369 0.631947 0.133641 0.632315 0.133641 0.633419 0.133912 0.633787 0.133912 0.634523 0.134183 0.634891 0.134183 0.635628 0.134454 0.635996 0.134454 0.6371 0.134725 0.637468 0.134725 0.638204 0.134996 0.638572 0.134996 0.639308 0.135267 0.639676 0.134996 0.640044 0.134725 0.640044 0.134725 0.64078 0.134996 0.641148 0.134996 0.641884 0.135267 0.642252 0.135267 0.643357 0.134996 0.643725 0.134996 0.644461 0.135267 0.644829 0.135267 0.645933 0.134996 0.646301 0.134996 0.647037 0.135267 0.647405 0.135809 0.647405 0.13608 0.647773 0.13608 0.648141 0.136351 0.648509 0.136351 0.649614 0.136622 0.649982 0.136622 0.650718 0.136893 0.651086 0.136622 0.651454 0.136622 0.651822 0.136893 0.65219 0.136893 0.654398 0.137165 0.654766 0.137165 0.655502 0.137436 0.655502 0.137707 0.65587 0.137707 0.656607 0.137436 0.656975 0.137436 0.658079 0.137707 0.658447 0.137707 0.659551 0.137978 0.659919 0.137978 0.660287 0.138249 0.660287 0.13852 0.660655 0.13852 0.661759 0.138791 0.662127 0.13852 0.662495 0.13852 0.663232 0.138791 0.6636 0.138791 0.663968 0.139333 0.664704 0.139062 0.665072 0.139062 0.665808 0.139333 0.666176 0.139333 0.666544 0.139062 0.666912 0.139333 0.66728 0.139333 0.668016 0.139604 0.668384 0.139333 0.668752 0.139333 0.669488 0.139604 0.669856 0.139333 0.670225 0.139333 0.670593 0.139604 0.670961 0.139604 0.672065 0.139875 0.672433 0.139875 0.673169 0.140146 0.673537 0.140146 0.674273 0.140417 0.674641 0.140417 0.675745 0.140689 0.675745 0.14096 0.676113 0.14096 0.676849 0.141231 0.677218 0.141231 0.677586 0.141773 0.678322 0.141773 0.679058 0.142044 0.679426 0.142044 0.680162 0.142315 0.680162 0.142586 0.679794 0.14367 0.679794 0.144213 0.68053 0.144213 0.681266 0.144484 0.681634 0.144484 0.682002 0.144755 0.681634 0.145026 0.682002 0.145026 0.68237 0.145568 0.68237 0.145839 0.682002 0.145839 0.681634 0.14611 0.681266 0.146381 0.681266 0.146652 0.680898 0.146923 0.681266 0.147194 0.681266 0.147465 0.680898 0.147737 0.681266 0.148279 0.681266 0.14855 0.680898 0.149092 0.680898 0.149363 0.68053 0.149905 0.68053 0.150176 0.680162 0.150989 0.680162 0.151261 0.679794 0.152616 0.679794 0.152887 0.679426 0.153158 0.679426 0.153429 0.679794 0.1537 0.679794 0.153971 0.679426 0.154242 0.679794 0.154513 0.679794 0.154784 0.679426 0.155598 0.679426 0.155598 0.679058 0.155869 0.67869 0.156411 0.67869 0.156682 0.678322 0.157224 0.678322 0.157495 0.677954 0.158308 0.677954 0.15858 0.677586 0.159122 0.677586 0.159393 0.677218 0.159935 0.677218 0.160206 0.676849 0.161019 0.676849 0.16129 0.676481 0.161832 0.676481 0.162104 0.676113 0.162646 0.676113 0.162917 0.675745 0.16373 0.675745 0.164001 0.675377 0.164272 0.675377 0.164814 0.674641 0.165356 0.674641 0.165628 0.674273 0.165899 0.674273 0.16617 0.673905 0.166441 0.673905 0.166712 0.673537 0.166441 0.673169 0.166712 0.672801 0.166983 0.672801 0.166983 0.672065 0.166712 0.671697 0.166712 0.669488 0.166441 0.66912 0.166441 0.668384 0.16617 0.668016 0.16617 0.667648 0.166441 0.66728 0.166441 0.666912 0.166712 0.666544 0.167525 0.666544 0.167796 0.666176 0.168338 0.666176 0.168609 0.665808 0.169152 0.665808 0.169423 0.66544 0.170236 0.66544 0.170507 0.665072 0.171049 0.665072 0.17132 0.664704 0.171862 0.664704 0.172133 0.664336 0.172947 0.664336 0.173218 0.663968 0.17376 0.663968 0.174031 0.6636 0.174573 0.6636 0.174844 0.663232 0.175657 0.663232 0.175928 0.662863 0.1762 0.662863 0.176471 0.663232 0.176742 0.662863 0.177555 0.662863 0.177826 0.662495 0.178368 0.662495 0.178639 0.662127 0.179181 0.662127 0.179452 0.661759 0.180266 0.661759 0.180537 0.661391 0.181079 0.661391 0.18135 0.661023 0.181892 0.661023 0.182163 0.660655 0.182976 0.660655 0.183247 0.660287 0.18379 0.660287 0.184061 0.659919 0.184332 0.659919 0.184874 0.659183 0.185687 0.659183 0.185958 0.658815 0.186229 0.658815 0.186771 0.658079 0.186771 0.657343 0.187043 0.656975 0.187314 0.656975 0.187314 0.656607 0.187585 0.656238 0.187314 0.65587 0.187585 0.655502 0.187856 0.655502 0.187856 0.652558 0.187585 0.65219 0.187856 0.651822 0.187856 0.651086 0.187585 0.650718 0.187585 0.649982 0.187314 0.649614 0.187314 0.649245 0.187585 0.648877 0.187585 0.648509 0.187314 0.648141 0.187314 0.647405 0.187043 0.647037 0.187043 0.646301 0.186771 0.645933 0.186771 0.643725 0.1865 0.643357 0.1865 0.642621 0.186229 0.642252 0.186229 0.641148 0.185958 0.64078 0.185958 0.638572 0.185687 0.638204 0.185687 0.637468 0.185416 0.6371 0.185416 0.636364 0.185145 0.635996 0.185145 0.634891 0.185416 0.634523 0.185416 0.633787 0.185145 0.633419 0.185145 0.632315 0.184874 0.631947 0.184874 0.631211 0.184603 0.630843 0.184603 0.630107 0.184332 0.629739 0.184332 0.629003 0.184603 0.628635 0.184332 0.628266 0.184332 0.62753 0.184061 0.627162 0.184061 0.626426 0.18379 0.626058 0.18379 0.624954 0.183519 0.624586 0.183519 0.62385 0.183247 0.623482 0.183247 0.622378 0.182976 0.62201 0.182976 0.621273 0.182705 0.620905 0.182705 0.620169 0.182434 0.619801 0.182434 0.619065 0.182705 0.618697 0.182434 0.618329 0.182434 0.617593 0.182163 0.617225 0.182163 0.616489 0.181892 0.616121 0.181892 0.615017 0.181621 0.614649 0.181621 0.613912 0.18135 0.613544 0.18135 0.611336 0.181079 0.610968 0.181079 0.610232 0.180808 0.609864 0.180808 0.60876 0.180537 0.608392 0.180537 0.607656 0.180266 0.607287 0.180537 0.606919 0.180537 0.606551 0.180266 0.606183 0.180266 0.605079 0.179995 0.604711 0.179995 0.603975 0.179724 0.603607 0.179724 0.601399 0.179452 0.601031 0.179452 0.600294 0.179181 0.599926 0.179181 0.598822 0.17891 0.598454 0.17891 0.597718 0.178639 0.59735 0.178639 0.595142 0.178368 0.594774 0.178368 0.594038 0.178097 0.593669 0.178097 0.592565 0.177826 0.592197 0.177826 0.591461 0.177555 0.591093 0.177555 0.590357 0.177284 0.589989 0.177284 0.588885 0.177013 0.588517 0.177013 0.587781 0.176742 0.587413 0.176742 0.586308 0.177013 0.58594 0.177013 0.584468 0.177284 0.5841 0.177284 0.583732 0.177013 0.583364 0.177013 0.582996 0.177284 0.582628 0.177013 0.58226 0.177013 0.581524 0.176742 0.581156 0.177013 0.580788 0.177013 0.580052 0.176742 0.579683 0.176742 0.578947 0.176471 0.578579 0.176471 0.577843 0.176742 0.577475 0.176471 0.577107 0.176471 0.576371 0.1762 0.576003 0.1762 0.575267 0.175928 0.574899 0.175928 0.573795 0.175657 0.573427 0.175657 0.57269 0.175386 0.572322 0.175386 0.571218 0.175115 0.57085 0.175386 0.570482 0.175386 0.570114 0.175115 0.569746 0.175115 0.56901 0.174844 0.568642 0.174844 0.567538 0.174573 0.56717 0.174573 0.566434 0.174302 0.566066 0.174302 0.565329 0.174031 0.564961 0.174031 0.563857 0.17376 0.563489 0.17376 0.562753 0.173489 0.562385 0.173489 0.561649 0.173218 0.561281 0.173218 0.560913 0.173489 0.560545 0.17376 0.560545 0.17376 0.560177 0.173489 0.559809 0.173489 0.559073 0.173218 0.558704 0.173218 0.5576 0.172947 0.557232 0.172947 0.556496 0.172676 0.556128 0.172676 0.555392 0.172404 0.555024 0.172404 0.55392 0.172133 0.553552 0.172133 0.552816 0.171862 0.552448 0.171862 0.551711 0.171591 0.551343 0.171591 0.550607 0.171862 0.550239 0.171591 0.549871 0.171591 0.549135 0.17132 0.548767 0.17132 0.547663 0.171049 0.547295 0.171049 0.546559 0.170778 0.546191 0.170778 0.545455 0.170507 0.545086 0.170507 0.543982 0.170236 0.543614 0.170236 0.542878 0.169965 0.54251 0.169965 0.541774 0.169694 0.541406 0.169694 0.540302 0.169423 0.539934 0.169423 0.539566 0.16888 0.53883 0.169152 0.538462 0.169152 0.538093 0.16888 0.537725 0.16888 0.536621 0.168609 0.536253 0.168609 0.535885 0.16888 0.535517 0.168609 0.535149 0.168609 0.534045 0.168338 0.533677 0.168338 0.533309 0.168609 0.532941 0.168338 0.532573 0.168338 0.531837 0.168067 0.531469 0.168067 0.530364 0.167796 0.529996 0.167796 0.52926 0.167525 0.528892 0.167525 0.527788 0.167254 0.52742 0.167254 0.526684 0.166983 0.526316 0.166983 0.52558 0.166712 0.525212 0.166712 0.524107 0.166441 0.523739 0.166441 0.523003 0.16617 0.522635 0.16617 0.521899 0.165899 0.521531 0.165899 0.520427 0.165628 0.520059 0.165628 0.519691 0.165085 0.518955 0.165085 0.518219 0.164814 0.518219 0.164272 0.517483 0.164272 0.517114 0.16373 0.517114 0.163459 0.516746 0.163459 0.51601 0.163188 0.515642 0.163188 0.514538 0.162917 0.51417 0.162917 0.513434 0.162646 0.513066 0.162646 0.51233 0.162375 0.511962 0.162375 0.510858 0.162104 0.51049 0.162104 0.509753 0.161832 0.509385 0.162104 0.509017 0.162375 0.509017 0.162375 0.508281 0.162104 0.507913 0.162104 0.507177 0.161832 0.506809 0.161832 0.506073 0.161561 0.505705 0.161561 0.504601 0.16129 0.504233 0.16129 0.503865 0.161561 0.503497 0.16129 0.503128 0.16129 0.502024 0.161019 0.501656 0.161019 0.501288 0.16129 0.50092 0.161019 0.500552 0.161019 0.499816 0.16129 0.499448 0.161019 0.49908 0.16129 0.498712 0.16129 0.497976 0.161561 0.497608 0.161561 0.49724 0.161832 0.496872 0.161832 0.496503 0.162646 0.495399 0.162917 0.495399 0.163459 0.494663 0.164001 0.494663 0.164543 0.493927 0.164814 0.493927 0.165085 0.493559 0.165899 0.493559 0.16617 0.493191 0.166441 0.493191 0.166441 0.492823 0.166712 0.492455 0.166712 0.492087 0.166983 0.491719 0.167525 0.491719 0.167796 0.491351 0.168067 0.491351 0.168338 0.491719 0.168338 0.492087 0.168609 0.492087 0.16888 0.491719 0.169423 0.491719 0.169423 0.491351 0.169694 0.490983 0.170507 0.490983 0.170778 0.491351 0.170778 0.491719 0.17132 0.491719 0.171591 0.491351 0.172133 0.491351 0.172133 0.490983 0.172676 0.490247 0.172676 0.489879 0.173218 0.489142 0.17376 0.489142 0.174031 0.488774 0.174844 0.488774 0.175115 0.489142 0.174844 0.48951 0.174844 0.490247 0.175115 0.490615 0.175386 0.490247 0.175928 0.490247 0.1762 0.489879 0.176742 0.489879 0.177284 0.489142 0.177555 0.489142 0.177826 0.488774 0.178097 0.488774 0.177826 0.488406 0.177826 0.488038 0.177555 0.48767 0.177826 0.487302 0.178368 0.487302 0.178639 0.486934 0.179452 0.486934 0.179724 0.486566 0.180266 0.486566 0.180537 0.486198 0.18135 0.486198 0.181621 0.486566 0.181621 0.486934 0.182163 0.486934 0.182434 0.486566 0.182705 0.486934 0.182705 0.487302 0.183247 0.487302 0.183519 0.486934 0.184061 0.486934 0.184332 0.486566 0.184603 0.486566 0.184874 0.486934 0.185145 0.486566 0.185416 0.486566 0.185687 0.486198 0.185958 0.486198 0.186229 0.48583 0.186771 0.48583 0.187043 0.485462 0.187585 0.485462 0.187314 0.485094 0.187314 0.484358 0.187043 0.484358 0.186771 0.484726 0.1865 0.484358 0.1865 0.48399 0.186771 0.483622 0.187314 0.483622 0.187314 0.482886 0.187043 0.482517 0.187585 0.481781 0.188127 0.481781 0.188398 0.481413 0.188669 0.481781 0.188669 0.483254 0.18894 0.483622 0.189482 0.483622 0.189753 0.483254 0.190295 0.483254 0.190838 0.48399 0.19138 0.48399 0.191651 0.483622 0.191922 0.483622 0.191922 0.483254 0.191651 0.482886 0.191651 0.482517 0.19138 0.482149 0.19138 0.481045 0.190838 0.481045 0.190295 0.480309 0.190567 0.479941 0.190838 0.479941 0.191109 0.479573 0.19138 0.479573 0.191922 0.480309 0.192193 0.479941 0.192464 0.479941 0.192735 0.480309 0.193006 0.479941 0.193548 0.479941 0.193819 0.480309 0.193548 0.480677 0.193548 0.481413 0.193819 0.481781 0.193819 0.482517 0.194091 0.482886 0.194362 0.482517 0.194904 0.482517 0.195175 0.482149 0.195717 0.482149 0.195988 0.481781 0.196801 0.481781 0.197072 0.481413 0.197615 0.481413 0.197886 0.481045 0.198699 0.481045 0.199241 0.480309 0.199512 0.480309 0.199512 0.479573 0.199241 0.479205 0.198699 0.479205 0.198428 0.479573 0.197886 0.479573 0.197615 0.479941 0.197343 0.479573 0.197343 0.478837 0.197615 0.478469 0.198428 0.478469 0.19897 0.477733 0.199241 0.477733 0.199512 0.477365 0.200054 0.477365 0.200325 0.476997 0.200596 0.476997 0.201139 0.476261 0.201952 0.476261 0.202223 0.475893 0.202765 0.475893 0.203036 0.475524 0.203578 0.475524 0.203578 0.475156 0.203849 0.474788 0.204663 0.474788 0.205476 0.475893 0.205476 0.476261 0.205747 0.476629 0.205747 0.477365 0.206018 0.477365 0.206289 0.477733 0.206289 0.478469 0.20656 0.478837 0.206018 0.479573 0.205476 0.479573 0.205205 0.479941 0.204391 0.479941 0.20412 0.480309 0.203578 0.480309 0.203307 0.480677 0.202765 0.480677 0.202494 0.480309 0.202223 0.480677 0.201681 0.480677 0.20141 0.481045 0.200867 0.481045 0.200596 0.481413 0.199783 0.481413 0.199512 0.481781 0.19897 0.481781 0.198699 0.482149 0.198157 0.482149 0.197886 0.482517 0.197072 0.482517 0.196801 0.482886 0.196259 0.482886 0.195988 0.483254 0.195446 0.483254 0.195175 0.483622 0.194362 0.483622 0.194362 0.48399 0.194091 0.484358 0.193548 0.484358 0.193277 0.484726 0.192735 0.484726 0.192464 0.485094 0.191651 0.485094 0.19138 0.485462 0.190838 0.485462 0.190567 0.48583 0.190024 0.48583 0.189753 0.486198 0.18894 0.486198 0.188669 0.486566 0.188127 0.486566 0.187856 0.486934 0.187314 0.486934 0.187043 0.487302 0.186229 0.487302 0.185958 0.48767 0.185416 0.48767 0.185145 0.488038 0.184603 0.488038 0.184332 0.488406 0.183519 0.488406 0.183247 0.488774 0.182705 0.488774 0.182434 0.489142 0.182163 0.489142 0.182163 0.48951 0.182434 0.489879 0.182705 0.48951 0.183519 0.48951 0.18379 0.489142 0.184332 0.489142 0.184603 0.488774 0.185145 0.488774 0.185416 0.488406 0.186229 0.488406 0.1865 0.488038 0.187043 0.488038 0.187314 0.48767 0.187856 0.48767 0.188127 0.487302 0.18894 0.487302 0.189211 0.486934 0.189753 0.48767 0.190024 0.487302 0.190838 0.487302 0.190838 0.486566 0.191109 0.486198 0.191651 0.486198 0.191922 0.48583 0.192193 0.48583 0.192464 0.486198 0.192735 0.48583 0.193277 0.48583 0.193548 0.485462 0.194362 0.485462 0.194633 0.485094 0.195175 0.485094 0.195446 0.484726 0.197072 0.484726 0.197343 0.484358 0.197615 0.484358 0.197886 0.48399 0.197886 0.483622 0.198157 0.483254 0.198699 0.483254 0.19897 0.482886 0.199783 0.482886 0.200054 0.482517 0.200596 0.482517 0.200867 0.482149 0.202494 0.482149 0.202765 0.481781 0.203307 0.481781 0.203578 0.481413 0.204391 0.481413 0.204663 0.481045 0.205205 0.481045 0.205476 0.480677 0.206018 0.480677 0.206289 0.480309 0.207102 0.480309 0.207102 0.479941 0.207373 0.479573 0.207915 0.479573 0.208187 0.479205 0.208729 0.479205 0.209 0.478837 0.209813 0.478837 0.210355 0.478101 0.210626 0.478101 0.210897 0.477733 0.211439 0.477733 0.21171 0.477365 0.212253 0.477365 0.212524 0.476997 0.213337 0.476997 0.213608 0.476629 0.21415 0.476629 0.214421 0.476261 0.215234 0.476261 0.215506 0.475893 0.216048 0.475893 0.216319 0.475524 0.216861 0.475524 0.217132 0.475156 0.217945 0.475156 0.218216 0.474788 0.218758 0.474788 0.21903 0.47442 0.219572 0.47442 0.219843 0.474052 0.221469 0.474052 0.22174 0.473684 0.222282 0.473684 0.222554 0.473316 0.223367 0.473316 0.223638 0.472948 0.223909 0.473316 0.223909 0.474052 0.224451 0.474052 0.224722 0.473684 0.225264 0.473684 0.225264 0.473316 0.225806 0.47258 0.226078 0.47258 0.22662 0.471844 0.226891 0.471844 0.227162 0.471476 0.227704 0.472212 0.227704 0.472948 0.229059 0.472948 0.22933 0.47258 0.229873 0.47258 0.230144 0.472212 0.230415 0.472212 0.230415 0.471476 0.230686 0.471108 0.230686 0.47074 0.230957 0.470372 0.231499 0.470372 0.23177 0.47074 0.23177 0.471108 0.232041 0.471476 0.232583 0.471476 0.232854 0.471108 0.233126 0.471108 0.233397 0.47074 0.23421 0.47074 0.234481 0.470372 0.234481 0.469636 0.23421 0.469268 0.23421 0.4689 0.234481 0.468531 0.234752 0.468531 0.235294 0.467795 0.235836 0.467795 0.236107 0.468163 0.236107 0.4689 0.236378 0.468531 0.236649 0.468531 0.236921 0.468163 0.237192 0.468531 0.237463 0.468531 0.237734 0.4689 0.237734 0.469268 0.238005 0.469268 0.238276 0.4689 0.238547 0.4689 0.238547 0.467795 0.238276 0.467427 0.238547 0.467059 0.238818 0.467059 0.239089 0.466691 0.239631 0.466691 0.239902 0.466323 0.240445 0.466323 0.240716 0.466691 0.241258 0.466691 0.2418 0.465955 0.242342 0.465955 0.242342 0.465587 0.242613 0.465219 0.243155 0.465219 0.243426 0.464851 0.24424 0.464851 0.244511 0.464483 0.245053 0.464483 0.245324 0.464115 0.245866 0.464115 0.245866 0.463379 0.245324 0.463379 0.245053 0.463747 0.24424 0.463747 0.243969 0.464115 0.243426 0.464115 0.243155 0.464483 0.242613 0.464483 0.242342 0.464851 0.2418 0.464851 0.241258 0.465587 0.240987 0.465587 0.240716 0.465955 0.240445 0.465955 0.240173 0.465587 0.239902 0.465587 0.239631 0.465955 0.238818 0.465955 0.238547 0.466323 0.238276 0.466323 0.238276 0.467059 0.237734 0.467795 0.237463 0.467795 0.237192 0.467427 0.237192 0.466691 0.236107 0.466691 0.235836 0.467059 0.235294 0.467059 0.235023 0.467427 0.234752 0.467427 0.23421 0.468163 0.233939 0.467795 0.233397 0.467795 0.233126 0.467427 0.233397 0.467059 0.233668 0.467059 0.233668 0.465955 0.233397 0.465587 0.233126 0.465587 0.232854 0.465219 0.233126 0.464851 0.233668 0.464851 0.233939 0.464483 0.234481 0.464483 0.234752 0.464115 0.235565 0.464115 0.235836 0.464483 0.235565 0.464851 0.235023 0.464851 0.234752 0.465219 0.235023 0.465587 0.235565 0.465587 0.235836 0.465955 0.236107 0.465587 0.236649 0.465587 0.236921 0.465219 0.237463 0.465219 0.238005 0.464483 0.238005 0.463747 0.237734 0.463747 0.237463 0.464115 0.236921 0.464115 0.236649 0.464483 0.235836 0.464483 0.235565 0.464115 0.235836 0.463747 0.236378 0.463747 0.236649 0.463379 0.236921 0.463379 0.237192 0.463011 0.237192 0.462643 0.237463 0.462275 0.237463 0.461907 0.237734 0.461538 0.238005 0.461907 0.239089 0.461907 0.23936 0.461538 0.239902 0.461538 0.240173 0.46117 0.240987 0.46117 0.241258 0.460802 0.241529 0.460802 0.2418 0.46117 0.241529 0.461538 0.241529 0.462643 0.241258 0.463011 0.240987 0.462643 0.240445 0.462643 0.240173 0.463011 0.239631 0.463011 0.23936 0.463379 0.238818 0.463379 0.238818 0.464115 0.23936 0.464115 0.239631 0.463747 0.240173 0.463747 0.240445 0.463379 0.241258 0.463379 0.241258 0.463011 0.241529 0.462643 0.2418 0.463011 0.242071 0.463011 0.242613 0.462275 0.242884 0.462275 0.243155 0.462643 0.243155 0.463011 0.243426 0.462643 0.243969 0.462643 0.24424 0.462275 0.244782 0.462275 0.245053 0.461907 0.245866 0.461907 0.246137 0.461538 0.246679 0.461538 0.247221 0.460802 0.247493 0.460802 0.248035 0.460066 0.248306 0.460066 0.248306 0.45933 0.248035 0.458962 0.248035 0.458594 0.248577 0.457858 0.249119 0.457858 0.24939 0.45749 0.249932 0.45749 0.250203 0.457122 0.251017 0.457122 0.251288 0.45749 0.251017 0.457858 0.250474 0.457858 0.250203 0.458226 0.249661 0.458226 0.249119 0.458962 0.249119 0.459698 0.24939 0.459698 0.249661 0.45933 0.251288 0.45933 0.251559 0.458962 0.252101 0.458962 0.252372 0.458594 0.252914 0.458594 0.253185 0.458226 0.253998 0.458226 0.253998 0.457858 0.254269 0.45749 0.255354 0.45749 0.255625 0.457858 0.255896 0.45749 0.256709 0.45749 0.256709 0.457122 0.25698 0.456754 0.257522 0.456754 0.257793 0.456386 0.258336 0.456386 0.258607 0.456018 0.25942 0.456018 0.259691 0.45565 0.259962 0.45565 0.259962 0.455282 0.260504 0.454545 0.262131 0.454545 0.262402 0.454177 0.262944 0.454177 0.263215 0.453809 0.263757 0.453809 0.264028 0.453441 0.264841 0.453441 0.265112 0.453073 0.265655 0.453073 0.265926 0.452705 0.266468 0.452705 0.266739 0.452337 0.267552 0.452337 0.267823 0.451969 0.268094 0.451969 0.268365 0.452337 0.268636 0.451969 0.269179 0.451969 0.26945 0.451601 0.269721 0.451601 0.269992 0.451969 0.270263 0.451969 0.270534 0.451601 0.271076 0.451601 0.271347 0.451233 0.271618 0.451233 0.27216 0.450497 0.272974 0.450497 0.273245 0.450129 0.273787 0.450129 0.274058 0.449761 0.274871 0.449761 0.275142 0.449393 0.275684 0.449393 0.275956 0.449025 0.276498 0.449025 0.276769 0.448657 0.278395 0.448657 0.278666 0.448289 0.279208 0.448289 0.27948 0.447921 0.280022 0.447921 0.280293 0.448289 0.280564 0.447921 0.280835 0.447921 0.281377 0.448657 0.281648 0.448289 0.28219 0.448289 0.282461 0.447921 0.283004 0.447921 0.283275 0.447552 0.283817 0.447552 0.283817 0.446816 0.284088 0.446448 0.284088 0.445712 0.284359 0.445344 0.28463 0.445344 0.284901 0.444976 0.285714 0.444976 0.285985 0.444608 0.286528 0.444608 0.286799 0.44424 0.287341 0.44424 0.287612 0.443872 0.287883 0.443872 0.288154 0.44424 0.288425 0.44424 0.288696 0.443872 0.290323 0.443872 0.290323 0.443504 0.290865 0.442768 0.291136 0.442768 0.291136 0.4424 0.291407 0.442032 0.291949 0.442032 0.29222 0.441664 0.292762 0.441664 0.293033 0.441296 0.293304 0.441664 0.293847 0.441664 0.294118 0.441296 0.29466 0.441296 0.294931 0.440927 0.295473 0.440927 0.295744 0.440559 0.296015 0.440927 0.296557 0.440927 0.296828 0.440559 0.297371 0.440559 0.297642 0.440191 0.298455 0.440191 0.298726 0.439823 0.299268 0.439823 0.299539 0.439455 0.300081 0.439455 0.300352 0.439087 0.301166 0.439087 0.301437 0.438719 0.301979 0.438719 0.30225 0.438351 0.302792 0.438351 0.303063 0.437983 0.303876 0.437983 0.304147 0.437615 0.30469 0.437615 0.304961 0.437247 0.305503 0.437247 0.305774 0.436879 0.306316 0.436879 0.306858 0.436143 0.3074 0.436143 0.307671 0.435775 0.308214 0.435775 0.308485 0.435407 0.309298 0.435407 0.309569 0.435039 0.30984 0.435039 0.310382 0.434303 0.310924 0.434303 0.310924 0.433934 0.311195 0.433566 0.311467 0.433566 0.312009 0.43283 0.312009 0.432094 0.31228 0.431726 0.312551 0.431726 0.312551 0.43099 0.313093 0.430254 0.313364 0.430254 0.313364 0.429886 0.313635 0.429518 0.313906 0.429886 0.314177 0.429886 0.314448 0.429518 0.315262 0.429518 0.315533 0.42915 0.316075 0.42915 0.316346 0.428782 0.316888 0.428782 0.317159 0.428414 0.317972 0.428414 0.318243 0.428046 0.318515 0.428414 0.318786 0.428414 0.319057 0.428046 0.31987 0.428046 0.320141 0.427678 0.320412 0.427678 0.320683 0.42731 0.323394 0.42731 0.323665 0.426941 0.324478 0.426941 0.324749 0.426573 0.325291 0.426573 0.325562 0.426205 0.326105 0.426205 0.326376 0.425837 0.327189 0.425837 0.32746 0.425469 0.328002 0.425469 0.328273 0.425101 0.328815 0.425101 0.329086 0.424733 0.329629 0.424733 0.330171 0.423997 0.330442 0.423997 0.330984 0.423261 0.331526 0.423261 0.331797 0.422893 0.332339 0.422893 0.33261 0.422525 0.333153 0.422525 0.333695 0.421789 0.334237 0.421789 0.334237 0.421421 0.334508 0.421053 0.33505 0.421053 0.335321 0.420685 0.336134 0.420685 0.336406 0.420317 0.336677 0.420685 0.336948 0.420685 0.337219 0.421053 0.337219 0.421421 0.338032 0.421421 0.338303 0.421053 0.338845 0.421053 0.339116 0.420685 0.339116 0.420317 0.339387 0.419948 0.339658 0.419948 0.33993 0.41958 0.340472 0.41958 0.340472 0.419212 0.340743 0.418844 0.341556 0.418844 0.341827 0.418476 0.342369 0.418476 0.34264 0.418108 0.343182 0.418108 0.343454 0.41774 0.34508 0.41774 0.345351 0.417372 0.346164 0.417372 0.346164 0.417004 0.346435 0.416636 0.346978 0.416636 0.347249 0.416268 0.34752 0.416636 0.347791 0.416636 0.348062 0.416268 0.348604 0.416268 0.349146 0.415532 0.349688 0.415532 0.35023 0.414796 0.351044 0.414796 0.351586 0.415532 0.351586 0.4159 0.351857 0.415532 0.352399 0.415532 0.35267 0.415164 0.352941 0.415164 0.353212 0.414796 0.353483 0.414796 0.353483 0.414428 0.353754 0.41406 0.354297 0.41406 0.354568 0.413692 0.354839 0.413692 0.355381 0.412955 0.355923 0.412955 0.356194 0.412587 0.356465 0.412587 0.356736 0.412219 0.357007 0.412587 0.357821 0.412587 0.358092 0.412219 0.358634 0.412219 0.358905 0.411851 0.359718 0.411851 0.359989 0.411483 0.36026 0.411483 0.360802 0.410747 0.361345 0.410747 0.361616 0.410379 0.362429 0.410379 0.3627 0.410011 0.362971 0.410379 0.363242 0.410379 0.363513 0.410011 0.364326 0.410011 0.364597 0.409643 0.364597 0.409275 0.364869 0.408907 0.36514 0.408907 0.365411 0.408539 0.365682 0.408539 0.365953 0.408907 0.366224 0.408539 0.366495 0.408539 0.366766 0.408907 0.367037 0.408907 0.367308 0.408539 0.367037 0.408171 0.367308 0.407803 0.36785 0.407803 0.368121 0.408171 0.368121 0.408907 0.368935 0.408907 0.369206 0.408539 0.369748 0.408539 0.370019 0.408171 0.37029 0.408171 0.370832 0.407435 0.371103 0.407435 0.37273 0.405226 0.373272 0.405226 0.373543 0.404858 0.374085 0.404858 0.374356 0.40449 0.374356 0.404122 0.374627 0.403754 0.374898 0.403754 0.374898 0.403386 0.374627 0.403018 0.375169 0.402282 0.37544 0.402282 0.375983 0.401546 0.376525 0.401546 0.376796 0.401178 0.377338 0.401178 0.377609 0.40081 0.378422 0.40081 0.378693 0.400442 0.379236 0.400442 0.379507 0.400074 0.380049 0.400074 0.38032 0.399706 0.381133 0.399706 0.381404 0.399338 0.381946 0.399338 0.382217 0.398969 0.383031 0.398969 0.383302 0.398601 0.384115 0.398601 0.384386 0.398969 0.384386 0.399706 0.384928 0.399706 0.385199 0.399338 0.385741 0.399338 0.386284 0.398601 0.386555 0.398601 0.387097 0.397865 0.387639 0.397865 0.38791 0.397497 0.388452 0.397497 0.388452 0.397129 0.388723 0.396761 0.389265 0.396761 0.389536 0.396393 0.390079 0.396393 0.39035 0.396025 0.391163 0.396025 0.391434 0.395657 0.391976 0.395657 0.392247 0.395289 0.392789 0.395289 0.39306 0.394921 0.393332 0.395289 0.393874 0.395289 0.394145 0.394921 0.394687 0.394921 0.394958 0.394553 0.395229 0.394921 0.395771 0.394921 0.396042 0.394553 0.397669 0.394553 0.39794 0.394185 0.398482 0.394185 0.398753 0.393817 0.399295 0.393817 0.399566 0.393449 0.40038 0.393449 0.400651 0.393081 0.401193 0.393081 0.401464 0.392713 0.402006 0.392713 0.402277 0.392344 0.40309 0.392344 0.403361 0.392713 0.403903 0.392713 0.404175 0.392344 0.404988 0.392344 0.405259 0.391976 0.405801 0.391976 0.406072 0.391608 0.406614 0.391608 0.406885 0.39124 0.407699 0.39124 0.40797 0.390872 0.408512 0.390872 0.408783 0.390504 0.409325 0.390504 0.409596 0.390136 0.410409 0.390136 0.41068 0.389768 0.411223 0.389768 0.411494 0.3894 0.412307 0.3894 0.412578 0.389032 0.41312 0.389032 0.413391 0.388664 0.413933 0.388664 0.414204 0.388296 0.415018 0.388296 0.415289 0.387928 0.415831 0.387928 0.416102 0.38756 0.416644 0.38756 0.416915 0.387192 0.417728 0.387192 0.417999 0.386824 0.418542 0.386824 0.418813 0.386456 0.419355 0.386456 0.419626 0.386088 0.420439 0.386088 0.42071 0.38572 0.421252 0.38572 0.421523 0.385351 0.422066 0.385351 0.422337 0.384983 0.42315 0.384983 0.423421 0.384615 0.423963 0.384615 0.424234 0.384247 0.424776 0.384247 0.425047 0.383879 0.425861 0.383879 0.426132 0.383511 0.426674 0.383511 0.426945 0.383143 0.427487 0.383143 0.427758 0.382775 0.428029 0.382775 0.428029 0.382407 0.428571 0.381671 0.428843 0.381671 0.429114 0.381303 0.429385 0.381303 0.429927 0.380567 0.429927 0.37799 0.429656 0.377622 0.429656 0.376886 0.429385 0.376518 0.429385 0.375782 0.429114 0.375414 0.429114 0.37431 0.428843 0.373942 0.428843 0.373206 0.428571 0.372838 0.428843 0.37247 0.428843 0.372102 0.428571 0.371734 0.428571 0.370629 0.4283 0.370261 0.4283 0.369525 0.428029 0.369157 0.428029 0.368421 0.427758 0.368053 0.427758 0.366949 0.427487 0.366581 0.427487 0.365845 0.427216 0.365477 0.427216 0.364741 0.426945 0.364372 0.426945 0.363268 0.426674 0.3629 0.426674 0.362164 0.426403 0.361796 0.426403 0.360692 0.426132 0.360324 0.426132 0.359588 0.425861 0.35922 0.425861 0.358484 0.42559 0.358116 0.425861 0.357748 0.425861 0.355907 0.42559 0.355539 0.42559 0.354803 0.425319 0.354803 0.425047 0.354435 0.424776 0.354435 0.424505 0.354067 0.424505 0.353699 0.424234 0.353331 0.424234 0.352227 0.423963 0.351859 0.423963 0.351123 0.423692 0.350755 0.423692 0.350386 0.423963 0.350018 0.423963 0.34965 0.423692 0.349282 0.423692 0.34781 0.423963 0.347442 0.423963 0.347074 0.423692 0.346706 0.423692 0.34597 0.423421 0.345602 0.423421 0.344866 0.42315 0.344498 0.42315 0.343393 0.422879 0.343025 0.422879 0.342289 0.422608 0.341921 0.422608 0.341185 0.422337 0.340817 0.422337 0.339713 0.422066 0.339713 0.421795 0.339345 0.421795 0.338609 0.421523 0.338241 0.421523 0.337505 0.421252 0.337137 0.421252 0.336032 0.42071 0.335296 0.42071 0.334928 0.420439 0.33456 0.420439 0.333824 0.420168 0.333456 0.42071 0.33272 0.42071 0.332352 0.420439 0.331984 0.420439 0.331248 0.420168 0.33088 0.420168 0.330144 0.419897 0.329775 0.419897 0.328671 0.419626 0.328303 0.419626 0.327567 0.419355 0.327199 0.419355 0.326095 0.419084 0.325727 0.419084 0.325359 0.418813 0.324991 0.418542 0.325359 0.417728 0.325359 0.417457 0.324991 0.417457 0.324255 0.416915 0.323519 0.416915 0.322782 0.416644 0.322414 0.416644 0.321678 0.416373 0.32131 0.416644 0.320942 0.417186 0.320942 0.417186 0.320206 0.417457 0.319838 0.417728 0.319838 0.417728 0.318734 0.417457 0.318366 0.417457 0.31763 0.417186 0.31763 0.416915 0.317262 0.416102 0.317262 0.415831 0.31763 0.415289 0.31763 0.415018 0.317998 0.414204 0.317998 0.413933 0.31763 0.414204 0.317262 0.414747 0.317262 0.414747 0.316894 0.414475 0.316526 0.414475 0.316158 0.413933 0.316158 0.413662 0.316526 0.413391 0.316526 0.412849 0.315789 0.412036 0.315789 0.412036 0.316526 0.412849 0.316526 0.413391 0.317262 0.413391 0.31763 0.413933 0.31763 0.414204 0.317998 0.413933 0.318366 0.413662 0.318366 0.41312 0.319102 0.412578 0.319102 0.412307 0.318734 0.412036 0.319102 0.411223 0.319102 0.410951 0.318734 0.41068 0.318734 0.410409 0.319102 0.410138 0.319102 0.409867 0.31947 0.408783 0.31947 0.408512 0.319838 0.408241 0.319838 0.408241 0.320206 0.408512 0.320574 0.408241 0.320942 0.406885 0.320942 0.406614 0.32131 0.406072 0.32131 0.406072 0.322046 0.405801 0.322414 0.404446 0.322414 0.404175 0.322782 0.403903 0.322414 0.403903 0.322046 0.403632 0.321678 0.403361 0.321678 0.40309 0.322046 0.402548 0.322046 0.402277 0.322414 0.402277 0.322782 0.402548 0.323151 0.402277 0.323519 0.401464 0.323519 0.401193 0.323887 0.400651 0.323887 0.400651 0.324255 0.40038 0.324623 0.400108 0.324255 0.400108 0.323887 0.399837 0.323887 0.399566 0.324255 0.399024 0.324255 0.398753 0.324623 0.399024 0.324991 0.398753 0.325359 0.398211 0.325359 0.39794 0.324991 0.397669 0.325359 0.397398 0.325359 0.397398 0.326095 0.397127 0.326463 0.397127 0.326831 0.396856 0.327199 0.396584 0.327199 0.396313 0.326831 0.396042 0.326831 0.395771 0.326463 0.395229 0.326463 0.394958 0.326831 0.394687 0.326831 0.394958 0.327199 0.394687 0.327567 0.393603 0.327567 0.393332 0.327199 0.392789 0.327199 0.392518 0.326831 0.392247 0.326831 0.391705 0.326095 0.391705 0.325359 0.391434 0.324991 0.391434 0.324255 0.391163 0.324255 0.390892 0.323887 0.390892 0.322782 0.390621 0.322414 0.390621 0.321678 0.39035 0.32131 0.39035 0.320574 0.390079 0.320206 0.390079 0.319102 0.389808 0.318734 0.389808 0.317998 0.389536 0.31763 0.389536 0.316894 0.389265 0.316526 0.389265 0.315421 0.388723 0.314685 0.388723 0.314317 0.388181 0.313581 0.388181 0.313213 0.387639 0.313213 0.387097 0.312477 0.387097 0.312109 0.386826 0.311741 0.386826 0.311005 0.386555 0.311005 0.386284 0.310637 0.386284 0.309901 0.386826 0.309165 0.387368 0.309165 0.387368 0.308428 0.386284 0.308428 0.386012 0.30806 0.386012 0.307692
