0 0.552705 0.444763 0.552396 0.445023 0.552396 0.445284 0.552705 0.445545 0.553014 0.445545 0.553014 0.445284 0.553323 0.445023 0.553323 0.444763
0 0.29119 0.336634 0.29119 0.336894 0.290881 0.337155 0.290881 0.337415 0.29119 0.337415 0.291499 0.337676 0.291808 0.337676 0.291808 0.337415 0.292117 0.337155 0.291808 0.336894 0.291499 0.336894
0 0.297063 0.326212 0.297063 0.326472 0.296754 0.326733 0.296445 0.326733 0.296445 0.327254 0.296754 0.327254 0.297063 0.327514 0.297372 0.327254 0.297372 0.326993 0.297682 0.326733 0.297682 0.326472 0.297372 0.326472
0 0.44544 0.315008 0.44544 0.315529 0.44575 0.315529 0.446059 0.315789 0.446368 0.315789 0.446677 0.315529 0.446368 0.315268 0.446059 0.315268 0.44575 0.315008
0 0.434312 0.310578 0.434312 0.3111 0.434621 0.3111 0.43493 0.31136 0.43524 0.3111 0.43524 0.310839 0.43493 0.310578
0 0.431839 0.309536 0.431839 0.310057 0.432148 0.310057 0.432457 0.310318 0.432767 0.310057 0.432767 0.309797 0.432457 0.309797 0.432148 0.309536
0 0.428748 0.308233 0.428748 0.308494 0.428439 0.308755 0.428439 0.309276 0.429057 0.309276 0.429057 0.309015 0.429366 0.308755 0.429366 0.308494 0.429057 0.308233
0 0.405873 0.299896 0.405564 0.300156 0.405564 0.300677 0.405873 0.300677 0.406182 0.300938 0.406491 0.300677 0.406491 0.300417 0.406801 0.300156 0.406491 0.300156 0.406182 0.299896
0 0.404328 0.298332 0.404328 0.298593 0.404019 0.298854 0.404019 0.299114 0.403709 0.299375 0.403709 0.299635 0.404946 0.299635 0.405255 0.299375 0.405255 0.299114 0.405564 0.298854 0.405255 0.298854 0.404946 0.298593 0.404637 0.298593
0 0.37898 0.289474 0.378671 0.289734 0.37898 0.289995 0.379289 0.289995 0.379598 0.290255 0.379907 0.290255 0.379907 0.289995 0.380216 0.289734 0.379598 0.289734 0.379289 0.289474
0 0.330139 0.209484 0.330139 0.209745 0.32983 0.210005 0.32983 0.210266 0.329521 0.210526 0.329521 0.211308 0.32983 0.211308 0.330139 0.211047 0.330139 0.210787 0.330448 0.210526 0.330448 0.210266 0.330757 0.210005 0.330757 0.209745 0.330448 0.209484
0 0.408655 0.127671 0.408655 0.127931 0.408346 0.128192 0.408655 0.128452 0.408964 0.128452 0.409274 0.128713 0.409274 0.128452 0.409583 0.128192 0.409583 0.127931 0.409274 0.127671
0 0.369088 0.106826 0.369088 0.107087 0.368779 0.107348 0.368779 0.107608 0.36847 0.107869 0.36847 0.108129 0.368161 0.10839 0.36847 0.10865 0.368161 0.108911 0.36847 0.109171 0.368779 0.109171 0.369088 0.109432 0.368779 0.109693 0.368779 0.109953 0.36847 0.110214 0.368779 0.110474 0.36847 0.110735 0.368161 0.110735 0.367852 0.110474 0.367233 0.110474 0.367233 0.111256 0.367543 0.111256 0.367852 0.111516 0.367543 0.111777 0.367543 0.112298 0.367852 0.112298 0.368161 0.112559 0.368161 0.112819 0.367852 0.11308 0.367543 0.11308 0.367543 0.11334 0.367233 0.113601 0.366924 0.113601 0.366924 0.113861 0.366615 0.114122 0.366306 0.113861 0.366306 0.11308 0.365997 0.11308 0.365688 0.112819 0.365379 0.112819 0.36507 0.11308 0.36507 0.113601 0.365379 0.113601 0.365688 0.113861 0.365997 0.113861 0.366306 0.114122 0.366306 0.114382 0.365688 0.114904 0.365379 0.114904 0.36507 0.114643 0.36476 0.114904 0.36476 0.115164 0.364451 0.115425 0.364451 0.115685 0.364142 0.115946 0.363524 0.115946 0.363524 0.116206 0.363215 0.116467 0.363215 0.116727 0.362906 0.116988 0.362906 0.117249 0.362597 0.117509 0.362906 0.11777 0.362906 0.118551 0.362597 0.118812 0.362287 0.118812 0.361978 0.118551 0.361978 0.119072 0.361669 0.119333 0.361669 0.119594 0.36136 0.119854 0.36136 0.120636 0.360433 0.121417 0.360433 0.121678 0.360124 0.121939 0.360124 0.12272 0.359815 0.122981 0.359815 0.123502 0.359505 0.123762 0.359196 0.123762 0.358887 0.124023 0.358887 0.124544 0.358578 0.124805 0.358578 0.125065 0.358269 0.125326 0.358269 0.125586 0.35796 0.125847 0.35796 0.126107 0.357651 0.126368 0.357651 0.126628 0.357342 0.126889 0.357342 0.12715 0.357032 0.12741 0.357032 0.127671 0.356723 0.127931 0.356723 0.128192 0.356414 0.128452 0.356414 0.128713 0.356105 0.128973 0.356105 0.129234 0.355796 0.129495 0.355796 0.130016 0.355487 0.130276 0.355487 0.130537 0.355178 0.130797 0.355178 0.131058 0.354869 0.131318 0.354869 0.131579 0.35456 0.131839 0.354869 0.1321 0.35456 0.132361 0.35425 0.132361 0.35425 0.132621 0.353941 0.132882 0.353941 0.133142 0.353632 0.133403 0.353632 0.133663 0.353323 0.133924 0.353323 0.134184 0.353014 0.134445 0.353014 0.134706 0.352705 0.134966 0.352705 0.135487 0.352396 0.135748 0.352396 0.136008 0.352087 0.136269 0.352087 0.136529 0.351777 0.13679 0.351777 0.137051 0.351468 0.137311 0.351468 0.137572 0.351159 0.137832 0.351159 0.138093 0.35085 0.138353 0.35085 0.138614 0.350541 0.138874 0.350541 0.139135 0.350232 0.139396 0.350232 0.139656 0.349923 0.139917 0.349923 0.140177 0.349614 0.140438 0.349614 0.140959 0.349304 0.141219 0.349304 0.14148 0.348995 0.14174 0.348995 0.142001 0.348686 0.142262 0.348686 0.142522 0.348377 0.142783 0.348377 0.143043 0.348068 0.143304 0.348068 0.143564 0.347759 0.143825 0.347759 0.144085 0.34745 0.144346 0.34745 0.144607 0.347141 0.144867 0.347141 0.145128 0.346832 0.145388 0.346832 0.145649 0.346522 0.145909 0.346522 0.14643 0.346213 0.146691 0.346213 0.146952 0.345904 0.147212 0.345904 0.147473 0.345595 0.147733 0.345595 0.147994 0.345286 0.148254 0.345286 0.148515 0.344977 0.148775 0.344977 0.149036 0.344668 0.149297 0.344668 0.149557 0.344359 0.149818 0.344359 0.150078 0.344049 0.150339 0.344049 0.150599 0.34374 0.15086 0.34374 0.15112 0.343431 0.151381 0.343431 0.151902 0.343122 0.152163 0.343122 0.152423 0.342813 0.152684 0.342813 0.152944 0.342504 0.153205 0.342504 0.153465 0.342195 0.153726 0.342195 0.153986 0.341886 0.154247 0.341886 0.154508 0.341577 0.154768 0.342195 0.155289 0.341577 0.15581 0.340958 0.15581 0.340958 0.156071 0.340649 0.156331 0.340649 0.156592 0.340958 0.156592 0.341267 0.156853 0.342195 0.156853 0.343122 0.157634 0.343431 0.157634 0.34374 0.157895 0.34374 0.158155 0.344049 0.158155 0.344359 0.158416 0.344668 0.158416 0.344977 0.158676 0.345595 0.158676 0.345904 0.158937 0.346213 0.158937 0.346522 0.159197 0.346832 0.159197 0.347141 0.159458 0.34745 0.159458 0.347759 0.159719 0.348068 0.159719 0.348377 0.159979 0.348686 0.159979 0.348995 0.16024 0.349304 0.16024 0.349614 0.1605 0.349923 0.1605 0.350232 0.160761 0.350541 0.160761 0.35085 0.161021 0.351159 0.161021 0.351468 0.161282 0.352087 0.161282 0.352396 0.161542 0.352705 0.161542 0.353014 0.161803 0.353323 0.161803 0.353632 0.162064 0.353941 0.162064 0.35425 0.162324 0.35456 0.162324 0.354869 0.162585 0.355178 0.162585 0.355487 0.162845 0.355796 0.162845 0.356414 0.163366 0.356105 0.163627 0.356105 0.163887 0.355796 0.164148 0.355796 0.164409 0.355487 0.164669 0.355487 0.16493 0.355178 0.16519 0.355178 0.165451 0.354869 0.165711 0.354869 0.165972 0.35456 0.166232 0.35456 0.166493 0.35425 0.166754 0.35425 0.167275 0.353941 0.167535 0.353941 0.167796 0.353632 0.168056 0.353632 0.168317 0.353323 0.168577 0.353323 0.168838 0.353014 0.169098 0.353014 0.169359 0.352705 0.16962 0.352705 0.16988 0.352396 0.170141 0.352396 0.170401 0.352087 0.170662 0.352087 0.170922 0.351777 0.171183 0.351777 0.171443 0.351468 0.171704 0.351468 0.171965 0.351159 0.172225 0.351159 0.172746 0.35085 0.173007 0.35085 0.173267 0.350541 0.173528 0.350541 0.173788 0.350232 0.174049 0.350232 0.17431 0.349923 0.17457 0.349923 0.174831 0.349614 0.175091 0.349614 0.175352 0.349304 0.175612 0.349304 0.175873 0.348995 0.176133 0.348995 0.176394 0.348686 0.176655 0.348686 0.176915 0.348377 0.177176 0.348377 0.177436 0.348068 0.177697 0.348068 0.178218 0.347759 0.178478 0.347759 0.17926 0.34745 0.179521 0.34745 0.179781 0.347141 0.180042 0.347141 0.180302 0.346832 0.180563 0.346832 0.180823 0.346522 0.181084 0.346522 0.181344 0.346213 0.181605 0.346213 0.181866 0.345904 0.182126 0.345904 0.183168 0.345595 0.183429 0.345595 0.183689 0.345286 0.18395 0.345286 0.184211 0.344977 0.184471 0.344977 0.184732 0.344668 0.184992 0.344668 0.185253 0.344359 0.185513 0.344359 0.185774 0.344049 0.186034 0.344049 0.186295 0.34374 0.186555 0.34374 0.187077 0.343431 0.187337 0.343431 0.187598 0.343122 0.187858 0.343122 0.188119 0.342813 0.188379 0.342813 0.18864 0.342504 0.1889 0.342504 0.189161 0.342195 0.189422 0.342195 0.189682 0.341886 0.189943 0.341267 0.189943 0.341267 0.190203 0.340958 0.190464 0.340958 0.190724 0.340649 0.190985 0.340649 0.191245 0.34034 0.191506 0.34034 0.191767 0.340031 0.192027 0.340649 0.192548 0.34034 0.192809 0.34034 0.193069 0.340031 0.19333 0.340031 0.19359 0.339722 0.193851 0.340031 0.194112 0.339722 0.194372 0.339722 0.194633 0.339413 0.194893 0.339413 0.195154 0.339104 0.195414 0.339104 0.195675 0.338794 0.195935 0.338794 0.196196 0.338485 0.196456 0.338485 0.196978 0.338176 0.197238 0.338176 0.197499 0.337867 0.197759 0.337867 0.19802 0.337558 0.19828 0.337558 0.198541 0.337249 0.198801 0.337249 0.199062 0.33694 0.199323 0.33694 0.199583 0.336631 0.199844 0.336631 0.200104 0.336321 0.200365 0.336321 0.200625 0.336012 0.200886 0.336012 0.201146 0.335703 0.201407 0.335703 0.201668 0.335394 0.201928 0.335085 0.201928 0.334776 0.201668 0.334467 0.201928 0.334467 0.202189 0.334158 0.202449 0.334158 0.20271 0.334467 0.20271 0.335085 0.203231 0.335085 0.203491 0.334776 0.203752 0.334776 0.204013 0.334467 0.204273 0.334158 0.204013 0.334158 0.203752 0.333849 0.203752 0.333539 0.203491 0.333539 0.203752 0.33323 0.204013 0.33323 0.204273 0.332921 0.204534 0.332921 0.205055 0.33323 0.205315 0.333539 0.205055 0.333849 0.205315 0.333849 0.205576 0.333539 0.205836 0.333539 0.206097 0.33323 0.206357 0.33323 0.206879 0.332921 0.207139 0.332921 0.2074 0.332612 0.20766 0.332612 0.207921 0.332303 0.208181 0.332303 0.208442 0.331994 0.208702 0.331994 0.208963 0.331685 0.209224 0.331685 0.209484 0.331376 0.209745 0.331685 0.210005 0.331376 0.210266 0.331376 0.210787 0.331066 0.211047 0.331066 0.211308 0.330757 0.211569 0.330757 0.211829 0.330448 0.21209 0.330448 0.21235 0.330139 0.212611 0.330139 0.212871 0.32983 0.213132 0.329521 0.212871 0.329521 0.21209 0.329212 0.211829 0.328903 0.211829 0.328903 0.21209 0.328594 0.21235 0.328594 0.213132 0.328284 0.213392 0.327975 0.213392 0.327975 0.213653 0.327666 0.213913 0.327666 0.214174 0.327975 0.214435 0.327666 0.214695 0.327357 0.214695 0.327048 0.214956 0.327048 0.215998 0.326121 0.21678 0.326121 0.217301 0.32643 0.217301 0.326739 0.217561 0.326739 0.217301 0.327048 0.21704 0.327048 0.21678 0.327357 0.216519 0.327357 0.216258 0.327666 0.215998 0.327666 0.215737 0.327975 0.215477 0.328284 0.215737 0.328284 0.216258 0.327975 0.216519 0.327975 0.21678 0.327666 0.21704 0.327666 0.217301 0.327357 0.217561 0.327357 0.217822 0.327048 0.218082 0.327048 0.218343 0.326739 0.218603 0.326121 0.218082 0.326121 0.217822 0.325502 0.217822 0.325502 0.218082 0.325193 0.218343 0.325502 0.218603 0.325502 0.219125 0.325193 0.219385 0.324884 0.219385 0.324266 0.219906 0.324266 0.220167 0.323957 0.220427 0.323957 0.220688 0.323648 0.220948 0.324266 0.22147 0.323957 0.22173 0.323648 0.22173 0.323648 0.221991 0.32272 0.222772 0.32272 0.223033 0.322411 0.223293 0.322411 0.224075 0.322102 0.224336 0.322102 0.224596 0.321793 0.224857 0.321793 0.225117 0.321484 0.225378 0.321484 0.225899 0.321175 0.226159 0.320866 0.225899 0.320866 0.226159 0.320556 0.22642 0.320556 0.226681 0.320247 0.226941 0.320247 0.227983 0.319938 0.228244 0.319938 0.228504 0.319629 0.228765 0.319629 0.229026 0.31932 0.229286 0.31932 0.229547 0.319011 0.229807 0.319011 0.230068 0.318702 0.230328 0.318702 0.230589 0.318393 0.230849 0.318393 0.23111 0.318083 0.231371 0.318083 0.231631 0.318393 0.231892 0.318393 0.232152 0.318083 0.232413 0.317774 0.232152 0.317465 0.232152 0.317156 0.232413 0.317465 0.232673 0.317774 0.232673 0.318083 0.232934 0.318393 0.232934 0.318702 0.233194 0.319011 0.232934 0.31932 0.232934 0.319629 0.232673 0.319938 0.232673 0.320247 0.232934 0.320247 0.233194 0.320556 0.233455 0.320247 0.233715 0.320247 0.233976 0.319938 0.234237 0.319938 0.234497 0.319629 0.234758 0.319629 0.235018 0.319938 0.235018 0.320247 0.235279 0.320556 0.235279 0.320866 0.235539 0.321175 0.235539 0.321484 0.2358 0.321793 0.2358 0.322102 0.23606 0.322411 0.23606 0.32272 0.236321 0.323338 0.236321 0.323648 0.236582 0.323957 0.236582 0.324266 0.236842 0.324575 0.236842 0.324884 0.237103 0.325193 0.237103 0.325502 0.237363 0.325811 0.237363 0.326121 0.237624 0.32643 0.237624 0.326739 0.237884 0.327048 0.237884 0.327357 0.238145 0.327666 0.238145 0.327975 0.238405 0.328284 0.238405 0.328594 0.238666 0.328903 0.238666 0.329212 0.238927 0.32983 0.238927 0.330139 0.239187 0.330448 0.239187 0.330757 0.239448 0.331066 0.239448 0.331376 0.239708 0.331685 0.239708 0.331994 0.239969 0.332303 0.239969 0.332612 0.240229 0.332921 0.240229 0.33323 0.24049 0.333539 0.24049 0.333849 0.24075 0.334158 0.24075 0.334467 0.241011 0.334776 0.241011 0.335085 0.241271 0.335394 0.241271 0.335703 0.241532 0.336321 0.241532 0.336631 0.241793 0.33694 0.241793 0.337249 0.242053 0.337558 0.242053 0.337867 0.242314 0.338176 0.242314 0.338485 0.242574 0.338794 0.242574 0.339104 0.242835 0.339413 0.242835 0.339722 0.243095 0.340031 0.243095 0.34034 0.243356 0.340649 0.243356 0.340958 0.243616 0.341267 0.243616 0.341577 0.243877 0.341886 0.243877 0.342195 0.244138 0.342813 0.244138 0.343122 0.244398 0.343431 0.244398 0.34374 0.244659 0.344049 0.244659 0.344359 0.244919 0.344668 0.244919 0.344977 0.24518 0.345286 0.24518 0.345595 0.24544 0.345904 0.24544 0.346213 0.245701 0.346522 0.245701 0.346832 0.245961 0.347141 0.245961 0.34745 0.246222 0.347759 0.246222 0.348068 0.246483 0.348377 0.246483 0.348686 0.246743 0.349304 0.246743 0.349614 0.247004 0.349923 0.247004 0.350232 0.247264 0.350541 0.247264 0.35085 0.247525 0.351159 0.247525 0.351468 0.247785 0.351777 0.247785 0.352396 0.248306 0.352396 0.248567 0.352087 0.248828 0.352087 0.249088 0.351777 0.249349 0.351777 0.249609 0.351468 0.24987 0.351468 0.25013 0.35085 0.250651 0.350541 0.250651 0.350232 0.250391 0.349923 0.250391 0.349614 0.25013 0.349304 0.25013 0.348995 0.24987 0.348686 0.24987 0.348377 0.249609 0.348068 0.249609 0.347759 0.249349 0.34745 0.249349 0.347141 0.249088 0.346832 0.249088 0.346522 0.248828 0.346213 0.248828 0.345904 0.248567 0.345595 0.248567 0.345286 0.248306 0.344977 0.248306 0.344668 0.248046 0.344049 0.248046 0.34374 0.247785 0.343431 0.247785 0.343122 0.247525 0.342813 0.247525 0.342504 0.247264 0.342195 0.247264 0.341886 0.247004 0.341577 0.247004 0.341267 0.246743 0.340958 0.246743 0.340649 0.246483 0.34034 0.246483 0.340031 0.246222 0.339722 0.246222 0.339413 0.245961 0.339104 0.245961 0.338794 0.245701 0.338485 0.245701 0.338176 0.24544 0.337558 0.24544 0.337249 0.24518 0.33694 0.24518 0.336631 0.244919 0.336321 0.244919 0.336012 0.244659 0.335703 0.244659 0.335394 0.244398 0.335085 0.244398 0.334776 0.244138 0.334467 0.244138 0.334158 0.243877 0.333849 0.243877 0.333539 0.243616 0.33323 0.243616 0.332921 0.243356 0.332612 0.243356 0.332303 0.243095 0.331994 0.243095 0.331685 0.242835 0.331066 0.242835 0.330757 0.242574 0.330448 0.242574 0.330139 0.242314 0.32983 0.242314 0.329521 0.242053 0.329212 0.242053 0.328903 0.241793 0.328594 0.241793 0.328284 0.241532 0.327975 0.241532 0.327666 0.241271 0.327357 0.241271 0.327048 0.241011 0.326739 0.241011 0.32643 0.24075 0.326121 0.24075 0.325811 0.24049 0.325502 0.24049 0.325193 0.240229 0.324575 0.240229 0.324266 0.239969 0.323957 0.239969 0.323648 0.239708 0.323338 0.239708 0.323029 0.239448 0.32272 0.239448 0.322411 0.239187 0.322102 0.239187 0.321793 0.238927 0.321484 0.238927 0.321175 0.238666 0.320866 0.238666 0.320556 0.238405 0.320247 0.238405 0.319938 0.238145 0.319629 0.238145 0.31932 0.237884 0.319011 0.237884 0.318702 0.237624 0.318083 0.237624 0.317774 0.237363 0.317465 0.237363 0.317156 0.237103 0.316847 0.237103 0.316538 0.236842 0.316229 0.236842 0.31592 0.236582 0.315611 0.236582 0.315301 0.236321 0.314992 0.236321 0.314683 0.23606 0.314374 0.23606 0.314065 0.2358 0.313756 0.2358 0.313447 0.235539 0.313138 0.235539 0.312828 0.235279 0.312519 0.235279 0.31221 0.235018 0.311901 0.235018 0.311592 0.234758 0.310974 0.234758 0.310665 0.234497 0.310355 0.234497 0.310046 0.234237 0.309737 0.234237 0.309428 0.233976 0.309119 0.233976 0.30881 0.233715 0.308501 0.233715 0.308192 0.233455 0.307883 0.233455 0.307573 0.233194 0.307264 0.233455 0.306955 0.233194 0.306337 0.233194 0.306028 0.233455 0.305719 0.233455 0.30541 0.233194 0.30541 0.232934 0.3051 0.232673 0.30541 0.232413 0.3051 0.232152 0.304482 0.232152 0.304173 0.231892 0.303864 0.231892 0.303555 0.231631 0.303555 0.231892 0.303246 0.232152 0.303246 0.232673 0.302937 0.232934 0.302937 0.233194 0.302628 0.233455 0.302628 0.233976 0.302009 0.234497 0.302009 0.234758 0.3017 0.235018 0.3017 0.235279 0.301391 0.235539 0.301391 0.2358 0.301082 0.23606 0.301082 0.236321 0.300773 0.236582 0.300773 0.236842 0.301082 0.237103 0.300773 0.237363 0.300773 0.237624 0.300464 0.237884 0.300773 0.238145 0.300464 0.238405 0.299845 0.238405 0.299845 0.238666 0.299536 0.238927 0.299536 0.239187 0.299227 0.239448 0.299227 0.239708 0.298918 0.239969 0.298918 0.240229 0.298609 0.24049 0.298609 0.241011 0.298918 0.241011 0.299227 0.241271 0.299227 0.242314 0.298609 0.242835 0.298609 0.243095 0.2983 0.243356 0.2983 0.243616 0.298609 0.243877 0.2983 0.244138 0.2983 0.244659 0.298609 0.244659 0.298918 0.244919 0.299227 0.244919 0.299536 0.24518 0.299845 0.24518 0.300155 0.24544 0.300155 0.245701 0.300773 0.246222 0.301082 0.246222 0.3017 0.246743 0.3017 0.247004 0.302009 0.247264 0.302318 0.247004 0.302628 0.247004 0.302937 0.246743 0.303246 0.247004 0.303246 0.247525 0.302937 0.247785 0.302628 0.247785 0.302628 0.248306 0.302318 0.248567 0.302318 0.248828 0.302937 0.248828 0.302937 0.248567 0.303246 0.248306 0.303246 0.248046 0.303555 0.247785 0.303864 0.248046 0.303864 0.248306 0.304173 0.248567 0.303864 0.248828 0.304173 0.248828 0.304482 0.249088 0.304791 0.249088 0.30541 0.248567 0.305719 0.248567 0.306028 0.248828 0.306337 0.248828 0.306646 0.249088 0.306955 0.249088 0.307264 0.249349 0.307573 0.249088 0.308192 0.249088 0.308501 0.249349 0.308501 0.24987 0.30881 0.24987 0.309119 0.25013 0.309119 0.250651 0.30881 0.250912 0.30881 0.251172 0.309119 0.251172 0.309428 0.251433 0.309737 0.251433 0.309737 0.251172 0.310046 0.250912 0.310046 0.250651 0.309737 0.250391 0.310046 0.25013 0.310046 0.24987 0.310355 0.249609 0.311283 0.250391 0.311592 0.250391 0.31221 0.250912 0.31221 0.251694 0.312828 0.251694 0.313447 0.251172 0.313756 0.251433 0.313756 0.252215 0.314065 0.252475 0.314065 0.252736 0.314374 0.252736 0.314683 0.252996 0.314683 0.253778 0.314992 0.253778 0.315301 0.254039 0.315611 0.253778 0.315611 0.253517 0.316229 0.252996 0.316538 0.252996 0.316847 0.253257 0.316847 0.253778 0.317156 0.254039 0.316847 0.254299 0.316847 0.25456 0.317156 0.25482 0.317465 0.25482 0.317774 0.255081 0.318083 0.255081 0.318702 0.25456 0.319011 0.25456 0.31932 0.25482 0.320556 0.25482 0.321175 0.255341 0.321175 0.255602 0.321793 0.256123 0.322102 0.256123 0.322411 0.256384 0.323029 0.256384 0.323648 0.256905 0.323648 0.257426 0.323957 0.257426 0.324266 0.257686 0.324575 0.257686 0.324884 0.257947 0.325193 0.257947 0.325502 0.258207 0.325811 0.258207 0.326121 0.258468 0.32643 0.258207 0.32643 0.257947 0.327048 0.257426 0.327357 0.257686 0.327666 0.257686 0.327975 0.257947 0.328284 0.257686 0.328594 0.257947 0.328903 0.257947 0.329212 0.258207 0.329212 0.258468 0.329521 0.258468 0.32983 0.258729 0.330139 0.258468 0.330448 0.258729 0.330448 0.25951 0.330139 0.259771 0.330139 0.260031 0.330448 0.260031 0.330757 0.260292 0.331066 0.260292 0.331376 0.260552 0.331685 0.260292 0.331994 0.260292 0.332612 0.260813 0.332612 0.261073 0.33323 0.261073 0.333539 0.261334 0.333539 0.261595 0.333849 0.261855 0.333849 0.262116 0.333539 0.262376 0.333539 0.262637 0.33323 0.262897 0.33323 0.263158 0.332921 0.263418 0.332921 0.263679 0.332612 0.26394 0.332612 0.264721 0.332303 0.264982 0.331994 0.264982 0.331994 0.265242 0.331685 0.265503 0.331685 0.265763 0.331376 0.266024 0.331376 0.266285 0.331685 0.266545 0.331376 0.266806 0.331376 0.267066 0.331066 0.267327 0.331066 0.267587 0.330757 0.267848 0.330757 0.268108 0.330448 0.268369 0.330448 0.268629 0.32983 0.269151 0.329521 0.26889 0.329212 0.26889 0.328903 0.269151 0.329212 0.269411 0.329212 0.269672 0.328903 0.269932 0.328903 0.270193 0.328594 0.270453 0.328284 0.270453 0.328284 0.270714 0.327975 0.270974 0.328284 0.270974 0.328594 0.271235 0.328903 0.270974 0.329212 0.270974 0.329521 0.271235 0.328903 0.271756 0.328903 0.272017 0.328594 0.272277 0.328594 0.272538 0.328284 0.272798 0.328284 0.273059 0.327975 0.273319 0.327975 0.273841 0.327357 0.274362 0.326739 0.273841 0.32643 0.273841 0.326121 0.274101 0.326121 0.274883 0.32643 0.275143 0.326121 0.275404 0.326121 0.276446 0.32643 0.276707 0.32643 0.276967 0.327048 0.277488 0.327357 0.277488 0.327666 0.277749 0.328594 0.277749 0.328903 0.278009 0.329212 0.278009 0.329521 0.27827 0.329521 0.278791 0.330139 0.278791 0.330448 0.279052 0.330139 0.279312 0.330139 0.279573 0.330448 0.279833 0.330757 0.279833 0.331066 0.280094 0.331066 0.280615 0.331376 0.280875 0.331066 0.281136 0.330757 0.281136 0.330757 0.281397 0.330448 0.281657 0.330448 0.281918 0.330139 0.282178 0.330139 0.282439 0.32983 0.282699 0.330139 0.28296 0.330139 0.28322 0.32983 0.283481 0.32983 0.283742 0.329521 0.284002 0.329521 0.284263 0.329212 0.284523 0.329212 0.284784 0.328903 0.285044 0.328903 0.285305 0.328594 0.285565 0.328594 0.285826 0.328284 0.286087 0.328284 0.286347 0.327975 0.286608 0.327975 0.286868 0.327666 0.287129 0.327666 0.287389 0.327357 0.28765 0.327357 0.28791 0.327048 0.288171 0.327048 0.288692 0.326739 0.288953 0.326739 0.289213 0.32643 0.289474 0.32643 0.289995 0.326739 0.290255 0.326121 0.290776 0.325811 0.290516 0.325811 0.290776 0.325502 0.291037 0.325502 0.291298 0.325193 0.291558 0.325193 0.291819 0.324575 0.29234 0.324266 0.29234 0.323957 0.2926 0.323029 0.2926 0.32272 0.292861 0.32272 0.293121 0.322411 0.293382 0.322102 0.293382 0.321793 0.293121 0.321793 0.292861 0.321484 0.292861 0.321175 0.293121 0.319938 0.293121 0.319938 0.293382 0.319629 0.293643 0.31932 0.293382 0.318702 0.293382 0.318083 0.292861 0.317774 0.292861 0.317465 0.293121 0.317156 0.293121 0.317156 0.293382 0.316847 0.293643 0.316847 0.293903 0.317156 0.293903 0.317465 0.294164 0.317156 0.294424 0.317156 0.294685 0.316847 0.294945 0.316847 0.295206 0.316229 0.295727 0.31592 0.295466 0.315611 0.295727 0.315611 0.296769 0.315301 0.29703 0.315301 0.297811 0.314992 0.298072 0.314992 0.298332 0.314683 0.298593 0.314683 0.298854 0.313756 0.299635 0.313756 0.299896 0.312828 0.300677 0.312828 0.300938 0.312519 0.301199 0.312519 0.301459 0.31221 0.30172 0.31221 0.302501 0.312519 0.302762 0.31221 0.303022 0.311592 0.303022 0.311592 0.303283 0.311283 0.303544 0.311283 0.303804 0.310974 0.304065 0.310974 0.304325 0.311283 0.304586 0.311283 0.304846 0.311592 0.305107 0.311283 0.305367 0.311283 0.305628 0.310974 0.305888 0.310974 0.306149 0.310665 0.30641 0.310665 0.30667 0.310355 0.306931 0.310046 0.306931 0.310046 0.307191 0.309737 0.307452 0.309737 0.307712 0.309428 0.307973 0.309119 0.307973 0.309119 0.308233 0.30881 0.308494 0.30881 0.309276 0.308501 0.309536 0.308501 0.309797 0.308192 0.310057 0.308192 0.310318 0.307883 0.310578 0.307883 0.3111 0.307573 0.31136 0.307573 0.311621 0.307264 0.311881 0.307264 0.312663 0.306955 0.312923 0.306646 0.312923 0.306646 0.313184 0.306337 0.313445 0.305719 0.313445 0.305719 0.313705 0.30541 0.313966 0.30541 0.314226 0.305719 0.314487 0.305719 0.315529 0.304791 0.316311 0.304791 0.317092 0.304482 0.317353 0.304482 0.317613 0.304173 0.317874 0.304482 0.318134 0.304173 0.318395 0.304173 0.318656 0.303864 0.318916 0.303246 0.318916 0.303246 0.319177 0.302937 0.319437 0.302937 0.319698 0.302628 0.319958 0.302937 0.320219 0.302628 0.320479 0.302628 0.321001 0.302318 0.321261 0.302318 0.321522 0.302009 0.321782 0.3017 0.321782 0.3017 0.322043 0.301391 0.322303 0.3017 0.322564 0.301391 0.322824 0.301391 0.323085 0.301082 0.323345 0.301082 0.323606 0.300773 0.323867 0.300773 0.324127 0.299845 0.324909 0.299845 0.325169 0.299536 0.32543 0.298918 0.32543 0.298918 0.32569 0.298609 0.325951 0.298918 0.326212 0.299227 0.326212 0.299536 0.325951 0.299845 0.326212 0.299845 0.326472 0.299536 0.326733 0.299536 0.326993 0.299227 0.327254 0.299227 0.327514 0.298918 0.327775 0.298609 0.327775 0.297991 0.328296 0.297682 0.328296 0.297372 0.328557 0.297063 0.328296 0.296754 0.328296 0.296445 0.328035 0.296445 0.327775 0.295827 0.327775 0.295827 0.328557 0.295518 0.328817 0.295518 0.329338 0.295209 0.329599 0.2949 0.329599 0.29459 0.329859 0.295209 0.33038 0.294281 0.331162 0.294281 0.331423 0.293972 0.331683 0.293972 0.331944 0.293663 0.332204 0.293663 0.332465 0.293354 0.332725 0.293354 0.332986 0.293045 0.333246 0.293045 0.333507 0.292736 0.333768 0.292427 0.333768 0.292427 0.33481 0.292117 0.33507 0.292427 0.335331 0.292117 0.335591 0.292427 0.335852 0.292117 0.336113 0.292427 0.336373 0.292427 0.336634 0.292736 0.336894 0.292736 0.337676 0.293354 0.338197 0.293354 0.338458 0.293045 0.338718 0.293045 0.338979 0.292736 0.339239 0.293045 0.3395 0.293354 0.3395 0.293663 0.33976 0.293663 0.3395 0.293972 0.339239 0.294281 0.339239 0.29459 0.3395 0.2949 0.3395 0.295209 0.33976 0.295209 0.340021 0.2949 0.340281 0.295518 0.340803 0.295518 0.341324 0.295827 0.341324 0.296445 0.341845 0.296445 0.342366 0.297063 0.342366 0.297063 0.342105 0.297372 0.341845 0.297682 0.341845 0.297991 0.342105 0.297991 0.342366 0.2983 0.342366 0.298609 0.342626 0.299845 0.342626 0.300155 0.342887 0.300464 0.342887 0.300773 0.343147 0.300773 0.343408 0.301082 0.343408 0.301391 0.343669 0.3017 0.343669 0.302009 0.343929 0.302318 0.343929 0.302628 0.34419 0.302937 0.34419 0.303246 0.34445 0.303555 0.34445 0.303864 0.344711 0.303864 0.343929 0.303555 0.343669 0.303864 0.343408 0.304482 0.343408 0.304791 0.343669 0.3051 0.343669 0.30541 0.343929 0.305719 0.343929 0.306028 0.34419 0.306337 0.34419 0.306646 0.34445 0.307264 0.34445 0.307573 0.344711 0.307883 0.344711 0.308192 0.344971 0.308501 0.344971 0.30881 0.345232 0.309119 0.345232 0.309428 0.345492 0.309737 0.345492 0.310046 0.345753 0.310355 0.345753 0.310665 0.346014 0.310974 0.346014 0.311283 0.346274 0.311592 0.346274 0.311901 0.346535 0.31221 0.346535 0.312519 0.346795 0.312828 0.346795 0.313138 0.347056 0.313756 0.347056 0.314374 0.347577 0.314374 0.348359 0.314683 0.348619 0.314374 0.34888 0.314374 0.34914 0.314065 0.349401 0.314374 0.349661 0.314065 0.349922 0.314065 0.350443 0.313756 0.350703 0.313756 0.350964 0.313447 0.351225 0.313447 0.351485 0.313138 0.351746 0.313138 0.352006 0.312828 0.352267 0.312828 0.352527 0.312519 0.352788 0.312519 0.353048 0.31221 0.353309 0.31221 0.35357 0.311901 0.35383 0.311901 0.354091 0.311592 0.354351 0.311592 0.354612 0.311283 0.354872 0.311283 0.355133 0.311592 0.355393 0.311283 0.355654 0.311283 0.355915 0.310974 0.356175 0.311283 0.356436 0.311283 0.357478 0.311592 0.357478 0.311901 0.357738 0.31221 0.357478 0.312519 0.357738 0.312519 0.357999 0.31221 0.35826 0.31221 0.359041 0.312519 0.359041 0.313447 0.359823 0.313447 0.360083 0.313756 0.360083 0.314065 0.360344 0.314374 0.360344 0.314683 0.360604 0.314992 0.360604 0.315301 0.360865 0.315611 0.360865 0.31592 0.361126 0.316229 0.361126 0.316538 0.361386 0.316847 0.361386 0.317156 0.361647 0.317465 0.361647 0.317774 0.361907 0.318393 0.361907 0.318702 0.362168 0.319011 0.362168 0.31932 0.362428 0.319629 0.362428 0.319938 0.362689 0.320247 0.362689 0.320556 0.362949 0.320866 0.362949 0.321175 0.36321 0.321484 0.36321 0.321793 0.363471 0.322102 0.363471 0.322411 0.363731 0.32272 0.363731 0.323029 0.363992 0.323338 0.363992 0.323648 0.364252 0.323957 0.364252 0.324266 0.364513 0.324884 0.364513 0.324884 0.364252 0.325193 0.363992 0.325502 0.363992 0.325811 0.363731 0.326121 0.363992 0.32643 0.363992 0.327048 0.364513 0.327048 0.365034 0.326739 0.365294 0.327048 0.365555 0.327666 0.365555 0.327975 0.365294 0.328284 0.365555 0.328594 0.365555 0.328903 0.365294 0.328903 0.365034 0.329212 0.364773 0.329212 0.364513 0.329521 0.364252 0.329521 0.363992 0.32983 0.363731 0.32983 0.363471 0.330139 0.36321 0.330139 0.362949 0.330448 0.362689 0.330448 0.362168 0.330757 0.361907 0.331066 0.361907 0.331376 0.362168 0.331994 0.362168 0.332303 0.362428 0.332612 0.362428 0.332921 0.362689 0.33323 0.362689 0.333539 0.362949 0.333849 0.362949 0.334158 0.36321 0.334467 0.36321 0.334776 0.363471 0.335085 0.363471 0.335394 0.363731 0.335703 0.363731 0.336012 0.363992 0.336321 0.363992 0.336631 0.364252 0.33694 0.364252 0.337249 0.364513 0.337558 0.364513 0.337867 0.364773 0.338176 0.364773 0.338485 0.365034 0.339104 0.365034 0.339413 0.365294 0.339722 0.365294 0.340031 0.365555 0.34034 0.365555 0.340649 0.365816 0.340958 0.365816 0.341267 0.366076 0.341577 0.366076 0.341886 0.366337 0.342195 0.366337 0.342504 0.366597 0.342813 0.366597 0.343122 0.366858 0.343431 0.366858 0.34374 0.367118 0.344049 0.367118 0.344359 0.367379 0.344668 0.367379 0.344977 0.367639 0.345595 0.367639 0.345904 0.3679 0.346213 0.3679 0.346522 0.368161 0.346832 0.368161 0.347141 0.368421 0.34745 0.368421 0.347759 0.368682 0.348068 0.368682 0.348377 0.368942 0.348686 0.368942 0.348995 0.369203 0.349304 0.369203 0.349614 0.369463 0.349923 0.369463 0.350232 0.369724 0.350541 0.369724 0.35085 0.369463 0.351468 0.369984 0.351468 0.370245 0.352087 0.370245 0.352087 0.369724 0.351777 0.369463 0.352396 0.368942 0.352705 0.369203 0.353632 0.369203 0.353941 0.369463 0.353941 0.369724 0.353632 0.369984 0.353323 0.369984 0.353014 0.370245 0.353014 0.370766 0.353323 0.370766 0.353632 0.371027 0.353941 0.371027 0.35425 0.371287 0.35456 0.371287 0.354869 0.371548 0.355178 0.371548 0.355487 0.371808 0.355796 0.371808 0.356105 0.372069 0.356414 0.372069 0.356723 0.371808 0.357342 0.371808 0.357651 0.372069 0.35796 0.372069 0.358269 0.372329 0.358578 0.372329 0.358887 0.37259 0.359196 0.37259 0.359505 0.37285 0.359815 0.37285 0.360124 0.373111 0.360433 0.373111 0.360742 0.373372 0.361051 0.373372 0.36136 0.373632 0.361978 0.373632 0.362287 0.373893 0.362597 0.373893 0.362906 0.374153 0.363215 0.374153 0.363524 0.374414 0.363833 0.374414 0.364142 0.374674 0.364451 0.374674 0.36476 0.374935 0.36507 0.374935 0.365379 0.375195 0.365688 0.375195 0.365997 0.375456 0.366306 0.375456 0.366615 0.375717 0.366924 0.375717 0.367233 0.375977 0.367543 0.375977 0.367852 0.376238 0.36847 0.376238 0.368779 0.376498 0.369088 0.376498 0.369397 0.376759 0.369706 0.376759 0.370015 0.377019 0.370325 0.377019 0.370634 0.37728 0.370943 0.37728 0.371252 0.37754 0.371561 0.37754 0.37187 0.377801 0.372179 0.377801 0.372488 0.378061 0.372798 0.378061 0.373107 0.378322 0.373416 0.378322 0.373725 0.378583 0.374034 0.378583 0.374343 0.378843 0.374961 0.378843 0.37527 0.379104 0.37558 0.379104 0.375889 0.379364 0.376198 0.379364 0.376507 0.379625 0.376816 0.379625 0.377125 0.379885 0.377434 0.379885 0.377743 0.380146 0.378053 0.380146 0.378362 0.380406 0.378671 0.380406 0.37898 0.380667 0.379289 0.380667 0.379598 0.380928 0.379907 0.380928 0.380216 0.381188 0.380526 0.381188 0.380835 0.381449 0.381144 0.381449 0.381453 0.381709 0.382071 0.381709 0.38238 0.38197 0.382689 0.38197 0.382998 0.38223 0.383308 0.38223 0.383617 0.382491 0.383926 0.382491 0.384235 0.382751 0.384544 0.382751 0.384853 0.383012 0.385162 0.383012 0.385471 0.383273 0.385781 0.383273 0.38609 0.383533 0.386399 0.383533 0.386708 0.383794 0.387017 0.383794 0.387326 0.384054 0.387635 0.384054 0.387944 0.384315 0.388563 0.384315 0.388872 0.384575 0.389181 0.384575 0.38949 0.384836 0.389799 0.384836 0.390108 0.385096 0.390417 0.385096 0.390726 0.385357 0.391036 0.385357 0.391345 0.385618 0.391654 0.385618 0.391963 0.385878 0.392272 0.385878 0.392581 0.386139 0.39289 0.386139 0.393199 0.386399 0.393509 0.386399 0.393818 0.38666 0.394127 0.38666 0.394436 0.38692 0.395981 0.38692 0.396291 0.387181 0.395981 0.387441 0.396291 0.387441 0.3966 0.387702 0.396909 0.387702 0.397218 0.387962 0.397527 0.387962 0.397527 0.387702 0.397836 0.387441 0.398454 0.387441 0.398764 0.387702 0.398764 0.388223 0.398454 0.388484 0.398764 0.388484 0.399073 0.388744 0.399382 0.388744 0.399691 0.389005 0.4 0.389005 0.4 0.388744 0.400309 0.388484 0.400927 0.388484 0.401236 0.388744 0.401236 0.389526 0.401546 0.389526 0.401855 0.389786 0.402164 0.389786 0.402473 0.390047 0.402782 0.389786 0.403091 0.390047 0.4034 0.390047 0.404328 0.390829 0.405255 0.390829 0.405564 0.390568 0.405873 0.390829 0.405873 0.391089 0.406801 0.391871 0.40711 0.391871 0.407419 0.392131 0.407728 0.392131 0.408037 0.391871 0.408346 0.392131 0.408655 0.392131 0.409583 0.392913 0.409892 0.392913 0.410201 0.393174 0.41051 0.393174 0.410819 0.393434 0.411128 0.393434 0.411437 0.393695 0.411747 0.393695 0.412056 0.393955 0.412365 0.393955 0.412674 0.394216 0.41391 0.394216 0.414838 0.394997 0.415147 0.394997 0.415456 0.395258 0.416074 0.395258 0.416692 0.395779 0.417002 0.395779 0.417311 0.39604 0.41762 0.39604 0.417929 0.3963 0.418238 0.3963 0.418238 0.39604 0.418856 0.395518 0.419165 0.395518 0.419474 0.395779 0.419784 0.395779 0.420093 0.39604 0.420402 0.395779 0.420711 0.395779 0.42102 0.39604 0.42102 0.3963 0.421329 0.396561 0.421947 0.396561 0.422257 0.396821 0.422566 0.396821 0.422875 0.397082 0.423184 0.397082 0.423493 0.397342 0.423802 0.397342 0.424111 0.397603 0.42442 0.397603 0.42473 0.397863 0.425039 0.397863 0.425348 0.398124 0.425657 0.398124 0.425966 0.398385 0.426275 0.398385 0.426584 0.398645 0.426893 0.398645 0.427202 0.398906 0.427512 0.398906 0.427821 0.399166 0.428439 0.399166 0.428748 0.399427 0.429057 0.399427 0.429366 0.399687 0.429675 0.399687 0.429985 0.399948 0.430294 0.399948 0.430603 0.400208 0.430912 0.400208 0.431221 0.400469 0.43153 0.400469 0.431839 0.40073 0.432148 0.40073 0.432457 0.40099 0.432767 0.40099 0.433076 0.401251 0.433385 0.401251 0.433694 0.401511 0.434003 0.401511 0.434312 0.401772 0.434621 0.401772 0.43493 0.402032 0.435549 0.402032 0.435858 0.402293 0.436167 0.402293 0.436476 0.402553 0.436785 0.402553 0.437094 0.402814 0.437403 0.402814 0.437713 0.403075 0.43864 0.403075 0.438949 0.403335 0.438949 0.403596 0.439258 0.403596 0.439567 0.403856 0.439876 0.403856 0.440185 0.404117 0.441113 0.404117 0.441422 0.404377 0.441422 0.404638 0.44204 0.404638 0.442349 0.404898 0.442658 0.404898 0.442968 0.405159 0.443277 0.405159 0.443586 0.405419 0.443895 0.405419 0.444204 0.40568 0.444513 0.40568 0.444822 0.405941 0.445131 0.405941 0.44544 0.406201 0.44575 0.406201 0.446059 0.406462 0.446368 0.406462 0.446677 0.406722 0.446986 0.406722 0.447295 0.406983 0.447604 0.406983 0.447913 0.407243 0.448532 0.407243 0.448841 0.407504 0.44915 0.407504 0.449459 0.407764 0.450386 0.407764 0.450696 0.408025 0.451314 0.408025 0.451932 0.408546 0.452241 0.408546 0.45255 0.408807 0.45255 0.409067 0.452859 0.409067 0.453168 0.409328 0.453478 0.409328 0.453787 0.409588 0.454096 0.409588 0.454405 0.409849 0.455023 0.409849 0.455332 0.410109 0.455641 0.410109 0.455641 0.409588 0.455951 0.409328 0.45626 0.409588 0.45626 0.409849 0.456569 0.410109 0.45626 0.41037 0.456569 0.410631 0.456878 0.410631 0.457187 0.410891 0.457496 0.410891 0.457805 0.411152 0.458423 0.411152 0.458733 0.410891 0.459042 0.411152 0.459042 0.411673 0.459351 0.411673 0.45966 0.411933 0.459969 0.411933 0.460278 0.412194 0.461206 0.412194 0.461515 0.411933 0.461824 0.412194 0.461824 0.412715 0.462133 0.412715 0.462442 0.412976 0.462751 0.412976 0.46306 0.413236 0.463369 0.413236 0.463679 0.413497 0.463988 0.413497 0.464297 0.413236 0.464606 0.413236 0.464915 0.413497 0.465533 0.413497 0.465842 0.413757 0.466151 0.413497 0.466461 0.413757 0.46677 0.413757 0.467079 0.414018 0.467388 0.413757 0.467697 0.414018 0.468006 0.414018 0.468315 0.413757 0.468624 0.414018 0.468624 0.414278 0.468934 0.414278 0.469243 0.414539 0.469552 0.414278 0.469861 0.414539 0.47017 0.414539 0.470479 0.414799 0.470788 0.414799 0.471097 0.41506 0.471406 0.41506 0.471716 0.41532 0.472952 0.41532 0.473261 0.415581 0.47357 0.415581 0.473879 0.415842 0.474189 0.415842 0.474498 0.416102 0.474807 0.416102 0.475116 0.416363 0.475425 0.416363 0.475734 0.416623 0.476043 0.416623 0.476352 0.416884 0.476662 0.416623 0.476971 0.416884 0.477589 0.416884 0.477898 0.417144 0.478207 0.417144 0.478516 0.417405 0.478825 0.417405 0.479134 0.417665 0.479444 0.417665 0.479753 0.417926 0.480062 0.417926 0.480371 0.418187 0.48068 0.418187 0.480989 0.418447 0.481298 0.418447 0.481607 0.418708 0.481917 0.418708 0.482226 0.418968 0.482535 0.418968 0.482844 0.419229 0.483153 0.419229 0.483462 0.419489 0.483771 0.419489 0.48408 0.41975 0.484699 0.41975 0.485008 0.42001 0.485317 0.42001 0.485626 0.420271 0.485935 0.420271 0.486244 0.420532 0.486553 0.420532 0.486862 0.420792 0.487172 0.420792 0.487481 0.421053 0.487481 0.421313 0.48779 0.421313 0.488099 0.421574 0.488408 0.421574 0.488717 0.421834 0.489026 0.421834 0.489335 0.422095 0.489645 0.422095 0.489954 0.422355 0.490263 0.422355 0.490572 0.422616 0.490881 0.422616 0.49119 0.422876 0.491499 0.422876 0.492427 0.423658 0.492736 0.423658 0.493045 0.423919 0.493663 0.423919 0.493972 0.424179 0.494281 0.424179 0.49459 0.42444 0.4949 0.42444 0.495209 0.4247 0.495518 0.4247 0.495827 0.424961 0.496754 0.424961 0.497063 0.425221 0.497063 0.425482 0.497372 0.425482 0.497682 0.425743 0.497991 0.425743 0.4983 0.426003 0.498609 0.426003 0.498918 0.426264 0.500155 0.426264 0.500464 0.426003 0.501082 0.426003 0.5017 0.425482 0.502318 0.425482 0.502318 0.425221 0.502628 0.424961 0.502937 0.425221 0.502937 0.424961 0.503246 0.4247 0.503864 0.4247 0.503864 0.42444 0.504173 0.424179 0.504791 0.424179 0.50541 0.423658 0.505719 0.423658 0.506028 0.423919 0.506028 0.423658 0.506337 0.423398 0.506337 0.423137 0.506646 0.422876 0.506646 0.422616 0.506955 0.422355 0.507573 0.422355 0.507883 0.422616 0.508192 0.422616 0.508501 0.422876 0.50881 0.422876 0.509119 0.423137 0.509428 0.423137 0.509737 0.423398 0.510046 0.423398 0.510355 0.423658 0.510974 0.423658 0.511283 0.423919 0.511592 0.423919 0.511901 0.424179 0.51221 0.424179 0.512519 0.42444 0.512828 0.42444 0.513138 0.4247 0.513447 0.4247 0.513756 0.424961 0.514065 0.424961 0.514374 0.425221 0.514683 0.425221 0.514992 0.425482 0.515301 0.425482 0.515611 0.425743 0.51592 0.425743 0.516229 0.426003 0.516538 0.426003 0.516847 0.426264 0.517465 0.426264 0.517774 0.426524 0.518083 0.426524 0.518393 0.426785 0.518702 0.426785 0.519011 0.427045 0.51932 0.427045 0.519629 0.427306 0.519938 0.427306 0.520247 0.427566 0.520556 0.427566 0.520866 0.427827 0.521175 0.427827 0.521484 0.428088 0.521793 0.428088 0.522102 0.428348 0.522411 0.428348 0.52272 0.428609 0.523029 0.428609 0.523338 0.428869 0.523957 0.428869 0.524266 0.42913 0.524575 0.42913 0.524884 0.42939 0.525193 0.42939 0.525502 0.429651 0.525811 0.429651 0.526121 0.429911 0.52643 0.429911 0.526739 0.430172 0.527048 0.430172 0.527357 0.430433 0.527666 0.430433 0.527975 0.430693 0.528284 0.430693 0.528594 0.430954 0.528903 0.430954 0.529212 0.431214 0.529521 0.431214 0.52983 0.431475 0.530448 0.431475 0.530757 0.431735 0.531066 0.431735 0.531376 0.431996 0.531685 0.431996 0.531994 0.432256 0.532303 0.432256 0.532612 0.432517 0.532921 0.432517 0.53323 0.432777 0.533539 0.432777 0.533849 0.433038 0.534158 0.433038 0.534467 0.433299 0.534776 0.433299 0.535085 0.433559 0.535394 0.433559 0.535703 0.43382 0.536012 0.43382 0.536321 0.43408 0.53694 0.43408 0.537249 0.434341 0.537558 0.434341 0.537867 0.434601 0.538176 0.434601 0.538485 0.434862 0.538794 0.434862 0.539104 0.435122 0.539413 0.435122 0.539722 0.435383 0.540031 0.435383 0.54034 0.435644 0.540649 0.435644 0.540958 0.435904 0.541267 0.435904 0.541577 0.436165 0.541886 0.436165 0.542195 0.436425 0.542504 0.436425 0.542813 0.436686 0.543122 0.436686 0.543431 0.436946 0.544049 0.436946 0.544359 0.437207 0.544668 0.437207 0.544977 0.437467 0.545286 0.437467 0.545595 0.437728 0.545904 0.437728 0.546213 0.437989 0.546522 0.437989 0.546832 0.438249 0.547141 0.438249 0.54745 0.43851 0.547759 0.43851 0.548068 0.43877 0.548377 0.43877 0.548686 0.439031 0.548995 0.439031 0.549304 0.439291 0.549614 0.439291 0.549923 0.439552 0.550541 0.439552 0.55085 0.439812 0.551159 0.439812 0.551468 0.440073 0.551777 0.440073 0.552087 0.440334 0.552396 0.440334 0.552705 0.440594 0.553014 0.440594 0.553323 0.440855 0.553632 0.440855 0.553941 0.441115 0.55425 0.441115 0.55456 0.441376 0.55456 0.441636 0.55425 0.441897 0.55425 0.442157 0.553941 0.442418 0.553941 0.442678 0.553632 0.442939 0.553632 0.4432 0.553323 0.44346 0.553323 0.443981 0.553632 0.443981 0.553941 0.444242 0.55425 0.444242 0.55456 0.444502 0.55425 0.444763 0.55425 0.445545 0.55456 0.445545 0.554869 0.445805 0.555178 0.445805 0.555487 0.446066 0.555796 0.445805 0.556105 0.446066 0.556414 0.446066 0.556723 0.446326 0.556723 0.446847 0.557032 0.446847 0.557342 0.447108 0.558578 0.447108 0.558887 0.447368 0.559505 0.447368 0.560124 0.44789 0.560433 0.44789 0.560742 0.44815 0.561051 0.44815 0.56136 0.448411 0.56136 0.448671 0.561669 0.448671 0.561978 0.448932 0.562287 0.448932 0.562597 0.449192 0.562906 0.449192 0.563215 0.449453 0.563524 0.449192 0.563833 0.449453 0.563833 0.449713 0.564142 0.449713 0.564451 0.449974 0.56476 0.449974 0.56507 0.450234 0.565379 0.450234 0.565688 0.450495 0.566306 0.450495 0.566615 0.450756 0.566924 0.450756 0.567233 0.451016 0.567543 0.451016 0.567852 0.451277 0.568161 0.451277 0.56847 0.451537 0.568779 0.451537 0.569088 0.451798 0.569397 0.451798 0.569706 0.452058 0.570015 0.452058 0.570325 0.452319 0.570634 0.452319 0.570943 0.452579 0.571252 0.452579 0.571561 0.45284 0.57187 0.45284 0.572179 0.453101 0.572798 0.453101 0.573107 0.453361 0.573416 0.453101 0.574343 0.453882 0.574652 0.453882 0.574961 0.454143 0.57527 0.454143 0.57558 0.454403 0.576198 0.454403 0.576816 0.454924 0.577125 0.454924 0.577434 0.455185 0.577743 0.455185 0.578053 0.455446 0.578362 0.455446 0.578671 0.455706 0.57898 0.455706 0.579289 0.455967 0.579289 0.456227 0.579598 0.456227 0.579907 0.456488 0.580216 0.456488 0.580526 0.456748 0.581144 0.456748 0.581453 0.457009 0.581762 0.457009 0.582071 0.457269 0.58238 0.457269 0.582689 0.45753 0.582998 0.45753 0.583308 0.457791 0.583926 0.457269 0.584544 0.457791 0.584544 0.458312 0.584853 0.458312 0.585162 0.458572 0.585471 0.458572 0.585781 0.458833 0.58609 0.458572 0.58609 0.458312 0.585781 0.458051 0.58609 0.457791 0.586399 0.457791 0.586708 0.458051 0.586708 0.458312 0.587017 0.458312 0.587326 0.458572 0.587326 0.458833 0.587017 0.459093 0.587017 0.459354 0.587635 0.459354 0.587944 0.459614 0.587944 0.459093 0.588563 0.458572 0.588872 0.458833 0.589181 0.458833 0.58949 0.459093 0.589799 0.459093 0.590108 0.459354 0.589799 0.459614 0.589799 0.460135 0.590108 0.460135 0.590417 0.460396 0.590726 0.460396 0.591036 0.460135 0.591654 0.460657 0.591654 0.461178 0.591963 0.461178 0.592272 0.461438 0.592581 0.461438 0.59289 0.461699 0.593199 0.461699 0.593199 0.461438 0.593509 0.461178 0.593818 0.461438 0.594127 0.461438 0.594745 0.461959 0.594436 0.46222 0.594745 0.46222 0.595054 0.46248 0.595363 0.46248 0.595672 0.462741 0.595981 0.462741 0.596291 0.46248 0.5966 0.46248 0.597218 0.463002 0.596909 0.463262 0.597218 0.463262 0.597527 0.463523 0.597836 0.463523 0.598145 0.463783 0.598454 0.463783 0.598454 0.463523 0.598764 0.463262 0.599691 0.464044 0.599382 0.464304 0.599691 0.464304 0.6 0.464565 0.600618 0.464565 0.600927 0.464304 0.601236 0.464304 0.602164 0.465086 0.602164 0.465347 0.602473 0.465347 0.602782 0.465607 0.603091 0.465607 0.6034 0.465868 0.603709 0.465607 0.604019 0.465868 0.604328 0.465868 0.604637 0.466128 0.604637 0.466389 0.604946 0.466389 0.605255 0.466649 0.605564 0.466649 0.605873 0.46691 0.606491 0.466389 0.606801 0.466649 0.60711 0.466649 0.607419 0.46691 0.607419 0.46717 0.608037 0.467692 0.608655 0.467692 0.608964 0.467431 0.609274 0.467692 0.609583 0.467692 0.609892 0.467952 0.609892 0.468473 0.610201 0.468473 0.61051 0.468734 0.611128 0.468734 0.611437 0.468473 0.611747 0.468473 0.612056 0.468734 0.612365 0.468734 0.612674 0.468994 0.612674 0.469515 0.612983 0.469776 0.613601 0.469776 0.61391 0.469515 0.614219 0.469515 0.614838 0.470036 0.614838 0.470297 0.615147 0.470558 0.615456 0.470558 0.615765 0.470818 0.616383 0.470818 0.617002 0.471339 0.617311 0.471339 0.61762 0.4716 0.617929 0.4716 0.618238 0.47186 0.618547 0.47186 0.618856 0.4716 0.619165 0.47186 0.619165 0.472121 0.619474 0.472381 0.620093 0.472381 0.620402 0.472642 0.620711 0.472642 0.62102 0.472381 0.620711 0.472121 0.62102 0.47186 0.62102 0.4716 0.621329 0.471339 0.622257 0.472121 0.621947 0.472381 0.621947 0.472642 0.621638 0.472903 0.622257 0.473424 0.622566 0.473424 0.622875 0.473684 0.623184 0.473684 0.623493 0.473945 0.623802 0.473945 0.624111 0.473684 0.62473 0.474205 0.62473 0.474466 0.625039 0.474466 0.625348 0.474726 0.625657 0.474726 0.625966 0.474987 0.626275 0.474726 0.626893 0.475248 0.627202 0.475248 0.627512 0.475508 0.627821 0.475508 0.62813 0.475769 0.628748 0.475769 0.629366 0.47629 0.629675 0.47629 0.629985 0.47655 0.630294 0.47655 0.630603 0.476811 0.630912 0.476811 0.631221 0.477071 0.63153 0.477071 0.631839 0.476811 0.632148 0.476811 0.633076 0.477592 0.633076 0.477853 0.634312 0.477853 0.634621 0.478114 0.634621 0.478374 0.63493 0.478374 0.63524 0.478635 0.635549 0.478635 0.635858 0.478895 0.636167 0.478895 0.636167 0.478635 0.636476 0.478374 0.636785 0.478374 0.637094 0.478635 0.637094 0.479416 0.637403 0.479416 0.637713 0.479677 0.638022 0.479677 0.638331 0.479937 0.63864 0.479937 0.63864 0.479677 0.638949 0.479416 0.638949 0.478895 0.639258 0.478635 0.639567 0.478895 0.639567 0.479937 0.639876 0.480198 0.640185 0.480198 0.640495 0.480459 0.640804 0.480459 0.640804 0.480198 0.641113 0.479937 0.641113 0.479677 0.641422 0.479416 0.641422 0.479156 0.641731 0.478895 0.64204 0.478895 0.642349 0.479156 0.642658 0.479156 0.642968 0.479416 0.643586 0.478895 0.643895 0.479156 0.643895 0.479677 0.644204 0.479937 0.644513 0.479937 0.644822 0.480198 0.64544 0.480198 0.64575 0.479937 0.646059 0.479937 0.646368 0.480198 0.646677 0.480198 0.646986 0.480459 0.646677 0.480719 0.646677 0.48098 0.646986 0.48098 0.647295 0.48124 0.647913 0.48124 0.648223 0.48098 0.648532 0.48098 0.648841 0.48124 0.648841 0.481761 0.64915 0.481761 0.649459 0.482022 0.649768 0.482022 0.650077 0.482282 0.650386 0.482282 0.650696 0.482543 0.651005 0.482543 0.651314 0.482804 0.651623 0.482804 0.651932 0.483064 0.652241 0.483064 0.65255 0.483325 0.652859 0.483325 0.653168 0.483585 0.653478 0.483585 0.653787 0.483846 0.654096 0.483846 0.654405 0.484106 0.655023 0.484106 0.655332 0.484367 0.65626 0.484367 0.656569 0.484627 0.656569 0.484888 0.656878 0.484888 0.657187 0.485149 0.657496 0.485149 0.657805 0.485409 0.658114 0.485409 0.658423 0.48567 0.658733 0.48567 0.659042 0.48593 0.659351 0.48593 0.65966 0.486191 0.659969 0.486191 0.660278 0.486451 0.660896 0.486451 0.661206 0.486712 0.661515 0.486712 0.661824 0.486972 0.662133 0.486972 0.662442 0.487233 0.662751 0.487233 0.66306 0.487493 0.663369 0.487493 0.663679 0.487754 0.663988 0.487754 0.664297 0.488015 0.664606 0.488015 0.664915 0.488275 0.665224 0.488275 0.665533 0.488536 0.665842 0.488275 0.666151 0.488536 0.666151 0.488796 0.666461 0.488796 0.66677 0.489057 0.667079 0.489057 0.667388 0.489317 0.668006 0.489317 0.668006 0.489057 0.668315 0.488796 0.668934 0.489317 0.668934 0.489838 0.669243 0.489838 0.669552 0.490099 0.669861 0.490099 0.67017 0.49036 0.671097 0.49036 0.671406 0.49062 0.671406 0.490881 0.671716 0.490881 0.672025 0.491141 0.672334 0.491141 0.672643 0.491402 0.672952 0.491402 0.673261 0.491662 0.674498 0.491662 0.674807 0.491923 0.675116 0.491923 0.675425 0.492183 0.675734 0.491923 0.675734 0.491662 0.676043 0.491402 0.676352 0.491662 0.676352 0.492444 0.676662 0.492705 0.676662 0.492965 0.676971 0.492965 0.67728 0.493226 0.677589 0.493226 0.677898 0.493486 0.678207 0.493486 0.678516 0.493226 0.679134 0.493747 0.679753 0.493747 0.680062 0.494007 0.68068 0.494007 0.68068 0.493486 0.680989 0.493226 0.681298 0.493226 0.681607 0.493486 0.681607 0.493747 0.681298 0.494007 0.681298 0.494268 0.680989 0.494528 0.681298 0.494789 0.681607 0.494789 0.681917 0.49505 0.682226 0.49505 0.682535 0.49531 0.682844 0.49531 0.683153 0.495571 0.683462 0.495571 0.683771 0.495831 0.68408 0.495831 0.684389 0.496092 0.684699 0.496092 0.685008 0.496352 0.685317 0.496092 0.685317 0.495831 0.685935 0.49531 0.686553 0.495831 0.686553 0.496873 0.686862 0.497134 0.687481 0.497134 0.68779 0.497394 0.68779 0.497134 0.688099 0.496873 0.68779 0.496613 0.688408 0.496092 0.688717 0.496352 0.689026 0.496352 0.689335 0.496613 0.689335 0.496873 0.689026 0.497134 0.689026 0.497394 0.689335 0.497655 0.689335 0.497916 0.689645 0.498176 0.689954 0.498176 0.690263 0.498437 0.690263 0.498176 0.690572 0.497916 0.690572 0.497655 0.690881 0.497394 0.691499 0.497916 0.691499 0.498697 0.691808 0.498697 0.692117 0.498958 0.692736 0.498958 0.692736 0.498697 0.693045 0.498437 0.693354 0.498437 0.693663 0.498176 0.694281 0.498176 0.6949 0.498697 0.69459 0.498958 0.69459 0.499218 0.694281 0.499479 0.69459 0.499479 0.6949 0.499739 0.6949 0.499479 0.695209 0.499218 0.695209 0.498958 0.695518 0.498697 0.696136 0.498697 0.696445 0.498958 0.696754 0.498958 0.696754 0.498697 0.697063 0.498437 0.697372 0.498697 0.697682 0.498697 0.697991 0.498958 0.6983 0.498958 0.698609 0.499218 0.698609 0.498958 0.698918 0.498697 0.698918 0.498437 0.699227 0.498176 0.699227 0.497916 0.699536 0.497655 0.699536 0.497394 0.699845 0.497134 0.699845 0.496873 0.700155 0.496613 0.700155 0.496352 0.700464 0.496092 0.700464 0.495831 0.700773 0.495571 0.700773 0.49531 0.701082 0.49505 0.701082 0.494789 0.701391 0.494528 0.701391 0.494268 0.7017 0.494007 0.7017 0.493486 0.702009 0.493226 0.702009 0.492965 0.702318 0.492705 0.702318 0.492444 0.702628 0.492183 0.702628 0.491923 0.702937 0.491662 0.702937 0.491402 0.703246 0.491141 0.703246 0.490881 0.703555 0.49062 0.703555 0.49036 0.703864 0.490099 0.703864 0.489838 0.704173 0.489578 0.704173 0.489317 0.704482 0.489057 0.704482 0.488796 0.704791 0.488536 0.704791 0.488015 0.7051 0.487754 0.7051 0.487493 0.70541 0.487233 0.70541 0.486972 0.705719 0.486712 0.705719 0.486451 0.706028 0.486191 0.706028 0.48593 0.706337 0.48567 0.706337 0.485409 0.706646 0.485149 0.706646 0.484888 0.706955 0.484627 0.706955 0.484367 0.707264 0.484106 0.707264 0.483846 0.707573 0.483585 0.707573 0.483325 0.707883 0.483064 0.707883 0.482543 0.708192 0.482282 0.708192 0.482022 0.708501 0.481761 0.708501 0.481501 0.70881 0.48124 0.70881 0.48098 0.709119 0.480719 0.709119 0.480459 0.709428 0.480198 0.709428 0.479937 0.709737 0.479677 0.709737 0.479416 0.710046 0.479156 0.710046 0.478895 0.710355 0.478635 0.710355 0.478374 0.710665 0.478114 0.710665 0.477853 0.710974 0.477592 0.710974 0.477071 0.711283 0.476811 0.711283 0.47655 0.711592 0.47629 0.711592 0.476029 0.711901 0.475769 0.711901 0.475508 0.71221 0.475248 0.71221 0.474987 0.712519 0.474726 0.712519 0.474466 0.712828 0.474205 0.712828 0.473945 0.713138 0.473684 0.713138 0.473424 0.713447 0.473163 0.713447 0.472903 0.713756 0.472642 0.713756 0.472381 0.714065 0.472121 0.714065 0.4716 0.714374 0.471339 0.714374 0.471079 0.714683 0.470818 0.714683 0.470558 0.714992 0.470297 0.714992 0.470036 0.715301 0.469776 0.715301 0.469515 0.715611 0.469255 0.715611 0.468994 0.71592 0.468734 0.71592 0.468473 0.716229 0.468213 0.716229 0.467952 0.716538 0.467692 0.716538 0.467431 0.716847 0.46717 0.716847 0.46691 0.717156 0.466649 0.717156 0.466128 0.717465 0.465868 0.717465 0.465607 0.717774 0.465347 0.717774 0.465086 0.718083 0.464825 0.718083 0.464565 0.718393 0.464304 0.718393 0.464044 0.718702 0.463783 0.718702 0.463523 0.719011 0.463262 0.719011 0.463002 0.71932 0.462741 0.71932 0.46248 0.719629 0.46222 0.719629 0.461959 0.719938 0.461699 0.719938 0.461438 0.720247 0.461178 0.720247 0.460657 0.720556 0.460396 0.720556 0.460135 0.720866 0.459875 0.720866 0.459614 0.721175 0.459354 0.721175 0.459093 0.721484 0.458833 0.721484 0.458572 0.721793 0.458312 0.721793 0.458051 0.722102 0.457791 0.722102 0.45753 0.722411 0.457269 0.722411 0.457009 0.72272 0.456748 0.72272 0.456488 0.723029 0.456227 0.723029 0.455967 0.723338 0.455706 0.723338 0.455446 0.723648 0.455185 0.723648 0.454664 0.723957 0.454403 0.723957 0.454143 0.724266 0.453882 0.724266 0.453622 0.724575 0.453361 0.724575 0.453101 0.724884 0.45284 0.724884 0.452579 0.725193 0.452319 0.725193 0.452058 0.725502 0.451798 0.725502 0.451537 0.725811 0.451277 0.725811 0.451016 0.726121 0.450756 0.726121 0.450495 0.72643 0.450234 0.72643 0.449974 0.726739 0.449713 0.726739 0.449192 0.727048 0.448932 0.727048 0.448671 0.727357 0.448411 0.727357 0.44815 0.727666 0.44789 0.727666 0.447629 0.727975 0.447368 0.727975 0.447108 0.728284 0.446847 0.728284 0.446587 0.728594 0.446326 0.728594 0.446066 0.728903 0.445805 0.728903 0.445545 0.729212 0.445284 0.729212 0.445023 0.729521 0.444763 0.729521 0.444502 0.72983 0.444242 0.72983 0.443721 0.730139 0.44346 0.730139 0.4432 0.730448 0.442939 0.730448 0.442678 0.730757 0.442418 0.730757 0.442157 0.731066 0.441897 0.731066 0.441636 0.731376 0.441376 0.731376 0.441115 0.731685 0.440855 0.731685 0.440594 0.731994 0.440334 0.731994 0.440073 0.732303 0.439812 0.732303 0.439552 0.732612 0.439291 0.732612 0.439031 0.732921 0.43877 0.732921 0.438249 0.73323 0.437989 0.73323 0.437728 0.733539 0.437467 0.733539 0.437207 0.733849 0.436946 0.733849 0.436686 0.734158 0.436425 0.734158 0.436165 0.734467 0.435904 0.734467 0.435644 0.734776 0.435383 0.734776 0.435122 0.735085 0.434862 0.735085 0.434601 0.735394 0.434341 0.735394 0.43408 0.735703 0.43382 0.735703 0.433559 0.736012 0.433299 0.735703 0.433299 0.735394 0.433038 0.735085 0.433038 0.734776 0.432777 0.734467 0.432777 0.734158 0.432517 0.733849 0.432517 0.733539 0.432256 0.73323 0.432256 0.732921 0.431996 0.732612 0.431996 0.732303 0.431735 0.731994 0.431735 0.731685 0.431475 0.731376 0.431475 0.731066 0.431214 0.730448 0.431214 0.730139 0.430954 0.72983 0.430954 0.729521 0.430693 0.729212 0.430693 0.728903 0.430433 0.728594 0.430433 0.728284 0.430172 0.727975 0.430172 0.727666 0.429911 0.727357 0.429911 0.727048 0.429651 0.726739 0.429651 0.72643 0.42939 0.726121 0.42939 0.725811 0.42913 0.725502 0.42913 0.725193 0.428869 0.724884 0.428869 0.724575 0.428609 0.723957 0.428609 0.723648 0.428348 0.723338 0.428348 0.723029 0.428088 0.72272 0.428088 0.722411 0.427827 0.722102 0.427827 0.721793 0.427566 0.721484 0.427566 0.721175 0.427306 0.720866 0.427306 0.720556 0.427045 0.720247 0.427045 0.719938 0.426785 0.719629 0.426785 0.71932 0.426524 0.719011 0.426524 0.718702 0.426264 0.718393 0.426264 0.718083 0.426003 0.717465 0.426003 0.717156 0.425743 0.716847 0.425743 0.716538 0.425482 0.716229 0.425482 0.71592 0.425221 0.715611 0.425221 0.715301 0.424961 0.714992 0.424961 0.714683 0.4247 0.714374 0.4247 0.714065 0.42444 0.713756 0.42444 0.713447 0.424179 0.713138 0.424179 0.712828 0.423919 0.712519 0.423919 0.71221 0.423658 0.711901 0.423658 0.711592 0.423398 0.710974 0.423398 0.710665 0.423137 0.709737 0.423137 0.709428 0.422876 0.709119 0.422876 0.70881 0.422616 0.708501 0.422616 0.708192 0.422355 0.707883 0.422355 0.707573 0.422095 0.707264 0.422095 0.706955 0.421834 0.706646 0.421834 0.706337 0.421574 0.705719 0.421574 0.70541 0.421313 0.7051 0.421313 0.704791 0.421053 0.704482 0.421053 0.704173 0.420792 0.704173 0.420532 0.703864 0.420271 0.703864 0.41975 0.703555 0.419489 0.703864 0.419229 0.703555 0.418968 0.703555 0.418187 0.703864 0.417926 0.703864 0.416102 0.702937 0.41532 0.702937 0.41506 0.702628 0.41506 0.7017 0.414278 0.701391 0.414278 0.701082 0.414018 0.700773 0.414018 0.700464 0.413757 0.700155 0.413757 0.699845 0.413497 0.699536 0.413497 0.698609 0.412715 0.6983 0.412715 0.697991 0.412454 0.697682 0.412454 0.697372 0.412194 0.696754 0.412194 0.696445 0.411933 0.696136 0.411933 0.695827 0.411673 0.695518 0.411673 0.695209 0.411412 0.6949 0.411412 0.69459 0.411152 0.694281 0.411152 0.693972 0.410891 0.693663 0.410891 0.693354 0.410631 0.693045 0.410631 0.692736 0.41037 0.692427 0.41037 0.692117 0.410109 0.691808 0.410109 0.691499 0.409849 0.69119 0.409849 0.690881 0.409588 0.690263 0.409588 0.689954 0.409328 0.689645 0.409328 0.689335 0.409067 0.689026 0.409067 0.688717 0.408807 0.688408 0.408807 0.688099 0.408546 0.68779 0.408546 0.687481 0.408286 0.687172 0.408286 0.686862 0.408025 0.686553 0.408025 0.686244 0.407764 0.685935 0.407764 0.685626 0.407504 0.685317 0.407764 0.685008 0.407764 0.684699 0.407504 0.684389 0.407504 0.68408 0.407243 0.683771 0.407243 0.683462 0.406983 0.683153 0.406983 0.682844 0.406722 0.682535 0.406722 0.682226 0.406462 0.681917 0.406722 0.681607 0.406462 0.681298 0.406462 0.680989 0.406722 0.680062 0.405941 0.679753 0.405941 0.679444 0.40568 0.679134 0.40568 0.678825 0.405419 0.678207 0.405419 0.677589 0.404898 0.67728 0.404898 0.676971 0.404638 0.676043 0.404638 0.675734 0.404377 0.675116 0.404377 0.674807 0.404117 0.674498 0.404117 0.67357 0.403335 0.673261 0.403335 0.672952 0.403075 0.672643 0.403075 0.672334 0.402814 0.672025 0.402814 0.671716 0.402553 0.670788 0.402553 0.670479 0.402293 0.67017 0.402293 0.669861 0.402032 0.669552 0.402032 0.669243 0.401772 0.668315 0.401772 0.667697 0.401251 0.667388 0.401251 0.667079 0.40099 0.66677 0.40099 0.666461 0.40073 0.666151 0.40073 0.665842 0.400469 0.665533 0.400469 0.665224 0.400208 0.664915 0.400208 0.664606 0.399948 0.664297 0.399948 0.663988 0.399687 0.663679 0.399687 0.663369 0.399427 0.66306 0.399687 0.662751 0.399687 0.662442 0.399427 0.662133 0.399427 0.661824 0.399166 0.660896 0.399166 0.660587 0.398906 0.660278 0.398906 0.659969 0.398645 0.65966 0.398645 0.659351 0.398385 0.659042 0.398385 0.658733 0.398124 0.658733 0.397863 0.658423 0.397863 0.658114 0.397603 0.658114 0.397342 0.657805 0.397342 0.656878 0.396561 0.655951 0.396561 0.655641 0.3963 0.655641 0.39604 0.655023 0.395518 0.654714 0.395518 0.653787 0.394737 0.653478 0.394737 0.653168 0.394476 0.652859 0.394476 0.65255 0.394216 0.65255 0.393955 0.652241 0.393955 0.651932 0.393695 0.651623 0.393695 0.651314 0.393434 0.651005 0.393434 0.650696 0.393174 0.650386 0.393174 0.650077 0.392913 0.650077 0.392652 0.649768 0.392652 0.649459 0.392392 0.64915 0.392392 0.648841 0.392131 0.648223 0.392131 0.647913 0.391871 0.647604 0.391871 0.647295 0.39161 0.647295 0.39135 0.646986 0.39135 0.646677 0.391089 0.646368 0.391089 0.646059 0.390829 0.64575 0.390829 0.64544 0.390568 0.645131 0.390568 0.644822 0.390307 0.644513 0.390307 0.644204 0.390047 0.643895 0.390047 0.643586 0.389786 0.643277 0.389786 0.642968 0.389526 0.642658 0.389526 0.642349 0.389265 0.64204 0.389265 0.641731 0.389005 0.641422 0.389005 0.641113 0.388744 0.641113 0.388484 0.640804 0.388484 0.640495 0.388223 0.640185 0.388223 0.639876 0.387962 0.639567 0.387962 0.639258 0.387702 0.63864 0.387702 0.638331 0.387441 0.638022 0.387441 0.637713 0.387181 0.637403 0.387181 0.637094 0.38692 0.636785 0.38692 0.636476 0.38666 0.636167 0.38666 0.635858 0.386399 0.635549 0.386399 0.63524 0.386139 0.63493 0.386139 0.634621 0.385878 0.634312 0.385878 0.634003 0.385618 0.633694 0.385618 0.633385 0.385357 0.633076 0.385357 0.632767 0.385096 0.632148 0.385096 0.631839 0.384836 0.63153 0.384836 0.631221 0.384575 0.630912 0.384575 0.630603 0.384315 0.630294 0.384315 0.629985 0.384054 0.629675 0.384054 0.629366 0.383794 0.629057 0.383794 0.628748 0.383533 0.628439 0.383533 0.62813 0.383273 0.627821 0.383273 0.627512 0.383012 0.627202 0.383012 0.626893 0.382751 0.626584 0.382751 0.626275 0.382491 0.625966 0.382491 0.625657 0.382751 0.625039 0.382751 0.62473 0.382491 0.62473 0.38197 0.62442 0.38197 0.624111 0.381709 0.623802 0.381709 0.623493 0.38197 0.622875 0.381449 0.622875 0.381188 0.622566 0.381188 0.622257 0.380928 0.621947 0.380928 0.621638 0.380667 0.621329 0.380667 0.62102 0.380928 0.620711 0.380928 0.620093 0.380406 0.619784 0.380406 0.619474 0.380146 0.619474 0.379885 0.619165 0.379885 0.618856 0.379625 0.618856 0.379885 0.618547 0.380146 0.618547 0.380406 0.618856 0.380406 0.619165 0.380667 0.619165 0.381188 0.618856 0.381449 0.618547 0.381188 0.618238 0.381188 0.617929 0.380928 0.617929 0.380406 0.617311 0.379885 0.617002 0.379885 0.616692 0.379625 0.616692 0.379364 0.617002 0.379104 0.617002 0.378843 0.616692 0.378843 0.616383 0.378583 0.616074 0.378583 0.615765 0.378322 0.614529 0.378322 0.614529 0.378583 0.614219 0.378843 0.614219 0.379104 0.61391 0.379364 0.61391 0.379625 0.613601 0.379885 0.612983 0.379885 0.612674 0.379625 0.611437 0.379625 0.61051 0.378843 0.610201 0.378843 0.609892 0.378583 0.609583 0.378583 0.609274 0.378322 0.608964 0.378322 0.608655 0.378061 0.608346 0.378061 0.608037 0.377801 0.607728 0.377801 0.607419 0.37754 0.606801 0.37754 0.606491 0.377801 0.606182 0.377801 0.605873 0.37754 0.605873 0.37728 0.605255 0.376759 0.604946 0.376759 0.604637 0.376498 0.604328 0.376498 0.604019 0.376238 0.603709 0.376238 0.6034 0.375977 0.603091 0.375977 0.602782 0.375717 0.602473 0.375717 0.602164 0.375456 0.601855 0.375456 0.601546 0.375717 0.600927 0.375717 0.600618 0.375456 0.600618 0.374935 0.600309 0.374674 0.6 0.374674 0.599691 0.374414 0.599073 0.374414 0.598764 0.374153 0.598454 0.374153 0.598145 0.374414 0.597836 0.374153 0.597836 0.373893 0.597527 0.373632 0.597218 0.373632 0.596909 0.373372 0.5966 0.373372 0.596291 0.373111 0.595981 0.373111 0.595672 0.37285 0.595363 0.37285 0.595054 0.37259 0.594745 0.37259 0.594436 0.372329 0.594127 0.372329 0.593818 0.37259 0.593199 0.37259 0.59289 0.372329 0.59289 0.371808 0.592581 0.371808 0.592272 0.371548 0.591963 0.371548 0.591654 0.371287 0.591036 0.371287 0.590417 0.370766 0.590108 0.370766 0.589799 0.370505 0.589181 0.370505 0.589181 0.370766 0.588872 0.371027 0.588563 0.371027 0.588253 0.370766 0.588563 0.370505 0.588253 0.370245 0.588253 0.369984 0.587944 0.369724 0.587635 0.369724 0.587326 0.369463 0.586708 0.369463 0.586399 0.369203 0.58609 0.369463 0.585781 0.369203 0.585781 0.368942 0.585471 0.368942 0.585162 0.368682 0.584853 0.368682 0.584544 0.368421 0.584235 0.368421 0.583926 0.368161 0.583926 0.368421 0.583308 0.368942 0.582998 0.368682 0.582998 0.368421 0.582689 0.368161 0.582689 0.367639 0.58238 0.367639 0.582071 0.367379 0.581762 0.367379 0.581453 0.367639 0.581453 0.3679 0.581144 0.368161 0.580835 0.3679 0.580835 0.367639 0.580526 0.367379 0.580216 0.367379 0.579907 0.367118 0.579907 0.366597 0.579598 0.366597 0.579289 0.366337 0.57898 0.366337 0.578671 0.366076 0.578671 0.366337 0.578362 0.366597 0.578053 0.366597 0.577743 0.366337 0.578053 0.366076 0.577434 0.365555 0.577125 0.365555 0.576816 0.365294 0.576507 0.365294 0.576198 0.365034 0.574961 0.365034 0.574652 0.364773 0.574652 0.364513 0.574343 0.364252 0.574034 0.364513 0.574034 0.364773 0.573725 0.365034 0.573107 0.365034 0.572798 0.364773 0.573107 0.364513 0.573107 0.363992 0.572798 0.363731 0.572488 0.363731 0.572179 0.363471 0.57187 0.363731 0.571561 0.363471 0.571252 0.363471 0.570325 0.362689 0.569706 0.362689 0.569397 0.362949 0.569397 0.36321 0.569088 0.363471 0.569088 0.363731 0.568779 0.363992 0.56847 0.363992 0.568161 0.363731 0.568161 0.363471 0.567852 0.36321 0.568161 0.362949 0.56847 0.362949 0.56847 0.362689 0.568779 0.362428 0.568779 0.362168 0.56847 0.361907 0.568161 0.361907 0.567852 0.361647 0.567543 0.361647 0.567233 0.361386 0.566615 0.361386 0.566306 0.361647 0.565997 0.361386 0.565997 0.361126 0.565688 0.360865 0.56507 0.360865 0.56507 0.361126 0.56476 0.361386 0.564142 0.361386 0.563833 0.361647 0.563524 0.361386 0.563524 0.360865 0.563215 0.360865 0.562906 0.360604 0.562597 0.360604 0.562287 0.360344 0.561978 0.360344 0.561978 0.360604 0.561669 0.360865 0.561669 0.361126 0.56136 0.361386 0.560742 0.360865 0.559815 0.360865 0.559505 0.360604 0.559196 0.360604 0.558887 0.360344 0.558578 0.360604 0.558269 0.360344 0.558269 0.360083 0.557651 0.360083 0.557342 0.359823 0.557032 0.359823 0.556723 0.359562 0.556414 0.359562 0.556105 0.359302 0.555796 0.359302 0.555487 0.359041 0.555178 0.359041 0.554869 0.358781 0.55456 0.358781 0.55425 0.35852 0.553323 0.35852 0.553014 0.35826 0.553014 0.357999 0.552705 0.357999 0.552396 0.357738 0.552087 0.357738 0.551777 0.357478 0.551468 0.357738 0.55085 0.357217 0.550541 0.357217 0.550232 0.356957 0.549923 0.356957 0.549614 0.356696 0.549304 0.356696 0.548995 0.356436 0.548686 0.356696 0.548377 0.356436 0.548377 0.356175 0.548068 0.356175 0.547759 0.355915 0.54745 0.355915 0.547141 0.355654 0.546832 0.355654 0.546522 0.355393 0.546213 0.355393 0.545904 0.355133 0.545595 0.355133 0.545286 0.354872 0.544668 0.354872 0.544359 0.354612 0.54374 0.354612 0.543122 0.354091 0.542813 0.354091 0.542504 0.35383 0.542195 0.35383 0.541886 0.35357 0.541267 0.35357 0.540649 0.353048 0.54034 0.353048 0.540031 0.352788 0.539722 0.352788 0.539413 0.352527 0.539104 0.352527 0.538794 0.352788 0.538485 0.352527 0.538485 0.352267 0.538176 0.352267 0.537867 0.352006 0.537558 0.352006 0.537249 0.351746 0.53694 0.351746 0.536631 0.351485 0.536012 0.351485 0.535394 0.350964 0.535085 0.350964 0.534776 0.350703 0.534467 0.350703 0.534158 0.350443 0.533849 0.350443 0.533539 0.350182 0.53323 0.350182 0.532921 0.349922 0.532612 0.349922 0.532303 0.349661 0.531685 0.349661 0.531376 0.349401 0.531066 0.349401 0.530757 0.34914 0.530448 0.34914 0.530139 0.34888 0.52983 0.34888 0.529521 0.348619 0.529212 0.348619 0.528903 0.348359 0.528594 0.348359 0.528284 0.348098 0.527975 0.348098 0.527666 0.347837 0.527357 0.347837 0.527048 0.347577 0.526739 0.347837 0.52643 0.347837 0.526121 0.347577 0.52643 0.347316 0.526121 0.347316 0.525811 0.347056 0.525193 0.347056 0.524884 0.346795 0.524575 0.346795 0.524266 0.347056 0.523957 0.346795 0.523957 0.346535 0.523648 0.346274 0.523338 0.346274 0.523029 0.346014 0.52272 0.346014 0.522411 0.345753 0.522102 0.345753 0.521484 0.346274 0.521175 0.346274 0.520866 0.346014 0.520556 0.346014 0.520247 0.345753 0.520247 0.345492 0.519938 0.345492 0.519629 0.345232 0.51932 0.345232 0.519011 0.344971 0.518702 0.344971 0.518393 0.344711 0.518702 0.34445 0.518393 0.34419 0.518083 0.34419 0.517774 0.343929 0.517465 0.343929 0.517156 0.343669 0.516847 0.343929 0.516847 0.34419 0.516538 0.34445 0.51592 0.343929 0.51592 0.343669 0.515611 0.343669 0.515301 0.343408 0.515301 0.343147 0.514992 0.343147 0.514683 0.342887 0.514374 0.342887 0.514065 0.343147 0.513756 0.343147 0.513447 0.342887 0.513447 0.342626 0.513756 0.342366 0.513447 0.342105 0.513138 0.342105 0.512828 0.341845 0.51221 0.341845 0.511901 0.341584 0.511592 0.341845 0.511283 0.341584 0.510974 0.341845 0.510355 0.341324 0.510665 0.341063 0.510355 0.341063 0.510046 0.340803 0.509119 0.340803 0.50881 0.340542 0.508501 0.340803 0.508192 0.340542 0.508192 0.340281 0.507573 0.33976 0.507264 0.33976 0.506955 0.3395 0.506337 0.340021 0.505719 0.340021 0.50541 0.33976 0.50541 0.339239 0.5051 0.339239 0.504791 0.338979 0.504173 0.338979 0.504173 0.339239 0.503864 0.3395 0.503555 0.339239 0.503555 0.338979 0.502937 0.338979 0.502628 0.338718 0.5017 0.338718 0.501391 0.338458 0.501082 0.338458 0.500155 0.337676 0.499845 0.337676 0.499536 0.337415 0.499536 0.337676 0.499227 0.337936 0.498918 0.337936 0.4983 0.337415 0.4983 0.337155 0.498918 0.336634 0.498918 0.336373 0.498609 0.336373 0.4983 0.336113 0.497682 0.336113 0.497063 0.335591 0.496754 0.335591 0.496445 0.335331 0.496136 0.335591 0.495209 0.335591 0.4949 0.335331 0.49459 0.335331 0.494281 0.335591 0.493972 0.335591 0.493663 0.335331 0.493663 0.33507 0.493045 0.334549 0.492736 0.334549 0.492427 0.334289 0.491499 0.334289 0.49119 0.334028 0.49119 0.333768 0.490881 0.333768 0.490572 0.333507 0.490572 0.333768 0.490263 0.334028 0.489954 0.334028 0.489645 0.333768 0.489335 0.333768 0.488717 0.333246 0.488717 0.332986 0.488408 0.332725 0.488099 0.332725 0.48779 0.332986 0.487481 0.332986 0.487172 0.332725 0.486553 0.332725 0.486244 0.332465 0.486553 0.332204 0.486862 0.332204 0.487172 0.331944 0.487172 0.331683 0.486862 0.331423 0.486553 0.331423 0.486244 0.331162 0.485935 0.331423 0.485626 0.331423 0.485317 0.331162 0.484389 0.331162 0.48408 0.330902 0.483771 0.331162 0.483462 0.331162 0.483153 0.330902 0.482844 0.330902 0.482535 0.330641 0.482844 0.33038 0.482844 0.329859 0.482535 0.329859 0.482226 0.329599 0.481917 0.329859 0.481917 0.33012 0.481298 0.330641 0.480989 0.33038 0.480989 0.329859 0.481298 0.329599 0.480989 0.329338 0.480371 0.329338 0.480062 0.329078 0.479753 0.329078 0.479444 0.328817 0.479134 0.328817 0.478825 0.329078 0.478516 0.329078 0.478207 0.328817 0.478207 0.328557 0.477589 0.328035 0.477589 0.327775 0.476662 0.327775 0.476662 0.328035 0.476352 0.328296 0.476043 0.328296 0.475734 0.328035 0.475734 0.327514 0.476043 0.327254 0.475734 0.326993 0.475425 0.326993 0.475425 0.327254 0.475116 0.327514 0.474807 0.327254 0.473261 0.327254 0.472952 0.326993 0.472952 0.326472 0.472643 0.326472 0.472334 0.326212 0.471716 0.326212 0.471716 0.326472 0.471406 0.326733 0.470788 0.326212 0.470788 0.32543 0.471097 0.325169 0.470788 0.325169 0.470479 0.324909 0.47017 0.324909 0.469861 0.324648 0.469552 0.324648 0.469243 0.324388 0.469243 0.324648 0.468934 0.324909 0.468934 0.32543 0.468624 0.32569 0.468315 0.32543 0.468315 0.324909 0.468006 0.324909 0.467697 0.324648 0.467697 0.324127 0.468006 0.323867 0.467697 0.323867 0.467388 0.323606 0.467079 0.323606 0.46677 0.323867 0.466461 0.323867 0.466151 0.324127 0.465842 0.323867 0.465842 0.323606 0.464915 0.323606 0.464915 0.323867 0.464606 0.324127 0.463988 0.324127 0.463679 0.323867 0.463369 0.323867 0.462751 0.323345 0.462751 0.322043 0.462133 0.321522 0.461824 0.321522 0.461515 0.321261 0.461206 0.321261 0.461206 0.321522 0.460896 0.321782 0.459969 0.321782 0.45966 0.322043 0.459042 0.322043 0.458733 0.322303 0.458423 0.322043 0.458423 0.321261 0.458733 0.321001 0.458423 0.321001 0.458114 0.32074 0.457496 0.32074 0.457187 0.320479 0.456878 0.320479 0.456569 0.320219 0.456878 0.319958 0.456878 0.319437 0.456569 0.319437 0.45626 0.319177 0.455951 0.319177 0.455641 0.318916 0.455023 0.318916 0.454714 0.319177 0.454714 0.319437 0.454405 0.319698 0.454096 0.319698 0.453787 0.319958 0.453478 0.319958 0.453168 0.319698 0.454096 0.318916 0.454096 0.318656 0.454405 0.318395 0.454096 0.318395 0.453787 0.318134 0.45255 0.318134 0.452241 0.317874 0.452241 0.317613 0.451932 0.317613 0.451623 0.317353 0.451005 0.317353 0.450696 0.317613 0.450386 0.317353 0.450077 0.317353 0.449768 0.317613 0.44915 0.317613 0.448841 0.317874 0.448223 0.317874 0.447913 0.317613 0.447913 0.316832 0.448223 0.316571 0.448223 0.316311 0.447913 0.316311 0.447604 0.31605 0.447295 0.31605 0.447295 0.316311 0.446986 0.316571 0.446677 0.316571 0.446059 0.317092 0.44544 0.316571 0.44544 0.316311 0.444822 0.315789 0.444513 0.315789 0.444204 0.315529 0.444204 0.315268 0.443895 0.315268 0.443586 0.315008 0.443277 0.315008 0.442658 0.315529 0.442349 0.315268 0.44204 0.315529 0.441731 0.315268 0.441731 0.315008 0.44204 0.314747 0.44204 0.314487 0.441113 0.313705 0.441113 0.313184 0.440804 0.312923 0.440495 0.312923 0.440185 0.312663 0.439258 0.312663 0.439258 0.312923 0.438949 0.313184 0.438949 0.313445 0.43864 0.313705 0.43864 0.313966 0.438331 0.314226 0.437713 0.313705 0.438022 0.313445 0.437713 0.313184 0.438022 0.312923 0.437713 0.312663 0.437713 0.312402 0.438022 0.312142 0.438022 0.311881 0.437713 0.311881 0.437403 0.311621 0.437094 0.311621 0.437094 0.311881 0.436785 0.312142 0.435549 0.312142 0.435549 0.312402 0.43524 0.312663 0.43493 0.312402 0.434312 0.312402 0.434003 0.312663 0.433694 0.312402 0.433694 0.312142 0.433385 0.312142 0.432457 0.31136 0.431839 0.31136 0.43153 0.311621 0.431221 0.311621 0.430912 0.31136 0.430912 0.3111 0.430603 0.310839 0.429985 0.310839 0.429675 0.310578 0.429366 0.310578 0.429057 0.310318 0.428748 0.310318 0.428439 0.310057 0.42813 0.310057 0.427821 0.309797 0.427512 0.309797 0.427202 0.309536 0.426275 0.309536 0.425348 0.308755 0.425657 0.308494 0.426275 0.308494 0.426584 0.308233 0.426584 0.307973 0.426893 0.307712 0.426584 0.307712 0.426275 0.307452 0.425966 0.307452 0.425657 0.307191 0.425348 0.307452 0.425039 0.307452 0.425039 0.307973 0.42473 0.308233 0.42442 0.308233 0.424111 0.307973 0.424111 0.308233 0.423802 0.308494 0.423493 0.308494 0.423184 0.308233 0.423184 0.307973 0.423493 0.307712 0.423184 0.307712 0.422257 0.306931 0.421947 0.306931 0.421638 0.30667 0.421329 0.306931 0.420711 0.306931 0.420093 0.30641 0.419784 0.30641 0.419474 0.306149 0.419474 0.305628 0.419165 0.305628 0.418856 0.305367 0.418547 0.305628 0.418547 0.306149 0.418238 0.30641 0.417929 0.306149 0.417929 0.305628 0.41762 0.305367 0.417311 0.305367 0.417002 0.305107 0.417002 0.304846 0.416692 0.304846 0.416383 0.304586 0.416074 0.304586 0.415456 0.304065 0.415765 0.303804 0.415765 0.303283 0.414838 0.302501 0.414529 0.302501 0.413601 0.303283 0.413292 0.303022 0.412674 0.303022 0.412365 0.302762 0.412674 0.302501 0.412365 0.302501 0.412056 0.302241 0.411437 0.302241 0.411128 0.302501 0.411128 0.302762 0.410819 0.303022 0.410819 0.303283 0.411128 0.303544 0.410819 0.303804 0.41051 0.303804 0.410201 0.303544 0.409892 0.303544 0.409583 0.303283 0.409274 0.303283 0.408964 0.303022 0.408964 0.302762 0.408655 0.302762 0.408346 0.302501 0.408655 0.302241 0.409274 0.302241 0.409583 0.30198 0.409583 0.30172 0.409892 0.301459 0.410201 0.301459 0.410201 0.301199 0.41051 0.300938 0.410201 0.300677 0.409892 0.300677 0.409583 0.300938 0.409583 0.301199 0.409274 0.301459 0.408655 0.301459 0.408655 0.30172 0.408346 0.30198 0.408655 0.302241 0.408346 0.302501 0.408037 0.302501 0.40711 0.30172 0.406182 0.30172 0.405873 0.30198 0.405564 0.30172 0.405564 0.301459 0.404637 0.300677 0.404637 0.300417 0.404019 0.300417 0.403709 0.300677 0.4034 0.300677 0.403091 0.300417 0.403091 0.300156 0.402782 0.300156 0.402473 0.299896 0.402164 0.299896 0.401855 0.299635 0.401236 0.299635 0.400927 0.299896 0.400618 0.299896 0.400309 0.299635 0.400309 0.299375 0.400618 0.299114 0.400618 0.298332 0.400927 0.298072 0.401236 0.298332 0.401236 0.298854 0.401546 0.299114 0.402164 0.299114 0.402473 0.298854 0.402473 0.298593 0.402164 0.298332 0.402164 0.298072 0.401855 0.298072 0.401546 0.297811 0.401236 0.297811 0.400618 0.298332 0.400309 0.298332 0.4 0.298072 0.4 0.297811 0.399691 0.297811 0.399382 0.297551 0.399073 0.297811 0.399073 0.298072 0.398764 0.298332 0.398764 0.298593 0.398145 0.299114 0.397836 0.298854 0.397836 0.298332 0.397527 0.298332 0.397218 0.298072 0.397218 0.297811 0.396909 0.297551 0.396909 0.296769 0.396291 0.296769 0.396291 0.29703 0.395981 0.29729 0.395981 0.297551 0.395672 0.297811 0.395363 0.297551 0.395363 0.29729 0.395054 0.29703 0.395363 0.296769 0.395363 0.296509 0.395054 0.296509 0.394745 0.296248 0.394127 0.296248 0.393818 0.296509 0.393509 0.296248 0.393199 0.296248 0.39289 0.295987 0.393199 0.295727 0.393509 0.295727 0.393509 0.295466 0.393818 0.295206 0.393818 0.294945 0.394127 0.294685 0.393818 0.294424 0.393199 0.294424 0.39289 0.294685 0.39289 0.294945 0.392581 0.295206 0.391654 0.294424 0.391345 0.294424 0.391345 0.294685 0.391036 0.294945 0.390726 0.294945 0.390417 0.295206 0.390108 0.294945 0.389799 0.294945 0.388872 0.294164 0.388872 0.293903 0.388563 0.293903 0.388253 0.293643 0.387944 0.293903 0.387326 0.293903 0.387017 0.293643 0.387017 0.293382 0.386708 0.293382 0.385781 0.2926 0.385781 0.292079 0.384853 0.292079 0.384853 0.29234 0.384544 0.2926 0.384235 0.29234 0.383926 0.29234 0.383617 0.292079 0.383308 0.292079 0.382998 0.291819 0.382689 0.291819 0.38238 0.291558 0.382689 0.291298 0.382689 0.290776 0.38238 0.290776 0.382071 0.290516 0.381762 0.290516 0.381453 0.290776 0.381144 0.290516 0.380835 0.290776 0.380526 0.290516 0.380216 0.290776 0.379289 0.290776 0.37898 0.290516 0.378671 0.290776 0.378362 0.290776 0.378362 0.291037 0.378053 0.291298 0.377743 0.291298 0.377125 0.290776 0.377125 0.290516 0.376507 0.289995 0.376507 0.289734 0.37558 0.289734 0.37527 0.289995 0.374961 0.289734 0.374652 0.289734 0.374343 0.289474 0.374343 0.289734 0.373725 0.290255 0.373416 0.289995 0.373107 0.289995 0.372798 0.289734 0.372488 0.289734 0.372179 0.289474 0.37187 0.289474 0.371561 0.289213 0.371252 0.289213 0.370943 0.288953 0.370634 0.289213 0.370325 0.288953 0.370325 0.288692 0.370015 0.288692 0.369706 0.288431 0.369397 0.288431 0.369088 0.288171 0.368779 0.288171 0.36847 0.288431 0.368161 0.288171 0.367852 0.288171 0.367543 0.28791 0.367543 0.28765 0.367233 0.28765 0.366924 0.287389 0.366615 0.287389 0.366306 0.287129 0.365688 0.287129 0.36507 0.286608 0.36476 0.286608 0.364451 0.286347 0.364142 0.286347 0.363833 0.286087 0.363524 0.286087 0.363215 0.285826 0.362906 0.285826 0.362597 0.285565 0.362287 0.285565 0.361978 0.285305 0.36136 0.285305 0.361051 0.285044 0.360742 0.285044 0.360433 0.284784 0.360124 0.284784 0.359815 0.284523 0.359505 0.284523 0.358887 0.284002 0.359196 0.283742 0.359196 0.283481 0.359505 0.28322 0.359505 0.28296 0.359815 0.282699 0.359815 0.282439 0.360124 0.282178 0.360124 0.281918 0.360433 0.281657 0.360433 0.281397 0.360742 0.281136 0.360742 0.280875 0.360433 0.280875 0.360124 0.280615 0.360124 0.280094 0.360433 0.279833 0.360433 0.279573 0.360742 0.279312 0.360742 0.279052 0.361051 0.278791 0.361051 0.27853 0.36136 0.27827 0.36136 0.278009 0.361669 0.277749 0.361669 0.277488 0.361978 0.277228 0.361978 0.276707 0.362287 0.276446 0.362287 0.276186 0.362597 0.275925 0.362597 0.275664 0.362906 0.275404 0.362906 0.275143 0.363215 0.274883 0.363215 0.274622 0.363524 0.274362 0.363524 0.274101 0.363833 0.273841 0.363833 0.27358 0.364142 0.273319 0.364142 0.273059 0.364451 0.272798 0.364451 0.272538 0.36476 0.272277 0.36476 0.272017 0.36507 0.271756 0.36507 0.271235 0.365379 0.270974 0.365379 0.270714 0.365688 0.270453 0.365688 0.270193 0.365997 0.269932 0.365997 0.269672 0.366306 0.269411 0.366306 0.269151 0.366615 0.26889 0.366615 0.268629 0.366924 0.268369 0.366924 0.268108 0.367233 0.267848 0.367233 0.267587 0.367543 0.267327 0.367543 0.267066 0.367852 0.266806 0.367852 0.266545 0.368161 0.266285 0.368161 0.265763 0.36847 0.265503 0.36847 0.265242 0.368779 0.264982 0.368779 0.264721 0.369088 0.264461 0.369088 0.2642 0.369397 0.26394 0.369397 0.263679 0.369706 0.263418 0.369706 0.263158 0.370015 0.262897 0.370015 0.262637 0.370325 0.262376 0.370325 0.262116 0.370634 0.261855 0.370634 0.261595 0.370943 0.261334 0.370943 0.261073 0.371252 0.260813 0.371252 0.260292 0.371561 0.260031 0.371561 0.259771 0.37187 0.25951 0.37187 0.25925 0.372179 0.258989 0.372179 0.258729 0.372488 0.258468 0.372488 0.258207 0.372798 0.257947 0.372798 0.257686 0.373107 0.257426 0.373107 0.257165 0.373416 0.256905 0.373416 0.256644 0.373725 0.256384 0.373725 0.256123 0.374034 0.255862 0.374034 0.255602 0.374343 0.255341 0.374343 0.25482 0.374652 0.25456 0.374652 0.254299 0.374961 0.254039 0.374961 0.253778 0.37527 0.253517 0.37527 0.253257 0.37558 0.252996 0.37558 0.252736 0.375889 0.252475 0.375889 0.252215 0.376198 0.251954 0.376198 0.251694 0.376507 0.251433 0.376507 0.251172 0.376816 0.250912 0.376816 0.250651 0.377125 0.250391 0.377125 0.25013 0.377434 0.24987 0.377434 0.249349 0.377743 0.249088 0.377743 0.248828 0.378053 0.248567 0.378053 0.248306 0.378362 0.248046 0.378362 0.247785 0.378671 0.247525 0.378671 0.247264 0.37898 0.247004 0.37898 0.246743 0.379289 0.246483 0.379289 0.246222 0.379598 0.245961 0.379598 0.245701 0.379907 0.24544 0.379907 0.24518 0.380216 0.244919 0.380216 0.244659 0.380526 0.244398 0.380526 0.244138 0.380835 0.243877 0.380835 0.243356 0.381144 0.243095 0.381144 0.242835 0.381453 0.242574 0.381453 0.242314 0.381762 0.242053 0.381762 0.241793 0.382071 0.241532 0.382071 0.241271 0.38238 0.241011 0.38238 0.24075 0.382689 0.24049 0.382689 0.240229 0.382998 0.239969 0.382998 0.239708 0.383308 0.239448 0.383308 0.239187 0.383617 0.238927 0.383617 0.238666 0.383926 0.238405 0.383926 0.237884 0.384235 0.237624 0.384235 0.237363 0.384544 0.237103 0.384544 0.236842 0.384853 0.236582 0.384853 0.236321 0.385162 0.23606 0.385162 0.2358 0.385471 0.235539 0.385471 0.235279 0.385781 0.235018 0.385781 0.234758 0.38609 0.234497 0.38609 0.234237 0.386399 0.233976 0.386399 0.233715 0.386708 0.233455 0.386708 0.233194 0.387017 0.232934 0.387017 0.232413 0.387326 0.232152 0.387326 0.231892 0.387635 0.231631 0.387635 0.231371 0.387944 0.23111 0.387944 0.230849 0.388253 0.230589 0.388253 0.230328 0.388563 0.230068 0.388563 0.229807 0.388872 0.229547 0.388872 0.229286 0.389181 0.229026 0.389181 0.228765 0.38949 0.228504 0.38949 0.228244 0.389799 0.227983 0.389799 0.227723 0.390108 0.227462 0.390108 0.226941 0.390417 0.226681 0.390417 0.22642 0.390726 0.226159 0.390726 0.225899 0.391036 0.225638 0.391036 0.225378 0.391345 0.225117 0.391345 0.224857 0.391654 0.224596 0.391654 0.224336 0.391963 0.224075 0.391963 0.223814 0.392272 0.223554 0.392272 0.223293 0.392581 0.223033 0.392581 0.222772 0.39289 0.222512 0.39289 0.222251 0.393199 0.221991 0.393199 0.22147 0.393509 0.221209 0.393509 0.220948 0.393818 0.220688 0.393818 0.220427 0.394127 0.220167 0.394127 0.219906 0.394436 0.219646 0.394436 0.219385 0.394745 0.219125 0.394745 0.218864 0.395054 0.218603 0.395054 0.218343 0.395363 0.218082 0.395363 0.217822 0.395672 0.217561 0.395672 0.217301 0.395981 0.21704 0.395981 0.21678 0.396291 0.216519 0.396291 0.215998 0.3966 0.215737 0.3966 0.215477 0.396909 0.215216 0.396909 0.214956 0.397218 0.214695 0.397218 0.214435 0.396909 0.214435 0.3966 0.214174 0.3966 0.213913 0.396909 0.213653 0.397218 0.213913 0.397527 0.213913 0.397836 0.213653 0.397836 0.213392 0.398145 0.213132 0.397836 0.212871 0.398764 0.21209 0.398764 0.211829 0.399073 0.211569 0.399073 0.211308 0.399382 0.211047 0.399382 0.210526 0.399691 0.210266 0.399691 0.210005 0.4 0.209745 0.4 0.209484 0.400309 0.209224 0.400309 0.208963 0.400618 0.208702 0.400618 0.208442 0.400927 0.208181 0.400927 0.207921 0.401236 0.20766 0.401236 0.2074 0.401546 0.207139 0.401546 0.206879 0.401855 0.206618 0.401855 0.206357 0.402164 0.206097 0.402164 0.205836 0.402473 0.205576 0.402473 0.205055 0.402782 0.204794 0.402782 0.204534 0.403091 0.204273 0.403091 0.204013 0.4034 0.203752 0.4034 0.203491 0.403709 0.203231 0.403709 0.20297 0.4034 0.20271 0.403091 0.20271 0.402782 0.202449 0.402782 0.201668 0.403091 0.201407 0.4034 0.201668 0.4034 0.201928 0.403709 0.201928 0.404019 0.202189 0.404328 0.202189 0.404328 0.201928 0.404637 0.201668 0.404637 0.201407 0.404946 0.201146 0.404637 0.200886 0.404328 0.200886 0.404019 0.200625 0.404019 0.200104 0.403709 0.200104 0.4034 0.199844 0.403091 0.199844 0.402782 0.199583 0.402473 0.199583 0.401855 0.199062 0.402164 0.198801 0.402164 0.198541 0.402473 0.19828 0.402473 0.19802 0.402782 0.197759 0.402782 0.197238 0.403091 0.196978 0.403091 0.196717 0.4034 0.196456 0.4034 0.196196 0.403709 0.195935 0.403709 0.195675 0.404019 0.195414 0.404019 0.195154 0.404328 0.194893 0.404328 0.194633 0.404637 0.194372 0.404637 0.194112 0.404946 0.193851 0.404946 0.19359 0.405255 0.19333 0.405255 0.193069 0.405564 0.192809 0.405564 0.192548 0.405873 0.192288 0.405873 0.192027 0.406182 0.191767 0.406182 0.191245 0.406491 0.190985 0.406491 0.190724 0.406801 0.190464 0.406801 0.190203 0.40711 0.189943 0.40711 0.189682 0.407419 0.189422 0.407419 0.189161 0.407728 0.1889 0.407728 0.18864 0.408037 0.188379 0.408037 0.188119 0.408346 0.187858 0.408346 0.187598 0.408655 0.187337 0.408655 0.187077 0.408964 0.186816 0.408964 0.186555 0.409274 0.186295 0.409274 0.185774 0.409583 0.185513 0.409583 0.185253 0.409892 0.184992 0.409892 0.184732 0.410201 0.184471 0.410201 0.184211 0.41051 0.18395 0.41051 0.183689 0.410819 0.183429 0.410819 0.183168 0.411128 0.182908 0.411128 0.182647 0.411437 0.182387 0.411437 0.182126 0.411747 0.181866 0.411747 0.181605 0.412056 0.181344 0.412056 0.181084 0.412365 0.180823 0.412365 0.180302 0.412674 0.180042 0.412674 0.179781 0.412983 0.179521 0.412983 0.17926 0.413292 0.178999 0.413292 0.178739 0.413601 0.178478 0.413601 0.178218 0.41391 0.177957 0.41391 0.177697 0.414219 0.177436 0.414219 0.177176 0.414529 0.176915 0.414529 0.176655 0.414838 0.176394 0.414838 0.176133 0.415147 0.175873 0.415147 0.175612 0.415456 0.175352 0.415456 0.174831 0.415765 0.17457 0.415765 0.17431 0.416074 0.174049 0.416074 0.173788 0.416383 0.173528 0.416383 0.173267 0.416692 0.173007 0.416692 0.172746 0.417002 0.172486 0.417002 0.172225 0.417311 0.171965 0.417311 0.171704 0.41762 0.171443 0.41762 0.171183 0.417929 0.170922 0.417929 0.170662 0.418238 0.170401 0.418238 0.170141 0.418547 0.16988 0.418547 0.169359 0.418856 0.169098 0.418856 0.168838 0.419165 0.168577 0.419165 0.168317 0.419474 0.168056 0.419474 0.167796 0.419784 0.167535 0.419784 0.167275 0.420093 0.167014 0.420093 0.166754 0.420402 0.166493 0.420402 0.166232 0.420711 0.165972 0.420711 0.165711 0.42102 0.165451 0.42102 0.16519 0.421329 0.16493 0.421329 0.164669 0.421638 0.164409 0.421638 0.163887 0.421947 0.163627 0.421947 0.163366 0.422257 0.163106 0.422257 0.162845 0.422566 0.162585 0.422566 0.162324 0.422875 0.162064 0.422875 0.161803 0.423184 0.161542 0.423184 0.161282 0.423493 0.161021 0.423493 0.160761 0.423802 0.1605 0.423802 0.16024 0.424111 0.159979 0.424111 0.159719 0.42442 0.159458 0.42442 0.159197 0.42473 0.158937 0.42473 0.158416 0.425039 0.158155 0.425039 0.157895 0.425348 0.157634 0.425348 0.157374 0.425657 0.157113 0.425657 0.156853 0.425966 0.156592 0.425966 0.156331 0.426275 0.156071 0.426275 0.15581 0.426584 0.15555 0.426584 0.155289 0.426893 0.155029 0.426893 0.154768 0.427202 0.154508 0.427202 0.154247 0.427512 0.153986 0.427512 0.153726 0.427821 0.153465 0.427821 0.152944 0.42813 0.152684 0.42813 0.152423 0.428439 0.152163 0.428439 0.151902 0.428748 0.151641 0.428748 0.151381 0.429057 0.15112 0.429057 0.15086 0.429366 0.150599 0.429366 0.150339 0.429675 0.150078 0.429675 0.149818 0.429985 0.149557 0.429985 0.149297 0.430294 0.149036 0.430294 0.148775 0.430603 0.148515 0.430603 0.148254 0.430912 0.147994 0.430912 0.147473 0.431221 0.147212 0.431221 0.146952 0.43153 0.146691 0.43153 0.14643 0.431839 0.14617 0.431839 0.145909 0.432148 0.145649 0.432148 0.145388 0.432457 0.145128 0.432457 0.144867 0.432767 0.144607 0.432767 0.144346 0.433076 0.144085 0.433076 0.143825 0.433385 0.143564 0.433385 0.143304 0.433694 0.143043 0.433076 0.142522 0.433076 0.142262 0.432767 0.142001 0.432148 0.142001 0.431839 0.14174 0.43153 0.14174 0.431221 0.14148 0.430912 0.14148 0.430603 0.141219 0.429985 0.141219 0.429675 0.14148 0.429366 0.141219 0.429366 0.140959 0.429057 0.140959 0.428748 0.140698 0.428439 0.140698 0.42813 0.140438 0.427821 0.140438 0.427512 0.140177 0.426893 0.140177 0.426584 0.139917 0.426275 0.139917 0.425966 0.139656 0.425657 0.139656 0.425348 0.139396 0.425039 0.139396 0.42473 0.139135 0.42442 0.139135 0.424111 0.138874 0.423802 0.138874 0.423493 0.138614 0.423184 0.138614 0.422875 0.138353 0.422566 0.138353 0.422257 0.138093 0.421947 0.138093 0.421638 0.137832 0.421329 0.137832 0.42102 0.137572 0.420402 0.137572 0.420093 0.137311 0.419784 0.137311 0.419474 0.137051 0.419165 0.137051 0.418856 0.13679 0.417929 0.13679 0.41762 0.136529 0.417311 0.136529 0.417002 0.136269 0.416692 0.136269 0.416383 0.136008 0.415765 0.136008 0.415456 0.135748 0.415147 0.135748 0.414838 0.135487 0.414529 0.135487 0.414219 0.135227 0.414219 0.134966 0.41391 0.134966 0.413292 0.134445 0.413292 0.134184 0.412674 0.134184 0.412365 0.134445 0.412056 0.134445 0.411747 0.134184 0.411437 0.134184 0.411128 0.133924 0.410819 0.133924 0.41051 0.133663 0.410201 0.133663 0.409892 0.133403 0.409892 0.133142 0.409583 0.133142 0.408655 0.132361 0.408346 0.132361 0.408037 0.1321 0.408037 0.131839 0.408346 0.131579 0.408346 0.131058 0.408655 0.130797 0.408655 0.130537 0.408346 0.130276 0.408346 0.130016 0.408037 0.130016 0.407728 0.129755 0.408037 0.129495 0.407728 0.129234 0.407728 0.128973 0.407419 0.128713 0.407419 0.128452 0.406801 0.127931 0.40711 0.127671 0.40711 0.12741 0.406801 0.12715 0.406801 0.126889 0.406491 0.126628 0.406491 0.126368 0.406182 0.126107 0.406182 0.125586 0.405564 0.125065 0.405564 0.124023 0.405255 0.123762 0.405255 0.123502 0.404946 0.123241 0.404946 0.122199 0.404637 0.122199 0.403091 0.120896 0.4034 0.120636 0.403709 0.120636 0.404019 0.120375 0.404328 0.120636 0.404328 0.120896 0.404637 0.121157 0.405255 0.121157 0.405564 0.121417 0.405873 0.121417 0.406182 0.121678 0.406491 0.121678 0.406801 0.121939 0.40711 0.121939 0.407419 0.122199 0.407728 0.122199 0.408037 0.12246 0.408037 0.122981 0.407728 0.123241 0.407728 0.123502 0.408037 0.123502 0.408346 0.123762 0.408655 0.123502 0.408655 0.123241 0.408964 0.122981 0.409583 0.122981 0.409892 0.123241 0.410201 0.123241 0.41051 0.123502 0.410819 0.123502 0.411128 0.123762 0.411747 0.123762 0.412056 0.124023 0.412365 0.124023 0.412674 0.123762 0.412365 0.123502 0.412056 0.123502 0.411747 0.123241 0.411437 0.123241 0.411128 0.122981 0.410819 0.122981 0.41051 0.12272 0.410201 0.12272 0.409892 0.12246 0.409583 0.12246 0.409274 0.122199 0.408964 0.122199 0.408655 0.121939 0.408346 0.121939 0.408037 0.121678 0.407419 0.121678 0.40711 0.121417 0.406801 0.121417 0.406491 0.121157 0.406182 0.121157 0.405873 0.120896 0.405564 0.120896 0.405255 0.120636 0.404946 0.120636 0.404637 0.120375 0.404328 0.120636 0.404019 0.120375 0.404019 0.120115 0.403709 0.120115 0.4034 0.119854 0.403091 0.119854 0.402782 0.119594 0.402473 0.119594 0.402164 0.119333 0.401855 0.119333 0.401546 0.119072 0.400927 0.119072 0.400618 0.118812 0.400309 0.118812 0.4 0.118551 0.399691 0.118551 0.399382 0.118291 0.399073 0.118291 0.398764 0.11803 0.398454 0.11803 0.398145 0.11777 0.397836 0.11777 0.397527 0.117509 0.397218 0.117509 0.396909 0.117249 0.3966 0.117249 0.396291 0.116988 0.395981 0.116988 0.395672 0.116727 0.395363 0.116727 0.395054 0.116467 0.394436 0.116467 0.394127 0.116206 0.393818 0.116206 0.393509 0.115946 0.393199 0.115946 0.39289 0.115685 0.392581 0.115685 0.392272 0.115425 0.391963 0.115425 0.391654 0.115164 0.391345 0.115164 0.391036 0.114904 0.390726 0.114904 0.390417 0.114643 0.390108 0.114643 0.389799 0.114382 0.38949 0.114382 0.389181 0.114122 0.388872 0.114122 0.388563 0.113861 0.387944 0.113861 0.387635 0.113601 0.387326 0.113601 0.387017 0.11334 0.386708 0.11334 0.386399 0.11308 0.38609 0.11308 0.385781 0.112819 0.385471 0.112819 0.385162 0.112559 0.384853 0.112559 0.384544 0.112298 0.384235 0.112298 0.383926 0.112038 0.383617 0.112038 0.383308 0.111777 0.382998 0.111777 0.382689 0.111516 0.38238 0.111516 0.382071 0.111256 0.381453 0.111256 0.381144 0.110995 0.380835 0.110995 0.380526 0.110735 0.380216 0.110735 0.379907 0.110474 0.379598 0.110474 0.379289 0.110214 0.37898 0.110214 0.378671 0.109953 0.378362 0.109953 0.378053 0.109693 0.377743 0.109693 0.377434 0.109432 0.377125 0.109432 0.377125 0.109693 0.376816 0.109953 0.376198 0.109432 0.376507 0.109171 0.376198 0.108911 0.375889 0.108911 0.37558 0.10865 0.374961 0.10865 0.374652 0.10839 0.374034 0.10839 0.373416 0.107869 0.373107 0.107869 0.372798 0.107608 0.372488 0.107608 0.37187 0.108129 0.371561 0.108129 0.371252 0.107869 0.371252 0.108129 0.370943 0.10839 0.370634 0.108129 0.370634 0.10839 0.370325 0.10865 0.370325 0.108911 0.370015 0.109171 0.369706 0.108911 0.369397 0.108911 0.369088 0.10865 0.369397 0.10839 0.369397 0.108129 0.369706 0.107869 0.369706 0.107348 0.370015 0.107087 0.369706 0.107087 0.369397 0.106826
