0 0.383099 0.813859 0.382696 0.814198 0.382294 0.814198 0.382696 0.814538 0.383099 0.814538 0.383501 0.814198 0.383501 0.813859
0 0.378672 0.813179 0.378672 0.813519 0.379074 0.813859 0.379074 0.814198 0.379879 0.814878 0.379879 0.815217 0.380282 0.815557 0.380684 0.815557 0.380282 0.815217 0.380282 0.814878 0.379879 0.814538 0.379879 0.814198 0.379477 0.813859 0.379477 0.813519 0.379074 0.813179
0 0.500201 0.784647 0.500604 0.784986 0.500604 0.785326 0.501006 0.785666 0.501408 0.785326 0.500604 0.784647
0 0.562173 0.776495 0.561771 0.776834 0.561368 0.776834 0.561771 0.777174 0.561771 0.777514 0.562173 0.777174 0.562575 0.777174 0.562978 0.776834 0.562575 0.776495
0 0.493763 0.774796 0.49336 0.775136 0.493763 0.775476 0.494165 0.775476 0.494567 0.775815 0.494567 0.775136 0.494165 0.774796
0 0.391549 0.610734 0.391147 0.611073 0.390744 0.611073 0.390744 0.611413 0.390342 0.611753 0.390744 0.612092 0.390744 0.612432 0.391549 0.611753 0.391952 0.611753 0.391952 0.611073
0 0.385513 0.601902 0.385111 0.602242 0.384708 0.602242 0.384306 0.602582 0.384306 0.602921 0.385111 0.602921 0.385513 0.603261 0.386318 0.602582
0 0.380684 0.595109 0.380282 0.595448 0.379879 0.595448 0.380282 0.595788 0.380282 0.596128 0.381087 0.596128 0.381891 0.596807 0.381489 0.597147 0.381489 0.597826 0.381087 0.598166 0.381087 0.598505 0.381489 0.598845 0.382294 0.598845 0.382696 0.598505 0.383099 0.598505 0.383099 0.597826 0.382696 0.597486 0.382696 0.597147 0.382294 0.596807 0.382294 0.596467 0.381489 0.595788 0.381489 0.595448 0.381087 0.595109
0 0.379477 0.59375 0.379074 0.59409 0.379477 0.594429 0.379477 0.594769 0.379879 0.594429 0.380684 0.594429 0.380684 0.59409 0.380282 0.59375
0 0.379074 0.591712 0.378672 0.592052 0.379074 0.592391 0.379477 0.592391 0.379074 0.592052
0 0.373038 0.583899 0.372233 0.584579 0.372233 0.584918 0.371831 0.585258 0.372233 0.585598 0.373441 0.585598 0.373843 0.585258 0.374245 0.585598 0.374648 0.585258 0.374648 0.584918 0.373843 0.584239 0.373843 0.583899
0 0.364588 0.569973 0.364185 0.570312 0.364185 0.570992 0.364588 0.570992 0.36499 0.570652 0.364588 0.570312
0 0.352515 0.55197 0.352113 0.55231 0.35171 0.55231 0.352515 0.552989 0.352515 0.553329 0.35332 0.553329 0.35332 0.552989 0.352918 0.552649 0.352918 0.55231
0 0.351308 0.550611 0.350905 0.550951 0.351308 0.551291 0.351308 0.55163 0.35171 0.551291 0.352113 0.551291 0.352113 0.550951 0.35171 0.550611
0 0.349698 0.548234 0.349296 0.548573 0.349698 0.548913 0.349698 0.549253 0.350101 0.548913 0.350503 0.548913 0.350503 0.548573 0.350101 0.548234
0 0.342052 0.536345 0.34165 0.536685 0.341247 0.536685 0.341247 0.537024 0.342052 0.537704 0.342455 0.537364 0.342857 0.537704 0.342857 0.537024 0.342455 0.536685 0.342455 0.536345
0 0.334809 0.526155 0.334809 0.526834 0.335211 0.526834 0.335614 0.526495 0.335614 0.526155
0 0.216901 0.464334 0.216499 0.464674 0.216499 0.465014 0.216901 0.465353 0.217304 0.465353 0.217304 0.464674
0 0.214085 0.45788 0.214085 0.45822 0.21328 0.458899 0.214085 0.459579 0.214487 0.459239 0.214889 0.459239 0.214889 0.458899 0.214487 0.45856 0.214487 0.45822
0 0.22495 0.453125 0.224547 0.453465 0.224547 0.454144 0.225352 0.454144 0.225755 0.453804 0.225755 0.453465 0.225352 0.453125
0 0.271227 0.429688 0.270825 0.430027 0.270423 0.430027 0.27002 0.430367 0.269618 0.430367 0.269215 0.430707 0.268813 0.430707 0.268008 0.431386 0.267606 0.431386 0.267203 0.431726 0.266801 0.431726 0.266398 0.432065 0.265996 0.432065 0.265594 0.432405 0.265191 0.432405 0.264386 0.433084 0.263984 0.433084 0.263581 0.433424 0.263179 0.433424 0.262777 0.433764 0.262374 0.433764 0.261569 0.434443 0.261167 0.434443 0.260765 0.434783 0.260362 0.434783 0.260362 0.435122 0.25996 0.435462 0.258753 0.435462 0.257948 0.436141 0.257545 0.436141 0.257143 0.436481 0.25674 0.436481 0.256338 0.436821 0.255936 0.436821 0.255533 0.43716 0.255131 0.43716 0.254326 0.43784 0.253924 0.43784 0.253521 0.438179 0.253119 0.438179 0.252716 0.438519 0.252314 0.438519 0.251509 0.439198 0.251107 0.439198 0.250704 0.439538 0.250302 0.439538 0.249899 0.439878 0.249497 0.439878 0.249095 0.440217 0.248692 0.440217 0.247887 0.440897 0.247485 0.440897 0.247082 0.441236 0.24668 0.441236 0.246278 0.441576 0.245875 0.441576 0.245473 0.441916 0.24507 0.441916 0.244668 0.442255 0.244668 0.442595 0.244266 0.442935 0.243863 0.442935 0.243863 0.443274 0.243461 0.443614 0.243461 0.444293 0.243058 0.444633 0.242656 0.444633 0.241046 0.445992 0.240644 0.445992 0.240241 0.446332 0.239839 0.446332 0.239437 0.446671 0.239437 0.447011 0.237022 0.449049 0.23662 0.449049 0.23662 0.449389 0.235815 0.450068 0.235412 0.450068 0.23501 0.450408 0.234608 0.450408 0.234205 0.450747 0.234205 0.451087 0.232998 0.452106 0.232596 0.451766 0.232596 0.451427 0.232193 0.451766 0.231791 0.451766 0.231388 0.452106 0.230986 0.452106 0.230584 0.452446 0.230181 0.452446 0.229779 0.452785 0.229779 0.453125 0.230181 0.453465 0.230181 0.453804 0.229779 0.454144 0.229376 0.454144 0.228974 0.454484 0.229376 0.454823 0.229376 0.455163 0.229779 0.455503 0.228974 0.456182 0.228974 0.456522 0.228571 0.456861 0.228974 0.457201 0.228974 0.460258 0.229376 0.460598 0.229376 0.461277 0.230584 0.462296 0.231388 0.462296 0.231791 0.462636 0.231791 0.462976 0.232193 0.462976 0.232596 0.463315 0.232596 0.463655 0.232998 0.463655 0.2334 0.463995 0.233803 0.463995 0.234608 0.464674 0.23501 0.464334 0.235412 0.464674 0.237425 0.464674 0.237827 0.465014 0.238632 0.465014 0.239437 0.465693 0.239839 0.465693 0.240644 0.466372 0.240644 0.466712 0.241046 0.467052 0.241046 0.467391 0.241851 0.468071 0.241851 0.46909 0.242254 0.469429 0.241851 0.469769 0.241851 0.471807 0.241449 0.472147 0.241851 0.472486 0.241851 0.472826 0.242656 0.473505 0.242656 0.473845 0.243058 0.474185 0.243058 0.474524 0.243461 0.474864 0.243461 0.475204 0.243863 0.475543 0.243863 0.475883 0.244668 0.476562 0.244668 0.476902 0.24507 0.477242 0.24507 0.477582 0.245473 0.477921 0.245473 0.478261 0.246278 0.47894 0.246278 0.47928 0.247082 0.47928 0.247485 0.47962 0.247485 0.479959 0.247887 0.479959 0.248692 0.480639 0.248692 0.480978 0.249095 0.481318 0.248692 0.481658 0.249095 0.481997 0.248692 0.482337 0.249095 0.482677 0.248692 0.483016 0.249095 0.483356 0.248692 0.483696 0.248692 0.484375 0.249095 0.484715 0.249095 0.485054 0.248692 0.485394 0.248692 0.485734 0.249095 0.486073 0.248692 0.486413 0.248692 0.487092 0.249095 0.487432 0.248692 0.487772 0.249095 0.488111 0.249095 0.488451 0.248692 0.488791 0.24829 0.488791 0.24829 0.490149 0.248692 0.490489 0.24829 0.490829 0.247887 0.490829 0.247887 0.491508 0.24829 0.491848 0.24829 0.492188 0.248692 0.492527 0.24829 0.492867 0.248692 0.493207 0.24829 0.493546 0.24829 0.493886 0.247887 0.494226 0.24829 0.494565 0.247887 0.494905 0.247887 0.495245 0.247485 0.495584 0.247485 0.495924 0.247082 0.496264 0.247082 0.496603 0.247485 0.496943 0.247082 0.497283 0.247082 0.497622 0.24668 0.497962 0.24668 0.498641 0.246278 0.498981 0.24668 0.499321 0.245875 0.5 0.245875 0.501359 0.245473 0.501698 0.245473 0.502038 0.24507 0.502378 0.24507 0.503057 0.244668 0.503397 0.244668 0.503736 0.244266 0.504076 0.243863 0.504076 0.243461 0.504416 0.243058 0.504416 0.242656 0.504755 0.242254 0.504755 0.242254 0.505095 0.241449 0.505774 0.241046 0.505774 0.241046 0.506114 0.240644 0.506454 0.240644 0.506793 0.239437 0.507812 0.239034 0.507812 0.238229 0.508492 0.237827 0.508492 0.237425 0.508832 0.237022 0.508832 0.23662 0.509171 0.236217 0.509171 0.235412 0.509851 0.23501 0.509851 0.233803 0.51087 0.2334 0.51053 0.232998 0.51087 0.232596 0.51087 0.231791 0.511549 0.231388 0.511549 0.231388 0.511889 0.230986 0.512228 0.230986 0.512568 0.230584 0.512908 0.230181 0.512908 0.229779 0.513247 0.229376 0.512908 0.228974 0.513247 0.228571 0.513247 0.228169 0.513587 0.226962 0.513587 0.226157 0.514266 0.225755 0.514266 0.225352 0.514606 0.22495 0.514606 0.22495 0.514946 0.224547 0.515285 0.224145 0.515285 0.223742 0.515625 0.22334 0.515625 0.222535 0.516304 0.222133 0.516304 0.22173 0.516644 0.221328 0.516644 0.220523 0.515965 0.219718 0.515965 0.219316 0.515625 0.218109 0.515625 0.217706 0.515285 0.216901 0.515285 0.216499 0.515625 0.215694 0.514946 0.214889 0.514946 0.214487 0.515285 0.214085 0.514946 0.21328 0.515625 0.212877 0.515625 0.212475 0.515285 0.21167 0.515965 0.210463 0.515965 0.21006 0.516304 0.209658 0.516304 0.209256 0.516644 0.208853 0.516644 0.208451 0.516984 0.208048 0.516984 0.207243 0.517663 0.206841 0.517663 0.206439 0.518003 0.206036 0.518003 0.205634 0.518342 0.205231 0.518342 0.205634 0.518682 0.205231 0.519022 0.204829 0.519022 0.204427 0.519361 0.204024 0.519361 0.204024 0.519701 0.203622 0.520041 0.203219 0.520041 0.202414 0.52072 0.202012 0.52072 0.20161 0.52106 0.201207 0.52106 0.201207 0.521399 0.20161 0.521739 0.20161 0.522079 0.201207 0.522418 0.201207 0.524117 0.20161 0.524117 0.202012 0.523777 0.202414 0.523777 0.202817 0.524117 0.202817 0.524457 0.203219 0.524796 0.202817 0.525136 0.202414 0.525136 0.202012 0.525476 0.202012 0.525815 0.202414 0.526155 0.202414 0.526495 0.203219 0.526495 0.203622 0.526155 0.204024 0.526155 0.204427 0.526495 0.204427 0.526834 0.204829 0.527174 0.204829 0.528193 0.205231 0.528533 0.205231 0.530231 0.205634 0.530571 0.205634 0.53091 0.206036 0.53091 0.206439 0.53125 0.206036 0.53159 0.206036 0.531929 0.206439 0.532269 0.206439 0.532609 0.206841 0.532948 0.206841 0.533288 0.207243 0.533628 0.207243 0.533967 0.207646 0.534307 0.207646 0.534647 0.208451 0.535326 0.208451 0.535666 0.208853 0.536005 0.208853 0.536345 0.209256 0.536685 0.209256 0.537024 0.21006 0.537704 0.21006 0.538043 0.210463 0.538383 0.210463 0.538723 0.210865 0.539062 0.210865 0.539402 0.211268 0.539742 0.211268 0.540082 0.212072 0.540761 0.212072 0.541101 0.212475 0.54144 0.212475 0.54178 0.212877 0.54212 0.212877 0.542459 0.21328 0.542799 0.21328 0.543139 0.214085 0.543818 0.214085 0.544158 0.214487 0.544497 0.214487 0.544837 0.214889 0.545177 0.214889 0.545516 0.215694 0.546196 0.215694 0.546535 0.216097 0.546875 0.216097 0.547215 0.216499 0.547554 0.216499 0.547894 0.216901 0.548234 0.216901 0.548573 0.217706 0.549253 0.217706 0.549592 0.218109 0.549932 0.218109 0.550272 0.218511 0.550611 0.218511 0.550951 0.218913 0.550951 0.219718 0.55163 0.219718 0.55197 0.220121 0.55231 0.220121 0.552649 0.220523 0.552989 0.220523 0.553329 0.221328 0.554008 0.221328 0.554348 0.22173 0.554688 0.22173 0.555027 0.222133 0.555367 0.222133 0.555707 0.222535 0.556046 0.222535 0.556386 0.22334 0.557065 0.22334 0.557405 0.223742 0.557745 0.223742 0.558084 0.224145 0.558424 0.224145 0.558764 0.224547 0.559103 0.224547 0.559443 0.225352 0.560122 0.225352 0.560462 0.225755 0.560802 0.225755 0.561141 0.226157 0.561481 0.226157 0.561821 0.226559 0.56216 0.226559 0.5625 0.227364 0.563179 0.227364 0.563519 0.227767 0.563859 0.227767 0.564198 0.228169 0.564538 0.228169 0.564878 0.228974 0.565557 0.228974 0.565897 0.229376 0.566236 0.229376 0.566576 0.229779 0.566916 0.229779 0.567255 0.230181 0.567595 0.230181 0.567935 0.230986 0.568614 0.230986 0.568954 0.231388 0.569293 0.231388 0.569633 0.231791 0.569973 0.231791 0.570312 0.232193 0.570652 0.232193 0.570992 0.232998 0.571671 0.232998 0.572011 0.2334 0.572351 0.2334 0.57269 0.233803 0.57303 0.233803 0.57337 0.234608 0.574049 0.234608 0.574389 0.23501 0.574728 0.23501 0.575068 0.235412 0.575408 0.235412 0.575747 0.235815 0.576087 0.235815 0.576427 0.23662 0.577106 0.23662 0.577446 0.237022 0.577785 0.237022 0.578804 0.237425 0.579144 0.237425 0.579484 0.237827 0.579823 0.237827 0.580163 0.238229 0.580503 0.237827 0.580842 0.237827 0.581861 0.237022 0.582541 0.23662 0.582541 0.236217 0.58288 0.235815 0.58288 0.23501 0.58356 0.234608 0.58356 0.234205 0.583899 0.233803 0.583899 0.233803 0.584239 0.2334 0.584579 0.2334 0.585258 0.233803 0.585598 0.233803 0.585938 0.234608 0.586617 0.234608 0.586957 0.23501 0.587296 0.23501 0.587636 0.235412 0.587976 0.235412 0.588315 0.235815 0.588655 0.235815 0.588995 0.23662 0.589674 0.23662 0.590014 0.237022 0.590353 0.237022 0.590693 0.237425 0.591033 0.237425 0.591372 0.238229 0.592052 0.238229 0.592391 0.238632 0.592731 0.238632 0.593071 0.239034 0.59341 0.239034 0.59375 0.239437 0.59409 0.239437 0.594429 0.240241 0.595109 0.240241 0.595448 0.240644 0.595788 0.240644 0.596128 0.241046 0.596467 0.241046 0.596807 0.241449 0.597147 0.241449 0.597486 0.242254 0.598166 0.242254 0.598505 0.242656 0.598845 0.242656 0.599185 0.243058 0.599524 0.243058 0.599864 0.244668 0.601223 0.244668 0.601562 0.24507 0.601902 0.24507 0.602921 0.245875 0.603601 0.245875 0.60394 0.246278 0.60428 0.246278 0.60462 0.24668 0.60462 0.247082 0.604959 0.247485 0.604959 0.247887 0.60462 0.247887 0.60428 0.24829 0.60394 0.248692 0.60394 0.249095 0.603601 0.249497 0.603601 0.249899 0.60394 0.249899 0.60428 0.250302 0.60428 0.250704 0.60394 0.249899 0.60394 0.249497 0.603601 0.249899 0.603261 0.250302 0.603261 0.250302 0.602921 0.250704 0.602582 0.251107 0.602921 0.251107 0.603261 0.252314 0.60428 0.252314 0.60462 0.252716 0.60462 0.253119 0.604959 0.253119 0.605299 0.253521 0.604959 0.253924 0.605299 0.253924 0.605639 0.254326 0.605639 0.254728 0.605978 0.254728 0.606318 0.255131 0.606658 0.255131 0.606997 0.254728 0.607337 0.254326 0.607337 0.254326 0.607677 0.254728 0.608016 0.254728 0.608356 0.255131 0.608696 0.255533 0.608696 0.255936 0.609035 0.256338 0.608696 0.25674 0.609035 0.25674 0.609375 0.255936 0.610054 0.256338 0.610394 0.256338 0.610734 0.25674 0.610734 0.257143 0.611073 0.257143 0.611413 0.257545 0.611753 0.257948 0.611753 0.260362 0.613791 0.260362 0.61413 0.260765 0.61447 0.260765 0.61481 0.261569 0.615489 0.261569 0.615829 0.261972 0.616168 0.261972 0.616508 0.262374 0.616848 0.262374 0.617188 0.263179 0.617867 0.263179 0.618207 0.263581 0.618546 0.263581 0.618886 0.263984 0.619226 0.263984 0.620245 0.264386 0.620584 0.264386 0.620924 0.265191 0.621603 0.265191 0.621943 0.265594 0.622283 0.265594 0.622622 0.265996 0.622962 0.265996 0.623302 0.266398 0.623641 0.266398 0.623981 0.267203 0.62466 0.267203 0.625 0.267606 0.62534 0.267203 0.625679 0.267606 0.626019 0.267606 0.626359 0.268008 0.626698 0.268008 0.627038 0.26841 0.627378 0.26841 0.627717 0.269215 0.628397 0.269215 0.628736 0.269618 0.629076 0.269618 0.629416 0.27002 0.629755 0.27002 0.630095 0.270423 0.630435 0.270423 0.630774 0.271227 0.631454 0.271227 0.631793 0.27163 0.632133 0.271227 0.632473 0.271227 0.633152 0.27163 0.633492 0.27163 0.633832 0.272032 0.634171 0.27163 0.634511 0.272032 0.634851 0.272032 0.63519 0.272435 0.63553 0.272435 0.637228 0.272837 0.637568 0.272837 0.637908 0.273642 0.637908 0.274044 0.638247 0.274447 0.637908 0.274849 0.637908 0.275252 0.638247 0.275252 0.638587 0.275654 0.638927 0.275654 0.639266 0.276056 0.639606 0.276056 0.640625 0.276861 0.641304 0.276861 0.641644 0.277264 0.641644 0.278471 0.642663 0.279276 0.642663 0.279678 0.643003 0.279678 0.643342 0.280483 0.644022 0.280483 0.644361 0.280885 0.644701 0.280885 0.645041 0.281288 0.64538 0.281288 0.64572 0.28169 0.64606 0.282093 0.64606 0.282495 0.646399 0.282495 0.646739 0.282897 0.647079 0.282495 0.647418 0.282897 0.647758 0.282897 0.648098 0.2833 0.648438 0.2833 0.648777 0.284105 0.649457 0.284105 0.650476 0.284507 0.650815 0.284507 0.651155 0.284909 0.651495 0.284909 0.651834 0.285312 0.652174 0.285312 0.652514 0.286117 0.653193 0.286117 0.653533 0.286519 0.653872 0.286519 0.654212 0.286922 0.654552 0.286922 0.654891 0.287324 0.655231 0.287324 0.655571 0.287726 0.65591 0.288129 0.65591 0.288531 0.65625 0.288531 0.65659 0.288934 0.656929 0.288934 0.657269 0.289738 0.657948 0.289738 0.658288 0.290141 0.658628 0.290141 0.658967 0.290543 0.659307 0.290543 0.659647 0.290946 0.659986 0.290946 0.660326 0.291751 0.661005 0.291751 0.661345 0.292153 0.661685 0.292153 0.662024 0.293763 0.663383 0.293763 0.663723 0.294165 0.664062 0.294165 0.664402 0.294567 0.664742 0.294567 0.665761 0.29497 0.666101 0.29497 0.66644 0.295775 0.66712 0.295775 0.667459 0.296177 0.667799 0.296177 0.668139 0.296579 0.668478 0.296579 0.670177 0.296982 0.670516 0.296579 0.670856 0.296982 0.671196 0.296579 0.671535 0.296982 0.671875 0.296579 0.672215 0.296579 0.674253 0.296982 0.674592 0.296579 0.674932 0.296982 0.675272 0.297787 0.675272 0.298189 0.675611 0.297787 0.675951 0.298189 0.676291 0.298189 0.67663 0.298994 0.67731 0.298592 0.677649 0.298592 0.677989 0.299396 0.678668 0.299396 0.679348 0.299799 0.679348 0.300201 0.679008 0.301006 0.679008 0.301811 0.679688 0.301811 0.680027 0.301408 0.680367 0.301006 0.680027 0.300604 0.680027 0.300201 0.680367 0.300604 0.680707 0.300604 0.681046 0.301006 0.681386 0.301006 0.681726 0.301408 0.681726 0.301811 0.681386 0.302213 0.681386 0.302616 0.681726 0.301811 0.682405 0.301811 0.682745 0.302213 0.683084 0.302213 0.683424 0.302616 0.683764 0.303823 0.683764 0.304225 0.684103 0.303421 0.684783 0.303421 0.685122 0.304225 0.685122 0.304628 0.685462 0.304225 0.685802 0.304225 0.686481 0.304628 0.686821 0.304628 0.68716 0.30503 0.6875 0.30503 0.68784 0.305835 0.688519 0.305835 0.688859 0.306237 0.689198 0.306237 0.689538 0.307042 0.690217 0.307042 0.690557 0.307847 0.690557 0.308249 0.690897 0.307847 0.691236 0.307847 0.691916 0.308249 0.692255 0.308249 0.692595 0.308652 0.692935 0.308652 0.693274 0.309054 0.693614 0.309054 0.693954 0.309859 0.694633 0.309859 0.694973 0.310262 0.695312 0.310664 0.695312 0.311066 0.695652 0.310664 0.695992 0.310664 0.696332 0.311066 0.696671 0.311871 0.696671 0.312274 0.697011 0.311871 0.697351 0.311871 0.69803 0.312274 0.69837 0.312274 0.698709 0.312676 0.699049 0.312676 0.699389 0.313481 0.700068 0.313481 0.700408 0.313883 0.700747 0.313883 0.701087 0.314286 0.701427 0.314286 0.701766 0.314688 0.702106 0.313883 0.702785 0.313481 0.702785 0.313481 0.703125 0.313883 0.703465 0.313883 0.703804 0.314286 0.704144 0.314286 0.704484 0.314688 0.704823 0.314688 0.705163 0.315091 0.705503 0.315091 0.705842 0.315895 0.706522 0.315895 0.706861 0.316298 0.707201 0.316298 0.707541 0.3167 0.70788 0.3167 0.70822 0.317505 0.708899 0.317505 0.709239 0.317907 0.709579 0.317907 0.709918 0.31831 0.710258 0.31831 0.710598 0.318712 0.710938 0.318712 0.711277 0.319517 0.711957 0.319517 0.712296 0.31992 0.712636 0.31992 0.712976 0.320322 0.712976 0.320724 0.712636 0.321529 0.712636 0.321932 0.712976 0.321127 0.713655 0.320724 0.713655 0.320724 0.714334 0.321529 0.715014 0.321529 0.715353 0.321932 0.715693 0.321932 0.716033 0.322334 0.716372 0.322334 0.716712 0.322736 0.717052 0.322736 0.717391 0.323541 0.718071 0.323541 0.71841 0.323944 0.71875 0.323944 0.71909 0.324346 0.71909 0.325151 0.719769 0.324748 0.720109 0.325151 0.720448 0.325151 0.720788 0.325553 0.721128 0.325553 0.721467 0.325956 0.721807 0.325956 0.722147 0.326358 0.722486 0.326358 0.722826 0.327163 0.723505 0.327163 0.723845 0.327565 0.724185 0.327565 0.724524 0.327968 0.724864 0.327968 0.725204 0.32837 0.725543 0.32837 0.725883 0.329175 0.726562 0.329175 0.726902 0.329577 0.727242 0.329577 0.727582 0.32998 0.727921 0.32998 0.728261 0.330785 0.72894 0.330785 0.72928 0.331187 0.72962 0.331187 0.729959 0.33159 0.730299 0.33159 0.730639 0.331992 0.730978 0.331992 0.731318 0.332797 0.731997 0.332797 0.732337 0.333199 0.732677 0.333199 0.733016 0.333602 0.733356 0.333602 0.733696 0.334004 0.734035 0.334004 0.734375 0.334809 0.735054 0.334809 0.735394 0.335211 0.735734 0.335211 0.736073 0.335614 0.736413 0.335614 0.736753 0.336016 0.737092 0.336016 0.737432 0.336821 0.738111 0.336821 0.738451 0.337223 0.738791 0.337223 0.73913 0.337626 0.73947 0.337626 0.73981 0.338431 0.740489 0.338431 0.740829 0.338833 0.741168 0.338833 0.741508 0.339235 0.741848 0.339235 0.742188 0.339638 0.742527 0.339638 0.742867 0.340443 0.743546 0.340443 0.743886 0.340845 0.744226 0.340845 0.744565 0.341247 0.744905 0.341247 0.745245 0.34165 0.745584 0.34165 0.745924 0.342455 0.746603 0.342455 0.746943 0.342857 0.747283 0.342857 0.747622 0.34326 0.747962 0.34326 0.748302 0.344064 0.748981 0.344064 0.749321 0.344467 0.74966 0.344467 0.75 0.344869 0.75034 0.344869 0.750679 0.345272 0.751019 0.345272 0.751359 0.346076 0.752038 0.346076 0.752378 0.346479 0.752717 0.346479 0.753057 0.346881 0.753397 0.346881 0.753736 0.347284 0.754076 0.347284 0.754416 0.348089 0.755095 0.348089 0.755435 0.348491 0.755774 0.348491 0.756114 0.348893 0.756454 0.348893 0.756793 0.349296 0.757133 0.349296 0.757473 0.350101 0.758152 0.350101 0.758492 0.350503 0.758832 0.350503 0.759171 0.350905 0.759511 0.350905 0.759851 0.35171 0.76053 0.35171 0.76087 0.352113 0.761209 0.352113 0.761549 0.352515 0.761889 0.352515 0.762228 0.352918 0.762568 0.352918 0.762908 0.353722 0.763587 0.353722 0.763927 0.354125 0.764266 0.354125 0.764606 0.354527 0.764946 0.354527 0.765285 0.35493 0.765625 0.35493 0.765965 0.355734 0.766644 0.355734 0.766984 0.356137 0.767323 0.356137 0.767663 0.356539 0.768003 0.356539 0.768342 0.357344 0.769022 0.357344 0.769361 0.357746 0.769701 0.357746 0.770041 0.358149 0.77038 0.358149 0.77072 0.358551 0.77106 0.358551 0.771399 0.359356 0.772079 0.359356 0.772418 0.359759 0.772758 0.359759 0.773098 0.360161 0.773438 0.360161 0.773777 0.360563 0.774117 0.360563 0.774457 0.361368 0.775136 0.361368 0.775476 0.361771 0.775815 0.361771 0.776155 0.362173 0.776495 0.362173 0.776834 0.362575 0.777174 0.362575 0.777514 0.36338 0.778193 0.36338 0.778533 0.363783 0.778872 0.363783 0.779212 0.364185 0.779552 0.364185 0.779891 0.36499 0.780571 0.36499 0.78091 0.365392 0.78125 0.365392 0.78159 0.365795 0.781929 0.365795 0.782269 0.366197 0.782609 0.366197 0.782948 0.367002 0.783628 0.367002 0.783967 0.367404 0.784307 0.367807 0.784307 0.368209 0.783967 0.368612 0.783967 0.369014 0.783628 0.369416 0.783967 0.369416 0.784307 0.370221 0.784986 0.370221 0.785326 0.370624 0.785666 0.370624 0.786005 0.371026 0.786345 0.371026 0.786685 0.371429 0.787024 0.371429 0.787364 0.372233 0.788043 0.372233 0.788383 0.372636 0.788723 0.372636 0.789062 0.373038 0.789402 0.373038 0.789742 0.373441 0.790082 0.373441 0.790421 0.374245 0.791101 0.374245 0.79144 0.374648 0.79178 0.374648 0.79212 0.37505 0.792459 0.37505 0.792799 0.375855 0.793478 0.375855 0.793818 0.376258 0.794158 0.376258 0.794497 0.37666 0.794837 0.37666 0.795177 0.377062 0.795516 0.377062 0.795856 0.377867 0.796535 0.377867 0.796875 0.37827 0.797215 0.37827 0.797554 0.378672 0.797894 0.378672 0.798234 0.379074 0.798573 0.379074 0.798913 0.379879 0.799592 0.379879 0.799932 0.380282 0.800272 0.380282 0.800611 0.380684 0.800951 0.380684 0.801291 0.381087 0.80163 0.381087 0.80197 0.381891 0.802649 0.381891 0.802989 0.381087 0.803668 0.380684 0.803668 0.380282 0.804008 0.380684 0.804348 0.381087 0.804008 0.381489 0.804008 0.381891 0.803668 0.382294 0.804008 0.382294 0.804348 0.382696 0.804688 0.382294 0.805027 0.382696 0.805367 0.381891 0.806046 0.381489 0.806046 0.381087 0.806386 0.380684 0.806386 0.380282 0.806726 0.380684 0.807065 0.380282 0.807405 0.380282 0.807745 0.379879 0.808084 0.379879 0.809103 0.380282 0.809443 0.380282 0.810462 0.381087 0.811141 0.381087 0.811481 0.381489 0.811821 0.381489 0.81216 0.381891 0.8125 0.381891 0.81284 0.382294 0.81284 0.382696 0.813179 0.383501 0.813179 0.383903 0.81284 0.384708 0.81284 0.385111 0.8125 0.386318 0.8125 0.38672 0.81216 0.387928 0.81216 0.38833 0.811821 0.388732 0.811821 0.389135 0.811481 0.389537 0.811481 0.38994 0.811141 0.392354 0.811141 0.393964 0.8125 0.393964 0.81284 0.394366 0.813179 0.394366 0.813519 0.394769 0.813859 0.394769 0.814538 0.394366 0.814878 0.394366 0.815897 0.393964 0.816236 0.393964 0.816576 0.392354 0.817935 0.391952 0.817935 0.391549 0.818274 0.391147 0.818274 0.390744 0.818614 0.389537 0.818614 0.389135 0.818954 0.389537 0.819293 0.389135 0.819633 0.389135 0.819973 0.388732 0.820312 0.38833 0.820312 0.387525 0.820992 0.387123 0.820992 0.38672 0.821332 0.385513 0.821332 0.385111 0.821671 0.384306 0.821671 0.384306 0.822011 0.384708 0.822351 0.384708 0.82269 0.385513 0.82337 0.385513 0.823709 0.385915 0.824049 0.385915 0.824389 0.386318 0.824728 0.386318 0.825068 0.38672 0.825408 0.38672 0.825747 0.387525 0.826427 0.387525 0.826766 0.387928 0.827106 0.387928 0.827446 0.38833 0.827785 0.38833 0.828125 0.388732 0.828465 0.388732 0.828804 0.389537 0.829484 0.389537 0.829823 0.38994 0.830163 0.38994 0.830503 0.390342 0.830842 0.390342 0.831182 0.391147 0.831861 0.391147 0.832201 0.391549 0.832541 0.391549 0.83288 0.391952 0.83322 0.391952 0.83356 0.392354 0.833899 0.392354 0.834239 0.393159 0.834918 0.393159 0.835258 0.393561 0.835598 0.393561 0.835938 0.393964 0.836277 0.393964 0.836617 0.394366 0.836957 0.394366 0.837296 0.395171 0.837976 0.395171 0.838315 0.395573 0.838655 0.395573 0.838995 0.395976 0.838995 0.396781 0.839674 0.396378 0.840014 0.396378 0.840353 0.397183 0.841033 0.397183 0.841372 0.397586 0.841712 0.397586 0.842052 0.397988 0.842391 0.397988 0.842731 0.398793 0.84341 0.398793 0.84375 0.399195 0.84409 0.399195 0.844429 0.399598 0.844769 0.399598 0.845109 0.4 0.845448 0.4 0.845788 0.400805 0.846467 0.400805 0.846807 0.401207 0.847147 0.401207 0.847486 0.402817 0.848845 0.402817 0.849864 0.403219 0.850204 0.403219 0.850543 0.403622 0.850883 0.403622 0.851223 0.404024 0.851562 0.404024 0.851902 0.404829 0.852582 0.404829 0.852921 0.405231 0.852582 0.405634 0.852921 0.405634 0.853601 0.406036 0.85394 0.406841 0.853261 0.406841 0.852921 0.407243 0.852582 0.407646 0.852921 0.408048 0.852921 0.408451 0.852582 0.409658 0.852582 0.41006 0.852242 0.410463 0.852242 0.410463 0.851902 0.409658 0.851902 0.409256 0.852242 0.408451 0.852242 0.407243 0.851223 0.406841 0.851562 0.406439 0.851562 0.406036 0.851902 0.404829 0.851902 0.404024 0.851223 0.404024 0.850543 0.403622 0.850204 0.403622 0.849524 0.404024 0.849185 0.403219 0.848505 0.403219 0.848166 0.403622 0.847826 0.404024 0.847826 0.404427 0.847486 0.404829 0.847486 0.405231 0.847826 0.405634 0.847826 0.406036 0.847486 0.406036 0.846807 0.406841 0.846128 0.407243 0.846467 0.407243 0.846807 0.408853 0.848166 0.408853 0.848505 0.409256 0.848845 0.409256 0.849185 0.409658 0.849524 0.409658 0.849864 0.410463 0.849864 0.410865 0.850204 0.412877 0.850204 0.41328 0.849864 0.413682 0.849864 0.414085 0.849524 0.414487 0.849524 0.414889 0.849185 0.415694 0.849185 0.416097 0.848845 0.416499 0.848845 0.416901 0.848505 0.417304 0.848505 0.418109 0.847826 0.418511 0.847826 0.418913 0.847486 0.419316 0.847486 0.419718 0.847147 0.420121 0.847147 0.420523 0.846807 0.420926 0.846807 0.421328 0.846467 0.42173 0.846467 0.422133 0.846128 0.422535 0.846128 0.42334 0.845448 0.423742 0.845448 0.424145 0.845109 0.424547 0.845109 0.42495 0.844769 0.425352 0.844769 0.425755 0.844429 0.426157 0.844429 0.426962 0.84375 0.427364 0.84375 0.427767 0.84341 0.428974 0.84341 0.429376 0.843071 0.429779 0.843071 0.430181 0.842731 0.430584 0.842731 0.431388 0.842052 0.431791 0.842052 0.432193 0.841712 0.432596 0.841712 0.432998 0.841372 0.4334 0.841372 0.433803 0.841033 0.434205 0.841033 0.43501 0.840353 0.435412 0.840353 0.435815 0.840014 0.436217 0.840014 0.43662 0.839674 0.437022 0.839674 0.437827 0.838995 0.438229 0.838995 0.438632 0.838655 0.439034 0.838655 0.439437 0.838315 0.439839 0.838315 0.440241 0.837976 0.440644 0.837976 0.441449 0.837296 0.441851 0.837296 0.442254 0.836957 0.442656 0.836957 0.443058 0.836617 0.443461 0.836617 0.443863 0.836277 0.444266 0.836277 0.44507 0.835598 0.445473 0.835598 0.445875 0.835258 0.446278 0.835258 0.44668 0.834918 0.447082 0.834918 0.447887 0.834239 0.44829 0.834239 0.448692 0.833899 0.449095 0.833899 0.449497 0.83356 0.449899 0.83356 0.450302 0.83322 0.450704 0.83322 0.451509 0.832541 0.451911 0.832541 0.452314 0.832201 0.452716 0.832201 0.453119 0.831861 0.453521 0.831861 0.453924 0.831522 0.454326 0.831522 0.455131 0.830842 0.455533 0.830842 0.455936 0.830503 0.456338 0.830503 0.45674 0.830163 0.457143 0.830163 0.457545 0.829823 0.457948 0.829823 0.458753 0.829144 0.459155 0.829144 0.459557 0.828804 0.45996 0.828804 0.460362 0.828465 0.460765 0.828465 0.461569 0.827785 0.461972 0.827785 0.462374 0.827446 0.462777 0.827446 0.463179 0.827106 0.463581 0.827106 0.463984 0.826766 0.464386 0.826766 0.464789 0.827106 0.467203 0.827106 0.467606 0.827446 0.468008 0.827106 0.46841 0.827446 0.46841 0.827785 0.469215 0.827785 0.469618 0.828125 0.470423 0.828125 0.470825 0.828465 0.471227 0.828465 0.47163 0.828804 0.473239 0.828804 0.474849 0.830163 0.474849 0.830503 0.475252 0.830842 0.475252 0.831182 0.475654 0.831522 0.475654 0.831861 0.476056 0.832201 0.476056 0.832541 0.476861 0.83322 0.476861 0.83356 0.477264 0.833899 0.477264 0.834239 0.477666 0.834579 0.477666 0.834918 0.478068 0.835258 0.478068 0.835598 0.478873 0.836277 0.478873 0.836617 0.479276 0.836957 0.479276 0.837296 0.479678 0.837636 0.479678 0.837976 0.480483 0.838655 0.480483 0.838995 0.480885 0.839334 0.480885 0.839674 0.481288 0.840014 0.481288 0.840353 0.48169 0.840693 0.48169 0.841033 0.482495 0.841712 0.482495 0.842052 0.482897 0.842391 0.482897 0.842731 0.4833 0.843071 0.4833 0.84341 0.483702 0.84375 0.483702 0.84409 0.484507 0.844769 0.484507 0.845109 0.484909 0.845448 0.484909 0.845788 0.485312 0.846128 0.485312 0.846467 0.485714 0.846807 0.485714 0.847147 0.486519 0.847826 0.486519 0.848166 0.486922 0.848505 0.486922 0.848845 0.487324 0.849185 0.487324 0.849524 0.488129 0.850204 0.488129 0.850543 0.488531 0.850883 0.488531 0.851223 0.488934 0.851562 0.488934 0.851902 0.489336 0.852242 0.489336 0.852582 0.490141 0.853261 0.490141 0.853601 0.490543 0.85394 0.490543 0.85428 0.490946 0.85462 0.490946 0.854959 0.491348 0.855299 0.491348 0.855639 0.492153 0.856318 0.492153 0.856658 0.492555 0.856997 0.492555 0.857337 0.492958 0.857677 0.492958 0.858016 0.493763 0.858696 0.493763 0.859035 0.494165 0.859375 0.494165 0.859715 0.494567 0.860054 0.494567 0.860394 0.49497 0.860734 0.49497 0.861073 0.495775 0.861753 0.495775 0.862092 0.496177 0.862432 0.496177 0.862772 0.496579 0.863111 0.496579 0.863451 0.496982 0.863791 0.496982 0.86413 0.497787 0.86481 0.497787 0.865149 0.498189 0.865489 0.498189 0.865829 0.498592 0.866168 0.498592 0.866508 0.498994 0.866848 0.498994 0.867188 0.499799 0.867867 0.499799 0.868207 0.500201 0.868207 0.501006 0.867527 0.501408 0.867527 0.501811 0.867188 0.502213 0.867188 0.502616 0.866848 0.503018 0.866848 0.503421 0.866508 0.503823 0.866508 0.504628 0.865829 0.50503 0.865829 0.505433 0.865489 0.505433 0.865149 0.506237 0.86447 0.505835 0.86413 0.505835 0.863791 0.505433 0.863451 0.506237 0.862772 0.50664 0.862772 0.507042 0.862432 0.507445 0.862432 0.507847 0.862772 0.507847 0.863111 0.508652 0.863791 0.509457 0.863791 0.509859 0.863451 0.510262 0.863451 0.510664 0.863111 0.511066 0.863111 0.511871 0.862432 0.512274 0.862432 0.512676 0.862092 0.513078 0.862092 0.513481 0.861753 0.513883 0.861753 0.514286 0.861413 0.514688 0.861753 0.514688 0.862092 0.515091 0.862432 0.515091 0.862772 0.515493 0.863111 0.515493 0.863451 0.515895 0.863451 0.516298 0.863111 0.5167 0.863111 0.517103 0.862772 0.517505 0.862772 0.517907 0.862432 0.51831 0.862432 0.519115 0.861753 0.51992 0.861753 0.520322 0.862092 0.520322 0.862432 0.521127 0.863111 0.521127 0.863451 0.521529 0.863791 0.521529 0.86413 0.521932 0.86447 0.521932 0.86481 0.522334 0.865149 0.522736 0.86481 0.523139 0.86481 0.523944 0.86413 0.524346 0.86413 0.524748 0.863791 0.525956 0.863791 0.526761 0.863111 0.527163 0.863111 0.527565 0.862772 0.527968 0.862772 0.52837 0.862432 0.528773 0.862432 0.529577 0.861753 0.52998 0.861753 0.530382 0.861413 0.530785 0.861413 0.531187 0.861073 0.53159 0.861073 0.531992 0.860734 0.532394 0.860734 0.533199 0.860054 0.533602 0.860054 0.534004 0.859715 0.534406 0.859715 0.534809 0.859375 0.535211 0.859375 0.535614 0.859035 0.536016 0.859035 0.536821 0.858356 0.537223 0.858356 0.537626 0.858016 0.538028 0.858016 0.538431 0.857677 0.538833 0.857677 0.539235 0.857337 0.539638 0.857337 0.540443 0.856658 0.540845 0.856658 0.541247 0.856318 0.54165 0.856318 0.542052 0.855978 0.542455 0.855978 0.54326 0.855299 0.543662 0.855299 0.544064 0.854959 0.544467 0.854959 0.544869 0.85462 0.545272 0.85462 0.545674 0.85428 0.546076 0.85428 0.546881 0.853601 0.547284 0.853601 0.547686 0.853261 0.548089 0.853261 0.548491 0.852921 0.548893 0.852921 0.549296 0.852582 0.549698 0.852582 0.550503 0.851902 0.550905 0.851902 0.551308 0.851562 0.55171 0.851562 0.552113 0.851223 0.552515 0.851223 0.55332 0.850543 0.553722 0.850543 0.554125 0.850204 0.554527 0.850204 0.55493 0.849864 0.555332 0.849864 0.555734 0.849524 0.556137 0.849524 0.556942 0.848845 0.557344 0.848845 0.557746 0.848505 0.558149 0.848505 0.558551 0.848166 0.558954 0.848166 0.559356 0.847826 0.559759 0.847826 0.560563 0.847147 0.560966 0.847147 0.560966 0.846807 0.561368 0.846467 0.561771 0.846467 0.562173 0.846128 0.562575 0.846128 0.562978 0.845788 0.56338 0.845788 0.564185 0.845109 0.565392 0.845109 0.565392 0.844429 0.56499 0.84409 0.565392 0.84375 0.56499 0.84341 0.56499 0.843071 0.564588 0.842731 0.564588 0.842391 0.56499 0.842052 0.565392 0.842052 0.565795 0.841712 0.566197 0.841712 0.5666 0.842052 0.5666 0.842391 0.567002 0.842731 0.567002 0.843071 0.567404 0.84341 0.567404 0.84375 0.568209 0.844429 0.568209 0.844769 0.568612 0.845109 0.568612 0.845448 0.569014 0.845788 0.569014 0.846128 0.569416 0.846467 0.569416 0.846807 0.570221 0.847486 0.570221 0.847826 0.570624 0.848166 0.570624 0.848505 0.571026 0.848845 0.571026 0.849185 0.571429 0.849524 0.571429 0.849864 0.572233 0.850543 0.572233 0.850883 0.572636 0.851223 0.572636 0.851562 0.573038 0.851902 0.573038 0.852242 0.573843 0.852921 0.573843 0.853261 0.574245 0.853601 0.574245 0.85394 0.574648 0.85428 0.574648 0.85462 0.57505 0.854959 0.57505 0.855299 0.575453 0.855299 0.576258 0.85462 0.57666 0.85462 0.577062 0.85428 0.577465 0.85428 0.577867 0.85394 0.57827 0.85394 0.579074 0.853261 0.579477 0.853261 0.579879 0.852921 0.580282 0.852921 0.580684 0.852582 0.581087 0.852582 0.581489 0.852242 0.581891 0.852242 0.582696 0.851562 0.583099 0.851562 0.583501 0.851223 0.583903 0.851223 0.584306 0.850883 0.584708 0.850883 0.585111 0.850543 0.585513 0.850543 0.586318 0.849864 0.58672 0.849864 0.587123 0.849524 0.587525 0.849524 0.587928 0.849185 0.58833 0.849185 0.588732 0.848845 0.589135 0.848845 0.58994 0.848166 0.590342 0.848166 0.590744 0.847826 0.591147 0.847826 0.591549 0.847486 0.591952 0.847486 0.592757 0.846807 0.593159 0.846807 0.593561 0.846467 0.593964 0.846467 0.594366 0.846128 0.594769 0.846128 0.595171 0.845788 0.595573 0.845788 0.596378 0.845109 0.596781 0.845109 0.597183 0.844769 0.597586 0.844769 0.597988 0.844429 0.59839 0.844429 0.598793 0.84409 0.599195 0.84409 0.6 0.84341 0.600402 0.84341 0.600805 0.843071 0.601207 0.843071 0.60161 0.842731 0.602012 0.842731 0.602817 0.842052 0.603219 0.842052 0.603622 0.841712 0.604024 0.841712 0.604427 0.841372 0.604829 0.841372 0.605231 0.841033 0.605634 0.841033 0.606439 0.840353 0.606841 0.840353 0.607243 0.840014 0.607646 0.840014 0.608048 0.839674 0.608451 0.839674 0.608853 0.839334 0.609256 0.839334 0.61006 0.838655 0.610463 0.838655 0.610865 0.838315 0.611268 0.838315 0.61167 0.837976 0.612072 0.837976 0.612072 0.837636 0.611268 0.837636 0.610463 0.836957 0.610463 0.836617 0.61006 0.836277 0.61006 0.835938 0.609658 0.835598 0.61006 0.835258 0.61006 0.834579 0.609658 0.834239 0.609658 0.833899 0.609256 0.83356 0.609256 0.83322 0.608451 0.832541 0.608451 0.832201 0.608048 0.831861 0.608048 0.831522 0.607646 0.831522 0.606841 0.830842 0.606841 0.830503 0.606439 0.830163 0.606439 0.829823 0.606036 0.829484 0.606036 0.829144 0.605634 0.828804 0.605634 0.828465 0.604829 0.827785 0.604829 0.827446 0.604427 0.827106 0.604427 0.826766 0.604024 0.826427 0.604024 0.826087 0.603219 0.825408 0.603622 0.825068 0.603622 0.824728 0.602817 0.824049 0.602817 0.823709 0.602414 0.82337 0.602414 0.82303 0.602012 0.82269 0.602012 0.822351 0.601207 0.821671 0.601207 0.821332 0.600805 0.820992 0.600805 0.820652 0.600402 0.820312 0.600402 0.819973 0.6 0.819633 0.6 0.819293 0.599195 0.818614 0.599195 0.818274 0.598793 0.817935 0.598793 0.817595 0.59839 0.817255 0.59839 0.816916 0.597988 0.816576 0.597988 0.816236 0.597183 0.815557 0.597988 0.814878 0.599195 0.814878 0.6 0.814198 0.601207 0.814198 0.60161 0.813859 0.602012 0.813859 0.602414 0.813519 0.602817 0.813519 0.603219 0.813179 0.603219 0.81284 0.603622 0.8125 0.604024 0.8125 0.604427 0.81216 0.604829 0.81216 0.605231 0.811821 0.605634 0.81216 0.606036 0.811821 0.607243 0.811821 0.608048 0.811141 0.608451 0.811141 0.608853 0.810802 0.609256 0.810802 0.609658 0.810462 0.61006 0.810462 0.611268 0.809443 0.611268 0.809103 0.61167 0.808764 0.612072 0.809103 0.612072 0.809443 0.612475 0.809103 0.612877 0.809103 0.61328 0.808764 0.613682 0.808764 0.614085 0.808424 0.614487 0.808424 0.614889 0.808084 0.615292 0.808084 0.616097 0.807405 0.616499 0.807405 0.616499 0.807065 0.616901 0.806726 0.617304 0.806726 0.618109 0.806046 0.618511 0.806046 0.618913 0.805707 0.619316 0.805707 0.619718 0.805367 0.620121 0.805367 0.620523 0.805027 0.620926 0.805027 0.621328 0.804688 0.622133 0.804688 0.622535 0.804348 0.622938 0.804348 0.62334 0.804008 0.623742 0.804008 0.624145 0.803668 0.624547 0.803668 0.62495 0.803329 0.625755 0.804008 0.625755 0.805027 0.626157 0.805367 0.626157 0.805707 0.626559 0.806046 0.626559 0.806386 0.627364 0.807065 0.627364 0.807405 0.627767 0.807745 0.627767 0.808084 0.628169 0.808084 0.628571 0.808424 0.628974 0.808424 0.629376 0.808764 0.629779 0.808424 0.630181 0.808764 0.630584 0.808424 0.630986 0.808764 0.631388 0.808424 0.631791 0.808424 0.632193 0.808084 0.632596 0.808084 0.6334 0.807405 0.633803 0.807405 0.634205 0.807065 0.634608 0.807065 0.63501 0.806726 0.635412 0.806726 0.636217 0.806046 0.63662 0.806046 0.637022 0.805707 0.637425 0.805707 0.637827 0.805367 0.638229 0.805367 0.638632 0.805027 0.639034 0.805027 0.639839 0.804348 0.640241 0.804348 0.640644 0.804008 0.641851 0.804008 0.642254 0.803668 0.642656 0.803668 0.642656 0.803329 0.643461 0.802649 0.643863 0.802649 0.644266 0.80231 0.644668 0.80231 0.64507 0.80197 0.645473 0.80197 0.645875 0.80163 0.646278 0.80163 0.647082 0.800951 0.647485 0.800951 0.647887 0.800611 0.64829 0.800611 0.648692 0.800272 0.649095 0.800272 0.649899 0.799592 0.650302 0.799592 0.650704 0.799253 0.651107 0.799253 0.651509 0.798913 0.651911 0.798913 0.652314 0.798573 0.652716 0.798573 0.653119 0.798234 0.653521 0.798573 0.654326 0.797894 0.654728 0.797894 0.655131 0.797554 0.655533 0.797554 0.655936 0.797215 0.656338 0.797215 0.65674 0.796875 0.657143 0.796875 0.657143 0.796535 0.65674 0.796196 0.65674 0.795856 0.656338 0.795516 0.656338 0.795177 0.655936 0.794837 0.655936 0.794497 0.655533 0.794158 0.655533 0.793818 0.654728 0.793139 0.654728 0.792799 0.654326 0.792459 0.654326 0.79212 0.653924 0.79178 0.653924 0.79144 0.653119 0.790761 0.653119 0.790421 0.652716 0.790082 0.652716 0.789742 0.652314 0.789402 0.652314 0.789062 0.651911 0.788723 0.651911 0.788383 0.651107 0.787704 0.651107 0.787364 0.650704 0.787024 0.650704 0.786685 0.650302 0.786345 0.650302 0.786005 0.649899 0.785666 0.649899 0.785326 0.649095 0.784647 0.649095 0.784307 0.648692 0.783967 0.648692 0.783628 0.64829 0.783288 0.64829 0.782948 0.647887 0.782609 0.647887 0.782269 0.647082 0.78159 0.647082 0.78125 0.64668 0.78091 0.64668 0.780571 0.645875 0.780571 0.64668 0.78125 0.646278 0.78159 0.645473 0.78159 0.64507 0.78125 0.64507 0.78091 0.644668 0.780571 0.644266 0.780571 0.643863 0.780231 0.643863 0.779891 0.643461 0.779552 0.643461 0.779212 0.644266 0.778533 0.644668 0.778533 0.64507 0.778872 0.64507 0.779212 0.645473 0.779552 0.645875 0.779552 0.645473 0.779212 0.645473 0.778872 0.64507 0.778533 0.64507 0.778193 0.644266 0.777514 0.644266 0.776834 0.643461 0.776155 0.643461 0.775815 0.643058 0.775476 0.643058 0.775136 0.642656 0.774796 0.642656 0.774457 0.642254 0.774117 0.642254 0.773777 0.641449 0.773098 0.641449 0.772758 0.641046 0.772418 0.641046 0.772079 0.640644 0.772079 0.640644 0.772418 0.641046 0.772758 0.640644 0.773098 0.641046 0.773438 0.641046 0.773777 0.641449 0.774117 0.641046 0.774457 0.640644 0.774457 0.640241 0.774117 0.640241 0.773777 0.639839 0.773438 0.639839 0.773098 0.639437 0.772758 0.639437 0.772418 0.639034 0.772079 0.639034 0.771739 0.638229 0.77106 0.638229 0.77072 0.637827 0.77038 0.637827 0.770041 0.638229 0.769701 0.639839 0.77106 0.639839 0.771399 0.640241 0.77106 0.639839 0.77072 0.639839 0.77038 0.639437 0.770041 0.639437 0.769701 0.639034 0.769361 0.639034 0.769022 0.638632 0.769022 0.637827 0.768342 0.637425 0.768342 0.637022 0.768003 0.637827 0.767323 0.637425 0.766984 0.637425 0.766644 0.637022 0.766304 0.63662 0.766304 0.637022 0.766644 0.63662 0.766984 0.63662 0.767323 0.636217 0.767663 0.635815 0.767323 0.635815 0.766984 0.635412 0.766644 0.635412 0.766304 0.63501 0.765965 0.63501 0.765625 0.635412 0.765285 0.635815 0.765285 0.636217 0.765625 0.63662 0.765625 0.63662 0.765285 0.635815 0.764606 0.635815 0.764266 0.635412 0.763927 0.635412 0.763587 0.63501 0.763587 0.63501 0.763927 0.634608 0.764266 0.634205 0.764266 0.6334 0.763587 0.6334 0.763247 0.632596 0.762568 0.632596 0.762228 0.632193 0.761889 0.632193 0.761549 0.631791 0.761209 0.631791 0.76087 0.631388 0.76053 0.631388 0.76019 0.630584 0.759511 0.630584 0.759171 0.630986 0.758832 0.631388 0.758832 0.631791 0.758492 0.631791 0.758152 0.631388 0.758152 0.630986 0.757812 0.631388 0.757473 0.630986 0.757133 0.630986 0.756793 0.630181 0.756114 0.630181 0.755774 0.629779 0.755435 0.629779 0.755095 0.629376 0.754755 0.629376 0.754416 0.628974 0.754076 0.628974 0.753736 0.628169 0.753057 0.628169 0.752717 0.627767 0.752378 0.627767 0.752038 0.627364 0.752038 0.626962 0.751698 0.626559 0.752038 0.626157 0.751698 0.625755 0.751698 0.62495 0.751019 0.624145 0.751019 0.623742 0.751359 0.623742 0.752038 0.62334 0.752378 0.622938 0.752378 0.622535 0.752717 0.620926 0.752717 0.620523 0.752378 0.620121 0.752717 0.619718 0.752717 0.619718 0.753057 0.618913 0.753736 0.618511 0.753736 0.618109 0.754076 0.617706 0.754076 0.617304 0.754416 0.616901 0.754416 0.616097 0.755095 0.614889 0.755095 0.614487 0.755435 0.614085 0.755435 0.613682 0.755774 0.61328 0.755774 0.612877 0.756114 0.612475 0.756114 0.612072 0.756454 0.611268 0.756454 0.610865 0.756793 0.610463 0.756793 0.61006 0.757133 0.609658 0.757133 0.609256 0.757473 0.608853 0.757473 0.608451 0.757812 0.608048 0.757812 0.607243 0.758492 0.606841 0.758492 0.606439 0.758832 0.606036 0.758832 0.605634 0.759171 0.605231 0.759171 0.604427 0.759851 0.604024 0.759851 0.603622 0.76019 0.603219 0.76019 0.602817 0.76053 0.60161 0.76053 0.601207 0.76087 0.600805 0.76087 0.600402 0.761209 0.600402 0.761549 0.6 0.761889 0.599598 0.761889 0.599195 0.762228 0.598793 0.762228 0.59839 0.762568 0.597988 0.762568 0.597183 0.763247 0.595976 0.763247 0.595573 0.763587 0.595171 0.763587 0.595573 0.763927 0.595573 0.764266 0.595171 0.764606 0.594769 0.764606 0.594366 0.764946 0.593964 0.764946 0.593561 0.765285 0.593159 0.765285 0.592757 0.765625 0.592354 0.765625 0.591549 0.766304 0.591147 0.766304 0.590744 0.766644 0.590342 0.766644 0.58994 0.766984 0.589537 0.766984 0.589135 0.767323 0.588732 0.767323 0.587928 0.768003 0.587525 0.768003 0.587123 0.768342 0.58672 0.768342 0.586318 0.768682 0.585915 0.768682 0.585111 0.769361 0.584708 0.769361 0.584306 0.769701 0.583903 0.769701 0.583501 0.770041 0.582294 0.770041 0.581891 0.77038 0.581489 0.77038 0.580684 0.77106 0.580282 0.77106 0.579879 0.771399 0.579477 0.771399 0.579074 0.771739 0.578672 0.771739 0.57827 0.772079 0.577867 0.771739 0.576258 0.771739 0.575855 0.772079 0.575453 0.772079 0.57505 0.772418 0.573843 0.772418 0.573038 0.773098 0.572636 0.773098 0.572233 0.773438 0.571831 0.773438 0.571429 0.773777 0.571026 0.773777 0.570221 0.774457 0.569819 0.774457 0.569416 0.774796 0.569014 0.774796 0.568612 0.775136 0.568209 0.775136 0.567807 0.775476 0.567404 0.775476 0.5666 0.776155 0.566197 0.776155 0.565795 0.776495 0.565392 0.776495 0.56499 0.776834 0.564588 0.776834 0.564185 0.777174 0.563783 0.777174 0.562978 0.777853 0.562575 0.777853 0.562173 0.778193 0.561771 0.778193 0.561368 0.778533 0.560966 0.778533 0.560563 0.778872 0.560161 0.778872 0.559356 0.779552 0.558954 0.779552 0.558551 0.779891 0.557344 0.779891 0.556942 0.780231 0.556137 0.780231 0.555734 0.779891 0.554527 0.779891 0.553722 0.779212 0.552918 0.779212 0.552515 0.779552 0.552113 0.779552 0.551308 0.780231 0.550101 0.780231 0.549698 0.780571 0.549296 0.780571 0.548893 0.78091 0.548491 0.78091 0.548089 0.78125 0.547686 0.78125 0.546881 0.781929 0.546479 0.781929 0.546076 0.782269 0.544869 0.782269 0.544467 0.782609 0.544064 0.782609 0.543662 0.782948 0.54326 0.782948 0.542455 0.783628 0.542052 0.783628 0.54165 0.783967 0.541247 0.783967 0.540845 0.784307 0.540443 0.784307 0.539638 0.784986 0.538431 0.784986 0.538028 0.785326 0.537626 0.785326 0.537223 0.785666 0.536821 0.785666 0.536419 0.786005 0.536016 0.786005 0.535211 0.786685 0.534809 0.786685 0.534406 0.787024 0.534004 0.787024 0.533602 0.787364 0.533199 0.787364 0.532797 0.787704 0.532394 0.787704 0.53159 0.788383 0.531187 0.788383 0.530785 0.788723 0.530382 0.788723 0.52998 0.789062 0.529577 0.789062 0.529175 0.789402 0.528773 0.789402 0.527968 0.790082 0.527565 0.790082 0.527163 0.790421 0.526761 0.790421 0.526358 0.790761 0.525956 0.790761 0.525151 0.79144 0.524748 0.79144 0.524346 0.79178 0.523944 0.79178 0.523541 0.79212 0.523139 0.79212 0.522736 0.792459 0.522334 0.792459 0.521529 0.793139 0.521127 0.793139 0.520724 0.793478 0.520322 0.793478 0.51992 0.793818 0.519517 0.793818 0.519115 0.794158 0.518712 0.794158 0.517907 0.794837 0.517505 0.794837 0.517103 0.795177 0.5167 0.795177 0.516298 0.795516 0.515895 0.795516 0.515091 0.796196 0.514688 0.796196 0.514286 0.795856 0.513481 0.796535 0.513078 0.796535 0.512676 0.796875 0.512274 0.796875 0.511871 0.797215 0.511469 0.797215 0.510664 0.797894 0.510262 0.797894 0.509859 0.798234 0.509457 0.797894 0.509054 0.798234 0.508249 0.798234 0.507847 0.797894 0.507847 0.797215 0.508249 0.796875 0.508652 0.796875 0.508652 0.796535 0.508249 0.796196 0.508249 0.795856 0.507847 0.795516 0.507847 0.795177 0.507445 0.794837 0.507445 0.794497 0.507042 0.794158 0.507042 0.793818 0.50664 0.793478 0.506237 0.793478 0.505835 0.793818 0.505433 0.793478 0.50503 0.793478 0.504225 0.792799 0.504225 0.792459 0.50503 0.79178 0.505433 0.79212 0.505433 0.79144 0.50503 0.791101 0.504628 0.791101 0.504225 0.790761 0.503823 0.790761 0.503421 0.790421 0.503823 0.790082 0.503823 0.789062 0.503421 0.788723 0.503421 0.788383 0.503018 0.788043 0.503018 0.787704 0.501811 0.786685 0.501408 0.787024 0.500201 0.787024 0.499799 0.786685 0.499799 0.786345 0.499396 0.786345 0.498592 0.785666 0.498994 0.785326 0.498592 0.784986 0.498592 0.784647 0.498189 0.784307 0.498189 0.783967 0.497787 0.783628 0.497787 0.783288 0.496982 0.782609 0.496982 0.782269 0.496579 0.781929 0.496579 0.78159 0.496177 0.78125 0.496579 0.78091 0.496982 0.78091 0.497384 0.780571 0.497787 0.780571 0.497787 0.780231 0.497384 0.779891 0.497384 0.779212 0.496177 0.778193 0.496177 0.777514 0.495775 0.777174 0.495372 0.777174 0.49497 0.777514 0.494165 0.776834 0.49336 0.776834 0.492958 0.776495 0.492958 0.776155 0.492555 0.775815 0.492555 0.775476 0.492153 0.775136 0.492153 0.774796 0.491348 0.774117 0.491348 0.773098 0.490946 0.772758 0.490946 0.772418 0.490543 0.772079 0.490543 0.771739 0.490141 0.771399 0.490141 0.77106 0.490946 0.77038 0.491348 0.77038 0.490543 0.769701 0.490141 0.770041 0.489336 0.770041 0.488934 0.769701 0.488934 0.769361 0.488531 0.769022 0.488531 0.768682 0.489336 0.768003 0.489738 0.768003 0.489738 0.767663 0.489336 0.767323 0.488934 0.767663 0.488531 0.767663 0.488129 0.767323 0.487726 0.767323 0.486922 0.766644 0.486922 0.766304 0.486519 0.765965 0.486519 0.765625 0.485714 0.764946 0.485714 0.764606 0.485312 0.764266 0.485312 0.763927 0.484909 0.763587 0.484909 0.763247 0.484507 0.762908 0.484507 0.762228 0.484909 0.761889 0.485312 0.761889 0.485312 0.761209 0.484909 0.761209 0.484507 0.76087 0.484507 0.76053 0.484105 0.76087 0.4833 0.76087 0.482897 0.76053 0.482897 0.76019 0.482495 0.759851 0.482495 0.759511 0.48169 0.758832 0.48169 0.758492 0.481288 0.758152 0.481288 0.757133 0.48169 0.756793 0.482093 0.757133 0.482495 0.757133 0.482495 0.756793 0.48169 0.756114 0.481288 0.756454 0.480885 0.756454 0.48008 0.755774 0.48008 0.755435 0.480483 0.755095 0.480885 0.755095 0.480885 0.754416 0.48008 0.753736 0.48008 0.753397 0.479678 0.753057 0.479678 0.752717 0.479276 0.752378 0.479276 0.752038 0.478873 0.751698 0.478873 0.751359 0.478471 0.751019 0.478471 0.750679 0.477666 0.75 0.477666 0.74966 0.477264 0.749321 0.477264 0.748981 0.476861 0.748641 0.476861 0.748302 0.476459 0.747962 0.476459 0.747622 0.476056 0.747622 0.475252 0.746943 0.475654 0.746603 0.475252 0.746264 0.475252 0.745924 0.474447 0.745245 0.474447 0.744905 0.474044 0.744565 0.474044 0.744226 0.473642 0.743886 0.473642 0.743546 0.473239 0.743207 0.473239 0.742867 0.472837 0.742527 0.472837 0.742188 0.472032 0.741508 0.472032 0.741168 0.47163 0.740829 0.47163 0.740489 0.471227 0.740149 0.471227 0.73981 0.470825 0.73947 0.470825 0.73913 0.47002 0.738451 0.47002 0.738111 0.469618 0.737772 0.469618 0.737432 0.469215 0.737092 0.469215 0.736753 0.46841 0.736073 0.46841 0.735734 0.468008 0.735394 0.468008 0.735054 0.467606 0.734715 0.467606 0.734375 0.467203 0.734035 0.467203 0.733696 0.466398 0.733016 0.466398 0.732677 0.465996 0.732337 0.465996 0.731997 0.465594 0.731658 0.465594 0.731318 0.465191 0.730978 0.465191 0.730639 0.464386 0.729959 0.464386 0.72962 0.463984 0.72928 0.463984 0.72894 0.463581 0.728601 0.463581 0.728261 0.463179 0.727921 0.463179 0.727582 0.462374 0.726902 0.462374 0.726562 0.461972 0.726223 0.461972 0.725883 0.461569 0.725543 0.461569 0.725204 0.460765 0.724524 0.460765 0.724185 0.460362 0.723845 0.460362 0.723505 0.45996 0.723166 0.45996 0.722826 0.459557 0.722486 0.459557 0.722147 0.458753 0.721467 0.458753 0.721128 0.45835 0.720788 0.45835 0.720448 0.457948 0.720109 0.457948 0.719769 0.457545 0.719429 0.457545 0.71909 0.45674 0.71841 0.457948 0.717391 0.45835 0.717391 0.45835 0.717052 0.457948 0.716712 0.457948 0.716372 0.457545 0.716033 0.457545 0.715693 0.457143 0.716033 0.45674 0.715693 0.456338 0.716033 0.455936 0.716033 0.455533 0.715693 0.455533 0.714674 0.454728 0.713995 0.454728 0.713655 0.454326 0.713655 0.453924 0.713315 0.453924 0.712976 0.453521 0.712636 0.453924 0.712296 0.454326 0.712296 0.454326 0.710938 0.453924 0.710598 0.453924 0.710258 0.453521 0.709918 0.453521 0.709579 0.452716 0.708899 0.452716 0.70856 0.452314 0.70822 0.452314 0.70788 0.451509 0.70788 0.451107 0.707541 0.451107 0.706861 0.450704 0.706522 0.450704 0.706182 0.450302 0.705842 0.450302 0.705503 0.449497 0.705503 0.449095 0.705163 0.449095 0.704823 0.449497 0.704484 0.449899 0.704484 0.449899 0.704144 0.449497 0.703804 0.449497 0.703465 0.449095 0.703465 0.44829 0.702785 0.448692 0.702446 0.44829 0.702106 0.44829 0.701766 0.447887 0.701427 0.447887 0.701087 0.447485 0.700747 0.447485 0.700408 0.447082 0.700068 0.44668 0.700408 0.446278 0.700408 0.445875 0.700747 0.445473 0.700747 0.44507 0.700408 0.44507 0.700068 0.445473 0.699728 0.44507 0.699389 0.44507 0.699049 0.444668 0.698709 0.444668 0.69837 0.44507 0.69803 0.445473 0.69837 0.445875 0.69837 0.445875 0.69803 0.445473 0.69769 0.444668 0.69837 0.444266 0.69803 0.444266 0.697351 0.444668 0.697011 0.444266 0.696671 0.444266 0.696332 0.442656 0.696332 0.442254 0.695992 0.443058 0.695312 0.443461 0.695312 0.443058 0.694973 0.443058 0.694633 0.442656 0.694293 0.442656 0.693954 0.442254 0.693614 0.442254 0.693274 0.441851 0.692935 0.442254 0.692595 0.441851 0.692255 0.441851 0.691916 0.441046 0.691236 0.441046 0.690897 0.440644 0.690557 0.440644 0.690217 0.440241 0.690217 0.439437 0.689538 0.439437 0.689198 0.438632 0.688519 0.438229 0.688859 0.437827 0.688519 0.437827 0.688179 0.437425 0.688179 0.437022 0.68784 0.437022 0.68716 0.437425 0.686821 0.438229 0.686821 0.438229 0.686481 0.437425 0.685802 0.437425 0.685462 0.437022 0.685122 0.437022 0.684783 0.43662 0.684443 0.436217 0.684443 0.435815 0.684103 0.435815 0.683764 0.436217 0.683424 0.435412 0.682745 0.435412 0.682405 0.434205 0.681386 0.434608 0.681046 0.434205 0.680707 0.434205 0.680367 0.4334 0.679688 0.4334 0.679348 0.432998 0.679008 0.432998 0.678668 0.432596 0.678329 0.432596 0.677989 0.431791 0.67731 0.431791 0.67697 0.431388 0.67663 0.431388 0.676291 0.430986 0.675951 0.430986 0.675611 0.430584 0.675272 0.430584 0.674932 0.429779 0.674253 0.429779 0.673913 0.429376 0.673913 0.428974 0.673573 0.428974 0.673234 0.428169 0.672554 0.428169 0.672215 0.427767 0.671875 0.428169 0.671535 0.427767 0.671196 0.427767 0.670856 0.427364 0.670516 0.427364 0.670177 0.426962 0.669837 0.426559 0.670177 0.425755 0.669497 0.426157 0.669158 0.425755 0.668818 0.425755 0.668478 0.425352 0.668139 0.425352 0.667799 0.42495 0.667459 0.42495 0.66712 0.424547 0.66678 0.42495 0.66644 0.424547 0.66644 0.423742 0.665761 0.424145 0.665421 0.423742 0.665082 0.423742 0.664742 0.42334 0.664402 0.42334 0.664062 0.422535 0.664062 0.422133 0.663723 0.422133 0.663043 0.42173 0.662704 0.42173 0.662364 0.421328 0.662024 0.421328 0.661685 0.419718 0.660326 0.419718 0.659986 0.419316 0.659647 0.418913 0.659647 0.418511 0.659307 0.418511 0.658967 0.418109 0.658628 0.418109 0.658288 0.417706 0.657948 0.417706 0.657609 0.416901 0.656929 0.416901 0.65659 0.416499 0.65659 0.416097 0.65625 0.416097 0.65591 0.415694 0.655571 0.415694 0.655231 0.414889 0.654552 0.414889 0.654212 0.414487 0.653872 0.414487 0.653533 0.414085 0.653193 0.414085 0.652853 0.41328 0.652174 0.41328 0.651834 0.412877 0.651495 0.412877 0.651155 0.412475 0.650815 0.412475 0.650476 0.412072 0.650136 0.412072 0.649796 0.411268 0.649117 0.411268 0.648777 0.410865 0.648438 0.410865 0.648098 0.410463 0.647758 0.410463 0.647418 0.41006 0.647079 0.41006 0.646739 0.409256 0.64606 0.409256 0.64572 0.408853 0.64538 0.408853 0.645041 0.408451 0.644701 0.408451 0.644361 0.408048 0.644022 0.408048 0.643682 0.407243 0.643003 0.407243 0.642663 0.406841 0.642323 0.406841 0.641984 0.406439 0.641644 0.406439 0.641304 0.406036 0.641644 0.405634 0.641304 0.405231 0.641304 0.404829 0.640965 0.404427 0.641304 0.404024 0.640965 0.403622 0.640965 0.403219 0.640625 0.402414 0.640625 0.402012 0.640285 0.401207 0.640285 0.400805 0.639946 0.400402 0.639946 0.4 0.640285 0.398793 0.640285 0.39839 0.640625 0.397586 0.640625 0.397183 0.640285 0.395573 0.640285 0.395171 0.639946 0.395171 0.639606 0.394769 0.639946 0.394366 0.639606 0.394366 0.639266 0.393964 0.638927 0.393964 0.638587 0.393561 0.638247 0.393964 0.637908 0.393964 0.636889 0.394769 0.636209 0.394769 0.63587 0.396378 0.634511 0.396781 0.634511 0.396781 0.634171 0.397586 0.633492 0.397988 0.633492 0.397988 0.633152 0.39839 0.632812 0.39839 0.632473 0.398793 0.632133 0.399195 0.632133 0.399195 0.631454 0.398793 0.631114 0.398793 0.630435 0.39839 0.630095 0.39839 0.629416 0.397988 0.629076 0.397988 0.628736 0.397586 0.628397 0.397988 0.628057 0.397586 0.627717 0.397586 0.626698 0.397183 0.626359 0.397183 0.626019 0.396781 0.625679 0.396781 0.62534 0.395976 0.62466 0.395976 0.624321 0.395573 0.623981 0.395573 0.623641 0.395171 0.623302 0.395171 0.622622 0.395573 0.622283 0.395171 0.621943 0.395171 0.621603 0.395573 0.621264 0.395573 0.620924 0.395171 0.620584 0.393964 0.620584 0.393561 0.620245 0.393561 0.619905 0.393159 0.619565 0.393159 0.619226 0.392757 0.619226 0.391952 0.618546 0.391952 0.618207 0.391549 0.617867 0.391952 0.617527 0.391952 0.616848 0.390744 0.615829 0.390342 0.615829 0.38994 0.615489 0.38994 0.615149 0.389537 0.61481 0.389537 0.61413 0.38994 0.613791 0.390342 0.61413 0.390744 0.613791 0.391147 0.613791 0.391549 0.61413 0.391549 0.61447 0.391952 0.61481 0.392354 0.61481 0.393159 0.61413 0.393159 0.613791 0.392757 0.613451 0.393159 0.613111 0.392757 0.612772 0.392757 0.612432 0.391952 0.612432 0.391952 0.612772 0.391549 0.613111 0.390342 0.613111 0.38994 0.613451 0.389537 0.613451 0.389135 0.613791 0.388732 0.613451 0.388732 0.612772 0.38833 0.612432 0.389135 0.611753 0.389537 0.611753 0.389537 0.611073 0.389135 0.610734 0.389135 0.610394 0.388732 0.610394 0.387928 0.609715 0.387928 0.609375 0.387525 0.609035 0.387525 0.608696 0.387123 0.608356 0.387123 0.608016 0.38672 0.607677 0.38672 0.607337 0.387525 0.606658 0.387123 0.606318 0.38672 0.606318 0.386318 0.606658 0.385513 0.605978 0.385513 0.605639 0.386318 0.604959 0.387123 0.604959 0.387525 0.605299 0.387928 0.604959 0.38672 0.60394 0.386318 0.60428 0.385915 0.60428 0.385111 0.604959 0.383501 0.603601 0.383501 0.603261 0.382696 0.603261 0.381891 0.602582 0.381891 0.602242 0.381489 0.601902 0.381489 0.601562 0.381891 0.601223 0.382294 0.601223 0.382696 0.600883 0.383099 0.600883 0.383099 0.600543 0.382696 0.600204 0.382294 0.600204 0.381891 0.600543 0.380684 0.600543 0.380282 0.600204 0.380282 0.599864 0.379879 0.599524 0.379879 0.599185 0.379477 0.598845 0.379477 0.598505 0.378672 0.597826 0.378672 0.597486 0.37827 0.597147 0.37827 0.596807 0.377867 0.596467 0.377867 0.596128 0.377465 0.595788 0.377465 0.595448 0.37666 0.594769 0.37666 0.594429 0.376258 0.59409 0.376258 0.59375 0.375855 0.59341 0.375855 0.593071 0.37505 0.592391 0.37505 0.592052 0.374648 0.591712 0.374648 0.591372 0.374245 0.591033 0.374245 0.590693 0.373843 0.590353 0.373843 0.590014 0.373038 0.589334 0.373038 0.588995 0.372636 0.588655 0.372636 0.588315 0.373441 0.587636 0.373843 0.587636 0.373843 0.587296 0.373441 0.586957 0.373441 0.586617 0.373038 0.586277 0.371831 0.586277 0.371026 0.585598 0.371026 0.585258 0.370624 0.585258 0.370221 0.584918 0.370221 0.583899 0.369819 0.58356 0.369819 0.58322 0.369416 0.58288 0.370221 0.582201 0.370624 0.582541 0.371026 0.582201 0.371429 0.582201 0.371831 0.581861 0.372233 0.582201 0.372233 0.581522 0.371831 0.581182 0.371831 0.580842 0.371429 0.580842 0.371026 0.581182 0.370624 0.581182 0.370624 0.581522 0.370221 0.581861 0.369819 0.581522 0.369819 0.581182 0.369416 0.580842 0.369416 0.580503 0.368612 0.579823 0.368612 0.579484 0.368209 0.579144 0.368209 0.578804 0.367807 0.578465 0.367807 0.578125 0.367002 0.577446 0.367002 0.577106 0.3666 0.576766 0.3666 0.576427 0.367404 0.575747 0.367807 0.575747 0.368209 0.576087 0.368612 0.576087 0.368209 0.575747 0.368209 0.575408 0.367807 0.575068 0.367807 0.574728 0.367404 0.574389 0.367404 0.574049 0.367002 0.574049 0.3666 0.574389 0.366197 0.574389 0.365795 0.574728 0.365795 0.575408 0.366197 0.575747 0.365392 0.576427 0.36499 0.576087 0.364588 0.576087 0.364185 0.575747 0.364185 0.575068 0.364588 0.574728 0.36499 0.574728 0.36499 0.574049 0.364588 0.573709 0.364588 0.57337 0.364185 0.57303 0.364185 0.57269 0.363783 0.57269 0.362978 0.57337 0.362173 0.57269 0.362173 0.572351 0.361771 0.572011 0.362173 0.571671 0.361368 0.570992 0.361368 0.570652 0.360966 0.570312 0.360966 0.569973 0.360563 0.569633 0.360563 0.569293 0.359759 0.568614 0.359759 0.568274 0.359356 0.567935 0.359356 0.567595 0.358954 0.567255 0.358954 0.566916 0.358551 0.566576 0.358551 0.565897 0.358954 0.565557 0.358551 0.565217 0.358551 0.564878 0.358954 0.564538 0.359356 0.564538 0.359356 0.564198 0.358954 0.563859 0.358954 0.563519 0.358551 0.563519 0.358149 0.563859 0.357344 0.563859 0.356942 0.563519 0.356942 0.563179 0.356539 0.56284 0.356539 0.5625 0.355734 0.561821 0.355734 0.561481 0.355332 0.561481 0.35493 0.561141 0.35493 0.560462 0.355332 0.560122 0.355332 0.559783 0.355734 0.559443 0.356137 0.559443 0.356539 0.559103 0.356539 0.558424 0.356137 0.558084 0.356137 0.557745 0.355734 0.558084 0.35493 0.558084 0.354527 0.557745 0.354527 0.557405 0.35493 0.557065 0.355332 0.557065 0.355734 0.556726 0.355734 0.556386 0.355332 0.556726 0.35493 0.556386 0.354527 0.556726 0.354125 0.556726 0.354125 0.557065 0.353722 0.557405 0.35332 0.557405 0.352515 0.556726 0.352515 0.556386 0.35171 0.555707 0.35171 0.555367 0.351308 0.555027 0.351308 0.554008 0.350905 0.554008 0.350101 0.553329 0.350101 0.55231 0.348893 0.551291 0.349296 0.550951 0.349296 0.550272 0.348893 0.549932 0.348491 0.549932 0.348089 0.549592 0.348089 0.549253 0.347686 0.548913 0.347686 0.548573 0.347284 0.548573 0.346881 0.548234 0.346881 0.547554 0.347284 0.547215 0.346881 0.546875 0.346881 0.546535 0.346479 0.546535 0.345674 0.545856 0.345674 0.545516 0.346881 0.544497 0.347284 0.544497 0.347284 0.543818 0.346881 0.543478 0.346479 0.543478 0.346881 0.543818 0.346479 0.544158 0.346076 0.544158 0.345674 0.544497 0.345272 0.544497 0.344869 0.544158 0.344869 0.543818 0.345272 0.543478 0.344869 0.543139 0.344869 0.542799 0.344467 0.542799 0.344064 0.542459 0.343662 0.542799 0.34326 0.542459 0.34326 0.54212 0.343662 0.54178 0.344064 0.54178 0.344467 0.54144 0.344869 0.54144 0.345272 0.541101 0.345272 0.540761 0.344869 0.540421 0.344869 0.540082 0.344064 0.540082 0.344064 0.540421 0.343662 0.540761 0.34326 0.540761 0.34326 0.541101 0.342857 0.54144 0.342455 0.54144 0.342052 0.541101 0.342052 0.540761 0.34165 0.540421 0.34165 0.539402 0.341247 0.539062 0.341247 0.538723 0.340443 0.538043 0.340443 0.537704 0.34004 0.537364 0.34004 0.537024 0.339638 0.536685 0.339638 0.536345 0.339235 0.536005 0.339235 0.535666 0.338431 0.534986 0.338431 0.534647 0.338028 0.534307 0.338028 0.533967 0.337626 0.533628 0.337626 0.533288 0.336821 0.532609 0.336821 0.532269 0.336419 0.531929 0.336419 0.53159 0.336821 0.53125 0.337223 0.53159 0.337626 0.53159 0.338028 0.531929 0.338028 0.532269 0.339638 0.532269 0.339235 0.531929 0.339235 0.53159 0.338833 0.53125 0.338833 0.53091 0.338431 0.530571 0.337626 0.530571 0.336419 0.53159 0.336016 0.53125 0.336016 0.53091 0.335614 0.530571 0.335614 0.530231 0.334809 0.529552 0.334809 0.529212 0.334406 0.528872 0.334406 0.528533 0.334004 0.528193 0.334406 0.527853 0.334004 0.527514 0.334004 0.527174 0.333602 0.526834 0.333602 0.526495 0.332797 0.525815 0.333199 0.525476 0.333199 0.524457 0.332797 0.524117 0.332394 0.524117 0.331992 0.523777 0.331992 0.523438 0.33159 0.523438 0.330785 0.522758 0.330785 0.522418 0.330382 0.522079 0.330785 0.521739 0.331187 0.521739 0.330785 0.521399 0.330785 0.52106 0.329577 0.520041 0.32998 0.519701 0.330785 0.519701 0.331187 0.519361 0.330382 0.518682 0.330382 0.518342 0.32998 0.518342 0.329577 0.518682 0.329175 0.518682 0.328773 0.518342 0.328773 0.518003 0.32837 0.517663 0.32837 0.517323 0.327968 0.516984 0.327968 0.516644 0.327565 0.516304 0.327163 0.516304 0.326761 0.515965 0.326761 0.515625 0.326358 0.515285 0.327163 0.514606 0.327565 0.514606 0.327565 0.513927 0.326761 0.513247 0.326761 0.512908 0.326358 0.512568 0.326358 0.513247 0.326761 0.513587 0.326761 0.513927 0.326358 0.514266 0.325956 0.514266 0.325151 0.513587 0.325151 0.513247 0.324748 0.513247 0.324346 0.512908 0.324346 0.512568 0.323944 0.512228 0.323944 0.511889 0.323139 0.511209 0.323139 0.51087 0.322736 0.51053 0.322736 0.51019 0.322334 0.509851 0.322334 0.509511 0.321529 0.508832 0.321529 0.508492 0.321127 0.508152 0.321127 0.507133 0.321529 0.506793 0.321932 0.506793 0.321932 0.506114 0.321529 0.505774 0.321127 0.505774 0.320724 0.506114 0.31992 0.505435 0.319517 0.505435 0.319115 0.505095 0.319115 0.504755 0.318712 0.504416 0.318712 0.504076 0.31831 0.503736 0.31831 0.503397 0.317505 0.502717 0.317505 0.502378 0.317103 0.502038 0.317103 0.501698 0.3167 0.501359 0.3167 0.501019 0.316298 0.500679 0.316298 0.50034 0.315493 0.49966 0.315493 0.499321 0.315091 0.498981 0.315091 0.498641 0.315493 0.498302 0.315895 0.498302 0.316298 0.497962 0.3167 0.498302 0.3167 0.498641 0.317103 0.498641 0.317103 0.498302 0.3167 0.497962 0.3167 0.497622 0.315895 0.496943 0.315895 0.496264 0.315091 0.495584 0.315091 0.495245 0.314688 0.494905 0.314688 0.494565 0.314286 0.494565 0.314286 0.494905 0.314688 0.495245 0.314688 0.495584 0.315091 0.495584 0.315493 0.495924 0.315091 0.496264 0.315091 0.496603 0.314688 0.496943 0.313481 0.495924 0.313481 0.495584 0.313078 0.495245 0.313481 0.494905 0.311066 0.492867 0.311469 0.492527 0.311066 0.492188 0.311066 0.491848 0.310664 0.491508 0.311469 0.490829 0.311871 0.490829 0.311871 0.490489 0.311469 0.490149 0.311469 0.48981 0.311066 0.48981 0.310664 0.490149 0.309859 0.490149 0.309457 0.48981 0.309457 0.48947 0.309054 0.48913 0.309054 0.488791 0.308652 0.488451 0.308652 0.488111 0.307847 0.487432 0.307847 0.487092 0.307445 0.486753 0.307445 0.486413 0.307042 0.486073 0.307042 0.485394 0.307445 0.485054 0.307042 0.484715 0.307042 0.484375 0.307445 0.484035 0.307445 0.483696 0.307042 0.483356 0.307042 0.483016 0.30664 0.483016 0.306237 0.483356 0.305433 0.483356 0.30503 0.483016 0.30503 0.482677 0.304225 0.481997 0.304225 0.481658 0.303823 0.481318 0.303823 0.480978 0.303421 0.480639 0.303823 0.480299 0.303421 0.479959 0.303421 0.47962 0.303018 0.47928 0.303018 0.478261 0.302213 0.477582 0.302213 0.477242 0.301811 0.476902 0.301811 0.476562 0.301408 0.476223 0.301408 0.475204 0.301006 0.474864 0.301006 0.474524 0.300201 0.473845 0.300201 0.473505 0.299799 0.473166 0.299799 0.472826 0.299396 0.472486 0.299396 0.472147 0.298994 0.471807 0.298994 0.471467 0.298592 0.471128 0.298189 0.471128 0.297787 0.470788 0.298189 0.470448 0.298189 0.469769 0.297787 0.469429 0.297787 0.46909 0.296177 0.467731 0.296177 0.467391 0.295775 0.467052 0.295775 0.466712 0.295372 0.466372 0.295372 0.466033 0.29497 0.466033 0.294567 0.465693 0.294165 0.465693 0.293763 0.465353 0.293763 0.465014 0.29336 0.464674 0.29336 0.464334 0.292555 0.463655 0.292555 0.463315 0.292153 0.462976 0.292153 0.462636 0.291751 0.462296 0.291751 0.461957 0.290946 0.461277 0.290946 0.460938 0.290543 0.460598 0.290543 0.460258 0.290141 0.459918 0.290141 0.459579 0.289738 0.459239 0.289738 0.458899 0.288934 0.45822 0.288934 0.45788 0.288531 0.457541 0.288934 0.457201 0.288531 0.456861 0.288531 0.456522 0.288129 0.456182 0.288129 0.455842 0.287726 0.455503 0.287726 0.455163 0.286922 0.454484 0.286922 0.454144 0.286519 0.453804 0.286519 0.453465 0.286117 0.453125 0.286117 0.452785 0.285714 0.452446 0.285714 0.452106 0.284909 0.451427 0.284909 0.451087 0.284507 0.450747 0.284909 0.450408 0.284507 0.450068 0.284909 0.449728 0.284507 0.449389 0.284507 0.449049 0.284105 0.448709 0.284105 0.44837 0.283702 0.44803 0.283702 0.44769 0.2833 0.447351 0.282897 0.447351 0.282495 0.447011 0.282495 0.445992 0.282093 0.445652 0.282093 0.445312 0.28169 0.444973 0.28169 0.444633 0.280885 0.443954 0.280885 0.443614 0.280483 0.443274 0.280483 0.442935 0.28008 0.442595 0.28008 0.442255 0.279678 0.441916 0.279276 0.441916 0.278873 0.441576 0.278873 0.441236 0.278471 0.440897 0.278471 0.440557 0.278068 0.440217 0.278068 0.439878 0.277264 0.439198 0.277264 0.438859 0.276861 0.438519 0.276861 0.438179 0.276459 0.43784 0.276459 0.4375 0.276056 0.43716 0.276056 0.436821 0.275252 0.436141 0.275252 0.435802 0.274849 0.435462 0.274849 0.435122 0.274447 0.434783 0.274849 0.434443 0.274447 0.434103 0.274447 0.433764 0.274044 0.433424 0.273642 0.433424 0.273239 0.433084 0.273239 0.432745 0.272837 0.432405 0.272837 0.432065 0.272435 0.431726 0.272435 0.431386 0.272032 0.431046 0.272435 0.430707 0.27163 0.430027 0.27163 0.429688
