0 0.282138 0.522545 0.2818 0.522822 0.2818 0.523375 0.282138 0.523651 0.282138 0.524205 0.283153 0.524205 0.283153 0.523375 0.282815 0.523098 0.282815 0.522545
0 0.613329 0.48603 0.612991 0.486307 0.612652 0.486307 0.612652 0.486584 0.612991 0.48686 0.612991 0.487414 0.613329 0.487414 0.613667 0.487137 0.614344 0.487137 0.614344 0.48686 0.614005 0.486584 0.614005 0.48603
0 0.707375 0.448133 0.707037 0.448409 0.706022 0.448409 0.706022 0.448963 0.70636 0.449239 0.70636 0.450069 0.707375 0.450069 0.707713 0.449793 0.70839 0.449793 0.708728 0.449516 0.708728 0.448963 0.70839 0.448686 0.70839 0.448133
0 0.251353 0.44177 0.251015 0.442047 0.250677 0.442047 0.251015 0.442324 0.251015 0.4426 0.25203 0.4426 0.25203 0.442047 0.251691 0.44177
0 0.249323 0.437621 0.249323 0.438451 0.249662 0.438728 0.249662 0.439281 0.250338 0.439281 0.250677 0.439004 0.250677 0.438451 0.250338 0.438174 0.250338 0.437621
0 0.282815 0.386169 0.282476 0.386445 0.2818 0.386445 0.2818 0.386999 0.282138 0.387275 0.282815 0.387275 0.283153 0.386999 0.283491 0.386999 0.283829 0.386722 0.283829 0.386169
0 0.281123 0.261411 0.280785 0.261687 0.280785 0.261964 0.281123 0.262241 0.282138 0.262241 0.282138 0.261964 0.2818 0.261687 0.2818 0.261411
0 0.335589 0.24426 0.335589 0.244813 0.335927 0.24509 0.336604 0.24509 0.336942 0.244813 0.336942 0.24426
0 0.36502 0.237068 0.364682 0.237344 0.364344 0.237344 0.364344 0.237621 0.364682 0.237898 0.364682 0.238174 0.36502 0.238174 0.365359 0.237898 0.365697 0.237898 0.365697 0.237621 0.365359 0.237344 0.365359 0.237068
0 0.375846 0.233472 0.375507 0.233748 0.375507 0.234302 0.376184 0.234302 0.376522 0.234025 0.376522 0.233748 0.376184 0.233748
0 0.380244 0.232365 0.379905 0.232642 0.379905 0.232918 0.380244 0.233195 0.38092 0.233195 0.381258 0.232918 0.38092 0.232642 0.38092 0.232365
0 0.396482 0.229046 0.396143 0.229322 0.396143 0.229876 0.397158 0.229876 0.397158 0.229322 0.39682 0.229046
0 0.396143 0.226279 0.396143 0.227109 0.396482 0.227386 0.39682 0.227386 0.397158 0.227109 0.397158 0.226279
0 0.448241 0.214938 0.447903 0.215214 0.447903 0.216044 0.448241 0.216321 0.449256 0.216321 0.449594 0.216044 0.449256 0.215768 0.449256 0.215491 0.448579 0.214938
0 0.456022 0.213555 0.455683 0.213831 0.455007 0.213831 0.455007 0.214108 0.455345 0.214385 0.455345 0.214661 0.455683 0.214661 0.456022 0.214385
0 0.47429 0.209129 0.473951 0.209405 0.473613 0.209405 0.473613 0.209959 0.473951 0.210235 0.47429 0.210235 0.474628 0.209959 0.474628 0.209405
0 0.469215 0.208852 0.468877 0.209129 0.468877 0.209682 0.469553 0.209682 0.469892 0.209405 0.469892 0.208852
0 0.502706 0.208299 0.502368 0.208575 0.501353 0.208575 0.501015 0.208852 0.500677 0.208852 0.500677 0.209405 0.501353 0.209959 0.501691 0.209682 0.502368 0.209682 0.502706 0.209405 0.503383 0.209405 0.503383 0.208575 0.503045 0.208299
0 0.493572 0.208022 0.493572 0.208575 0.493911 0.208852 0.493911 0.209129 0.494249 0.209129 0.494587 0.208852 0.494926 0.208852 0.494926 0.208575 0.494587 0.208299 0.494587 0.208022
0 0.507104 0.207469 0.506766 0.207746 0.505751 0.207746 0.505751 0.208575 0.506766 0.208575 0.507104 0.208299 0.507781 0.208299 0.508119 0.208022 0.508457 0.208022 0.508119 0.207746 0.508119 0.207469
0 0.512179 0.204703 0.51184 0.204979 0.511164 0.204979 0.511164 0.205256 0.511502 0.205533 0.51184 0.205533 0.512179 0.205256
0 0.523342 0.203873 0.523004 0.204149 0.522327 0.204149 0.522327 0.204979 0.522666 0.205256 0.523004 0.205256 0.523342 0.204979 0.524019 0.204979 0.523681 0.204703 0.523681 0.204149
0 0.528755 0.20249 0.528417 0.202766 0.52774 0.202766 0.527402 0.203043 0.526725 0.203043 0.526725 0.20332 0.527064 0.203596 0.527064 0.204149 0.527402 0.204149 0.52774 0.203873 0.528417 0.203873 0.528755 0.203596 0.529093 0.203596 0.529093 0.20332 0.528755 0.203043
0 0.512855 0.201383 0.512517 0.20166 0.512179 0.20166 0.512179 0.20249 0.512517 0.202766 0.512517 0.203043 0.512855 0.202766 0.513532 0.202766 0.513194 0.20249 0.513194 0.20166
0 0.522666 0.200553 0.522327 0.20083 0.521989 0.20083 0.521989 0.201107 0.522327 0.201383 0.522327 0.20166 0.522666 0.20166 0.523004 0.201383 0.523681 0.201383 0.523342 0.201107 0.523342 0.200553
0 0.52571 0.199447 0.525372 0.199723 0.525034 0.199723 0.525034 0.2 0.525372 0.200277 0.525372 0.200553 0.52571 0.200553 0.526387 0.2 0.526049 0.199723 0.526049 0.199447
0 0.538227 0.19834 0.537889 0.198617 0.537212 0.198617 0.536874 0.198893 0.536198 0.198893 0.535859 0.19917 0.535859 0.199447 0.536198 0.199723 0.536198 0.2 0.536536 0.2 0.536874 0.200277 0.538227 0.200277 0.538566 0.2 0.538904 0.2 0.538904 0.199447 0.538566 0.19917 0.538566 0.198617
0 0.544655 0.196957 0.544317 0.197234 0.544317 0.19751 0.544655 0.197787 0.54567 0.197787 0.545332 0.19751 0.545332 0.196957
0 0.55548 0.193638 0.555142 0.193914 0.554465 0.193914 0.554127 0.194191 0.554127 0.194467 0.554465 0.194744 0.554465 0.195021 0.555142 0.195021 0.55548 0.194744 0.555819 0.194744 0.555819 0.194467 0.55548 0.194191
0 0.556157 0.190871 0.555819 0.191148 0.555819 0.191425 0.556157 0.191701 0.556157 0.191978 0.556834 0.191978 0.557172 0.191701 0.556834 0.191425 0.556834 0.190871
0 0.560217 0.188658 0.559878 0.188935 0.55954 0.188935 0.55954 0.189212 0.559878 0.189488 0.560217 0.189212 0.560893 0.189212 0.560555 0.188935 0.560555 0.188658
0 0.584574 0.178976 0.584235 0.179253 0.583559 0.179253 0.583559 0.17953 0.583897 0.179806 0.583897 0.180083 0.584235 0.180083 0.584574 0.179806 0.584912 0.179806 0.584574 0.17953
0 0.588633 0.17704 0.588295 0.177317 0.587618 0.177317 0.587618 0.178147 0.587957 0.178423 0.588633 0.178423 0.588972 0.178147 0.588972 0.177317
0 0.596076 0.175104 0.595737 0.17538 0.596076 0.175657 0.596076 0.17621 0.596414 0.175934 0.597091 0.175934 0.597429 0.175657 0.597429 0.17538 0.597091 0.175104
0 0.614682 0.171231 0.614344 0.171508 0.613667 0.171508 0.613667 0.172061 0.614005 0.172337 0.614005 0.172891 0.614344 0.173167 0.614682 0.173167 0.61502 0.172891 0.615697 0.172891 0.615697 0.172337 0.615359 0.172061 0.615359 0.171508 0.61502 0.171231
0 0.61705 0.170954 0.616712 0.171231 0.616712 0.171784 0.61705 0.172061 0.61705 0.172337 0.618065 0.172337 0.618403 0.172061 0.61908 0.172061 0.61908 0.171784 0.618742 0.171508 0.618742 0.170954
0 0.626522 0.168188 0.626184 0.168465 0.626184 0.168741 0.626522 0.169018 0.626522 0.169571 0.626861 0.169295 0.627537 0.169295 0.627876 0.169018 0.628214 0.169018 0.628214 0.168741 0.627876 0.168465 0.627876 0.168188
0 0.629567 0.165975 0.629229 0.166252 0.628552 0.166252 0.628214 0.166528 0.627537 0.166528 0.627199 0.166805 0.626522 0.166805 0.626522 0.167358 0.627199 0.167358 0.627537 0.167635 0.628552 0.167635 0.62889 0.167358 0.629567 0.167358 0.629905 0.167082 0.629905 0.166805 0.629567 0.166528
0 0.639716 0.165698 0.639378 0.165975 0.638701 0.165975 0.638363 0.166252 0.638024 0.166252 0.638363 0.166528 0.638363 0.167082 0.638701 0.167358 0.639039 0.167082 0.639716 0.167082 0.640054 0.166805 0.640731 0.166805 0.640731 0.166252 0.640392 0.165975 0.640392 0.165698
0 0.631935 0.165422 0.631597 0.165698 0.630582 0.165698 0.630582 0.166252 0.63092 0.166528 0.63092 0.166805 0.631597 0.166805 0.631935 0.166528 0.632612 0.166528 0.632273 0.166252 0.632273 0.165422
0 0.810893 0.164869 0.810555 0.165145 0.810893 0.165422 0.810893 0.165698 0.811908 0.165698 0.811908 0.165422 0.81157 0.165145 0.81157 0.164869
0 0.648512 0.163485 0.648173 0.163762 0.647497 0.163762 0.647497 0.164315 0.647835 0.164592 0.647835 0.164869 0.648173 0.164869 0.648512 0.164592 0.649188 0.164592 0.649188 0.164315 0.64885 0.164039 0.64885 0.163485
0 0.640392 0.163485 0.640054 0.163762 0.639378 0.163762 0.639039 0.164039 0.639039 0.164315 0.639378 0.164592 0.639378 0.165145 0.639716 0.164869 0.640054 0.165145 0.640392 0.165145 0.640731 0.164869 0.641407 0.164869 0.641746 0.164592 0.642084 0.164592 0.642084 0.164315 0.641746 0.164039 0.641746 0.163485
0 0.64479 0.162379 0.644452 0.162656 0.643775 0.162656 0.643437 0.162932 0.643775 0.163209 0.643775 0.163762 0.644114 0.164039 0.643775 0.164315 0.643437 0.164315 0.643099 0.164592 0.643099 0.165698 0.643437 0.165975 0.644114 0.165975 0.644452 0.165698 0.645129 0.165698 0.64479 0.165422 0.64479 0.164869 0.644452 0.164592 0.644452 0.164315 0.644114 0.164039 0.644452 0.163762 0.64479 0.163762 0.645129 0.163485 0.645805 0.163485 0.645805 0.162932 0.645467 0.162656 0.645467 0.162379
0 0.649188 0.161272 0.64885 0.161549 0.648173 0.161549 0.647835 0.161826 0.647835 0.162379 0.648173 0.162656 0.649188 0.162656 0.649526 0.162379 0.649865 0.162379 0.649865 0.161549 0.649526 0.161272
0 0.653586 0.160166 0.653248 0.160443 0.652571 0.160443 0.652233 0.160719 0.651894 0.160719 0.651894 0.160996 0.652233 0.161272 0.652233 0.161826 0.653586 0.161826 0.653924 0.161549 0.654601 0.161549 0.654601 0.160996 0.654263 0.160719 0.654263 0.160443 0.653924 0.160166
0 0.673207 0.156017 0.672869 0.156293 0.67253 0.156293 0.67253 0.15657 0.672869 0.156846 0.672869 0.1574 0.673207 0.157123 0.674222 0.157123 0.674222 0.15657 0.673884 0.156293 0.673884 0.156017
0 0.806157 0.15242 0.805819 0.152697 0.805819 0.152974 0.806157 0.15325 0.806157 0.153804 0.806495 0.15408 0.806495 0.154357 0.80751 0.154357 0.80751 0.153804 0.807172 0.153527 0.807172 0.152974 0.806834 0.152697 0.806834 0.15242
0 0.804127 0.146611 0.803789 0.146888 0.803789 0.147441 0.804127 0.147718 0.804127 0.147994 0.804465 0.147718 0.805142 0.147718 0.804804 0.147441 0.804804 0.146888 0.804465 0.146611
0 0.709743 0.145781 0.709405 0.146058 0.708728 0.146058 0.70839 0.146335 0.708728 0.146611 0.708728 0.147165 0.709405 0.147165 0.709743 0.147441 0.710081 0.147165 0.710758 0.147165 0.710758 0.146335 0.710081 0.145781
0 0.804804 0.144398 0.804465 0.144675 0.803789 0.144675 0.804127 0.144952 0.804127 0.145505 0.804465 0.145781 0.804804 0.145781 0.805142 0.145505 0.805142 0.144952 0.804804 0.144675
0 0.717524 0.143845 0.717185 0.144122 0.716171 0.144122 0.715832 0.144398 0.715832 0.144675 0.716171 0.144952 0.717185 0.144952 0.717524 0.144675 0.7182 0.144675 0.718539 0.144398 0.718539 0.143845
0 0.733762 0.139972 0.733424 0.140249 0.732747 0.140249 0.732747 0.140526 0.733085 0.140802 0.733085 0.141355 0.733424 0.141355 0.733762 0.141079 0.734438 0.141079 0.734777 0.140802 0.734438 0.140526 0.734438 0.139972
0 0.800068 0.137206 0.800068 0.137759 0.800406 0.138036 0.800406 0.138589 0.800744 0.138866 0.800744 0.139419 0.801083 0.139696 0.801421 0.139696 0.801759 0.139419 0.801759 0.138866 0.801421 0.138589 0.801421 0.138036 0.801083 0.137759 0.801083 0.137206
0 0.76387 0.131674 0.763532 0.13195 0.762855 0.13195 0.762855 0.132227 0.763194 0.132503 0.763532 0.132503 0.76387 0.132227 0.764547 0.132227 0.764208 0.13195 0.764208 0.131674
0 0.79161 0.128907 0.791272 0.129184 0.790595 0.129184 0.790257 0.129461 0.788566 0.129461 0.788227 0.129184 0.787212 0.129184 0.787551 0.129461 0.786874 0.130014 0.786198 0.130014 0.785859 0.13029 0.785183 0.13029 0.784844 0.130567 0.784168 0.130567 0.783829 0.130844 0.783153 0.130844 0.782815 0.13112 0.7818 0.13112 0.781461 0.131397 0.780785 0.131397 0.780447 0.131674 0.77977 0.131674 0.779432 0.13195 0.778755 0.13195 0.778417 0.132227 0.77774 0.132227 0.777402 0.132503 0.777064 0.132503 0.776725 0.132227 0.776725 0.131674 0.776387 0.131674 0.776049 0.13195 0.77571 0.131674 0.77571 0.13112 0.775034 0.13112 0.774696 0.131397 0.774696 0.131674 0.775034 0.13195 0.775034 0.132503 0.775372 0.13278 0.775034 0.133057 0.774357 0.133057 0.774019 0.133333 0.773342 0.133333 0.773004 0.13361 0.772327 0.13361 0.771989 0.133887 0.770974 0.133887 0.770636 0.134163 0.769959 0.134163 0.769621 0.13444 0.768945 0.13444 0.768606 0.134716 0.76793 0.134716 0.767591 0.134993 0.766915 0.134993 0.766576 0.13527 0.765562 0.13527 0.765223 0.135546 0.764547 0.135546 0.764208 0.135823 0.763532 0.135823 0.763532 0.1361 0.763194 0.136376 0.762517 0.136376 0.762179 0.136653 0.761502 0.136653 0.761164 0.136929 0.760149 0.136929 0.759811 0.137206 0.759134 0.137206 0.758796 0.137483 0.758119 0.137483 0.757781 0.137759 0.757104 0.137759 0.756766 0.138036 0.756089 0.138036 0.755751 0.138313 0.754736 0.138313 0.754398 0.138589 0.753721 0.138589 0.753383 0.138866 0.753045 0.138589 0.752706 0.138589 0.752368 0.138866 0.751691 0.138866 0.751353 0.139142 0.750677 0.139142 0.75 0.139696 0.749323 0.139696 0.748985 0.139972 0.748309 0.139972 0.74797 0.140249 0.747294 0.140249 0.746955 0.140526 0.746279 0.140526 0.74594 0.140802 0.745264 0.140802 0.744926 0.141079 0.743911 0.141079 0.743572 0.141355 0.742896 0.141355 0.742558 0.141632 0.741881 0.141632 0.741543 0.141909 0.740866 0.141909 0.740528 0.142185 0.739851 0.142185 0.739513 0.142462 0.738498 0.142462 0.73816 0.142739 0.737483 0.142739 0.737145 0.143015 0.736468 0.143015 0.73613 0.143292 0.735453 0.143292 0.735115 0.143568 0.734438 0.143568 0.7341 0.143845 0.733085 0.143845 0.732747 0.144122 0.73207 0.144122 0.731732 0.144398 0.731055 0.144398 0.730717 0.144675 0.730041 0.144675 0.729702 0.144952 0.727673 0.144952 0.727334 0.145228 0.726658 0.145228 0.726319 0.145505 0.725643 0.145505 0.725304 0.145781 0.724628 0.145781 0.72429 0.146058 0.723613 0.146058 0.723275 0.146335 0.72226 0.146335 0.721922 0.146611 0.721245 0.146611 0.720907 0.146888 0.72023 0.146888 0.719892 0.147165 0.719215 0.147165 0.718877 0.147441 0.7182 0.147441 0.717862 0.147718 0.716847 0.147718 0.716509 0.147994 0.715832 0.147994 0.715494 0.148271 0.714817 0.148271 0.714479 0.148548 0.713802 0.148548 0.713464 0.148824 0.712788 0.148824 0.712449 0.149101 0.711434 0.149101 0.711096 0.149378 0.710419 0.149378 0.710081 0.149654 0.709405 0.149654 0.709066 0.149931 0.70839 0.149931 0.708051 0.150207 0.707375 0.150207 0.707037 0.150484 0.706022 0.150484 0.705683 0.150761 0.705007 0.150761 0.704668 0.151037 0.703992 0.151037 0.703654 0.151314 0.702977 0.151314 0.702639 0.151591 0.701962 0.151591 0.701624 0.151867 0.700609 0.151867 0.700271 0.152144 0.699594 0.152144 0.699256 0.15242 0.698579 0.15242 0.698241 0.152697 0.697564 0.152697 0.697226 0.152974 0.696549 0.152974 0.696211 0.15325 0.695196 0.15325 0.694858 0.153527 0.694181 0.153527 0.693843 0.153804 0.693166 0.153804 0.692828 0.15408 0.692152 0.15408 0.691813 0.154357 0.691137 0.154357 0.690798 0.154633 0.689783 0.154633 0.689445 0.15491 0.688769 0.15491 0.68843 0.155187 0.687754 0.155187 0.687415 0.155463 0.686739 0.155463 0.686401 0.15574 0.685724 0.15574 0.685386 0.156017 0.684371 0.156017 0.684032 0.156293 0.683356 0.156293 0.683018 0.15657 0.682341 0.15657 0.682003 0.156846 0.681326 0.156846 0.680988 0.157123 0.680311 0.157123 0.679973 0.1574 0.679296 0.1574 0.67862 0.157953 0.677943 0.157953 0.677605 0.15823 0.676928 0.15823 0.67659 0.158506 0.675913 0.158506 0.675575 0.158783 0.674899 0.158783 0.67456 0.159059 0.673545 0.159059 0.673207 0.159336 0.67253 0.159336 0.672192 0.159613 0.671516 0.159613 0.671177 0.159889 0.670501 0.159889 0.670162 0.160166 0.669486 0.160166 0.669147 0.160443 0.668133 0.160443 0.667794 0.160719 0.667118 0.160719 0.666779 0.160996 0.666103 0.160996 0.665765 0.161272 0.665088 0.161272 0.66475 0.161549 0.664073 0.161549 0.663735 0.161826 0.66272 0.161826 0.662382 0.162102 0.661705 0.162102 0.661367 0.162379 0.66069 0.162379 0.660352 0.162656 0.659675 0.162656 0.659337 0.162932 0.65866 0.162932 0.658322 0.163209 0.657307 0.163209 0.656969 0.163485 0.656292 0.163485 0.655954 0.163762 0.655277 0.163762 0.654939 0.164039 0.654263 0.164039 0.653924 0.164315 0.653248 0.164315 0.652909 0.164592 0.651894 0.164592 0.651556 0.164869 0.65088 0.164869 0.650541 0.165145 0.649865 0.165145 0.649526 0.165422 0.64885 0.165422 0.648512 0.165698 0.647835 0.165698 0.647497 0.165975 0.646482 0.165975 0.646143 0.166252 0.645467 0.166252 0.645129 0.166528 0.644452 0.166528 0.644114 0.166805 0.643437 0.166805 0.643099 0.167082 0.642422 0.167082 0.642084 0.167358 0.641069 0.167358 0.640731 0.167635 0.640054 0.167635 0.639716 0.167911 0.639039 0.167911 0.638701 0.168188 0.638024 0.168188 0.637686 0.168465 0.637009 0.168465 0.636671 0.168741 0.635656 0.168741 0.635318 0.169018 0.634641 0.169018 0.634303 0.169295 0.633627 0.169295 0.633288 0.169571 0.632612 0.169571 0.632273 0.169848 0.631597 0.169848 0.631258 0.170124 0.630244 0.170124 0.629905 0.170401 0.629229 0.170401 0.62889 0.170678 0.628214 0.170678 0.627876 0.170954 0.627199 0.170954 0.626861 0.171231 0.626184 0.171231 0.625846 0.171508 0.624831 0.171508 0.624493 0.171784 0.623816 0.171784 0.623478 0.172061 0.622801 0.172061 0.622463 0.172337 0.621786 0.172337 0.621448 0.172614 0.619418 0.172614 0.61908 0.172891 0.618403 0.172891 0.618065 0.173167 0.617388 0.173167 0.61705 0.173444 0.616373 0.173444 0.616035 0.173721 0.615359 0.173721 0.61502 0.173997 0.614005 0.173997 0.613667 0.174274 0.612991 0.174274 0.612652 0.17455 0.611976 0.17455 0.611637 0.174827 0.610961 0.174827 0.610622 0.175104 0.609946 0.175104 0.609608 0.17538 0.608593 0.17538 0.608254 0.175657 0.607578 0.175657 0.60724 0.175934 0.606563 0.175934 0.606225 0.17621 0.605548 0.17621 0.60521 0.176487 0.604533 0.176487 0.604195 0.176763 0.60318 0.176763 0.602842 0.17704 0.602165 0.17704 0.601827 0.177317 0.60115 0.177317 0.600812 0.177593 0.600135 0.177593 0.599797 0.17787 0.59912 0.17787 0.598782 0.178147 0.597767 0.178147 0.597429 0.17787 0.597767 0.177593 0.598106 0.177593 0.598106 0.177317 0.597767 0.17704 0.597767 0.176487 0.597429 0.176487 0.597091 0.176763 0.596414 0.176763 0.596414 0.17704 0.596752 0.177317 0.596752 0.17787 0.597429 0.17787 0.597767 0.178147 0.597429 0.178423 0.596752 0.178423 0.596414 0.1787 0.595737 0.178147 0.595399 0.178423 0.594723 0.178423 0.594723 0.1787 0.594046 0.179253 0.593708 0.179253 0.593031 0.179806 0.592355 0.179806 0.592016 0.180083 0.59134 0.180083 0.591001 0.18036 0.590663 0.18036 0.590663 0.180636 0.591001 0.180913 0.589986 0.181743 0.589648 0.181743 0.58931 0.182019 0.588295 0.182019 0.587957 0.182296 0.58728 0.182296 0.586942 0.182573 0.586265 0.182573 0.585927 0.182849 0.58525 0.182849 0.584912 0.183126 0.584235 0.183126 0.583897 0.183402 0.582882 0.183402 0.582544 0.183679 0.581867 0.183679 0.581529 0.183956 0.580853 0.183956 0.580514 0.184232 0.579838 0.184232 0.579499 0.184509 0.578823 0.184509 0.578484 0.184786 0.57747 0.184786 0.577131 0.185062 0.576455 0.185062 0.576116 0.185339 0.57544 0.185339 0.575101 0.185615 0.574425 0.185615 0.574087 0.185892 0.57341 0.185892 0.573072 0.186169 0.572057 0.186169 0.571719 0.186445 0.57138 0.186445 0.57138 0.186722 0.570704 0.187275 0.570027 0.187275 0.569689 0.187552 0.569012 0.187552 0.568674 0.187828 0.567997 0.187828 0.567659 0.188105 0.567321 0.188105 0.566644 0.188658 0.566644 0.188935 0.565968 0.189488 0.565968 0.190871 0.565629 0.191148 0.565968 0.191425 0.565968 0.191978 0.565629 0.192254 0.565629 0.194191 0.565291 0.194467 0.564953 0.194467 0.564276 0.195021 0.563599 0.195021 0.563261 0.195297 0.562585 0.195297 0.562246 0.195574 0.56157 0.195574 0.561231 0.195851 0.560555 0.195851 0.560217 0.196127 0.55954 0.195574 0.559202 0.195574 0.558863 0.195297 0.556834 0.195297 0.556495 0.195574 0.555819 0.195574 0.55548 0.195851 0.555142 0.195851 0.554465 0.196404 0.553789 0.196404 0.553451 0.19668 0.552436 0.19668 0.552097 0.196957 0.551421 0.196957 0.551083 0.197234 0.550744 0.197234 0.550406 0.196957 0.550406 0.196127 0.550068 0.195851 0.550068 0.195574 0.549053 0.195574 0.549053 0.196127 0.549391 0.196404 0.549391 0.196957 0.549729 0.197234 0.549053 0.197787 0.548376 0.197787 0.548038 0.198064 0.547023 0.198064 0.546685 0.19834 0.546008 0.19834 0.54567 0.198617 0.544993 0.198617 0.544655 0.198893 0.543978 0.198893 0.54364 0.19917 0.542963 0.19917 0.542625 0.199447 0.54161 0.199447 0.541272 0.199723 0.540934 0.199723 0.540934 0.2 0.540595 0.200277 0.540595 0.20083 0.540257 0.201107 0.539919 0.20083 0.539919 0.200553 0.539581 0.200553 0.539242 0.20083 0.538566 0.20083 0.538227 0.201107 0.538566 0.201383 0.539581 0.201383 0.539919 0.201107 0.540257 0.201107 0.540595 0.20083 0.540934 0.201107 0.540934 0.20166 0.540595 0.201936 0.539919 0.201936 0.539581 0.202213 0.538904 0.202213 0.538566 0.20249 0.537889 0.20249 0.537551 0.202766 0.536874 0.202213 0.536874 0.20166 0.536536 0.201383 0.536198 0.20166 0.535521 0.20166 0.535183 0.201936 0.535183 0.202213 0.535521 0.202213 0.535859 0.20249 0.535859 0.202766 0.535183 0.20332 0.534506 0.20332 0.534168 0.203596 0.533491 0.203596 0.533153 0.203873 0.532476 0.203873 0.532138 0.204149 0.531123 0.204149 0.530785 0.204426 0.530108 0.204426 0.52977 0.204703 0.529093 0.204703 0.528755 0.204979 0.528078 0.204979 0.52774 0.205256 0.527064 0.205256 0.526725 0.205533 0.52571 0.205533 0.525372 0.205809 0.524696 0.205809 0.524357 0.206086 0.523681 0.206086 0.523342 0.206362 0.522666 0.206362 0.522327 0.206639 0.521651 0.206639 0.521313 0.206916 0.520298 0.206916 0.519959 0.207192 0.519283 0.207192 0.518945 0.207469 0.518268 0.207469 0.51793 0.207746 0.517253 0.207746 0.516915 0.208022 0.516238 0.208022 0.5159 0.208299 0.514885 0.208299 0.514547 0.208575 0.51387 0.208575 0.513532 0.208852 0.512855 0.208852 0.512517 0.209129 0.51184 0.209129 0.511502 0.209405 0.510825 0.209405 0.510487 0.209682 0.509472 0.209682 0.509134 0.209959 0.508457 0.209959 0.508119 0.210235 0.507442 0.210235 0.507104 0.210512 0.506428 0.210512 0.506089 0.210788 0.505413 0.210788 0.505074 0.211065 0.50406 0.211065 0.503721 0.211342 0.503045 0.211342 0.502706 0.211618 0.502368 0.211618 0.501691 0.211065 0.501015 0.211065 0.500677 0.211342 0.499662 0.211342 0.499662 0.212172 0.499323 0.212448 0.498647 0.212448 0.498309 0.212725 0.497632 0.212725 0.497294 0.213001 0.496617 0.213001 0.496279 0.213278 0.495602 0.213278 0.495264 0.213555 0.494587 0.213555 0.494249 0.213831 0.493234 0.213831 0.492896 0.214108 0.492219 0.214108 0.491881 0.214385 0.491204 0.214385 0.490866 0.214661 0.490189 0.214661 0.489851 0.214938 0.489175 0.214938 0.488836 0.215214 0.488498 0.215214 0.48816 0.214938 0.487821 0.214938 0.487483 0.215214 0.487145 0.214938 0.487145 0.214661 0.486806 0.214385 0.485792 0.214385 0.485453 0.214108 0.485453 0.213831 0.484777 0.213278 0.484438 0.213278 0.4841 0.213001 0.4841 0.212725 0.483762 0.212725 0.483424 0.212448 0.483424 0.212172 0.483085 0.212172 0.482747 0.211895 0.482409 0.211895 0.48207 0.211618 0.481732 0.211618 0.481394 0.211342 0.480717 0.211342 0.480379 0.211065 0.480041 0.211342 0.479702 0.211342 0.479364 0.211065 0.479364 0.210788 0.479026 0.211065 0.476996 0.211065 0.476658 0.211342 0.475981 0.211342 0.475643 0.211618 0.474966 0.211618 0.474628 0.211895 0.47429 0.211618 0.47429 0.211342 0.473613 0.211342 0.473275 0.211618 0.472598 0.211618 0.47226 0.211342 0.47226 0.210788 0.471245 0.210788 0.471245 0.211342 0.471583 0.211618 0.471583 0.211895 0.471245 0.212172 0.470907 0.211895 0.47023 0.211895 0.469892 0.212172 0.469215 0.212172 0.468877 0.212448 0.4682 0.212448 0.467862 0.212725 0.467524 0.212448 0.467524 0.212172 0.467185 0.211895 0.467185 0.211618 0.466847 0.211618 0.466509 0.211895 0.465832 0.211895 0.466171 0.212172 0.466171 0.213001 0.465832 0.213278 0.464817 0.213278 0.464479 0.213001 0.464817 0.212725 0.464817 0.212448 0.464479 0.212172 0.464479 0.211895 0.463464 0.211895 0.463126 0.212172 0.462788 0.212172 0.462788 0.212448 0.463126 0.212725 0.463126 0.213278 0.462449 0.213831 0.461773 0.213831 0.461434 0.214108 0.460419 0.214108 0.460081 0.214385 0.459405 0.214385 0.459066 0.214661 0.45839 0.214661 0.458051 0.214938 0.457375 0.214938 0.457037 0.215214 0.45636 0.215214 0.456022 0.215491 0.455007 0.215491 0.454668 0.215768 0.453992 0.215768 0.453654 0.216044 0.452977 0.216044 0.452639 0.216321 0.451962 0.216321 0.451624 0.216598 0.450947 0.216598 0.450609 0.216874 0.449594 0.216874 0.449256 0.217151 0.448579 0.217151 0.447903 0.217704 0.447564 0.217704 0.446888 0.218257 0.446549 0.218257 0.446211 0.218534 0.445535 0.218534 0.445196 0.218811 0.443166 0.218811 0.443166 0.219087 0.442828 0.219364 0.442152 0.219364 0.441813 0.21964 0.441137 0.21964 0.440798 0.219917 0.440122 0.219917 0.439783 0.220194 0.439107 0.220194 0.438769 0.22047 0.438092 0.22047 0.437754 0.220747 0.436739 0.220747 0.436401 0.221024 0.435724 0.221024 0.435386 0.2213 0.434709 0.2213 0.434371 0.221577 0.434032 0.221577 0.433694 0.2213 0.433356 0.221577 0.432341 0.221577 0.432003 0.221853 0.431326 0.221853 0.430988 0.22213 0.430311 0.22213 0.429973 0.222407 0.429296 0.222407 0.428958 0.222683 0.428281 0.222683 0.427943 0.22296 0.426928 0.22296 0.42659 0.223237 0.425913 0.223237 0.425575 0.223513 0.424899 0.223513 0.42456 0.22379 0.423884 0.22379 0.423545 0.224066 0.423207 0.224066 0.422869 0.22379 0.422869 0.223237 0.42253 0.223237 0.422192 0.223513 0.421854 0.223513 0.421854 0.224066 0.421177 0.22462 0.420501 0.224066 0.420501 0.22379 0.420162 0.224066 0.419147 0.224066 0.419147 0.224343 0.418809 0.22462 0.418471 0.224343 0.418133 0.224343 0.417794 0.22462 0.417456 0.22462 0.417456 0.22545 0.417118 0.225726 0.416103 0.225726 0.415765 0.226003 0.415088 0.226003 0.41475 0.226279 0.414411 0.226279 0.414073 0.226003 0.414073 0.225173 0.413735 0.225173 0.413396 0.22545 0.413058 0.22545 0.413058 0.226003 0.413396 0.226279 0.41272 0.226833 0.412043 0.226833 0.411705 0.227109 0.411367 0.226833 0.411367 0.226556 0.411028 0.226279 0.41069 0.226279 0.410352 0.226556 0.409675 0.226556 0.409337 0.226833 0.409337 0.227386 0.408999 0.227663 0.40866 0.227663 0.408322 0.227939 0.407645 0.227939 0.407307 0.228216 0.406969 0.228216 0.406631 0.227939 0.406631 0.227109 0.406292 0.227109 0.405954 0.227386 0.405277 0.227386 0.404939 0.227663 0.404601 0.227663 0.404601 0.227939 0.404939 0.228216 0.404939 0.228492 0.404601 0.228769 0.404263 0.228769 0.403924 0.229046 0.403248 0.229046 0.402909 0.229322 0.402233 0.229322 0.401894 0.229046 0.401894 0.228492 0.401556 0.228492 0.401218 0.228216 0.401218 0.227939 0.40088 0.227939 0.400541 0.228216 0.400203 0.228216 0.400203 0.228492 0.400541 0.228769 0.400541 0.229322 0.40088 0.229322 0.401218 0.229599 0.40088 0.229876 0.399865 0.229876 0.399526 0.230152 0.39885 0.230152 0.398512 0.230429 0.397835 0.230429 0.397497 0.230705 0.39682 0.230705 0.396482 0.230982 0.395805 0.230982 0.395467 0.231259 0.394452 0.231259 0.394114 0.231535 0.393437 0.231535 0.393099 0.231812 0.392422 0.231812 0.392084 0.232089 0.391407 0.232089 0.391069 0.232365 0.390392 0.232365 0.390054 0.232642 0.389378 0.232642 0.389039 0.232365 0.389039 0.232089 0.388024 0.232089 0.387686 0.232365 0.386671 0.232365 0.386671 0.232918 0.387009 0.233195 0.386671 0.233472 0.385995 0.233472 0.385656 0.233748 0.385318 0.233748 0.384641 0.233195 0.384641 0.232918 0.384303 0.233195 0.383965 0.233195 0.383627 0.232918 0.383288 0.233195 0.382612 0.233195 0.382273 0.233472 0.382612 0.233748 0.382612 0.234025 0.382273 0.234302 0.381597 0.234302 0.381597 0.234578 0.381258 0.234855 0.380582 0.234855 0.380244 0.235131 0.379567 0.235131 0.379229 0.235408 0.378214 0.235408 0.377876 0.235685 0.377199 0.235685 0.376861 0.235961 0.376184 0.235961 0.375846 0.236238 0.375169 0.236238 0.374831 0.236515 0.374154 0.236515 0.373816 0.236791 0.373478 0.236515 0.373478 0.235961 0.372801 0.235961 0.372801 0.236515 0.372463 0.236791 0.372124 0.236515 0.372124 0.236238 0.371786 0.236238 0.371448 0.236515 0.37111 0.236515 0.37111 0.236791 0.371448 0.237068 0.37111 0.237344 0.370771 0.237344 0.370433 0.237621 0.370095 0.237344 0.370095 0.237068 0.369756 0.236791 0.368403 0.236791 0.368403 0.237068 0.368742 0.237344 0.368742 0.237898 0.368403 0.238174 0.367388 0.238174 0.36705 0.238451 0.366373 0.238451 0.366035 0.238728 0.365359 0.238728 0.36502 0.239004 0.364344 0.239004 0.364005 0.239281 0.363329 0.239281 0.362991 0.239557 0.362314 0.239557 0.361976 0.239281 0.361976 0.239004 0.361637 0.238728 0.360961 0.238728 0.360961 0.239004 0.361299 0.239281 0.361299 0.239557 0.360622 0.240111 0.359946 0.240111 0.359608 0.239834 0.359608 0.239557 0.359269 0.239281 0.358593 0.239281 0.358593 0.239834 0.358931 0.240111 0.358931 0.240387 0.358593 0.240664 0.357916 0.240664 0.357578 0.240941 0.356563 0.240941 0.356225 0.241217 0.355548 0.241217 0.354871 0.240664 0.354195 0.240664 0.354195 0.241494 0.353857 0.24177 0.353518 0.24177 0.35318 0.242047 0.352503 0.242047 0.352165 0.242324 0.35115 0.242324 0.350812 0.2426 0.350135 0.2426 0.349797 0.242877 0.34912 0.242877 0.348782 0.243154 0.348106 0.243154 0.347767 0.24343 0.347429 0.24343 0.347091 0.243154 0.347091 0.242877 0.346752 0.2426 0.346752 0.242047 0.346076 0.242047 0.346076 0.242324 0.345399 0.242877 0.345061 0.242877 0.345399 0.243154 0.345399 0.24343 0.345737 0.243707 0.345399 0.243983 0.344723 0.243983 0.344384 0.24426 0.343708 0.24426 0.343369 0.244537 0.342693 0.244537 0.342355 0.244813 0.341678 0.244813 0.34134 0.24509 0.340663 0.24509 0.340325 0.244813 0.340325 0.244537 0.339986 0.24426 0.33931 0.24426 0.338972 0.244537 0.338633 0.244537 0.338972 0.244813 0.338972 0.245367 0.338633 0.245643 0.338295 0.245643 0.337957 0.24592 0.33728 0.24592 0.336942 0.246196 0.336265 0.246196 0.335927 0.246473 0.33525 0.246473 0.334574 0.24592 0.333897 0.24592 0.333559 0.246196 0.332882 0.246196 0.333221 0.246473 0.333221 0.24675 0.332544 0.247303 0.331867 0.247303 0.331529 0.24758 0.330853 0.24758 0.330514 0.247303 0.330176 0.24758 0.329499 0.24758 0.328823 0.248133 0.328484 0.248133 0.328146 0.248409 0.32747 0.248409 0.327131 0.248686 0.326793 0.248686 0.326455 0.248409 0.326116 0.248686 0.325101 0.248686 0.324763 0.248963 0.324087 0.248963 0.323748 0.249239 0.32341 0.248963 0.32341 0.248686 0.323072 0.248686 0.322733 0.248963 0.322395 0.248963 0.322395 0.249239 0.321719 0.249793 0.321042 0.249793 0.320704 0.250069 0.319689 0.250069 0.31935 0.250346 0.319012 0.250346 0.318336 0.250899 0.317659 0.250899 0.317321 0.251176 0.316644 0.251176 0.316306 0.251452 0.315629 0.251452 0.315291 0.251176 0.315629 0.250899 0.315629 0.250622 0.315291 0.250346 0.315291 0.249793 0.314276 0.249793 0.314276 0.250346 0.314614 0.250622 0.314614 0.251176 0.314953 0.251452 0.314276 0.252006 0.313261 0.252006 0.312923 0.252282 0.312246 0.252282 0.311908 0.252559 0.311231 0.252559 0.310893 0.252835 0.310217 0.252835 0.309878 0.253112 0.30954 0.252835 0.30954 0.252282 0.308863 0.252282 0.308525 0.252559 0.308187 0.252559 0.308187 0.252835 0.308525 0.253112 0.308187 0.253389 0.307848 0.253389 0.30751 0.253665 0.307172 0.253665 0.306495 0.253112 0.305819 0.253112 0.305819 0.253942 0.30548 0.254219 0.304804 0.254219 0.304465 0.253942 0.304465 0.253665 0.303451 0.253665 0.303451 0.254495 0.303112 0.254772 0.302774 0.254772 0.302436 0.254495 0.302436 0.253942 0.302097 0.253665 0.302097 0.253389 0.301421 0.253389 0.301083 0.253665 0.301083 0.253942 0.301421 0.254219 0.301421 0.254495 0.301759 0.254772 0.301083 0.255325 0.300406 0.255325 0.299729 0.255878 0.299391 0.255878 0.299053 0.256155 0.298714 0.256155 0.298714 0.256432 0.298038 0.256985 0.2977 0.256985 0.298038 0.257261 0.298038 0.257538 0.299391 0.257538 0.300068 0.258091 0.300068 0.258645 0.299729 0.258921 0.299391 0.258645 0.298714 0.258645 0.298376 0.258921 0.2977 0.258368 0.296685 0.258368 0.296346 0.258091 0.296346 0.257815 0.295332 0.257815 0.295332 0.258645 0.294993 0.258921 0.294317 0.258921 0.293978 0.259198 0.293302 0.259198 0.292963 0.259474 0.291949 0.259474 0.29161 0.259751 0.291272 0.259474 0.290934 0.259474 0.290595 0.259751 0.290257 0.259751 0.289919 0.260028 0.288904 0.260028 0.288904 0.260304 0.288566 0.260581 0.287889 0.260581 0.287551 0.260858 0.286874 0.260858 0.286536 0.260581 0.286198 0.260858 0.285521 0.260858 0.285183 0.261134 0.284844 0.261134 0.284844 0.261411 0.285183 0.261687 0.285183 0.261964 0.284844 0.262241 0.284506 0.262241 0.284168 0.262517 0.283491 0.262517 0.283153 0.262794 0.282476 0.262794 0.282138 0.263071 0.281461 0.263071 0.281123 0.263347 0.280447 0.263347 0.280108 0.263624 0.279093 0.263624 0.278755 0.2639 0.278078 0.2639 0.27774 0.264177 0.277064 0.264177 0.276725 0.264454 0.276049 0.264454 0.27571 0.26473 0.275034 0.26473 0.274696 0.265007 0.274357 0.26473 0.274357 0.2639 0.273681 0.2639 0.273342 0.264177 0.272666 0.264177 0.271651 0.265007 0.271989 0.265284 0.271313 0.265837 0.270636 0.265837 0.270298 0.266113 0.269621 0.266113 0.269283 0.26639 0.268268 0.26639 0.26793 0.266667 0.267253 0.266667 0.266915 0.266943 0.266238 0.26639 0.266238 0.266113 0.2659 0.26639 0.265562 0.26639 0.264885 0.265837 0.264885 0.26556 0.264547 0.265837 0.264208 0.265837 0.264208 0.26639 0.263532 0.266943 0.262855 0.266943 0.262517 0.26722 0.26184 0.26722 0.261502 0.267497 0.260825 0.267497 0.260487 0.267773 0.259472 0.267773 0.259134 0.26805 0.258457 0.26805 0.258119 0.268326 0.257442 0.268326 0.257104 0.268603 0.256428 0.268603 0.256089 0.26888 0.255413 0.26888 0.255074 0.269156 0.254398 0.269156 0.254398 0.26971 0.25406 0.269986 0.253383 0.269986 0.253045 0.270263 0.25203 0.270263 0.251691 0.270539 0.251015 0.270539 0.250677 0.270263 0.251015 0.269986 0.251353 0.269986 0.251353 0.26971 0.251015 0.269433 0.251015 0.269156 0.250677 0.269156 0.250338 0.269433 0.249662 0.269433 0.249323 0.26971 0.249323 0.270539 0.249662 0.270539 0.25 0.270263 0.250677 0.270263 0.251015 0.270539 0.250338 0.271093 0.25 0.271093 0.249662 0.271369 0.248985 0.271369 0.248647 0.271646 0.24797 0.271646 0.247632 0.271923 0.246617 0.271923 0.246279 0.272199 0.245602 0.272199 0.245264 0.272476 0.244587 0.272476 0.244249 0.272752 0.243572 0.272752 0.243234 0.273029 0.242558 0.273029 0.242219 0.273306 0.241204 0.273306 0.240866 0.273582 0.240189 0.273582 0.239851 0.273859 0.239175 0.273859 0.238836 0.274136 0.23816 0.274136 0.237821 0.274412 0.237145 0.274412 0.236806 0.274689 0.235792 0.274689 0.235453 0.274965 0.234777 0.274965 0.234438 0.275242 0.233762 0.275242 0.233424 0.275519 0.232747 0.275519 0.232409 0.275795 0.231732 0.275795 0.231394 0.275519 0.231394 0.274965 0.230379 0.274965 0.230041 0.275242 0.229364 0.275242 0.229026 0.275519 0.228011 0.275519 0.227334 0.276072 0.227334 0.276625 0.226996 0.276902 0.226319 0.276902 0.225981 0.277178 0.225643 0.277178 0.225304 0.277455 0.224966 0.277455 0.224628 0.277732 0.222936 0.277732 0.222598 0.278008 0.221922 0.278008 0.221922 0.278285 0.221583 0.278562 0.220907 0.278562 0.220568 0.278838 0.219892 0.278838 0.219553 0.278562 0.219553 0.278285 0.218877 0.278285 0.2182 0.277732 0.218539 0.277455 0.219215 0.277455 0.219553 0.277178 0.219215 0.276902 0.219215 0.276349 0.218877 0.276072 0.2182 0.276072 0.217862 0.276349 0.217524 0.276349 0.217862 0.276625 0.217862 0.277178 0.217524 0.277455 0.217185 0.277455 0.216847 0.277732 0.216171 0.277732 0.216171 0.278008 0.215832 0.278285 0.216171 0.278562 0.215832 0.278838 0.215156 0.278838 0.214817 0.279115 0.214479 0.279115 0.214141 0.278838 0.213802 0.278838 0.213464 0.278562 0.213464 0.278285 0.212788 0.277732 0.212449 0.278008 0.211773 0.278008 0.211773 0.279668 0.211434 0.279945 0.211096 0.279668 0.211096 0.279391 0.210758 0.279391 0.210419 0.279668 0.210081 0.279668 0.209405 0.279115 0.209405 0.278562 0.20839 0.278562 0.208051 0.278838 0.208051 0.279115 0.207375 0.279668 0.207037 0.279391 0.207037 0.278838 0.206698 0.278562 0.206698 0.278285 0.207037 0.278008 0.206698 0.277732 0.206698 0.277455 0.206022 0.276902 0.204668 0.276902 0.20433 0.277178 0.203992 0.277178 0.203654 0.277455 0.2023 0.277455 0.201962 0.277732 0.200609 0.277732 0.200271 0.277455 0.199932 0.277732 0.199594 0.277732 0.199256 0.277455 0.199256 0.277178 0.198917 0.276902 0.198917 0.276625 0.198579 0.276902 0.197903 0.276902 0.197564 0.277178 0.196549 0.277178 0.196211 0.277455 0.195873 0.277455 0.195535 0.277178 0.195196 0.277455 0.19452 0.277455 0.194181 0.277732 0.193843 0.277732 0.193505 0.277455 0.193166 0.277732 0.192152 0.277732 0.191813 0.278008 0.191137 0.278008 0.190798 0.278285 0.190122 0.278285 0.189783 0.278562 0.189107 0.278562 0.188769 0.278838 0.188092 0.278838 0.187754 0.279115 0.187077 0.279115 0.187077 0.279391 0.186739 0.279668 0.185724 0.279668 0.185386 0.279945 0.184709 0.279945 0.184032 0.280498 0.183694 0.280498 0.183356 0.280775 0.183356 0.281051 0.183018 0.281328 0.182679 0.281328 0.182679 0.281604 0.182341 0.281881 0.182003 0.281881 0.182003 0.282158 0.181664 0.282434 0.181326 0.282434 0.181326 0.282711 0.180988 0.282988 0.180988 0.283264 0.18065 0.283541 0.18065 0.283817 0.179973 0.284371 0.179973 0.284924 0.179296 0.285477 0.179296 0.28603 0.178958 0.286307 0.178958 0.287414 0.17862 0.28769 0.178958 0.287967 0.178958 0.288243 0.17862 0.28852 0.17862 0.290456 0.178958 0.290733 0.178958 0.291286 0.179296 0.291563 0.179296 0.292116 0.179635 0.292393 0.178958 0.292946 0.178958 0.293223 0.179296 0.293499 0.179296 0.294053 0.178958 0.294329 0.178281 0.294329 0.178281 0.294882 0.177943 0.295159 0.178281 0.295436 0.178281 0.295989 0.179296 0.295989 0.179635 0.295712 0.179973 0.295989 0.179973 0.296266 0.179635 0.296542 0.17862 0.296542 0.17862 0.296819 0.178281 0.297095 0.177943 0.297095 0.178281 0.297372 0.178281 0.297925 0.17862 0.298202 0.17862 0.299308 0.178281 0.299585 0.177943 0.299308 0.177605 0.299308 0.177267 0.299032 0.177267 0.298479 0.176928 0.298202 0.176928 0.297925 0.17659 0.297925 0.176252 0.297649 0.175575 0.297649 0.175237 0.297925 0.174899 0.297925 0.174899 0.298479 0.175237 0.298755 0.175237 0.299585 0.17456 0.300138 0.174222 0.300138 0.174222 0.300415 0.173545 0.300968 0.173207 0.300968 0.17253 0.300415 0.172192 0.300692 0.171516 0.300692 0.171177 0.300968 0.170501 0.300968 0.170162 0.301245 0.169486 0.301245 0.169147 0.301521 0.168471 0.301521 0.168133 0.301798 0.167794 0.301798 0.167456 0.301521 0.167118 0.301521 0.166779 0.301798 0.166103 0.301798 0.166103 0.302075 0.165765 0.302351 0.165088 0.302351 0.165088 0.302905 0.16475 0.303181 0.164073 0.303181 0.163735 0.302905 0.161705 0.302905 0.161367 0.303181 0.161028 0.303181 0.16069 0.303458 0.16069 0.303734 0.161028 0.304011 0.160352 0.304564 0.160014 0.304564 0.159675 0.304841 0.159337 0.304841 0.158999 0.304564 0.15866 0.304564 0.158322 0.304841 0.157645 0.304841 0.157307 0.305118 0.156631 0.305118 0.156292 0.305394 0.155616 0.305394 0.155616 0.305671 0.155277 0.305947 0.154601 0.305947 0.154263 0.306224 0.153586 0.306224 0.153586 0.306501 0.153248 0.306777 0.152571 0.306777 0.152233 0.307054 0.151218 0.307054 0.15088 0.307331 0.150203 0.307331 0.149865 0.307607 0.149526 0.307607 0.149526 0.307884 0.148512 0.308714 0.148173 0.308714 0.147835 0.30899 0.147835 0.309544 0.147158 0.310097 0.147497 0.310373 0.147158 0.31065 0.146482 0.31065 0.146482 0.310927 0.146143 0.311203 0.146482 0.31148 0.145805 0.312033 0.145467 0.312033 0.145467 0.31314 0.145129 0.313416 0.145129 0.313693 0.14479 0.31397 0.14479 0.314246 0.145129 0.314523 0.145129 0.314799 0.14479 0.315076 0.14479 0.315906 0.145129 0.316183 0.14479 0.316459 0.14479 0.317012 0.145129 0.317289 0.145129 0.317842 0.145467 0.318119 0.145467 0.318672 0.145805 0.318949 0.145805 0.319502 0.145467 0.319779 0.145467 0.320332 0.145805 0.320609 0.145805 0.320885 0.14682 0.321715 0.147158 0.321438 0.147497 0.321438 0.147835 0.321715 0.147835 0.321992 0.148173 0.322268 0.148173 0.322822 0.149188 0.322822 0.149526 0.323098 0.149188 0.323375 0.14885 0.323375 0.14885 0.323928 0.149188 0.324205 0.149188 0.324758 0.149526 0.324758 0.149865 0.324481 0.151218 0.324481 0.151556 0.324758 0.151894 0.324758 0.152233 0.324481 0.153248 0.325311 0.153248 0.326971 0.153586 0.327248 0.153586 0.327801 0.153924 0.328077 0.153924 0.328907 0.154263 0.329184 0.154263 0.329737 0.154601 0.330014 0.154601 0.330567 0.154939 0.330844 0.154939 0.331397 0.155277 0.331674 0.155277 0.332227 0.155616 0.332503 0.155616 0.333333 0.155954 0.33361 0.155954 0.334163 0.156292 0.33444 0.156292 0.334993 0.156631 0.33527 0.156631 0.335823 0.156969 0.3361 0.156969 0.336653 0.157307 0.336929 0.157307 0.337759 0.157645 0.338036 0.157645 0.338589 0.157984 0.338866 0.157984 0.339419 0.158322 0.339696 0.158322 0.340249 0.15866 0.340526 0.15866 0.341079 0.158999 0.341355 0.158999 0.342185 0.159337 0.342462 0.159337 0.343015 0.159675 0.343292 0.159675 0.343845 0.160014 0.344122 0.160014 0.344675 0.160352 0.344952 0.160352 0.345505 0.16069 0.345781 0.16069 0.346611 0.161028 0.346888 0.161028 0.347441 0.161367 0.347718 0.161367 0.348271 0.161705 0.348548 0.161705 0.349101 0.162043 0.349378 0.162043 0.349931 0.162382 0.350207 0.162382 0.351037 0.16272 0.351314 0.16272 0.351867 0.163058 0.352144 0.163058 0.352697 0.163396 0.352974 0.163396 0.353527 0.163735 0.353804 0.163735 0.354357 0.164073 0.354633 0.164073 0.355463 0.164411 0.35574 0.164411 0.356293 0.16475 0.35657 0.16475 0.357123 0.165088 0.3574 0.165088 0.357953 0.165426 0.35823 0.165426 0.358783 0.165765 0.359059 0.165765 0.359889 0.166103 0.360166 0.166103 0.360719 0.166441 0.360996 0.166441 0.361549 0.166779 0.361826 0.166779 0.362379 0.167118 0.362656 0.167118 0.363209 0.167456 0.363485 0.167456 0.364315 0.168133 0.364869 0.168133 0.365145 0.168471 0.365422 0.168471 0.365975 0.168809 0.366252 0.168809 0.366805 0.169147 0.367082 0.169147 0.367635 0.169486 0.367911 0.169486 0.368465 0.169824 0.368741 0.169824 0.369571 0.170162 0.369848 0.170162 0.370401 0.170501 0.370678 0.170501 0.371231 0.170839 0.371508 0.170839 0.372061 0.171177 0.372337 0.171177 0.372891 0.171516 0.373167 0.171516 0.373997 0.171854 0.374274 0.171854 0.374827 0.172192 0.375104 0.172192 0.375657 0.17253 0.375934 0.17253 0.376487 0.172869 0.376763 0.172869 0.377317 0.173207 0.377593 0.173545 0.377317 0.173884 0.377593 0.173884 0.378147 0.174222 0.378423 0.174222 0.3787 0.17456 0.378976 0.175237 0.378976 0.175575 0.379253 0.175575 0.37953 0.175913 0.379806 0.176252 0.37953 0.17659 0.37953 0.176928 0.379806 0.177943 0.379806 0.178281 0.37953 0.180311 0.37953 0.18065 0.379806 0.18065 0.380083 0.181664 0.380083 0.182003 0.379806 0.183018 0.379806 0.183356 0.380083 0.183694 0.380083 0.184032 0.38036 0.184032 0.380636 0.184709 0.381189 0.184709 0.381466 0.185047 0.381743 0.185047 0.382296 0.185386 0.382573 0.185386 0.383402 0.185724 0.383679 0.185724 0.384232 0.186062 0.384509 0.186062 0.385062 0.186401 0.385339 0.186401 0.385892 0.186739 0.386169 0.186739 0.386722 0.187077 0.386999 0.187077 0.387828 0.187415 0.388105 0.187415 0.388658 0.187754 0.388935 0.187754 0.389488 0.188092 0.389765 0.188092 0.390318 0.18843 0.390595 0.18843 0.391148 0.188769 0.391425 0.188769 0.392254 0.189107 0.392531 0.189107 0.393084 0.189445 0.393361 0.189445 0.393914 0.189783 0.394191 0.189783 0.394744 0.190122 0.395021 0.190122 0.395574 0.19046 0.395851 0.19046 0.39668 0.190798 0.396957 0.190798 0.39751 0.191137 0.397787 0.191137 0.39917 0.190798 0.399447 0.19046 0.399447 0.19046 0.4 0.189783 0.400553 0.189783 0.401383 0.190122 0.40166 0.190122 0.402213 0.19046 0.40249 0.190122 0.402766 0.190122 0.403043 0.189783 0.40332 0.189783 0.403596 0.189445 0.403873 0.188769 0.403873 0.18843 0.404149 0.187754 0.404149 0.187415 0.404426 0.187754 0.404703 0.187415 0.404979 0.186401 0.404979 0.186401 0.405256 0.186062 0.405533 0.185724 0.405533 0.186062 0.405809 0.185724 0.406086 0.185724 0.406362 0.185386 0.406639 0.185386 0.407192 0.185047 0.407469 0.185386 0.407746 0.185386 0.408299 0.185724 0.408575 0.185724 0.409129 0.186062 0.409405 0.186062 0.409959 0.186401 0.410235 0.186401 0.411065 0.186739 0.411342 0.186739 0.411895 0.187077 0.412172 0.187077 0.412725 0.187415 0.413001 0.187415 0.413555 0.187754 0.413831 0.187754 0.414385 0.188092 0.414661 0.188092 0.415491 0.18843 0.415768 0.18843 0.416321 0.188769 0.416598 0.188769 0.417151 0.189107 0.417427 0.189107 0.417981 0.189445 0.418257 0.189445 0.418811 0.189783 0.419087 0.189783 0.419917 0.190122 0.420194 0.190122 0.420747 0.19046 0.421024 0.19046 0.421577 0.190798 0.421853 0.190798 0.422407 0.191137 0.422683 0.191137 0.423237 0.191475 0.423513 0.191475 0.424343 0.191813 0.42462 0.191137 0.425173 0.19046 0.425173 0.19046 0.426279 0.190798 0.426556 0.190798 0.427109 0.191137 0.427386 0.191137 0.427939 0.191475 0.427939 0.191813 0.427663 0.192828 0.427663 0.193166 0.427939 0.193166 0.428769 0.19249 0.429322 0.192152 0.429322 0.191813 0.429599 0.191475 0.429599 0.190798 0.429046 0.190798 0.428492 0.19046 0.428216 0.189783 0.428216 0.189445 0.428492 0.189107 0.428492 0.189107 0.429322 0.189445 0.429599 0.189445 0.430152 0.189783 0.430429 0.190122 0.430152 0.190798 0.430152 0.191137 0.429876 0.191475 0.429876 0.191813 0.430152 0.191813 0.430705 0.192152 0.430982 0.191137 0.431812 0.19046 0.431812 0.190122 0.432089 0.189445 0.432089 0.189107 0.431812 0.189107 0.431259 0.188769 0.431259 0.18843 0.430982 0.18843 0.430705 0.188092 0.430705 0.187754 0.430982 0.187077 0.430982 0.187077 0.431259 0.187415 0.431535 0.187415 0.432089 0.187077 0.432365 0.187077 0.432642 0.186739 0.432918 0.186401 0.432918 0.186062 0.432642 0.185724 0.432918 0.185047 0.432918 0.184709 0.433195 0.184032 0.433195 0.183694 0.433472 0.183356 0.433472 0.183018 0.433748 0.182679 0.433748 0.182341 0.434025 0.181664 0.434025 0.181326 0.434302 0.180988 0.434302 0.18065 0.434025 0.180311 0.434302 0.179973 0.434025 0.179973 0.433748 0.179296 0.433748 0.178958 0.434025 0.178958 0.434302 0.177943 0.435131 0.177267 0.435131 0.176928 0.435408 0.176252 0.435408 0.175913 0.435685 0.175237 0.435685 0.174899 0.435961 0.174222 0.435961 0.173884 0.436238 0.173207 0.436238 0.173207 0.436791 0.172869 0.437068 0.17253 0.437068 0.172192 0.437344 0.172192 0.437621 0.171854 0.437898 0.171177 0.437898 0.170839 0.438174 0.170162 0.438174 0.169824 0.438451 0.169147 0.437898 0.168809 0.437898 0.168471 0.438174 0.168133 0.438174 0.168471 0.438451 0.168471 0.439281 0.167794 0.439834 0.167456 0.439557 0.166779 0.439557 0.166441 0.439834 0.165765 0.439834 0.165426 0.440111 0.165088 0.440111 0.164411 0.440664 0.163735 0.440664 0.163735 0.441217 0.163396 0.441494 0.16272 0.441494 0.162382 0.44177 0.161705 0.44177 0.161367 0.442047 0.16069 0.442047 0.160352 0.442324 0.159337 0.442324 0.158999 0.4426 0.158322 0.4426 0.157984 0.442877 0.157307 0.442877 0.156969 0.443154 0.156292 0.443154 0.155954 0.44343 0.155277 0.44343 0.155277 0.443707 0.154939 0.443983 0.154263 0.443983 0.153924 0.44426 0.152909 0.44426 0.152571 0.444537 0.151894 0.444537 0.151556 0.444813 0.15088 0.444813 0.150541 0.44509 0.149865 0.44509 0.149526 0.445367 0.14885 0.445367 0.148512 0.445643 0.147497 0.445643 0.147158 0.44592 0.146482 0.44592 0.146143 0.446196 0.145467 0.446196 0.145129 0.446473 0.144452 0.446473 0.144114 0.44675 0.143437 0.44675 0.143099 0.447026 0.142084 0.447026 0.141746 0.447303 0.141069 0.447303 0.140731 0.44758 0.140054 0.44758 0.139716 0.447856 0.139039 0.447856 0.139039 0.448409 0.138701 0.448686 0.138024 0.448686 0.137686 0.448963 0.137348 0.448963 0.136671 0.449516 0.137009 0.449793 0.137009 0.450069 0.136333 0.450622 0.136671 0.450899 0.136671 0.451452 0.137009 0.451729 0.136671 0.452006 0.136333 0.452006 0.136333 0.452559 0.136671 0.452835 0.136671 0.453112 0.136333 0.453389 0.136671 0.453665 0.136671 0.454219 0.137009 0.454495 0.137009 0.455048 0.137348 0.455325 0.137348 0.456155 0.137686 0.456432 0.137686 0.456985 0.138024 0.457261 0.138024 0.457815 0.138363 0.458091 0.138363 0.458645 0.138701 0.458921 0.138701 0.459474 0.139039 0.459751 0.139039 0.460581 0.139378 0.460858 0.139378 0.461411 0.139716 0.461687 0.139716 0.462241 0.140054 0.462517 0.140054 0.463071 0.140392 0.463071 0.140731 0.463347 0.140731 0.4639 0.141069 0.464177 0.141069 0.464454 0.141407 0.464454 0.142422 0.465284 0.142422 0.46556 0.143099 0.466113 0.143437 0.465837 0.143775 0.466113 0.143775 0.46639 0.144114 0.46639 0.144452 0.466667 0.14479 0.46639 0.145467 0.46639 0.145805 0.466113 0.146482 0.466113 0.14682 0.465837 0.147497 0.465837 0.147835 0.46556 0.14885 0.46556 0.149188 0.465284 0.149865 0.465284 0.150203 0.465007 0.15088 0.465007 0.151218 0.46473 0.151894 0.46473 0.152233 0.464454 0.152909 0.464454 0.153248 0.464177 0.154263 0.464177 0.154601 0.4639 0.155277 0.4639 0.155616 0.463624 0.156292 0.463624 0.156631 0.463347 0.157307 0.463347 0.157645 0.463071 0.158322 0.463071 0.15866 0.462794 0.159675 0.462794 0.160014 0.462517 0.16069 0.462517 0.161028 0.462241 0.161705 0.462241 0.162043 0.461964 0.16272 0.461964 0.163058 0.461687 0.163735 0.461687 0.164073 0.461411 0.165088 0.461411 0.165426 0.461134 0.166103 0.461134 0.166441 0.460858 0.167118 0.460858 0.167456 0.460581 0.168133 0.460581 0.168471 0.460304 0.169147 0.460304 0.169486 0.460028 0.170501 0.460028 0.170839 0.459751 0.171516 0.459751 0.171854 0.459474 0.17253 0.459474 0.172869 0.459198 0.173545 0.459198 0.173884 0.458921 0.17456 0.458921 0.174899 0.458645 0.175913 0.458645 0.176252 0.458368 0.176928 0.458368 0.177267 0.458091 0.177943 0.458091 0.178281 0.457815 0.178958 0.457815 0.179296 0.457538 0.179973 0.457538 0.180311 0.457261 0.181326 0.457261 0.181664 0.456985 0.182341 0.456985 0.182679 0.456708 0.183356 0.456708 0.183694 0.456432 0.184371 0.456432 0.184709 0.456155 0.185386 0.456155 0.185724 0.455878 0.186739 0.455878 0.187077 0.455602 0.187754 0.455602 0.188092 0.455325 0.188769 0.455325 0.189107 0.455048 0.189783 0.455048 0.190122 0.454772 0.190798 0.454772 0.191137 0.454495 0.192152 0.454495 0.19249 0.454219 0.193166 0.454219 0.193505 0.453942 0.194181 0.453942 0.19452 0.453665 0.195196 0.453665 0.195535 0.453389 0.196211 0.453389 0.196549 0.453112 0.197564 0.453112 0.197903 0.452835 0.198579 0.452835 0.198917 0.452559 0.199594 0.452559 0.199932 0.452282 0.200609 0.452282 0.200947 0.452006 0.201624 0.452006 0.201962 0.451729 0.202977 0.451729 0.203315 0.451452 0.203992 0.451452 0.20433 0.451176 0.205007 0.451176 0.205345 0.450899 0.206022 0.450899 0.20636 0.450622 0.207037 0.450622 0.207375 0.450346 0.20839 0.450346 0.208728 0.450069 0.209405 0.450069 0.209743 0.449793 0.210419 0.449793 0.210758 0.450069 0.211434 0.450069 0.211773 0.449793 0.212788 0.449793 0.213126 0.449516 0.213126 0.449239 0.213464 0.448963 0.213802 0.448963 0.214141 0.449239 0.214817 0.449239 0.215156 0.448963 0.215832 0.448963 0.216171 0.448686 0.216847 0.448686 0.217185 0.448409 0.217524 0.448686 0.2182 0.448686 0.218539 0.448963 0.2182 0.449239 0.217524 0.449239 0.217185 0.449516 0.216509 0.449516 0.216509 0.449793 0.216171 0.450069 0.215494 0.450069 0.215494 0.450346 0.215156 0.450622 0.214479 0.450622 0.213802 0.451176 0.213802 0.451452 0.213126 0.452006 0.213464 0.452282 0.213464 0.452559 0.213126 0.452835 0.212449 0.452835 0.212111 0.453112 0.211773 0.452835 0.211096 0.452835 0.210758 0.452559 0.210758 0.451729 0.210419 0.451452 0.210081 0.451452 0.209743 0.451729 0.209066 0.451729 0.209405 0.452006 0.209405 0.452559 0.209743 0.452835 0.209743 0.453112 0.209405 0.453389 0.209405 0.453665 0.209066 0.453942 0.208728 0.453665 0.208728 0.453112 0.208051 0.453112 0.207713 0.453389 0.207375 0.453389 0.207375 0.453665 0.207037 0.453942 0.207037 0.454219 0.206698 0.454495 0.206022 0.454495 0.205683 0.454772 0.205007 0.454772 0.204668 0.455048 0.205007 0.455325 0.204668 0.455602 0.203992 0.455602 0.203315 0.456155 0.203315 0.456432 0.202639 0.456985 0.2023 0.456985 0.201962 0.456708 0.201624 0.456708 0.201286 0.456432 0.200609 0.456432 0.200271 0.456708 0.199932 0.456708 0.199594 0.456985 0.199594 0.457538 0.199932 0.457815 0.199594 0.458091 0.199256 0.458091 0.198917 0.457815 0.198579 0.457815 0.198241 0.458091 0.197903 0.458091 0.197564 0.457815 0.197564 0.457538 0.197226 0.457815 0.196888 0.457815 0.196211 0.457261 0.195196 0.457261 0.194858 0.457538 0.19452 0.457538 0.19452 0.458091 0.194858 0.458368 0.194858 0.458645 0.19452 0.458921 0.194181 0.458921 0.193843 0.459198 0.193505 0.459198 0.193166 0.458921 0.192152 0.458921 0.191813 0.459198 0.191137 0.459198 0.190798 0.459474 0.190798 0.459751 0.19046 0.460028 0.190122 0.460028 0.189783 0.459751 0.188769 0.459751 0.18843 0.460028 0.187754 0.460028 0.187415 0.460304 0.186739 0.460304 0.186739 0.461134 0.186401 0.461411 0.186062 0.461134 0.185724 0.461134 0.185386 0.461411 0.185047 0.461134 0.185047 0.460858 0.183356 0.460858 0.183018 0.461134 0.182341 0.461134 0.182341 0.461964 0.182003 0.462241 0.181326 0.462241 0.180988 0.462517 0.180311 0.462517 0.179973 0.462794 0.179296 0.462794 0.178958 0.463071 0.17862 0.463071 0.17862 0.463347 0.178281 0.463624 0.177943 0.463624 0.177605 0.463347 0.176928 0.463347 0.17659 0.463624 0.175913 0.463624 0.175575 0.4639 0.174899 0.4639 0.17456 0.464177 0.174222 0.464177 0.173545 0.46473 0.173207 0.464454 0.17253 0.464454 0.172192 0.46473 0.171854 0.46473 0.170839 0.46556 0.170501 0.46556 0.170162 0.465837 0.170501 0.466113 0.170162 0.46639 0.169486 0.46639 0.169486 0.466667 0.169147 0.466943 0.168809 0.466943 0.168809 0.467497 0.168133 0.46805 0.167794 0.46805 0.168133 0.468326 0.167794 0.468603 0.167794 0.46888 0.167118 0.469433 0.167118 0.470263 0.166779 0.470539 0.166779 0.470816 0.167118 0.471093 0.167118 0.471646 0.166779 0.471923 0.167118 0.472199 0.167118 0.472752 0.167456 0.473029 0.167456 0.473582 0.167794 0.473859 0.167794 0.474412 0.168133 0.474689 0.168133 0.475519 0.168471 0.475795 0.168471 0.476349 0.168809 0.476625 0.168809 0.477178 0.169147 0.477455 0.169147 0.478008 0.169486 0.478285 0.169486 0.478838 0.169824 0.479115 0.169824 0.479945 0.170162 0.480221 0.170162 0.480775 0.170501 0.481051 0.170501 0.481604 0.170839 0.481881 0.170839 0.482434 0.171177 0.482711 0.171177 0.483264 0.171516 0.483541 0.171516 0.484371 0.171854 0.484647 0.171854 0.485201 0.172192 0.485477 0.172192 0.48603 0.17253 0.486307 0.17253 0.48686 0.172869 0.487137 0.172869 0.48769 0.173207 0.487967 0.173207 0.488797 0.173545 0.489073 0.173545 0.489627 0.173884 0.489903 0.173884 0.490456 0.174222 0.490733 0.174222 0.491286 0.17456 0.491563 0.17456 0.492116 0.174899 0.492393 0.174899 0.493223 0.175237 0.493499 0.175237 0.494053 0.175575 0.494329 0.175575 0.494882 0.175913 0.495159 0.175913 0.495712 0.176252 0.495989 0.176252 0.496542 0.17659 0.496819 0.17659 0.497649 0.176928 0.497925 0.176928 0.498479 0.177267 0.498755 0.177267 0.499308 0.177605 0.499585 0.177605 0.500138 0.177943 0.500415 0.177943 0.500968 0.178281 0.501245 0.178281 0.502075 0.17862 0.502351 0.17862 0.502905 0.178958 0.503181 0.178958 0.503734 0.179296 0.504011 0.179296 0.504564 0.179635 0.504841 0.179635 0.505394 0.179973 0.505671 0.179973 0.506501 0.180311 0.506777 0.180311 0.507331 0.18065 0.507607 0.18065 0.50816 0.180988 0.508437 0.180988 0.50899 0.181326 0.509267 0.181326 0.50982 0.181664 0.510097 0.181664 0.510927 0.182003 0.511203 0.182003 0.511757 0.182341 0.512033 0.182341 0.512586 0.182679 0.512863 0.182679 0.513416 0.183018 0.513693 0.183018 0.514246 0.183356 0.514523 0.183356 0.515353 0.183694 0.515629 0.183694 0.516183 0.184032 0.516459 0.184032 0.517012 0.184371 0.517289 0.184371 0.517842 0.184709 0.518119 0.184709 0.518672 0.185047 0.518949 0.185047 0.519779 0.185386 0.520055 0.185386 0.520609 0.185724 0.520885 0.185724 0.521438 0.186062 0.521715 0.186062 0.522268 0.186401 0.522545 0.186401 0.523098 0.186739 0.523375 0.186739 0.524205 0.187077 0.524481 0.187077 0.525035 0.187415 0.525311 0.187415 0.525864 0.187754 0.526141 0.187754 0.526694 0.188092 0.526971 0.188092 0.527524 0.18843 0.527801 0.18843 0.528631 0.188769 0.528907 0.188769 0.529461 0.189107 0.529737 0.189107 0.53029 0.189445 0.530567 0.189445 0.53112 0.189783 0.531397 0.189783 0.53195 0.190122 0.532227 0.190122 0.533057 0.19046 0.533333 0.19046 0.533887 0.190798 0.534163 0.190798 0.534716 0.191137 0.534993 0.191137 0.535546 0.191475 0.535823 0.191475 0.536376 0.191813 0.536653 0.191813 0.537483 0.192152 0.537759 0.192152 0.538313 0.19249 0.538589 0.19249 0.539142 0.192828 0.539419 0.192828 0.539972 0.193166 0.540249 0.193166 0.540802 0.193505 0.541079 0.193505 0.541909 0.193843 0.542185 0.193843 0.542739 0.194181 0.543015 0.194181 0.543568 0.19452 0.543845 0.19452 0.544398 0.194858 0.544675 0.194858 0.545228 0.195196 0.545505 0.195196 0.546335 0.195535 0.546611 0.195535 0.547165 0.195873 0.547441 0.195873 0.547994 0.196211 0.548271 0.196211 0.548824 0.196549 0.549101 0.196549 0.549654 0.196888 0.549931 0.196888 0.550761 0.197226 0.551037 0.197226 0.551591 0.197564 0.551867 0.197564 0.55242 0.197903 0.552697 0.197903 0.55325 0.198241 0.553527 0.198241 0.55408 0.198579 0.554357 0.198579 0.555187 0.198917 0.555463 0.198917 0.556017 0.199256 0.556293 0.199256 0.556846 0.199594 0.557123 0.199594 0.557676 0.199932 0.557953 0.199932 0.558506 0.200271 0.558783 0.200271 0.559613 0.200609 0.559889 0.200609 0.560443 0.200947 0.560719 0.200947 0.561272 0.201286 0.561549 0.201286 0.562102 0.201624 0.562379 0.201624 0.562932 0.201962 0.563209 0.201962 0.564039 0.2023 0.564315 0.2023 0.564869 0.202639 0.565145 0.202639 0.565698 0.202977 0.565975 0.202977 0.566528 0.203315 0.566805 0.203315 0.567358 0.203654 0.567635 0.203654 0.568465 0.203992 0.568741 0.203992 0.569295 0.20433 0.569571 0.20433 0.570124 0.204668 0.570401 0.204668 0.570678 0.20433 0.570954 0.20433 0.572061 0.204668 0.572337 0.204668 0.572614 0.205007 0.572891 0.205345 0.572891 0.205683 0.573167 0.205683 0.573721 0.206022 0.573997 0.206022 0.57455 0.20636 0.574827 0.206022 0.575104 0.205683 0.575104 0.205345 0.57538 0.205007 0.575104 0.204668 0.575104 0.20433 0.57538 0.203654 0.57538 0.203315 0.575657 0.203315 0.575934 0.203654 0.57621 0.203654 0.576763 0.203992 0.57704 0.203992 0.577317 0.204668 0.577317 0.205007 0.57704 0.206022 0.57704 0.206698 0.577593 0.20636 0.57787 0.20636 0.578147 0.206698 0.578423 0.20636 0.5787 0.205345 0.5787 0.205007 0.578423 0.20433 0.578423 0.203992 0.5787 0.203654 0.5787 0.203315 0.578423 0.203315 0.57787 0.202977 0.577593 0.202977 0.57704 0.202639 0.576763 0.202639 0.576487 0.201962 0.576487 0.201962 0.57787 0.2023 0.578147 0.2023 0.579253 0.201962 0.57953 0.201624 0.57953 0.201286 0.579253 0.200947 0.579253 0.200609 0.57953 0.199932 0.57953 0.199932 0.579806 0.200271 0.580083 0.200271 0.58036 0.199594 0.580913 0.198917 0.580913 0.198579 0.581189 0.197903 0.581189 0.197564 0.581466 0.196888 0.581466 0.196549 0.581743 0.195873 0.581743 0.195535 0.582019 0.19452 0.582019 0.194181 0.582296 0.193505 0.582296 0.193166 0.582573 0.19249 0.582573 0.192152 0.582849 0.191475 0.582849 0.191137 0.583126 0.19046 0.583126 0.190122 0.583402 0.190122 0.583679 0.189783 0.583956 0.189445 0.583956 0.189107 0.584232 0.188092 0.584232 0.187754 0.584509 0.187077 0.584509 0.186739 0.584786 0.186062 0.584786 0.186062 0.585062 0.185724 0.585339 0.185047 0.585339 0.184709 0.585615 0.185047 0.585892 0.184709 0.586169 0.184032 0.586169 0.184032 0.586445 0.183694 0.586722 0.184032 0.586999 0.183694 0.587275 0.183356 0.587275 0.183356 0.587552 0.183694 0.587828 0.183694 0.588105 0.183356 0.588382 0.183694 0.588658 0.183694 0.589488 0.184032 0.589765 0.184032 0.590318 0.184371 0.590595 0.184371 0.591148 0.184709 0.591425 0.184709 0.591978 0.185047 0.592254 0.185047 0.592808 0.185386 0.593084 0.185386 0.593914 0.185724 0.594191 0.185724 0.594744 0.186062 0.595021 0.186062 0.595574 0.186401 0.595851 0.186401 0.596404 0.186739 0.59668 0.186739 0.597234 0.187077 0.59751 0.187077 0.59834 0.187415 0.598617 0.187415 0.59917 0.187754 0.599447 0.187754 0.6 0.188092 0.600277 0.188092 0.60083 0.18843 0.601107 0.18843 0.60166 0.188769 0.601936 0.188769 0.602766 0.189107 0.603043 0.189107 0.603596 0.189445 0.603873 0.189445 0.604426 0.189783 0.604703 0.189783 0.605256 0.190122 0.605533 0.190122 0.606086 0.19046 0.606362 0.19046 0.607192 0.190798 0.607469 0.190798 0.608022 0.191137 0.608299 0.191137 0.608852 0.191475 0.609129 0.191475 0.609682 0.191813 0.609959 0.191813 0.610512 0.192152 0.610788 0.192152 0.611618 0.19249 0.611895 0.19249 0.612448 0.192828 0.612725 0.192828 0.613278 0.193166 0.613555 0.193166 0.614108 0.193505 0.614385 0.193505 0.614938 0.193843 0.615214 0.193843 0.616044 0.194181 0.616321 0.194181 0.616874 0.19452 0.617151 0.19452 0.617704 0.194858 0.617981 0.194858 0.618257 0.195535 0.618811 0.195535 0.619364 0.196211 0.619364 0.196888 0.619917 0.197226 0.619917 0.197564 0.620194 0.197903 0.620194 0.198241 0.62047 0.198917 0.62047 0.199256 0.620747 0.200609 0.620747 0.200947 0.621024 0.201286 0.621024 0.201624 0.6213 0.201962 0.621024 0.202639 0.621577 0.202977 0.6213 0.203315 0.621577 0.203992 0.621577 0.20433 0.621853 0.204668 0.621853 0.205007 0.62213 0.205345 0.621853 0.205683 0.62213 0.205683 0.622683 0.206022 0.622683 0.20636 0.62296 0.206698 0.622683 0.207037 0.62296 0.207037 0.623237 0.207713 0.62379 0.207713 0.624343 0.208051 0.624343 0.20839 0.62462 0.20839 0.625173 0.208728 0.62545 0.208728 0.626003 0.209066 0.626279 0.209066 0.626833 0.209405 0.626833 0.209743 0.626556 0.210419 0.626556 0.211096 0.627109 0.211096 0.627663 0.211434 0.627939 0.211434 0.628492 0.211773 0.628769 0.211773 0.629599 0.212111 0.629876 0.212111 0.630429 0.212449 0.630705 0.212449 0.631259 0.212788 0.631535 0.212449 0.631812 0.212111 0.631812 0.212111 0.632089 0.212449 0.632365 0.212449 0.632918 0.212111 0.633195 0.212449 0.633472 0.212449 0.633748 0.212111 0.634025 0.212111 0.634578 0.211773 0.634855 0.211773 0.635131 0.212111 0.635408 0.212111 0.636238 0.211434 0.636791 0.211773 0.637068 0.211773 0.637344 0.211434 0.637621 0.211434 0.637898 0.210758 0.638451 0.210758 0.639004 0.211096 0.639281 0.210758 0.639557 0.210419 0.639557 0.210081 0.639834 0.210419 0.640111 0.209743 0.640664 0.209743 0.640941 0.210081 0.641217 0.210081 0.64177 0.210419 0.642047 0.210419 0.6426 0.210758 0.642877 0.210758 0.64343 0.211096 0.643707 0.211096 0.64426 0.211434 0.644537 0.211434 0.645367 0.211773 0.645643 0.211773 0.646196 0.212111 0.646473 0.212111 0.647026 0.212449 0.647303 0.212449 0.647856 0.212788 0.648133 0.212788 0.648686 0.213126 0.648963 0.213126 0.649793 0.213464 0.650069 0.213464 0.650622 0.213802 0.650899 0.213802 0.651452 0.214479 0.651452 0.214817 0.651729 0.214817 0.652282 0.215156 0.652559 0.215156 0.652835 0.215832 0.653389 0.215832 0.653665 0.216171 0.653665 0.216847 0.654219 0.216847 0.654495 0.217524 0.655048 0.217862 0.655048 0.2182 0.655325 0.2182 0.655602 0.218539 0.655602 0.218877 0.655878 0.218877 0.656155 0.219892 0.656155 0.220568 0.656708 0.220568 0.656985 0.220907 0.656708 0.221245 0.656985 0.221583 0.656985 0.221922 0.657261 0.221922 0.657538 0.22226 0.657261 0.222936 0.657815 0.223613 0.657815 0.223951 0.658091 0.224628 0.658091 0.224966 0.658368 0.225304 0.658368 0.225643 0.658645 0.225981 0.658368 0.226319 0.658368 0.226996 0.658921 0.230041 0.658921 0.230379 0.658645 0.231394 0.658645 0.231732 0.658368 0.232409 0.658368 0.232747 0.658091 0.233424 0.658091 0.233762 0.657815 0.234438 0.657815 0.234777 0.657538 0.235453 0.657538 0.235792 0.657261 0.236806 0.657261 0.237145 0.656985 0.237821 0.656985 0.23816 0.656708 0.238836 0.656708 0.239175 0.656432 0.239851 0.656432 0.240189 0.656155 0.240866 0.656155 0.241204 0.655878 0.242219 0.655878 0.242558 0.655602 0.243234 0.655602 0.243572 0.655325 0.244249 0.655325 0.244587 0.655048 0.245264 0.655048 0.245602 0.654772 0.246279 0.654772 0.246617 0.654495 0.247632 0.654495 0.24797 0.654219 0.248647 0.654219 0.248985 0.653942 0.249662 0.653942 0.25 0.653665 0.250677 0.653665 0.251015 0.653389 0.251691 0.653389 0.25203 0.653112 0.253045 0.653112 0.253383 0.652835 0.25406 0.652835 0.254398 0.652559 0.255074 0.652559 0.255413 0.652282 0.256089 0.652282 0.256428 0.652006 0.257104 0.652006 0.257442 0.651729 0.257781 0.651729 0.258457 0.651176 0.259472 0.651176 0.259811 0.650899 0.260487 0.650899 0.261164 0.650346 0.261502 0.650346 0.26184 0.650069 0.26184 0.649793 0.262179 0.649516 0.262517 0.649516 0.262855 0.649239 0.263194 0.649239 0.264208 0.648409 0.264547 0.648409 0.264885 0.648133 0.265223 0.648133 0.265223 0.647856 0.266238 0.647026 0.266238 0.646473 0.266576 0.646196 0.267253 0.646196 0.267253 0.645367 0.267591 0.64509 0.26793 0.64509 0.267591 0.644813 0.267591 0.644537 0.268945 0.64343 0.268945 0.643154 0.269283 0.642877 0.269283 0.6426 0.269621 0.642324 0.270298 0.642324 0.270636 0.642047 0.270636 0.64177 0.271651 0.640941 0.271651 0.640664 0.271989 0.640387 0.271989 0.640111 0.272327 0.639834 0.271989 0.639557 0.271989 0.639281 0.272327 0.639004 0.272666 0.639004 0.272666 0.638174 0.273004 0.637898 0.273342 0.637898 0.273342 0.637344 0.274019 0.636791 0.274357 0.636791 0.274357 0.636515 0.274696 0.636238 0.274696 0.635961 0.275034 0.635685 0.275034 0.635408 0.27571 0.634855 0.275372 0.634578 0.275372 0.634302 0.27571 0.634025 0.27571 0.633748 0.276049 0.633472 0.276387 0.633472 0.276387 0.632642 0.277064 0.632089 0.277064 0.631812 0.276725 0.631535 0.277402 0.630982 0.27774 0.630982 0.278417 0.630429 0.279432 0.630429 0.27977 0.630152 0.280447 0.630152 0.280785 0.629876 0.281461 0.629876 0.2818 0.629599 0.282476 0.629599 0.282815 0.629322 0.283491 0.629322 0.283829 0.629046 0.284506 0.629046 0.284168 0.628769 0.284844 0.628216 0.285521 0.628216 0.285859 0.627939 0.286874 0.627939 0.287212 0.627663 0.287889 0.627663 0.288227 0.627386 0.288904 0.627386 0.289242 0.627109 0.289919 0.627109 0.290257 0.626833 0.290934 0.626833 0.291272 0.626556 0.292287 0.626556 0.292625 0.626279 0.293302 0.626279 0.29364 0.626003 0.294317 0.626003 0.294655 0.625726 0.295332 0.625726 0.29567 0.62545 0.296346 0.62545 0.296685 0.625173 0.2977 0.625173 0.298038 0.624896 0.298714 0.624896 0.299053 0.62462 0.299729 0.62462 0.300068 0.624343 0.300744 0.624343 0.301083 0.624066 0.301759 0.624066 0.302097 0.62379 0.303112 0.62379 0.303451 0.623513 0.304127 0.623513 0.304127 0.62296 0.303789 0.622683 0.304127 0.622407 0.305142 0.622407 0.30548 0.62213 0.306157 0.62213 0.306495 0.621853 0.307172 0.621853 0.30751 0.621577 0.308187 0.621577 0.308525 0.6213 0.308863 0.6213 0.309202 0.621577 0.309202 0.621853 0.30954 0.621853 0.309878 0.621577 0.310555 0.621577 0.310893 0.6213 0.31157 0.6213 0.311908 0.621024 0.312585 0.621024 0.312923 0.620747 0.313599 0.620747 0.313261 0.62047 0.313938 0.619917 0.314614 0.619917 0.314614 0.61964 0.314276 0.619364 0.314953 0.618811 0.314953 0.618534 0.315629 0.617981 0.315629 0.617704 0.315291 0.617427 0.315291 0.616874 0.314953 0.616598 0.314953 0.616044 0.314614 0.615768 0.314614 0.615491 0.314953 0.615214 0.314953 0.614938 0.314614 0.614661 0.314614 0.614108 0.314276 0.613831 0.314276 0.613278 0.313938 0.613001 0.313938 0.612448 0.313599 0.612172 0.313599 0.611618 0.313261 0.611342 0.313261 0.610512 0.312923 0.610235 0.312923 0.609682 0.312585 0.609405 0.312585 0.608852 0.312246 0.608575 0.312246 0.608022 0.311908 0.607746 0.311908 0.607192 0.31157 0.606916 0.31157 0.606086 0.311231 0.605809 0.311231 0.605256 0.310893 0.604979 0.310893 0.604426 0.310555 0.604149 0.310555 0.603596 0.310217 0.60332 0.310217 0.602766 0.309878 0.60249 0.309878 0.60166 0.30954 0.601383 0.30954 0.60083 0.309202 0.600553 0.309202 0.6 0.308863 0.599723 0.308863 0.59917 0.308525 0.598893 0.308525 0.59834 0.308187 0.598064 0.308187 0.597234 0.307848 0.596957 0.307848 0.596404 0.30751 0.596127 0.30751 0.595574 0.307172 0.595297 0.307172 0.594744 0.306834 0.594467 0.306834 0.593914 0.306495 0.593638 0.306495 0.592808 0.306157 0.592531 0.306157 0.591978 0.305819 0.591701 0.305819 0.591148 0.30548 0.590871 0.30548 0.590318 0.305142 0.590041 0.305142 0.589488 0.304804 0.589212 0.304804 0.588382 0.304465 0.588105 0.304465 0.587552 0.304127 0.587275 0.304127 0.586722 0.303789 0.586445 0.303789 0.585892 0.303451 0.585615 0.303451 0.585062 0.303112 0.584786 0.303112 0.583956 0.302774 0.583679 0.302774 0.583126 0.302436 0.582849 0.302436 0.582296 0.302097 0.582019 0.302097 0.581466 0.301759 0.581189 0.301759 0.580636 0.301421 0.58036 0.301421 0.57953 0.301083 0.579253 0.301083 0.5787 0.300744 0.578423 0.300744 0.57787 0.300406 0.577593 0.300406 0.57704 0.300068 0.576763 0.300068 0.57621 0.299729 0.575934 0.299729 0.575104 0.299391 0.574827 0.299391 0.574274 0.299053 0.573997 0.299053 0.573444 0.298714 0.573167 0.298714 0.572614 0.298376 0.572337 0.298376 0.571784 0.298038 0.571508 0.298038 0.570678 0.2977 0.570401 0.2977 0.569848 0.297361 0.569571 0.297361 0.569018 0.297023 0.568741 0.297023 0.568188 0.296685 0.567911 0.296685 0.567358 0.296346 0.567082 0.296346 0.566252 0.296008 0.565975 0.296008 0.565422 0.295332 0.564869 0.295332 0.564592 0.294993 0.564315 0.294993 0.563762 0.294655 0.563485 0.294655 0.562932 0.294317 0.562656 0.294317 0.562102 0.293978 0.561826 0.293978 0.560996 0.29364 0.560719 0.29364 0.560166 0.293302 0.559889 0.293302 0.559336 0.292963 0.559059 0.292963 0.558506 0.292625 0.55823 0.292625 0.557676 0.292287 0.5574 0.292287 0.55657 0.291949 0.556293 0.291949 0.55574 0.29161 0.555463 0.29161 0.55491 0.291272 0.554633 0.291272 0.55408 0.290934 0.553804 0.290934 0.55325 0.290595 0.552974 0.290595 0.552144 0.290257 0.551867 0.290257 0.551314 0.289919 0.551037 0.289919 0.550484 0.289581 0.550207 0.289581 0.549654 0.289242 0.549378 0.289242 0.548824 0.288904 0.548548 0.288904 0.547718 0.288566 0.547441 0.288566 0.546888 0.288227 0.546611 0.288227 0.546058 0.287889 0.545781 0.287889 0.545228 0.287551 0.544952 0.287551 0.544398 0.287212 0.544122 0.287212 0.543292 0.286874 0.543015 0.286874 0.542462 0.286536 0.542185 0.286536 0.541632 0.286198 0.541355 0.286198 0.540802 0.285859 0.540526 0.285859 0.539972 0.285521 0.539696 0.285521 0.538866 0.285183 0.538589 0.285183 0.538036 0.284844 0.537759 0.284844 0.537206 0.284506 0.536929 0.284506 0.536376 0.284168 0.5361 0.284168 0.535546 0.283829 0.53527 0.283829 0.53444 0.283491 0.534163 0.283491 0.53361 0.283153 0.533333 0.283153 0.53278 0.282815 0.532503 0.282815 0.53195 0.282476 0.531674 0.282476 0.53112 0.282138 0.530844 0.282138 0.530014 0.2818 0.529737 0.2818 0.529184 0.281461 0.528907 0.281461 0.528631 0.2818 0.528354 0.281461 0.528077 0.281461 0.527524 0.281123 0.527248 0.281123 0.526418 0.280785 0.526141 0.280785 0.525588 0.280447 0.525311 0.280447 0.525035 0.280785 0.524758 0.280785 0.523651 0.280447 0.523375 0.280447 0.522822 0.280108 0.522545 0.280108 0.521992 0.27977 0.521715 0.27977 0.521162 0.279432 0.520885 0.279432 0.520332 0.279093 0.520055 0.279093 0.519225 0.278755 0.518949 0.278755 0.518396 0.278417 0.518119 0.278417 0.517566 0.278078 0.517289 0.278078 0.516736 0.27774 0.516459 0.27774 0.515906 0.277402 0.515629 0.277402 0.514799 0.277064 0.514523 0.277064 0.51397 0.276725 0.513693 0.276725 0.51314 0.276387 0.512863 0.276387 0.51231 0.276049 0.512033 0.276049 0.51148 0.27571 0.511203 0.27571 0.510373 0.275372 0.510097 0.275372 0.509544 0.275034 0.509267 0.275034 0.508714 0.274696 0.508437 0.274696 0.507884 0.274357 0.507607 0.274357 0.507054 0.274019 0.506777 0.274019 0.505947 0.273681 0.505671 0.273681 0.505118 0.273342 0.504841 0.273342 0.504288 0.273004 0.504011 0.273004 0.503458 0.272666 0.503181 0.272666 0.502628 0.272327 0.502351 0.272327 0.501521 0.271989 0.501245 0.271989 0.500692 0.271651 0.500415 0.271651 0.499862 0.271313 0.499585 0.271313 0.499032 0.270974 0.498755 0.270636 0.499032 0.270298 0.498755 0.270298 0.498202 0.269959 0.497925 0.269959 0.497372 0.269621 0.497095 0.269621 0.496542 0.269283 0.496266 0.269283 0.495436 0.268945 0.495159 0.268945 0.494606 0.268606 0.494329 0.268606 0.493776 0.268268 0.493499 0.268268 0.492946 0.26793 0.492669 0.26793 0.492116 0.267591 0.49184 0.267591 0.49101 0.267253 0.490733 0.267253 0.49018 0.266915 0.489903 0.266915 0.48935 0.266576 0.489073 0.266576 0.48852 0.266238 0.488243 0.266238 0.48769 0.2659 0.487414 0.2659 0.486584 0.265562 0.486307 0.265562 0.485754 0.265223 0.485477 0.265223 0.484924 0.264885 0.484647 0.264885 0.484094 0.264547 0.483817 0.264547 0.483264 0.264208 0.482988 0.264208 0.482158 0.26387 0.481881 0.26387 0.481328 0.263532 0.481051 0.263532 0.480498 0.263194 0.480221 0.263194 0.479668 0.262855 0.479391 0.262855 0.478838 0.262517 0.478562 0.262517 0.477732 0.262179 0.477455 0.262179 0.476902 0.26184 0.476625 0.26184 0.476072 0.261502 0.475795 0.261502 0.475242 0.261164 0.474965 0.261164 0.474412 0.260825 0.474136 0.260825 0.473306 0.260487 0.473029 0.260487 0.472476 0.260149 0.472199 0.260149 0.471646 0.259811 0.471369 0.259811 0.470816 0.259472 0.470539 0.259472 0.469986 0.259134 0.46971 0.259134 0.46888 0.258796 0.468603 0.258796 0.46805 0.258457 0.467773 0.258457 0.46722 0.258119 0.466943 0.258119 0.46639 0.257781 0.466113 0.257781 0.46556 0.257442 0.465284 0.257442 0.464454 0.257104 0.464177 0.257104 0.463624 0.256766 0.463347 0.256766 0.462794 0.256428 0.462517 0.256428 0.461964 0.256089 0.461687 0.256089 0.461134 0.255751 0.460858 0.255751 0.460028 0.255413 0.459751 0.255413 0.459198 0.255074 0.458921 0.255074 0.458368 0.254736 0.458091 0.254736 0.457538 0.254398 0.457261 0.254398 0.456708 0.25406 0.456432 0.25406 0.455602 0.253721 0.455325 0.253721 0.454772 0.253383 0.454495 0.253383 0.453942 0.253045 0.453665 0.253045 0.453112 0.252706 0.452835 0.252706 0.452282 0.252368 0.452006 0.252368 0.451176 0.25203 0.450899 0.25203 0.450346 0.251691 0.450069 0.251691 0.449516 0.251353 0.449239 0.251353 0.448686 0.251015 0.448409 0.251015 0.447856 0.250677 0.44758 0.250677 0.44675 0.250338 0.446473 0.250338 0.44592 0.25 0.445643 0.25 0.44509 0.249662 0.444813 0.249662 0.44426 0.249323 0.443983 0.249323 0.44343 0.248985 0.443154 0.248985 0.442324 0.248647 0.442047 0.248647 0.441494 0.248309 0.441217 0.248309 0.440664 0.24797 0.440387 0.24797 0.439834 0.247632 0.439557 0.247632 0.439004 0.247294 0.438728 0.247294 0.437898 0.246955 0.437621 0.246955 0.437068 0.246617 0.436791 0.246617 0.436238 0.246279 0.435961 0.246279 0.435408 0.24594 0.435131 0.24594 0.434578 0.245602 0.434302 0.245602 0.433472 0.245264 0.433195 0.245264 0.432642 0.244926 0.432365 0.244926 0.431812 0.244587 0.431535 0.244587 0.430982 0.244249 0.430705 0.244249 0.430152 0.243911 0.429876 0.243911 0.429046 0.243572 0.428769 0.243572 0.428216 0.243234 0.427939 0.243234 0.427386 0.242896 0.427109 0.242896 0.426556 0.242558 0.426279 0.242558 0.425726 0.242219 0.42545 0.242219 0.42462 0.241881 0.42462 0.241543 0.424343 0.241543 0.42379 0.241204 0.423513 0.241204 0.42296 0.240866 0.422683 0.240866 0.42213 0.240528 0.421853 0.240528 0.4213 0.240189 0.421024 0.240189 0.42047 0.239851 0.420194 0.239851 0.419364 0.239513 0.419087 0.239513 0.418534 0.239175 0.418257 0.239175 0.417704 0.238836 0.417427 0.238836 0.416874 0.238498 0.416598 0.238498 0.416044 0.23816 0.415768 0.23816 0.414938 0.237821 0.414661 0.237821 0.414108 0.237483 0.413831 0.237483 0.413278 0.237145 0.413001 0.237145 0.412448 0.236806 0.412172 0.236806 0.411618 0.236468 0.411342 0.236468 0.410512 0.23613 0.410235 0.23613 0.409682 0.235792 0.409405 0.235792 0.408852 0.235453 0.408575 0.235453 0.408022 0.235115 0.407746 0.235115 0.407192 0.234777 0.406916 0.234777 0.406086 0.234438 0.405809 0.234438 0.405256 0.2341 0.404979 0.2341 0.404426 0.233762 0.404149 0.233762 0.403596 0.233424 0.40332 0.233424 0.402766 0.233085 0.40249 0.233085 0.40166 0.232747 0.401383 0.232747 0.400553 0.233424 0.4 0.233424 0.399447 0.2341 0.398893 0.234438 0.39917 0.234438 0.399447 0.234777 0.399723 0.234777 0.400277 0.235115 0.400553 0.235453 0.400277 0.235792 0.400277 0.235792 0.399447 0.235453 0.39917 0.235453 0.398893 0.234438 0.398893 0.2341 0.398617 0.2341 0.39834 0.234438 0.398064 0.234777 0.398064 0.235115 0.397787 0.235792 0.397787 0.23613 0.39751 0.236806 0.39751 0.237145 0.397234 0.23816 0.397234 0.238498 0.396957 0.239175 0.396957 0.239513 0.39668 0.240189 0.39668 0.240528 0.396404 0.241204 0.396404 0.241543 0.396127 0.242219 0.396127 0.242558 0.395851 0.243572 0.395851 0.243911 0.395574 0.244587 0.395574 0.244926 0.395297 0.245602 0.395297 0.24594 0.395021 0.246617 0.395021 0.246955 0.394744 0.247632 0.394744 0.24797 0.394467 0.248985 0.394467 0.249323 0.394191 0.25 0.394191 0.250338 0.393914 0.251015 0.393914 0.251353 0.393638 0.25203 0.393638 0.252368 0.393361 0.253045 0.393361 0.253383 0.393084 0.254398 0.393084 0.254398 0.392808 0.254736 0.392531 0.255413 0.392531 0.255751 0.392254 0.256428 0.392254 0.256766 0.391978 0.257442 0.391978 0.257781 0.391701 0.258457 0.391701 0.258796 0.391425 0.259472 0.391425 0.259811 0.391148 0.260825 0.391148 0.261164 0.390871 0.26184 0.390871 0.262179 0.390595 0.262517 0.390595 0.262855 0.390871 0.263194 0.390595 0.26387 0.390595 0.264208 0.390318 0.265223 0.390318 0.265562 0.390041 0.2659 0.390041 0.266576 0.389488 0.267253 0.389488 0.26793 0.388935 0.268268 0.388935 0.268606 0.388658 0.270298 0.388658 0.270636 0.388382 0.271651 0.388382 0.271989 0.388105 0.271989 0.387552 0.271651 0.387275 0.271651 0.386722 0.271989 0.386445 0.272327 0.386445 0.272666 0.386169 0.273342 0.386169 0.273681 0.385892 0.274357 0.385892 0.274696 0.385615 0.27571 0.385615 0.276049 0.385339 0.276725 0.385339 0.277064 0.385062 0.27774 0.385062 0.278078 0.384786 0.278755 0.384786 0.279093 0.384509 0.27977 0.384509 0.280108 0.384232 0.281123 0.384232 0.281461 0.383956 0.282138 0.383956 0.282476 0.383679 0.283153 0.383679 0.283491 0.383402 0.284168 0.383402 0.284506 0.383126 0.285183 0.383126 0.285521 0.382849 0.286198 0.382849 0.286536 0.383126 0.286536 0.383402 0.286874 0.383126 0.287212 0.383402 0.287889 0.383402 0.288227 0.383679 0.290934 0.383679 0.291272 0.383402 0.292287 0.383402 0.292625 0.383126 0.293302 0.383126 0.29364 0.382849 0.294317 0.382849 0.294655 0.382573 0.295332 0.382573 0.29567 0.382296 0.296346 0.382296 0.296346 0.382019 0.296685 0.381743 0.297361 0.381743 0.2977 0.381466 0.298714 0.381466 0.298714 0.380636 0.298376 0.38036 0.298376 0.37953 0.298714 0.379253 0.299391 0.379253 0.299729 0.378976 0.300406 0.378976 0.300744 0.3787 0.301421 0.3787 0.301759 0.378423 0.302436 0.378423 0.302774 0.378147 0.303789 0.378147 0.304127 0.37787 0.304804 0.37787 0.305142 0.377593 0.305819 0.377593 0.306157 0.377317 0.306834 0.377317 0.307172 0.37704 0.30751 0.377317 0.308187 0.377317 0.308525 0.37704 0.309202 0.37704 0.30954 0.376763 0.310217 0.376763 0.310555 0.376487 0.311231 0.376487 0.31157 0.37621 0.311908 0.376487 0.311908 0.376763 0.313599 0.376763 0.313938 0.37704 0.314614 0.37704 0.314953 0.376763 0.315291 0.376763 0.315629 0.37704 0.315968 0.37704 0.316306 0.376763 0.316644 0.37704 0.316982 0.37704 0.317321 0.376763 0.317997 0.376763 0.317997 0.376487 0.318336 0.37621 0.319012 0.37621 0.31935 0.375934 0.320365 0.375934 0.320704 0.375657 0.321042 0.375657 0.321719 0.375104 0.322395 0.375104 0.323072 0.375657 0.323072 0.375934 0.323748 0.375934 0.324087 0.375657 0.324763 0.375657 0.325101 0.37538 0.32544 0.37538 0.325101 0.375104 0.325101 0.37455 0.325778 0.373997 0.326793 0.373997 0.327131 0.373721 0.330176 0.373721 0.330853 0.373167 0.331191 0.373167 0.331191 0.372337 0.331529 0.372061 0.331867 0.372061 0.332544 0.371508 0.332882 0.371508 0.333221 0.371231 0.334235 0.371231 0.334235 0.370678 0.334574 0.370401 0.33525 0.370401 0.335927 0.369848 0.336265 0.369848 0.336604 0.369571 0.33728 0.369571 0.337618 0.369295 0.338295 0.369295 0.338633 0.369018 0.33931 0.369018 0.339648 0.368741 0.340325 0.368741 0.340663 0.368465 0.34134 0.368465 0.341678 0.368741 0.342016 0.368465 0.342355 0.368741 0.342355 0.369295 0.342693 0.369295 0.343031 0.369018 0.343708 0.369018 0.343708 0.368741 0.344046 0.368465 0.345061 0.368465 0.345399 0.368188 0.346076 0.368188 0.346414 0.367911 0.347091 0.367911 0.347429 0.367635 0.348106 0.367635 0.348444 0.367358 0.34912 0.367358 0.349459 0.367082 0.350474 0.367082 0.350812 0.366805 0.351488 0.366805 0.351827 0.366528 0.352503 0.366528 0.352842 0.366252 0.353518 0.366252 0.353857 0.365975 0.354533 0.365975 0.354871 0.365698 0.355886 0.365698 0.356225 0.365422 0.356901 0.365422 0.35724 0.365145 0.357916 0.365145 0.358254 0.364869 0.358931 0.364869 0.359269 0.364592 0.359946 0.364592 0.360284 0.364315 0.361299 0.364315 0.361637 0.364039 0.362314 0.364039 0.362652 0.363762 0.363329 0.363762 0.363667 0.363485 0.364344 0.363485 0.364682 0.363209 0.365359 0.363209 0.365697 0.362932 0.366712 0.362932 0.36705 0.362656 0.367727 0.362656 0.368065 0.362379 0.368742 0.362379 0.36908 0.362102 0.369756 0.362102 0.370095 0.361826 0.370771 0.361826 0.37111 0.361549 0.371448 0.361549 0.371448 0.361272 0.372124 0.360719 0.373139 0.360719 0.373478 0.360443 0.374154 0.360443 0.374493 0.360166 0.375169 0.360166 0.375507 0.359889 0.376184 0.359889 0.376522 0.359613 0.377199 0.359613 0.377537 0.359336 0.378552 0.359336 0.37889 0.359059 0.379567 0.359059 0.379905 0.358783 0.380582 0.358783 0.38092 0.358506 0.381597 0.358506 0.381935 0.35823 0.382612 0.35823 0.38295 0.357953 0.383965 0.357953 0.384303 0.357676 0.38498 0.357676 0.385318 0.3574 0.385995 0.3574 0.386333 0.357123 0.387009 0.357123 0.387348 0.356846 0.388024 0.356846 0.388363 0.35657 0.389378 0.35657 0.389716 0.356293 0.390392 0.356293 0.390731 0.356017 0.391407 0.356017 0.391746 0.35574 0.392422 0.35574 0.39276 0.355463 0.393437 0.355463 0.393775 0.355187 0.39479 0.355187 0.395129 0.35491 0.395805 0.35491 0.396143 0.354633 0.39682 0.354633 0.397158 0.354357 0.397835 0.354357 0.398173 0.35408 0.39885 0.35408 0.399188 0.353804 0.400203 0.353804 0.400541 0.353527 0.401218 0.353527 0.401556 0.35325 0.402233 0.35325 0.402571 0.352974 0.403248 0.352974 0.403586 0.352697 0.404263 0.352697 0.404601 0.35242 0.405616 0.35242 0.405954 0.352144 0.406631 0.352144 0.406969 0.351867 0.407645 0.351867 0.407984 0.351591 0.40866 0.351591 0.408999 0.351314 0.409675 0.351314 0.410014 0.351037 0.411028 0.351037 0.411367 0.350761 0.412043 0.350761 0.412382 0.350484 0.413058 0.350484 0.413396 0.350207 0.414073 0.350207 0.414411 0.349931 0.415088 0.349931 0.415426 0.349654 0.416441 0.349654 0.416779 0.349378 0.417456 0.349378 0.417794 0.349101 0.418471 0.349101 0.418809 0.348824 0.419486 0.348824 0.419824 0.348548 0.420501 0.348548 0.420839 0.348271 0.421854 0.348271 0.422192 0.347994 0.422869 0.347994 0.423207 0.347718 0.423884 0.347718 0.424222 0.347441 0.424899 0.347441 0.425237 0.347165 0.425913 0.347165 0.426252 0.346888 0.427267 0.346888 0.427605 0.346611 0.428281 0.346611 0.42862 0.346335 0.429296 0.346335 0.429635 0.346058 0.430311 0.346058 0.43065 0.345781 0.431326 0.345781 0.431664 0.345505 0.432679 0.345505 0.433018 0.345228 0.433694 0.345228 0.434032 0.344952 0.434709 0.344952 0.435047 0.344675 0.435724 0.344675 0.436062 0.344398 0.436739 0.344398 0.437077 0.344122 0.438092 0.344122 0.43843 0.343845 0.439107 0.343845 0.439445 0.343568 0.440122 0.343568 0.44046 0.343292 0.441137 0.343292 0.441475 0.343015 0.442152 0.343015 0.44249 0.342739 0.443505 0.342739 0.443843 0.342462 0.44452 0.342462 0.444858 0.342185 0.445535 0.342185 0.445873 0.341909 0.446549 0.341909 0.446888 0.341632 0.447564 0.341632 0.447903 0.341355 0.448917 0.341355 0.449256 0.341079 0.449932 0.341079 0.450271 0.340802 0.450947 0.340802 0.451286 0.340526 0.451962 0.340526 0.4523 0.340249 0.452977 0.340249 0.453315 0.339972 0.45433 0.339972 0.454668 0.339696 0.455345 0.339696 0.455683 0.339419 0.45636 0.339419 0.456698 0.339142 0.457375 0.339142 0.457713 0.338866 0.45839 0.338866 0.458728 0.338589 0.459743 0.338589 0.460081 0.338313 0.460758 0.338313 0.461096 0.338036 0.461773 0.338036 0.462111 0.337759 0.462788 0.337759 0.463126 0.337483 0.463802 0.337483 0.464141 0.337206 0.465156 0.337206 0.465494 0.336929 0.466171 0.336929 0.466509 0.336653 0.467185 0.336653 0.467524 0.336376 0.4682 0.336376 0.468539 0.3361 0.469215 0.3361 0.469553 0.335823 0.469892 0.335823 0.47023 0.3361 0.47023 0.336376 0.470568 0.336376 0.470907 0.3361 0.472598 0.3361 0.472936 0.335823 0.473951 0.335823 0.47429 0.335546 0.474966 0.335546 0.475304 0.33527 0.475981 0.33527 0.476319 0.334993 0.476996 0.334993 0.477334 0.334716 0.477673 0.334716 0.478349 0.334163 0.480379 0.334163 0.480717 0.333887 0.481394 0.333887 0.481732 0.33361 0.482409 0.33361 0.482409 0.333333 0.482747 0.333057 0.483424 0.333057 0.483762 0.33278 0.484438 0.33278 0.484777 0.332503 0.485792 0.332503 0.48613 0.332227 0.486806 0.332227 0.487145 0.33195 0.487821 0.33195 0.487483 0.331674 0.48816 0.33112 0.488498 0.33112 0.488498 0.330844 0.48816 0.330567 0.488498 0.33029 0.488498 0.330014 0.488836 0.329737 0.489851 0.329737 0.490189 0.329461 0.490528 0.329737 0.490866 0.329737 0.491204 0.329461 0.491881 0.329461 0.492219 0.329184 0.492558 0.329461 0.492558 0.329737 0.493234 0.329737 0.493572 0.329461 0.494249 0.329461 0.494587 0.329184 0.495264 0.329184 0.495602 0.328907 0.496279 0.328907 0.496617 0.328631 0.497294 0.328631 0.497632 0.328354 0.498647 0.328354 0.498985 0.328077 0.499662 0.328077 0.5 0.327801 0.500677 0.327801 0.501015 0.327524 0.501691 0.327524 0.501691 0.327248 0.50203 0.326971 0.502368 0.327248 0.502706 0.327248 0.503045 0.326971 0.50406 0.326971 0.504398 0.326694 0.505074 0.326694 0.505413 0.326418 0.506089 0.326418 0.506428 0.326141 0.508457 0.326141 0.508796 0.326418 0.509472 0.326418 0.509811 0.326141 0.510487 0.326141 0.510825 0.325864 0.511502 0.325864 0.51184 0.325588 0.512855 0.325588 0.513194 0.325311 0.51387 0.325311 0.514208 0.325035 0.514885 0.325035 0.515223 0.324758 0.515562 0.324758 0.515562 0.324481 0.516238 0.323928 0.516915 0.323928 0.517253 0.323651 0.51793 0.323651 0.518268 0.323375 0.519283 0.323375 0.519621 0.323098 0.520298 0.323098 0.520636 0.322822 0.521313 0.322822 0.521651 0.322545 0.522327 0.322545 0.522666 0.322268 0.523342 0.322268 0.523681 0.321992 0.524696 0.321992 0.525034 0.321715 0.52571 0.321715 0.526049 0.321438 0.526725 0.321438 0.527064 0.321162 0.52774 0.321162 0.528078 0.320885 0.528755 0.320885 0.529093 0.320609 0.530108 0.320609 0.530447 0.320332 0.531123 0.320332 0.531461 0.320055 0.532138 0.320055 0.532476 0.319779 0.533153 0.319779 0.533491 0.319502 0.534168 0.319502 0.534506 0.319225 0.535521 0.319225 0.535859 0.318949 0.536536 0.318949 0.536874 0.318672 0.537551 0.318672 0.537889 0.318396 0.538566 0.318396 0.538904 0.318119 0.539581 0.318119 0.539919 0.317842 0.540934 0.317842 0.541272 0.317566 0.541949 0.317566 0.542287 0.317289 0.542963 0.317289 0.543302 0.317012 0.543978 0.317012 0.544317 0.316736 0.544993 0.316736 0.545332 0.316459 0.546346 0.316459 0.546685 0.316183 0.547361 0.316183 0.5477 0.315906 0.548376 0.315906 0.548714 0.315629 0.549391 0.315629 0.549729 0.315353 0.550406 0.315353 0.550744 0.315076 0.551759 0.315076 0.552097 0.314799 0.552774 0.314799 0.553112 0.314523 0.553789 0.314523 0.554127 0.314246 0.554804 0.314246 0.555142 0.31397 0.555819 0.31397 0.556157 0.313693 0.557172 0.313693 0.55751 0.313416 0.558187 0.313416 0.558525 0.31314 0.559202 0.31314 0.55954 0.312863 0.560217 0.312863 0.560555 0.312586 0.561231 0.312586 0.56157 0.31231 0.562585 0.31231 0.562923 0.312033 0.563599 0.312033 0.563938 0.311757 0.564614 0.311757 0.564953 0.31148 0.565629 0.31148 0.565968 0.311203 0.566644 0.311203 0.566982 0.310927 0.567997 0.310927 0.568336 0.31065 0.569012 0.31065 0.56935 0.310373 0.569689 0.310373 0.570365 0.30982 0.571042 0.30982 0.57138 0.309544 0.572057 0.309544 0.572395 0.309267 0.573072 0.309267 0.57341 0.30899 0.574425 0.30899 0.574763 0.308714 0.57544 0.308714 0.575778 0.308437 0.576455 0.308437 0.576793 0.30816 0.57747 0.30816 0.577808 0.307884 0.578484 0.307884 0.578823 0.307607 0.579838 0.307607 0.580176 0.307331 0.580853 0.307331 0.581191 0.307054 0.581867 0.307054 0.582206 0.306777 0.582882 0.306777 0.583221 0.306501 0.583897 0.306501 0.584235 0.306224 0.58525 0.306224 0.585589 0.305947 0.586265 0.305947 0.586604 0.305671 0.58728 0.305671 0.587618 0.305394 0.588295 0.305394 0.588633 0.305118 0.58931 0.305118 0.589648 0.304841 0.590663 0.304841 0.591001 0.304564 0.591678 0.304564 0.592016 0.304288 0.592693 0.304288 0.593031 0.304011 0.593708 0.304011 0.594046 0.303734 0.594723 0.303734 0.595061 0.303458 0.596076 0.303458 0.596414 0.303181 0.598106 0.303181 0.598444 0.302905 0.59912 0.302905 0.599459 0.302628 0.600474 0.302628 0.600812 0.302351 0.601488 0.302351 0.601827 0.302075 0.602503 0.302075 0.602842 0.301798 0.603518 0.301798 0.603857 0.301521 0.604533 0.301521 0.604871 0.301245 0.605886 0.301245 0.606225 0.300968 0.606901 0.300968 0.60724 0.300692 0.607916 0.300692 0.608254 0.300415 0.608931 0.300415 0.609269 0.300138 0.609946 0.300138 0.610284 0.299862 0.611299 0.299862 0.611637 0.299585 0.612314 0.299585 0.612652 0.299308 0.613329 0.299308 0.613667 0.299032 0.614344 0.299032 0.614682 0.298755 0.615359 0.298755 0.615697 0.298479 0.616712 0.298479 0.61705 0.298202 0.617727 0.298202 0.618065 0.297925 0.618742 0.297925 0.618742 0.297649 0.61908 0.297372 0.619756 0.297372 0.620095 0.297095 0.620433 0.297372 0.620771 0.297372 0.62111 0.297095 0.622124 0.297095 0.622463 0.296819 0.623139 0.296819 0.623478 0.296542 0.624154 0.296542 0.624493 0.296266 0.625169 0.296266 0.625507 0.295989 0.626184 0.295989 0.626522 0.295712 0.627537 0.295712 0.627876 0.295436 0.628552 0.295436 0.62889 0.295159 0.629567 0.295159 0.629905 0.294882 0.630582 0.294882 0.63092 0.294606 0.631597 0.294606 0.631935 0.294329 0.63295 0.294329 0.633288 0.294053 0.633965 0.294053 0.634303 0.293776 0.63498 0.293776 0.635318 0.293499 0.635995 0.293499 0.636333 0.293223 0.637009 0.293223 0.637348 0.292946 0.638363 0.292946 0.638701 0.292669 0.639378 0.292669 0.639716 0.292393 0.640392 0.292393 0.640731 0.292116 0.640731 0.291563 0.641069 0.291286 0.641407 0.291286 0.641746 0.29101 0.642422 0.29101 0.64276 0.290733 0.643437 0.290733 0.643775 0.290456 0.644452 0.290456 0.64479 0.290733 0.64682 0.290733 0.647158 0.290456 0.647835 0.290456 0.648173 0.29018 0.649188 0.29018 0.649526 0.289903 0.650203 0.289903 0.650541 0.289627 0.651218 0.289627 0.651556 0.28935 0.652233 0.28935 0.652571 0.289073 0.653248 0.289073 0.653586 0.288797 0.654601 0.288797 0.654939 0.28852 0.655616 0.28852 0.655954 0.288243 0.656631 0.288243 0.656969 0.287967 0.657645 0.287967 0.657984 0.28769 0.65866 0.28769 0.658999 0.287414 0.660014 0.287414 0.660352 0.287137 0.661028 0.287137 0.661367 0.28686 0.662043 0.28686 0.662382 0.286584 0.663058 0.286584 0.663396 0.286307 0.664073 0.286307 0.664073 0.28603 0.664411 0.285754 0.665088 0.285754 0.665426 0.285477 0.666441 0.285477 0.666779 0.285201 0.667118 0.285477 0.667456 0.285477 0.667794 0.285201 0.668471 0.285201 0.668809 0.284924 0.669486 0.284924 0.669824 0.284647 0.670839 0.284647 0.671177 0.284371 0.671854 0.284371 0.672192 0.284094 0.672869 0.284094 0.673207 0.283817 0.673884 0.283817 0.674222 0.283541 0.674899 0.283541 0.675237 0.283264 0.676252 0.283264 0.67659 0.282988 0.677267 0.282988 0.677605 0.282711 0.678281 0.282711 0.67862 0.282434 0.679296 0.282434 0.679635 0.282158 0.680311 0.282158 0.68065 0.281881 0.680988 0.281881 0.681664 0.281328 0.682679 0.281328 0.683018 0.281051 0.683694 0.281051 0.684032 0.280775 0.684709 0.280775 0.685047 0.280498 0.685724 0.280498 0.686062 0.280221 0.686739 0.280221 0.687077 0.279945 0.687415 0.279945 0.687415 0.279668 0.687754 0.279391 0.688092 0.279668 0.689107 0.279668 0.689445 0.279391 0.690122 0.279391 0.69046 0.279115 0.691137 0.279115 0.691475 0.278838 0.692152 0.278838 0.69249 0.278562 0.693505 0.278562 0.693843 0.278285 0.69452 0.278285 0.694858 0.278008 0.695535 0.278008 0.695873 0.277732 0.696549 0.277732 0.696888 0.277455 0.697564 0.277455 0.697903 0.277178 0.698917 0.277178 0.699256 0.276902 0.699932 0.276902 0.700271 0.276625 0.700947 0.276625 0.701286 0.276349 0.701962 0.276349 0.7023 0.276072 0.702977 0.276072 0.703315 0.275795 0.70433 0.275795 0.704668 0.275519 0.705345 0.275519 0.705683 0.275242 0.70636 0.275242 0.706698 0.274965 0.707375 0.274965 0.707713 0.274689 0.70839 0.274689 0.708728 0.274412 0.709743 0.274412 0.710081 0.274136 0.710758 0.274136 0.711096 0.273859 0.711773 0.273859 0.712111 0.273582 0.712788 0.273582 0.713126 0.273306 0.713802 0.273306 0.714141 0.273029 0.715156 0.273029 0.715494 0.272752 0.716171 0.272752 0.716509 0.272476 0.717185 0.272476 0.717524 0.272199 0.7182 0.272199 0.718539 0.271923 0.719215 0.271923 0.719553 0.271646 0.720568 0.271646 0.720907 0.271369 0.721583 0.271369 0.721922 0.271093 0.722598 0.271093 0.722936 0.270816 0.723613 0.270816 0.723951 0.270539 0.724628 0.270539 0.724966 0.270263 0.725981 0.270263 0.726319 0.269986 0.726996 0.269986 0.727334 0.26971 0.728011 0.26971 0.728349 0.269433 0.729026 0.269433 0.729364 0.269156 0.730041 0.269156 0.730379 0.26888 0.731394 0.26888 0.731732 0.268603 0.732409 0.268603 0.732747 0.268326 0.733424 0.268326 0.733762 0.26805 0.734438 0.26805 0.734777 0.267773 0.735453 0.267773 0.735453 0.26722 0.73613 0.266667 0.736806 0.26722 0.737821 0.26722 0.73816 0.266943 0.738836 0.266943 0.739175 0.266667 0.739851 0.266667 0.740189 0.26639 0.740866 0.26639 0.741204 0.266113 0.742219 0.266113 0.742558 0.265837 0.743234 0.265837 0.743572 0.26556 0.744249 0.26556 0.744249 0.265007 0.744587 0.26473 0.745264 0.26473 0.745602 0.264454 0.746279 0.264454 0.746617 0.264177 0.747294 0.264177 0.747294 0.2639 0.747632 0.263624 0.74797 0.263624 0.748309 0.2639 0.748647 0.263624 0.749662 0.263624 0.75 0.263347 0.750338 0.263347 0.751015 0.262794 0.751691 0.263347 0.753045 0.263347 0.753383 0.263071 0.75406 0.263071 0.754398 0.262794 0.755074 0.262794 0.755413 0.262517 0.756089 0.262517 0.756428 0.262241 0.757104 0.262241 0.757442 0.261964 0.758457 0.261964 0.758796 0.261687 0.759472 0.261687 0.759811 0.261411 0.760487 0.261411 0.760825 0.261134 0.761502 0.261134 0.76184 0.260858 0.762517 0.260858 0.762855 0.260581 0.76387 0.260581 0.764208 0.260304 0.764885 0.260304 0.765223 0.260028 0.7659 0.260028 0.766238 0.259751 0.766915 0.259751 0.767253 0.259474 0.76793 0.259474 0.768268 0.259198 0.769283 0.259198 0.769621 0.258921 0.769959 0.258921 0.769959 0.258645 0.769621 0.258368 0.769621 0.257815 0.769959 0.257538 0.770974 0.257538 0.771313 0.257261 0.771989 0.257261 0.772327 0.256985 0.773004 0.256985 0.774019 0.256155 0.774357 0.256155 0.774696 0.255878 0.775372 0.255878 0.77571 0.255602 0.776387 0.255602 0.776725 0.255325 0.777402 0.255325 0.77774 0.255048 0.778417 0.255048 0.779093 0.254495 0.77977 0.254495 0.780108 0.254219 0.780447 0.254219 0.780785 0.254495 0.781123 0.254219 0.7818 0.254219 0.782476 0.253665 0.782815 0.253665 0.783153 0.253389 0.782815 0.253112 0.783153 0.252835 0.783491 0.252835 0.783829 0.252559 0.783829 0.252006 0.784168 0.251729 0.784168 0.251452 0.783829 0.251176 0.783829 0.250346 0.783491 0.250069 0.783829 0.249793 0.783829 0.249516 0.783491 0.249239 0.783491 0.248686 0.783153 0.248409 0.783491 0.248133 0.783829 0.248133 0.783829 0.247856 0.783491 0.24758 0.783829 0.247303 0.783829 0.247026 0.784506 0.246473 0.784844 0.246473 0.784844 0.24592 0.785183 0.245643 0.785859 0.245643 0.786198 0.245367 0.786874 0.245367 0.787212 0.24509 0.788227 0.24509 0.788566 0.244813 0.789242 0.244813 0.789581 0.244537 0.790257 0.244537 0.790595 0.24426 0.790934 0.24426 0.79161 0.243707 0.792287 0.243707 0.792625 0.24343 0.793302 0.24343 0.79364 0.243154 0.794655 0.243154 0.794993 0.242877 0.79567 0.242877 0.796008 0.2426 0.796685 0.2426 0.797023 0.242324 0.7977 0.242324 0.798038 0.242047 0.798714 0.242047 0.799053 0.24177 0.800068 0.24177 0.800406 0.241494 0.801083 0.241494 0.801421 0.241217 0.802097 0.241217 0.802436 0.240941 0.803112 0.240941 0.803451 0.240664 0.804127 0.240664 0.804465 0.240387 0.80548 0.240387 0.805819 0.240111 0.806495 0.240111 0.806834 0.239834 0.80751 0.239834 0.807848 0.239557 0.808525 0.239557 0.808863 0.239281 0.80954 0.239281 0.809878 0.239004 0.810893 0.239004 0.811231 0.238728 0.811908 0.238728 0.812246 0.238451 0.812923 0.238451 0.813261 0.238174 0.813938 0.238174 0.814276 0.237898 0.814953 0.237898 0.815291 0.237621 0.816306 0.237621 0.816644 0.237344 0.817321 0.237344 0.817659 0.237068 0.818336 0.237068 0.818674 0.236791 0.819012 0.236791 0.819012 0.236515 0.819689 0.235961 0.820365 0.235961 0.820704 0.235685 0.82138 0.235685 0.821719 0.235408 0.822395 0.235408 0.822733 0.235131 0.823748 0.235131 0.824087 0.234855 0.824763 0.234855 0.825101 0.234578 0.825778 0.234578 0.826116 0.234302 0.826793 0.234302 0.827131 0.234025 0.827808 0.234025 0.828146 0.233748 0.829161 0.233748 0.829499 0.233472 0.830176 0.233472 0.830514 0.233195 0.831191 0.233195 0.831529 0.232918 0.832206 0.232918 0.832544 0.232642 0.833221 0.232642 0.833559 0.232365 0.834574 0.232365 0.83525 0.231812 0.835589 0.231812 0.835927 0.231535 0.835927 0.231259 0.836265 0.230982 0.836604 0.230982 0.836604 0.230705 0.83728 0.230152 0.83728 0.227939 0.836942 0.227663 0.836942 0.227109 0.836604 0.226833 0.836604 0.226279 0.836265 0.226003 0.836265 0.22545 0.835927 0.225173 0.835927 0.22462 0.835589 0.224343 0.835589 0.222683 0.83525 0.222407 0.83525 0.221853 0.834912 0.221577 0.834912 0.221024 0.834574 0.220747 0.834574 0.219917 0.834235 0.21964 0.834235 0.219087 0.833897 0.218811 0.833897 0.218257 0.833559 0.217981 0.833559 0.217427 0.833221 0.217151 0.833221 0.216874 0.832544 0.216321 0.832544 0.215768 0.832206 0.215491 0.832206 0.214661 0.831867 0.214385 0.831867 0.213001 0.831529 0.212725 0.831529 0.212172 0.830853 0.211618 0.830853 0.211342 0.830514 0.211065 0.830514 0.210235 0.830176 0.209959 0.830176 0.209405 0.829838 0.209129 0.829838 0.208575 0.829499 0.208299 0.829499 0.207746 0.829161 0.207469 0.829161 0.206916 0.828823 0.206639 0.828823 0.205809 0.828484 0.205533 0.828484 0.204979 0.828146 0.204703 0.828146 0.204149 0.827808 0.203873 0.827808 0.20332 0.82747 0.203043 0.82747 0.20249 0.827131 0.202213 0.827131 0.201383 0.826793 0.201107 0.826793 0.200553 0.826455 0.200277 0.826455 0.199723 0.826116 0.199447 0.826116 0.198893 0.825778 0.198617 0.825778 0.198064 0.82544 0.197787 0.82544 0.196957 0.825101 0.19668 0.825101 0.196127 0.824763 0.195851 0.824763 0.195297 0.824425 0.195021 0.824425 0.194467 0.824087 0.194191 0.824087 0.193638 0.823748 0.193361 0.823748 0.192531 0.82341 0.192254 0.82341 0.191701 0.823072 0.191425 0.823072 0.190871 0.822733 0.190595 0.822733 0.190041 0.822395 0.189765 0.822395 0.189212 0.822057 0.188935 0.822057 0.188105 0.821719 0.187828 0.821719 0.187275 0.82138 0.186999 0.82138 0.186722 0.820704 0.186169 0.820704 0.185615 0.820365 0.185339 0.820365 0.184786 0.819689 0.184786 0.819012 0.184232 0.818674 0.184232 0.818336 0.183956 0.818336 0.183679 0.817997 0.183679 0.817659 0.183402 0.817659 0.183126 0.817321 0.183126 0.816982 0.182849 0.816982 0.182296 0.816644 0.182019 0.816644 0.181466 0.816306 0.181189 0.816306 0.180636 0.815968 0.18036 0.815968 0.179806 0.815629 0.17953 0.815629 0.1787 0.815291 0.178423 0.815291 0.17787 0.814953 0.177593 0.814953 0.17704 0.814614 0.176763 0.814614 0.17621 0.813938 0.17621 0.813599 0.175934 0.813599 0.17538 0.813261 0.175104 0.813261 0.17455 0.812923 0.174274 0.812923 0.173721 0.812585 0.173444 0.812585 0.172614 0.812246 0.172337 0.812246 0.171784 0.811908 0.171508 0.811908 0.170954 0.81157 0.170678 0.81157 0.170124 0.811231 0.169848 0.811231 0.169295 0.810893 0.169018 0.810893 0.168188 0.810555 0.167911 0.810555 0.167358 0.810217 0.167082 0.810217 0.166528 0.809878 0.166252 0.809878 0.165698 0.80954 0.165422 0.80954 0.164869 0.809202 0.164592 0.809202 0.163762 0.808863 0.163485 0.808863 0.162932 0.808525 0.162656 0.808525 0.162102 0.808187 0.161826 0.808187 0.161272 0.807848 0.160996 0.807848 0.160443 0.80751 0.160166 0.80751 0.159336 0.807172 0.159059 0.807172 0.158506 0.806834 0.15823 0.806834 0.157676 0.806495 0.1574 0.806495 0.156846 0.806157 0.15657 0.806157 0.156017 0.805819 0.15574 0.805819 0.15491 0.80548 0.154633 0.80548 0.15408 0.805142 0.153804 0.805142 0.15325 0.804804 0.152974 0.804804 0.15242 0.804465 0.152144 0.804465 0.151591 0.804127 0.151314 0.804127 0.150484 0.803789 0.150207 0.803789 0.149654 0.803451 0.149378 0.803451 0.148824 0.803112 0.148548 0.803112 0.147994 0.802774 0.147718 0.802774 0.147165 0.802436 0.146888 0.802436 0.146058 0.802097 0.145781 0.802097 0.145228 0.801759 0.144952 0.801759 0.144398 0.801421 0.144122 0.801421 0.143568 0.801083 0.143292 0.801083 0.142739 0.800744 0.142462 0.800744 0.141632 0.800406 0.141355 0.800406 0.140802 0.800068 0.140526 0.800068 0.139972 0.799729 0.139696 0.799729 0.139142 0.799391 0.138866 0.799391 0.138313 0.799053 0.138313 0.798714 0.138036 0.798714 0.137206 0.798376 0.136929 0.798376 0.136376 0.798038 0.1361 0.798038 0.135546 0.7977 0.13527 0.7977 0.134716 0.797361 0.13444 0.797361 0.133887 0.797023 0.13361 0.797023 0.13278 0.796685 0.132503 0.796685 0.13195 0.796346 0.131674 0.796346 0.131397 0.796008 0.131397 0.795332 0.130844 0.795332 0.13029 0.794655 0.129737 0.794655 0.129461 0.794317 0.129184 0.793978 0.129184 0.79364 0.129461 0.793302 0.129184 0.792963 0.129184 0.792625 0.129461 0.792287 0.129184 0.792287 0.128907
