0 0.186151 0.615516 0.186151 0.616087 0.185851 0.616372 0.185851 0.617228 0.186151 0.617228 0.186451 0.617513 0.18705 0.617513 0.18705 0.616372 0.18735 0.616087 0.18735 0.615801 0.186451 0.615801
0 0.168765 0.60097 0.168765 0.601825 0.169964 0.601825 0.169964 0.60097
0 0.173561 0.49943 0.173561 0.50057 0.173861 0.50057 0.174161 0.500856 0.17446 0.50057 0.17446 0.499715 0.174161 0.499715 0.173861 0.49943
0 0.196643 0.377353 0.196643 0.377638 0.196343 0.377924 0.196343 0.380205 0.196043 0.380491 0.196043 0.382772 0.195743 0.383058 0.195743 0.385339 0.195444 0.385625 0.195444 0.386195 0.196343 0.386195 0.196343 0.385625 0.196643 0.385339 0.196643 0.383058 0.196942 0.382772 0.196942 0.380491 0.197242 0.380205 0.197242 0.377353
0 0.19964 0.353679 0.19964 0.35425 0.199341 0.354535 0.199341 0.355676 0.20054 0.355676 0.20054 0.354535 0.200839 0.35425 0.200839 0.353679
0 0.219724 0.299201 0.219424 0.299487 0.219424 0.300913 0.219125 0.301198 0.219125 0.301768 0.220324 0.301768 0.220324 0.301198 0.220624 0.300913 0.220624 0.299487 0.220324 0.299201
0 0.216727 0.280947 0.216727 0.282373 0.216427 0.282658 0.216427 0.28494 0.216127 0.285225 0.216127 0.287507 0.215827 0.287792 0.215827 0.290074 0.215528 0.290359 0.215827 0.290645 0.216127 0.290645 0.216427 0.29093 0.216727 0.290645 0.216727 0.290359 0.217026 0.290074 0.217026 0.287792 0.217326 0.287507 0.217326 0.285225 0.217626 0.28494 0.217626 0.282658 0.217926 0.282373 0.217926 0.280947
0 0.220024 0.264119 0.220024 0.264404 0.219724 0.264689 0.219724 0.266971 0.219424 0.267256 0.219424 0.269538 0.219125 0.269823 0.219125 0.27239 0.219724 0.27239 0.220024 0.272105 0.220024 0.269823 0.220324 0.269538 0.220324 0.267256 0.220624 0.266971 0.220624 0.264689 0.220923 0.264404 0.220324 0.264404
0 0.223022 0.245864 0.223022 0.246435 0.222722 0.24672 0.222722 0.249002 0.222422 0.249287 0.222722 0.249572 0.223621 0.249572 0.223621 0.249287 0.223921 0.249002 0.223921 0.24672 0.224221 0.246435 0.224221 0.246149 0.223921 0.245864
0 0.226619 0.219053 0.226619 0.220764 0.226319 0.22105 0.226319 0.223331 0.226019 0.223617 0.226019 0.225898 0.225719 0.226184 0.225719 0.228465 0.22542 0.228751 0.22542 0.229036 0.225719 0.229321 0.226619 0.229321 0.226619 0.228751 0.226918 0.228465 0.226918 0.226184 0.227218 0.225898 0.227218 0.223617 0.227518 0.223331 0.227518 0.22105 0.227818 0.220764 0.227818 0.219053
0 0.232014 0.166857 0.232014 0.168853 0.231715 0.169139 0.231715 0.169709 0.232314 0.17028 0.232314 0.17142 0.232014 0.171706 0.232014 0.173987 0.233213 0.173987 0.233213 0.171706 0.233513 0.17142 0.233513 0.169994 0.233213 0.169994 0.232914 0.169709 0.232914 0.169139 0.233213 0.168853 0.233213 0.166857
0 0.298561 0.156018 0.298561 0.156874 0.29946 0.156874 0.29976 0.156589 0.29976 0.156018
0 0.241307 0.150029 0.241307 0.151169 0.241007 0.151455 0.241007 0.152025 0.240707 0.15231 0.240408 0.15231 0.240408 0.152881 0.240108 0.153166 0.239808 0.153166 0.239808 0.153736 0.239508 0.154022 0.239508 0.154307 0.239209 0.154592 0.238909 0.154592 0.238909 0.156303 0.238609 0.156589 0.238609 0.158585 0.238309 0.158871 0.23801 0.158871 0.23801 0.159441 0.23771 0.159726 0.23771 0.162008 0.23741 0.162293 0.23741 0.164575 0.23711 0.16486 0.23711 0.167142 0.236511 0.167712 0.236511 0.169139 0.236211 0.169424 0.236211 0.171706 0.235911 0.171991 0.235911 0.174273 0.235612 0.174558 0.235612 0.17684 0.235911 0.177125 0.235911 0.17741 0.236211 0.177695 0.236211 0.177981 0.236811 0.178551 0.236811 0.179692 0.236511 0.179977 0.236511 0.182259 0.236211 0.182544 0.236211 0.184826 0.235911 0.185111 0.235911 0.187393 0.235612 0.187678 0.235612 0.18996 0.235312 0.190245 0.235312 0.191957 0.235012 0.192242 0.234712 0.192242 0.234712 0.192527 0.234412 0.192812 0.234412 0.195094 0.234113 0.195379 0.233813 0.195379 0.233813 0.195665 0.233513 0.19595 0.233513 0.197661 0.233213 0.197946 0.232914 0.197946 0.232914 0.200228 0.232614 0.200513 0.232614 0.202795 0.232314 0.20308 0.232314 0.205362 0.232014 0.205647 0.232014 0.207929 0.231715 0.208214 0.231715 0.209355 0.231415 0.209641 0.231115 0.209641 0.231115 0.210496 0.230815 0.210782 0.230815 0.213063 0.230516 0.213349 0.230516 0.21563 0.230216 0.215916 0.230216 0.218197 0.229916 0.218483 0.229916 0.220764 0.229616 0.22105 0.229616 0.223331 0.229317 0.223617 0.229317 0.225898 0.229017 0.226184 0.229017 0.228465 0.228717 0.228751 0.228717 0.231033 0.228417 0.231318 0.228417 0.2336 0.228118 0.233885 0.228118 0.236167 0.227818 0.236452 0.227818 0.238734 0.227218 0.239304 0.226918 0.239304 0.226918 0.241301 0.226619 0.241586 0.226619 0.243868 0.226319 0.244153 0.226319 0.24672 0.226019 0.247005 0.226019 0.249287 0.225719 0.249572 0.225719 0.251854 0.22542 0.252139 0.22542 0.254421 0.22512 0.254706 0.22512 0.256988 0.22452 0.257558 0.224221 0.257558 0.224221 0.259555 0.223921 0.25984 0.223921 0.260411 0.224221 0.260696 0.223921 0.260981 0.223921 0.262122 0.223621 0.262407 0.223621 0.264689 0.222722 0.265545 0.222722 0.266971 0.223022 0.267256 0.223022 0.267541 0.222422 0.268112 0.222422 0.268967 0.222722 0.268967 0.223022 0.269253 0.223022 0.269823 0.222722 0.270108 0.222722 0.27239 0.222422 0.272675 0.222422 0.272961 0.222122 0.273246 0.221523 0.273246 0.221523 0.274957 0.221223 0.275242 0.221223 0.276098 0.221523 0.276383 0.221523 0.278095 0.221223 0.27838 0.221223 0.280662 0.220923 0.280947 0.220923 0.283229 0.220624 0.283514 0.220624 0.285796 0.220324 0.286081 0.220324 0.288363 0.220024 0.288648 0.220024 0.29093 0.219724 0.291215 0.219724 0.292641 0.220024 0.292926 0.220024 0.293497 0.220624 0.294067 0.220624 0.294638 0.220923 0.294638 0.221223 0.294923 0.221223 0.295208 0.221823 0.295779 0.221823 0.296064 0.222122 0.296064 0.223022 0.29692 0.223022 0.29806 0.223321 0.29806 0.223621 0.298346 0.223321 0.298631 0.223321 0.300627 0.223621 0.300627 0.223921 0.300913 0.223621 0.301198 0.223621 0.302339 0.223321 0.302624 0.223022 0.302624 0.223022 0.30348 0.222722 0.303765 0.222722 0.306047 0.222422 0.306332 0.222122 0.306332 0.221823 0.306617 0.221823 0.307188 0.222122 0.307188 0.222422 0.307473 0.222422 0.307758 0.222722 0.307758 0.223022 0.308043 0.222722 0.308329 0.221823 0.308329 0.221823 0.308614 0.221523 0.308899 0.221523 0.309184 0.222122 0.309755 0.222422 0.309755 0.222722 0.31004 0.222722 0.31061 0.222422 0.310896 0.222122 0.310896 0.222122 0.311466 0.221823 0.311751 0.221823 0.312607 0.221523 0.312892 0.221223 0.312892 0.221223 0.313748 0.220923 0.314033 0.220923 0.3166 0.220624 0.316885 0.220624 0.319167 0.220324 0.319452 0.220324 0.320878 0.220024 0.321164 0.219724 0.321164 0.218825 0.322019 0.218525 0.322019 0.218225 0.322305 0.217926 0.322305 0.217926 0.324016 0.217326 0.324586 0.217026 0.324586 0.216727 0.324872 0.216427 0.324872 0.216127 0.325157 0.215528 0.325157 0.215528 0.325442 0.215228 0.325727 0.214029 0.325727 0.213729 0.325442 0.213429 0.325442 0.21283 0.326013 0.21283 0.326298 0.21253 0.326583 0.21193 0.326583 0.211631 0.326868 0.211331 0.326868 0.211331 0.328865 0.210731 0.329435 0.210432 0.329435 0.210432 0.331432 0.210132 0.331717 0.210132 0.333999 0.209532 0.334569 0.209532 0.334855 0.209233 0.33514 0.209233 0.33571 0.208933 0.335995 0.208933 0.336566 0.208633 0.336851 0.208633 0.337707 0.208333 0.337992 0.208034 0.337992 0.208034 0.339133 0.207734 0.339418 0.207734 0.341415 0.207434 0.3417 0.207134 0.3417 0.206835 0.341985 0.206835 0.344267 0.206535 0.344552 0.206535 0.346834 0.206235 0.347119 0.206235 0.34769 0.205935 0.347975 0.205635 0.347975 0.205635 0.349401 0.205336 0.349686 0.205336 0.351968 0.205036 0.352253 0.205036 0.353109 0.205336 0.353109 0.205635 0.353394 0.205635 0.354535 0.205336 0.35482 0.205336 0.357102 0.205036 0.357387 0.205036 0.359669 0.204736 0.359954 0.204736 0.362236 0.204436 0.362521 0.204436 0.365088 0.204137 0.365374 0.204137 0.367655 0.203837 0.367941 0.203837 0.370222 0.203537 0.370508 0.203537 0.37279 0.203237 0.373075 0.203237 0.37393 0.203837 0.374501 0.203537 0.374786 0.203237 0.374786 0.202938 0.375071 0.202638 0.375071 0.202638 0.375357 0.202338 0.375642 0.202338 0.377924 0.202038 0.378209 0.202038 0.380491 0.201739 0.380776 0.201739 0.383058 0.201439 0.383343 0.201439 0.384199 0.202338 0.384199 0.202638 0.384484 0.202338 0.384769 0.202038 0.384769 0.202038 0.385339 0.201739 0.385625 0.201439 0.385625 0.201139 0.38591 0.201139 0.387051 0.20054 0.387621 0.20054 0.388762 0.20024 0.389047 0.20024 0.389333 0.20054 0.389618 0.20054 0.389903 0.201139 0.389903 0.201439 0.390188 0.201439 0.390759 0.201139 0.391044 0.201139 0.393326 0.200839 0.393611 0.200839 0.394752 0.20054 0.395037 0.20024 0.395037 0.20024 0.395893 0.19994 0.396178 0.19994 0.397034 0.20024 0.397034 0.20054 0.397319 0.20054 0.39846 0.20024 0.398745 0.20024 0.399315 0.19994 0.399601 0.19964 0.399601 0.19964 0.399886 0.199341 0.400171 0.199041 0.400171 0.199041 0.400742 0.199341 0.401027 0.199341 0.403309 0.198741 0.403879 0.198741 0.404164 0.198441 0.40445 0.198441 0.406731 0.198141 0.407017 0.198141 0.409298 0.197842 0.409584 0.197842 0.411865 0.197542 0.412151 0.197242 0.412151 0.197242 0.413862 0.196942 0.414147 0.196942 0.416429 0.196643 0.416714 0.196643 0.418996 0.196343 0.419281 0.196343 0.421563 0.196043 0.421848 0.196043 0.424415 0.195743 0.424701 0.195743 0.426982 0.195444 0.427268 0.195444 0.429549 0.195144 0.429835 0.195144 0.431831 0.194844 0.432116 0.194544 0.432116 0.194245 0.432402 0.194245 0.434683 0.193945 0.434969 0.193945 0.43725 0.193645 0.437536 0.193046 0.437536 0.193046 0.439817 0.192746 0.440103 0.192746 0.441814 0.192446 0.442099 0.192146 0.442099 0.192146 0.442384 0.191847 0.44267 0.191847 0.44324 0.191547 0.443525 0.191547 0.444952 0.191247 0.445237 0.191247 0.446663 0.191547 0.446948 0.191547 0.447519 0.191247 0.447804 0.191247 0.44923 0.191547 0.44923 0.191847 0.449515 0.191847 0.450086 0.191547 0.450371 0.191547 0.452938 0.191847 0.453223 0.191847 0.453508 0.192146 0.453508 0.192746 0.454079 0.192446 0.454364 0.192446 0.454649 0.192146 0.454934 0.191847 0.454934 0.191847 0.45522 0.191547 0.455505 0.191547 0.457787 0.191247 0.458072 0.191247 0.459213 0.190947 0.459498 0.190647 0.459498 0.190647 0.460354 0.190348 0.460639 0.190348 0.462921 0.190048 0.463206 0.190048 0.465488 0.189748 0.465773 0.189748 0.468055 0.189448 0.46834 0.189448 0.468625 0.190048 0.469196 0.190048 0.470622 0.189748 0.470907 0.189748 0.473189 0.189448 0.473474 0.189448 0.475756 0.189149 0.476041 0.189149 0.478608 0.189448 0.478893 0.189448 0.48089 0.189149 0.481175 0.188849 0.481175 0.188549 0.48146 0.188549 0.483742 0.188249 0.484027 0.188249 0.486309 0.18795 0.486594 0.18795 0.488876 0.18765 0.489161 0.18765 0.491443 0.18735 0.491728 0.18735 0.49401 0.18705 0.494295 0.18705 0.496577 0.186751 0.496863 0.186151 0.496863 0.186151 0.497433 0.185851 0.497718 0.185552 0.497718 0.185552 0.499144 0.185252 0.49943 0.185252 0.50057 0.184952 0.500856 0.184952 0.501711 0.184652 0.501997 0.184652 0.502282 0.184353 0.502567 0.184053 0.502567 0.184053 0.502852 0.183753 0.503137 0.183453 0.503137 0.183453 0.503993 0.183153 0.504278 0.182554 0.504278 0.181655 0.505134 0.181655 0.50656 0.181355 0.506845 0.181355 0.507131 0.181055 0.507416 0.180755 0.507416 0.180755 0.508272 0.180456 0.508557 0.180156 0.508557 0.180156 0.508842 0.179856 0.509127 0.179556 0.509127 0.179257 0.509412 0.178957 0.509412 0.178657 0.509127 0.178058 0.509127 0.177458 0.509698 0.176259 0.509698 0.175959 0.509412 0.173261 0.509412 0.172962 0.509698 0.172962 0.509983 0.172662 0.510268 0.172362 0.510268 0.172362 0.510553 0.172062 0.510839 0.171763 0.510839 0.171463 0.511124 0.171163 0.511124 0.171163 0.511409 0.170863 0.511694 0.170264 0.511694 0.170264 0.512265 0.169964 0.51255 0.169964 0.512835 0.169664 0.51312 0.169365 0.51312 0.169365 0.513691 0.169065 0.513976 0.169065 0.515402 0.168765 0.515687 0.168465 0.515687 0.168465 0.516258 0.168165 0.516543 0.168165 0.518825 0.167866 0.51911 0.167866 0.521677 0.167566 0.521962 0.167566 0.523388 0.167266 0.523674 0.167266 0.524244 0.166966 0.524529 0.166966 0.526811 0.166667 0.527096 0.166667 0.529378 0.166367 0.529663 0.166367 0.531945 0.166067 0.53223 0.166067 0.534512 0.165767 0.534797 0.165767 0.537079 0.165468 0.537365 0.165468 0.539646 0.165168 0.539932 0.165168 0.542213 0.164868 0.542499 0.164868 0.54478 0.164568 0.545066 0.164568 0.547347 0.164269 0.547633 0.164269 0.549914 0.163969 0.5502 0.163969 0.552481 0.163669 0.552767 0.163669 0.555048 0.163369 0.555334 0.163369 0.557616 0.16307 0.557901 0.16307 0.560183 0.16277 0.560468 0.16277 0.56275 0.16247 0.563035 0.16247 0.565317 0.16217 0.565602 0.16217 0.567884 0.161871 0.568169 0.161871 0.570451 0.161571 0.570736 0.161571 0.573303 0.161271 0.573588 0.161271 0.57587 0.160971 0.576155 0.160971 0.578437 0.160671 0.578722 0.160671 0.581004 0.160372 0.581289 0.160372 0.583571 0.160072 0.583856 0.160072 0.586138 0.159772 0.586423 0.159772 0.588705 0.159472 0.58899 0.159472 0.591272 0.159173 0.591557 0.159173 0.593839 0.158873 0.594124 0.158873 0.59555 0.159173 0.595836 0.159173 0.596121 0.159472 0.596121 0.159772 0.596406 0.159472 0.596691 0.159772 0.596691 0.160072 0.596977 0.160072 0.597262 0.160372 0.597547 0.160372 0.597832 0.16247 0.597832 0.16277 0.598118 0.16277 0.598403 0.16307 0.598688 0.165468 0.598688 0.165767 0.598973 0.168165 0.598973 0.168465 0.599258 0.168465 0.598973 0.168765 0.598688 0.170863 0.598688 0.171163 0.598973 0.171163 0.599544 0.170863 0.599829 0.170863 0.601825 0.171463 0.602396 0.171163 0.602681 0.171163 0.604963 0.170863 0.605248 0.170863 0.605819 0.173261 0.605819 0.173561 0.606104 0.173861 0.606104 0.174161 0.606389 0.174161 0.606674 0.17446 0.606674 0.17476 0.606959 0.17476 0.60753 0.175659 0.60753 0.175959 0.607815 0.178357 0.607815 0.178657 0.6081 0.180156 0.6081 0.180456 0.608386 0.180156 0.608671 0.179856 0.608671 0.179856 0.610382 0.179556 0.610667 0.179556 0.612379 0.179856 0.612664 0.179856 0.613234 0.180755 0.613234 0.181055 0.61352 0.183753 0.61352 0.184053 0.613805 0.185552 0.613805 0.185552 0.61352 0.186151 0.612949 0.186451 0.613234 0.186451 0.61352 0.186151 0.613805 0.186451 0.613805 0.186751 0.61409 0.186751 0.614661 0.18795 0.614661 0.188249 0.614946 0.188249 0.616087 0.18795 0.616372 0.18795 0.616657 0.188849 0.616657 0.189149 0.616942 0.189149 0.617513 0.191547 0.617513 0.191847 0.617798 0.194245 0.617798 0.194544 0.618083 0.194544 0.618369 0.196942 0.618369 0.197242 0.618654 0.19964 0.618654 0.19994 0.618939 0.202338 0.618939 0.202638 0.619224 0.205036 0.619224 0.205336 0.619509 0.207734 0.619509 0.208034 0.619795 0.210432 0.619795 0.210731 0.62008 0.213129 0.62008 0.213429 0.620365 0.216127 0.620365 0.216427 0.62065 0.218825 0.62065 0.219125 0.620936 0.221523 0.620936 0.221823 0.621221 0.224221 0.621221 0.22452 0.621506 0.226918 0.621506 0.227218 0.621791 0.229616 0.621791 0.229916 0.622076 0.232314 0.622076 0.232614 0.622362 0.235012 0.622362 0.235312 0.622647 0.23771 0.622647 0.23801 0.622932 0.240408 0.622932 0.240707 0.623217 0.243106 0.623217 0.243405 0.623503 0.245803 0.623503 0.246103 0.623788 0.248501 0.623788 0.248801 0.624073 0.251199 0.624073 0.251499 0.624358 0.252398 0.624358 0.252398 0.622362 0.252698 0.622076 0.253297 0.622076 0.253297 0.621791 0.253597 0.621506 0.254197 0.621506 0.254496 0.621791 0.256894 0.621791 0.257194 0.622076 0.257194 0.622647 0.259592 0.622647 0.259892 0.622932 0.261691 0.622932 0.26229 0.622362 0.26259 0.622647 0.264089 0.622647 0.264388 0.622932 0.264388 0.623217 0.264988 0.623217 0.265288 0.623503 0.265588 0.623503 0.265887 0.623788 0.265887 0.624073 0.267686 0.624073 0.267986 0.624358 0.267986 0.624073 0.268285 0.623788 0.270384 0.623788 0.270683 0.624073 0.270683 0.623788 0.270983 0.623503 0.271283 0.623503 0.271283 0.623217 0.271583 0.622932 0.273082 0.622932 0.273381 0.623217 0.273981 0.622647 0.275779 0.622647 0.276079 0.622932 0.276379 0.622932 0.276679 0.622647 0.276978 0.622647 0.276978 0.622362 0.277278 0.622076 0.278777 0.622076 0.279077 0.622362 0.279077 0.621221 0.278477 0.62065 0.278777 0.620365 0.279976 0.620365 0.279976 0.62008 0.280276 0.619795 0.281175 0.619795 0.281175 0.619509 0.281475 0.619224 0.281775 0.619509 0.284173 0.619509 0.284472 0.619795 0.286871 0.619795 0.28717 0.62008 0.289868 0.62008 0.290168 0.620365 0.292566 0.620365 0.292866 0.62065 0.295264 0.62065 0.295564 0.620936 0.297962 0.620936 0.298261 0.621221 0.300659 0.621221 0.300959 0.621506 0.303357 0.621506 0.303657 0.621221 0.306055 0.621221 0.306355 0.621506 0.308753 0.621506 0.309053 0.621791 0.309053 0.621506 0.309353 0.621221 0.310252 0.621221 0.310252 0.62065 0.310552 0.620365 0.310851 0.620365 0.310851 0.62008 0.311151 0.619795 0.311151 0.619509 0.311451 0.619224 0.311751 0.619224 0.31235 0.618654 0.31265 0.618654 0.31265 0.618369 0.31295 0.618083 0.313249 0.618369 0.313249 0.618654 0.314448 0.618654 0.314748 0.618939 0.314748 0.618654 0.315048 0.618369 0.315348 0.618369 0.315348 0.618083 0.315647 0.617798 0.316247 0.617798 0.316547 0.618083 0.316547 0.618939 0.317146 0.618939 0.317446 0.619224 0.318645 0.619224 0.318645 0.618369 0.318945 0.618083 0.319844 0.618083 0.320144 0.618369 0.322542 0.618369 0.322842 0.618083 0.323441 0.618083 0.324041 0.617513 0.324341 0.617513 0.32464 0.617228 0.32524 0.617228 0.32554 0.616942 0.32554 0.616657 0.325839 0.616372 0.325839 0.616087 0.326139 0.615801 0.327038 0.615801 0.327638 0.615231 0.327938 0.615231 0.328537 0.614661 0.328837 0.614661 0.328837 0.614375 0.329137 0.61409 0.329436 0.61409 0.329436 0.61352 0.329736 0.613234 0.329736 0.612949 0.330036 0.612664 0.330336 0.612664 0.330336 0.610953 0.330635 0.610667 0.330635 0.610382 0.330935 0.610097 0.331235 0.610097 0.331235 0.608386 0.331535 0.6081 0.331535 0.605819 0.331835 0.605533 0.332134 0.605533 0.332434 0.605248 0.332434 0.602966 0.332734 0.602681 0.332734 0.600399 0.333034 0.600114 0.333034 0.597832 0.333333 0.597547 0.333333 0.596691 0.333633 0.596406 0.333633 0.59555 0.333933 0.595265 0.333933 0.592698 0.334233 0.592413 0.334233 0.590131 0.334532 0.589846 0.334532 0.587564 0.334832 0.587279 0.334832 0.584997 0.335132 0.584712 0.335132 0.58243 0.335432 0.582145 0.335432 0.581289 0.335731 0.581004 0.336031 0.581289 0.336031 0.579863 0.336331 0.579578 0.336331 0.577296 0.336631 0.577011 0.336631 0.574729 0.33693 0.574444 0.33693 0.572162 0.33723 0.571877 0.33723 0.569595 0.33753 0.56931 0.33753 0.567028 0.33783 0.566743 0.33783 0.564461 0.338129 0.564176 0.338129 0.561894 0.338729 0.561323 0.339029 0.561323 0.339029 0.559327 0.339329 0.559042 0.339329 0.55676 0.339628 0.556475 0.339628 0.554193 0.339928 0.553908 0.339928 0.551626 0.340228 0.551341 0.340228 0.549059 0.340528 0.548774 0.340528 0.546492 0.340827 0.546207 0.340827 0.543925 0.341127 0.543639 0.341127 0.541928 0.341427 0.541643 0.341727 0.541643 0.341727 0.541358 0.342026 0.541072 0.342026 0.538791 0.342326 0.538505 0.342326 0.536224 0.342626 0.535938 0.342626 0.533657 0.342926 0.533371 0.342926 0.530804 0.343225 0.530519 0.343225 0.528237 0.343525 0.527952 0.343525 0.525956 0.343825 0.52567 0.344125 0.52567 0.344424 0.525385 0.344424 0.523103 0.344724 0.522818 0.344724 0.520536 0.345024 0.520251 0.345024 0.517684 0.344724 0.517399 0.344724 0.515402 0.345024 0.515117 0.344424 0.514546 0.344424 0.514261 0.344125 0.514261 0.343825 0.513976 0.343825 0.513691 0.343525 0.513691 0.342926 0.51312 0.342926 0.512835 0.342626 0.51255 0.342626 0.512265 0.342026 0.511694 0.342026 0.511409 0.341727 0.511409 0.341427 0.511124 0.341427 0.510839 0.341127 0.510839 0.340827 0.510553 0.340827 0.510268 0.341127 0.509983 0.341427 0.509983 0.341727 0.509698 0.341727 0.507416 0.342026 0.507131 0.342026 0.505705 0.341727 0.505705 0.341427 0.505419 0.341427 0.504849 0.341727 0.504564 0.341727 0.502282 0.342026 0.501997 0.342026 0.499715 0.342326 0.49943 0.342326 0.497148 0.342626 0.496863 0.342626 0.494581 0.342926 0.494295 0.342926 0.492014 0.343225 0.491728 0.343225 0.489447 0.343525 0.489161 0.343525 0.48688 0.343825 0.486594 0.343825 0.484313 0.344125 0.484027 0.344125 0.481746 0.344424 0.48146 0.344424 0.479179 0.344724 0.478893 0.344724 0.476612 0.345024 0.476326 0.345024 0.473759 0.345324 0.473474 0.345324 0.471192 0.345624 0.470907 0.345624 0.468625 0.345923 0.46834 0.345923 0.46777 0.346223 0.467484 0.346523 0.467484 0.346523 0.466058 0.346823 0.465773 0.346823 0.463491 0.347122 0.463206 0.347122 0.460924 0.347422 0.460639 0.347422 0.458357 0.347722 0.458072 0.347722 0.457216 0.348022 0.456931 0.348321 0.456931 0.348321 0.45579 0.348621 0.455505 0.348921 0.455505 0.34982 0.454649 0.35012 0.454649 0.35012 0.454364 0.35042 0.454079 0.350719 0.454079 0.350719 0.453793 0.351019 0.453508 0.351319 0.453508 0.351619 0.453223 0.351918 0.453223 0.352818 0.452367 0.352818 0.452082 0.353118 0.451797 0.353118 0.450941 0.353417 0.450656 0.353417 0.448374 0.353717 0.448089 0.353717 0.445807 0.354017 0.445522 0.354017 0.444381 0.354317 0.444096 0.354616 0.444096 0.354616 0.44324 0.354916 0.442955 0.354916 0.440673 0.355216 0.440388 0.355216 0.438106 0.355516 0.437821 0.355516 0.435539 0.355815 0.435254 0.355815 0.432972 0.356115 0.432687 0.356115 0.430405 0.356415 0.43012 0.356415 0.427838 0.356715 0.427553 0.356715 0.425271 0.357014 0.424986 0.357014 0.42356 0.357314 0.423274 0.357614 0.423274 0.357614 0.422704 0.357914 0.422419 0.357914 0.420137 0.358213 0.419852 0.358213 0.417285 0.358513 0.416999 0.358513 0.414718 0.358813 0.414432 0.358813 0.412151 0.359113 0.411865 0.359113 0.409584 0.359412 0.409298 0.359412 0.407017 0.359712 0.406731 0.359712 0.40445 0.360012 0.404164 0.360012 0.401882 0.360312 0.401597 0.360312 0.399315 0.360612 0.39903 0.360612 0.398745 0.360911 0.39846 0.361211 0.39846 0.361211 0.396748 0.361511 0.396463 0.361511 0.394181 0.361811 0.393896 0.361811 0.391614 0.36211 0.391329 0.36211 0.389047 0.36241 0.388762 0.36241 0.38648 0.36271 0.386195 0.36271 0.383913 0.36301 0.383628 0.36301 0.381346 0.363309 0.381061 0.363309 0.378779 0.363609 0.378494 0.363609 0.376212 0.363909 0.375927 0.363909 0.37393 0.364209 0.373645 0.364508 0.373645 0.364508 0.37336 0.364808 0.373075 0.364808 0.370793 0.365108 0.370508 0.365108 0.368226 0.365408 0.367941 0.365408 0.365659 0.365707 0.365374 0.365707 0.363092 0.366007 0.362807 0.366007 0.360525 0.366307 0.36024 0.366307 0.357958 0.366607 0.357673 0.366607 0.355391 0.366906 0.355106 0.366906 0.352824 0.367206 0.352539 0.367206 0.350257 0.367506 0.349971 0.367506 0.34826 0.367806 0.347975 0.367806 0.34769 0.368106 0.347404 0.368106 0.345123 0.368405 0.344837 0.368405 0.342556 0.368705 0.34227 0.368705 0.339989 0.369005 0.339703 0.369005 0.337422 0.369305 0.337136 0.369305 0.336566 0.369604 0.336281 0.370504 0.336281 0.370504 0.335995 0.370803 0.33571 0.371103 0.33571 0.371703 0.33514 0.372002 0.33514 0.372602 0.334569 0.372902 0.334855 0.372902 0.33514 0.373501 0.33571 0.374101 0.33571 0.3744 0.335425 0.3744 0.334855 0.3747 0.334569 0.3747 0.333999 0.3744 0.333714 0.3747 0.333428 0.3747 0.332573 0.375 0.332288 0.377398 0.332288 0.377698 0.332573 0.380096 0.332573 0.380396 0.332858 0.382794 0.332858 0.383094 0.333143 0.385492 0.333143 0.385791 0.333428 0.388189 0.333428 0.388489 0.333714 0.390887 0.333714 0.391187 0.333999 0.393585 0.333999 0.393885 0.334284 0.396283 0.334284 0.396583 0.334569 0.397782 0.334569 0.397782 0.334284 0.398082 0.333999 0.398981 0.333999 0.398981 0.333714 0.399281 0.333428 0.39958 0.333714 0.39988 0.333714 0.40018 0.333428 0.40018 0.333143 0.40048 0.332858 0.400779 0.332858 0.400779 0.332002 0.401079 0.331717 0.401379 0.331717 0.401379 0.331432 0.401679 0.331147 0.401679 0.328865 0.401978 0.32858 0.401978 0.326298 0.401679 0.326013 0.401679 0.323446 0.401978 0.32316 0.401978 0.320878 0.402278 0.320593 0.402278 0.318311 0.402578 0.318026 0.402578 0.315744 0.402878 0.315459 0.402878 0.313177 0.403177 0.312892 0.403177 0.31061 0.403477 0.310325 0.403477 0.308043 0.403777 0.307758 0.403777 0.305476 0.403477 0.305191 0.403477 0.302909 0.403777 0.302624 0.403777 0.300342 0.404077 0.300057 0.404077 0.297775 0.404376 0.29749 0.404376 0.295208 0.404676 0.294923 0.404676 0.292641 0.404976 0.292356 0.404976 0.290074 0.405276 0.289789 0.405276 0.287507 0.405576 0.287222 0.405576 0.284655 0.405875 0.28437 0.405875 0.282088 0.406175 0.281803 0.406175 0.280091 0.405875 0.280091 0.405576 0.279806 0.405576 0.279521 0.405875 0.279236 0.405875 0.27895 0.406175 0.278665 0.407074 0.278665 0.407074 0.276954 0.407374 0.276669 0.406175 0.276669 0.405875 0.276954 0.405875 0.278095 0.405576 0.27838 0.404976 0.277809 0.404676 0.277809 0.404376 0.277524 0.404676 0.277239 0.404976 0.277239 0.404976 0.276954 0.405576 0.276383 0.405576 0.276098 0.405875 0.275813 0.405875 0.273816 0.406175 0.273531 0.406475 0.273531 0.406475 0.27182 0.406775 0.271535 0.406775 0.269253 0.407074 0.268967 0.407074 0.266686 0.407374 0.2664 0.407374 0.265545 0.407674 0.26526 0.407974 0.26526 0.407974 0.264119 0.408273 0.263833 0.408273 0.261552 0.408573 0.261266 0.408573 0.258985 0.408873 0.258699 0.409472 0.258699 0.409472 0.257558 0.409772 0.257273 0.410072 0.257273 0.410072 0.256418 0.410372 0.256132 0.410372 0.255847 0.410072 0.255847 0.409772 0.255562 0.409772 0.253851 0.410072 0.253565 0.410072 0.252139 0.409772 0.252139 0.409472 0.251854 0.409472 0.251284 0.409772 0.250998 0.409772 0.250143 0.409173 0.249572 0.409173 0.249002 0.408873 0.248716 0.408873 0.248146 0.409173 0.247861 0.409173 0.247576 0.409472 0.24729 0.409472 0.246149 0.409772 0.245864 0.410072 0.246149 0.410671 0.245579 0.410971 0.245579 0.410971 0.245294 0.411271 0.245009 0.411571 0.245009 0.411571 0.244723 0.411871 0.244438 0.41217 0.244438 0.41277 0.243868 0.41307 0.243868 0.41307 0.243582 0.413369 0.243297 0.413669 0.243297 0.413669 0.241015 0.413969 0.24073 0.413969 0.238448 0.414269 0.238163 0.414269 0.235881 0.414568 0.235596 0.414568 0.233314 0.414868 0.233029 0.414868 0.230747 0.415168 0.230462 0.415168 0.22818 0.415468 0.227895 0.415468 0.225613 0.415767 0.225328 0.415767 0.224758 0.413969 0.224758 0.413669 0.224472 0.411271 0.224472 0.410971 0.224187 0.408573 0.224187 0.408273 0.223902 0.405875 0.223902 0.405576 0.223617 0.402878 0.223617 0.402578 0.223331 0.40018 0.223331 0.39988 0.223046 0.397482 0.223046 0.397182 0.222761 0.394784 0.222761 0.394484 0.222476 0.394185 0.222476 0.393885 0.222191 0.393885 0.221905 0.394185 0.22162 0.394185 0.219338 0.394484 0.219053 0.394484 0.216771 0.394784 0.216486 0.394784 0.214204 0.394484 0.214204 0.394185 0.213919 0.394484 0.213634 0.394484 0.211637 0.394185 0.211352 0.394185 0.211067 0.394484 0.210782 0.394484 0.2085 0.394784 0.208214 0.394784 0.205933 0.395084 0.205647 0.395084 0.203366 0.395384 0.20308 0.395084 0.202795 0.395084 0.20251 0.394784 0.202225 0.394784 0.201369 0.393885 0.201369 0.393585 0.201084 0.393285 0.201084 0.392986 0.200799 0.390588 0.200799 0.390288 0.200513 0.389388 0.200513 0.389089 0.200228 0.389089 0.199943 0.38789 0.199943 0.38759 0.199658 0.385192 0.199658 0.384892 0.199373 0.382494 0.199373 0.382194 0.199087 0.380096 0.199087 0.379796 0.198802 0.379796 0.198517 0.379496 0.198232 0.377098 0.198232 0.376799 0.197946 0.376499 0.197946 0.376199 0.197661 0.376199 0.197376 0.375 0.197376 0.3747 0.197091 0.3747 0.196805 0.3744 0.196805 0.374101 0.19652 0.372302 0.19652 0.372002 0.196235 0.371703 0.196235 0.371403 0.19595 0.369005 0.19595 0.368705 0.195665 0.366307 0.195665 0.366007 0.195379 0.363609 0.195379 0.363309 0.195094 0.36271 0.195094 0.36241 0.194809 0.36241 0.194524 0.360911 0.194524 0.360612 0.194238 0.358213 0.194238 0.357914 0.193953 0.355516 0.193953 0.355216 0.193668 0.352818 0.193668 0.352518 0.193383 0.35012 0.193383 0.34982 0.193098 0.347422 0.193098 0.347122 0.192812 0.344724 0.192812 0.344424 0.192527 0.342026 0.192527 0.341727 0.192242 0.339329 0.192242 0.339029 0.191957 0.336631 0.191957 0.336331 0.191671 0.334832 0.191671 0.334532 0.191386 0.334532 0.191101 0.333933 0.191101 0.333633 0.190816 0.331235 0.190816 0.330935 0.190531 0.328537 0.190531 0.328237 0.190245 0.325839 0.190245 0.32554 0.18996 0.323141 0.18996 0.322842 0.189675 0.320444 0.189675 0.320144 0.18939 0.317746 0.18939 0.317446 0.189104 0.315048 0.189104 0.314748 0.188819 0.31205 0.188819 0.311751 0.188534 0.310851 0.188534 0.310552 0.188249 0.310552 0.187963 0.309652 0.187963 0.309353 0.187678 0.306954 0.187678 0.306655 0.187393 0.303957 0.187393 0.303657 0.187108 0.301259 0.187108 0.300959 0.186823 0.298561 0.186823 0.298261 0.186537 0.295863 0.186537 0.295564 0.186252 0.293165 0.186252 0.292866 0.185967 0.291067 0.185967 0.290767 0.185682 0.290767 0.185396 0.290468 0.185396 0.290168 0.185111 0.28777 0.185111 0.28747 0.184826 0.285072 0.184826 0.284772 0.184541 0.284173 0.184541 0.283873 0.184256 0.282674 0.184256 0.282374 0.18397 0.282374 0.183685 0.282074 0.1834 0.281475 0.1834 0.281175 0.183115 0.281175 0.182829 0.280875 0.182544 0.280875 0.182259 0.280576 0.182259 0.280276 0.181974 0.280276 0.181689 0.279976 0.181403 0.279976 0.180833 0.279376 0.180262 0.279376 0.179407 0.279676 0.179122 0.279676 0.17684 0.279976 0.176554 0.279976 0.174273 0.280276 0.173987 0.280276 0.171706 0.280576 0.17142 0.280576 0.169139 0.280875 0.168853 0.280875 0.166572 0.281175 0.166286 0.281175 0.164005 0.281475 0.163719 0.281475 0.161438 0.281775 0.161152 0.281775 0.159726 0.281475 0.159726 0.281175 0.159441 0.281175 0.158871 0.281475 0.158585 0.281475 0.155733 0.281175 0.155448 0.279976 0.155448 0.279676 0.155163 0.279676 0.154877 0.278777 0.154877 0.278477 0.154592 0.276079 0.154592 0.275779 0.154307 0.273681 0.154307 0.273381 0.154022 0.273381 0.153736 0.273082 0.153451 0.270683 0.153451 0.270384 0.153166 0.267986 0.153166 0.267686 0.152881 0.264988 0.152881 0.264688 0.152596 0.26229 0.152596 0.261691 0.152025 0.259592 0.152025 0.259293 0.15174 0.256894 0.15174 0.256595 0.151455 0.254197 0.151455 0.253897 0.151169 0.251499 0.151169 0.251199 0.150884 0.248801 0.150884 0.248501 0.150599 0.246103 0.150599 0.245803 0.150314 0.243405 0.150314 0.243106 0.150029
