0 0.539042 0.620197 0.539042 0.621217 0.540373 0.621217 0.540373 0.620197
0 0.64197 0.604216 0.64197 0.605576 0.644188 0.605576 0.644188 0.604216
0 0.204969 0.588575 0.204969 0.590275 0.205856 0.590275 0.205856 0.588915 0.205413 0.588575
0 0.200089 0.508671 0.200089 0.509351 0.200976 0.509351 0.200976 0.508671
0 0.199645 0.50459 0.199645 0.50595 0.200532 0.50595 0.200532 0.50459
0 0.24756 0.464128 0.24756 0.464808 0.249335 0.464808 0.249778 0.464468 0.249778 0.464128
0 0.832742 0.365522 0.832742 0.366202 0.833629 0.366202 0.833629 0.365522
0 0.832298 0.352941 0.831854 0.353281 0.831854 0.354981 0.832742 0.354981 0.832742 0.353281
0 0.285714 0.349881 0.285714 0.350221 0.286158 0.350561 0.286602 0.350561 0.286602 0.349881
0 0.832298 0.345461 0.832298 0.346821 0.833185 0.346821 0.833185 0.345461
0 0.521739 0.344781 0.521739 0.345461 0.524401 0.345461 0.524401 0.345121 0.523957 0.344781
0 0.516415 0.344781 0.516415 0.345461 0.516859 0.345801 0.519077 0.345801 0.519077 0.344781
0 0.34472 0.344781 0.34472 0.345461 0.346051 0.345461 0.346051 0.344781
0 0.543922 0.344441 0.543922 0.345461 0.544366 0.345801 0.545697 0.345801 0.545697 0.344441
0 0.540373 0.344441 0.539929 0.344781 0.539042 0.344781 0.539042 0.345801 0.540373 0.345801
0 0.374889 0.344101 0.374889 0.344781 0.375333 0.345121 0.375776 0.344781 0.375776 0.344101
0 0.52795 0.343421 0.52795 0.344101 0.528838 0.344101 0.529281 0.343761 0.529281 0.343421
0 0.562999 0.342741 0.562999 0.343421 0.563886 0.343421 0.563886 0.342741
0 0.554126 0.342741 0.554126 0.343761 0.55457 0.344101 0.556788 0.344101 0.556788 0.342741
0 0.50976 0.342741 0.50976 0.343761 0.510204 0.344101 0.510648 0.344101 0.511091 0.343761 0.511091 0.342741
0 0.408607 0.342741 0.408163 0.343081 0.408163 0.343761 0.409494 0.343761 0.409494 0.343081 0.409051 0.342741
0 0.391748 0.342741 0.391748 0.343421 0.392635 0.343421 0.392635 0.342741
0 0.386868 0.342741 0.386868 0.343421 0.387755 0.343421 0.387755 0.342741
0 0.573203 0.341721 0.573203 0.342741 0.574534 0.342741 0.574534 0.341721
0 0.540373 0.34138 0.539929 0.341721 0.539929 0.342401 0.54126 0.342401 0.54126 0.34138
0 0.543478 0.34104 0.543478 0.341721 0.544366 0.341721 0.544366 0.34104
0 0.530612 0.34036 0.530169 0.3407 0.530169 0.34138 0.531056 0.34138 0.531056 0.34036
0 0.470719 0.34036 0.470719 0.34104 0.471606 0.34104 0.471606 0.34036
0 0.409051 0.34036 0.409051 0.3407 0.409494 0.34104 0.409494 0.34138 0.410382 0.34138 0.409938 0.34104 0.409938 0.34036
0 0.49024 0.34002 0.49024 0.34104 0.490683 0.34104 0.491127 0.3407 0.491127 0.34002
0 0.463177 0.34002 0.463177 0.34104 0.46362 0.34138 0.464064 0.34138 0.464508 0.34104 0.464951 0.34104 0.464951 0.3407 0.464508 0.34036 0.464064 0.34036 0.46362 0.34002
0 0.576309 0.33934 0.576309 0.34036 0.577196 0.34036 0.577196 0.33934
0 0.485359 0.33866 0.485359 0.33934 0.486247 0.33934 0.486247 0.33866
0 0.830967 0.33798 0.830967 0.34036 0.831854 0.34036 0.831854 0.33798
0 0.580745 0.33798 0.580745 0.33866 0.581633 0.33866 0.581633 0.33832 0.581189 0.33798
0 0.619787 0.33424 0.619787 0.33526 0.621562 0.33526 0.621562 0.33424
0 0.607808 0.3339 0.607365 0.33424 0.606477 0.33424 0.606477 0.33458 0.606921 0.33492 0.607365 0.33458 0.607808 0.33458
0 0.641526 0.33322 0.641526 0.33424 0.643301 0.33424 0.643301 0.33322
0 0.610914 0.33322 0.610914 0.33424 0.612689 0.33424 0.612689 0.33322
0 0.638421 0.33288 0.638421 0.33424 0.640195 0.33424 0.640195 0.33288
0 0.619787 0.33288 0.619787 0.33356 0.621562 0.33356 0.621562 0.33288
0 0.675244 0.3322 0.6748 0.33254 0.673913 0.33254 0.673913 0.33356 0.674357 0.33356 0.6748 0.33322 0.675244 0.33322
0 0.665484 0.33084 0.665484 0.33186 0.665927 0.33186 0.666371 0.3322 0.665927 0.33254 0.665484 0.33254 0.66504 0.33288 0.664153 0.33288 0.664153 0.3339 0.664596 0.3339 0.66504 0.33356 0.666371 0.33356 0.666371 0.33254 0.666815 0.3322 0.668589 0.3322 0.669033 0.33254 0.669033 0.33356 0.670807 0.33356 0.670807 0.3322 0.671251 0.33186 0.672582 0.33186 0.672582 0.33084 0.670364 0.33084 0.670364 0.33186 0.66992 0.3322 0.669476 0.3322 0.669033 0.33254 0.668589 0.3322 0.668589 0.33118 0.668146 0.33084
0 0.65661 0.33084 0.65661 0.33186 0.658829 0.33186 0.658829 0.33084
0 0.655723 0.33084 0.65528 0.33118 0.652174 0.33118 0.652174 0.33186 0.653061 0.33186 0.653505 0.3322 0.653061 0.33254 0.65173 0.33254 0.65173 0.33356 0.653505 0.33356 0.653505 0.33254 0.653949 0.3322 0.65528 0.3322 0.655723 0.33186
0 0.700976 0.3305 0.700976 0.33152 0.702307 0.33152 0.702307 0.3305
0 0.679237 0.3305 0.679237 0.33152 0.679681 0.33186 0.681899 0.33186 0.681899 0.33084 0.681455 0.3305
0 0.675244 0.3305 0.6748 0.33084 0.6748 0.33152 0.677019 0.33152 0.677019 0.3305
0 0.73913 0.32846 0.73913 0.32948 0.739574 0.32982 0.740905 0.32982 0.741349 0.32948 0.741349 0.3288 0.740905 0.3288 0.740461 0.32846
0 0.747116 0.32812 0.747116 0.3288 0.749335 0.3288 0.749335 0.32812
0 0.808341 0.32778 0.808341 0.32914 0.807897 0.32948 0.800799 0.32948 0.800355 0.32982 0.795475 0.32982 0.795031 0.33016 0.791038 0.33016 0.790594 0.3305 0.785271 0.3305 0.784827 0.33016 0.781721 0.33016 0.780834 0.33084 0.771517 0.33084 0.771074 0.33118 0.762201 0.33118 0.761757 0.33152 0.759982 0.33152 0.759539 0.33118 0.75244 0.33118 0.751996 0.33152 0.74268 0.33152 0.742236 0.33186 0.732919 0.33186 0.732476 0.3322 0.723602 0.3322 0.723159 0.33254 0.713842 0.33254 0.713398 0.33288 0.706744 0.33288 0.7063 0.33322 0.704082 0.33322 0.703638 0.33356 0.694321 0.33356 0.693878 0.3339 0.685004 0.3339 0.684561 0.33424 0.675244 0.33424 0.6748 0.33458 0.665484 0.33458 0.66504 0.33492 0.655723 0.33492 0.65528 0.33526 0.646406 0.33526 0.645963 0.3356 0.645519 0.3356 0.645075 0.33526 0.636646 0.33526 0.636202 0.3356 0.626886 0.3356 0.626442 0.33594 0.619343 0.33594 0.6189 0.3356 0.6189 0.33526 0.618012 0.33526 0.616681 0.33628 0.616238 0.33628 0.615794 0.33662 0.613132 0.33662 0.613132 0.3373 0.612689 0.33764 0.607808 0.33764 0.607365 0.33798 0.598048 0.33798 0.597604 0.33832 0.592724 0.33832 0.59228 0.33866 0.588731 0.33866 0.587844 0.33934 0.5874 0.33934 0.586513 0.34002 0.586513 0.3407 0.585626 0.34138 0.585626 0.342061 0.585182 0.342401 0.585182 0.343081 0.584738 0.343421 0.584738 0.344101 0.584295 0.344441 0.583407 0.344441 0.582964 0.344781 0.578971 0.344781 0.578527 0.345121 0.578083 0.344781 0.578083 0.344101 0.57764 0.343761 0.576752 0.343761 0.576309 0.343421 0.573647 0.343421 0.573203 0.343761 0.56921 0.343761 0.568767 0.343421 0.568767 0.342401 0.567879 0.342401 0.567879 0.343761 0.567436 0.344101 0.55945 0.344101 0.559006 0.344441 0.558563 0.344441 0.558119 0.344781 0.555901 0.344781 0.555457 0.345121 0.555457 0.345461 0.555901 0.345801 0.557675 0.345801 0.558119 0.345461 0.558563 0.345801 0.558563 0.346141 0.558119 0.346481 0.55457 0.346481 0.554126 0.346141 0.554126 0.344781 0.552351 0.344781 0.552351 0.345461 0.553239 0.346141 0.552795 0.346481 0.550133 0.346481 0.549689 0.346821 0.540373 0.346821 0.539929 0.347161 0.530612 0.347161 0.530169 0.347501 0.521295 0.347501 0.520852 0.347841 0.517746 0.347841 0.517303 0.347501 0.517303 0.347161 0.514641 0.347161 0.514641 0.347501 0.514197 0.347841 0.511535 0.347841 0.511091 0.348181 0.503106 0.348181 0.502662 0.347841 0.502218 0.347841 0.501775 0.347501 0.501331 0.347501 0.499556 0.346141 0.499556 0.345801 0.499113 0.345461 0.499113 0.345121 0.498669 0.344781 0.498669 0.344441 0.497782 0.343761 0.497782 0.343421 0.497338 0.343081 0.496451 0.343081 0.496007 0.342741 0.495563 0.342741 0.49512 0.342401 0.494232 0.342401 0.493789 0.342061 0.492014 0.342061 0.491571 0.342401 0.490683 0.342401 0.49024 0.342061 0.488909 0.342061 0.488465 0.341721 0.488465 0.34104 0.487578 0.34104 0.487578 0.341721 0.487134 0.342061 0.48669 0.341721 0.484028 0.341721 0.483585 0.34138 0.483585 0.3407 0.482254 0.3407 0.48181 0.34104 0.48181 0.34138 0.482254 0.341721 0.48181 0.342061 0.480923 0.342061 0.480479 0.341721 0.480479 0.34036 0.479148 0.34036 0.479148 0.34138 0.478705 0.341721 0.472493 0.341721 0.47205 0.342061 0.463177 0.342061 0.462289 0.342741 0.461846 0.342741 0.461402 0.343081 0.45874 0.343081 0.458296 0.342741 0.457409 0.342741 0.456965 0.343081 0.453416 0.343081 0.452972 0.343421 0.448092 0.343421 0.447649 0.343081 0.443656 0.343081 0.443212 0.343421 0.436557 0.343421 0.436114 0.343081 0.436114 0.342741 0.435226 0.342741 0.435226 0.343081 0.434783 0.343421 0.434339 0.343421 0.433895 0.343081 0.433895 0.342741 0.433452 0.343081 0.430346 0.343081 0.430346 0.343421 0.429902 0.343761 0.42724 0.343761 0.426797 0.343421 0.426797 0.342741 0.425909 0.342741 0.425909 0.343421 0.425466 0.343761 0.424579 0.343761 0.424135 0.343421 0.421917 0.343421 0.421917 0.343761 0.421473 0.344101 0.419698 0.344101 0.419255 0.343761 0.419255 0.343081 0.417036 0.343081 0.417036 0.343761 0.416593 0.344101 0.414818 0.344101 0.414374 0.343761 0.414374 0.343421 0.413487 0.342741 0.4126 0.342741 0.4126 0.344101 0.412156 0.344441 0.405058 0.344441 0.404614 0.344781 0.401065 0.344781 0.400621 0.344441 0.400621 0.344101 0.397959 0.344101 0.397959 0.344441 0.397516 0.344781 0.396628 0.344781 0.396185 0.344441 0.396185 0.344101 0.393523 0.344101 0.393523 0.344441 0.393079 0.344781 0.392635 0.344781 0.392192 0.345121 0.38598 0.345121 0.385537 0.345461 0.38465 0.345461 0.384206 0.345121 0.384206 0.344781 0.381988 0.344781 0.381988 0.345121 0.381544 0.345461 0.380657 0.345461 0.380213 0.345121 0.380213 0.344781 0.379769 0.344441 0.378882 0.344441 0.378882 0.345121 0.378438 0.345461 0.37622 0.345461 0.375776 0.345801 0.372671 0.345801 0.372227 0.345461 0.372227 0.344781 0.370896 0.344781 0.370896 0.345461 0.370453 0.345801 0.370009 0.345801 0.369565 0.345461 0.369565 0.344781 0.368678 0.344781 0.368678 0.345461 0.368234 0.345801 0.36646 0.345801 0.366016 0.346141 0.365129 0.346141 0.364685 0.345801 0.364685 0.345461 0.363798 0.345461 0.363798 0.345801 0.363354 0.346141 0.356699 0.346141 0.356256 0.345801 0.356256 0.344781 0.355368 0.344781 0.355368 0.345121 0.354925 0.345461 0.354481 0.345461 0.354481 0.346141 0.354037 0.346481 0.349601 0.346481 0.349157 0.346141 0.349157 0.345461 0.347382 0.345461 0.347382 0.346481 0.346939 0.346821 0.34339 0.346821 0.342946 0.346481 0.342946 0.346141 0.341615 0.346141 0.341615 0.346481 0.341171 0.346821 0.338953 0.346821 0.338509 0.346481 0.337622 0.346481 0.336735 0.347161 0.334516 0.347161 0.334073 0.346821 0.331854 0.346821 0.331411 0.346481 0.330524 0.346481 0.33008 0.346821 0.327862 0.346821 0.327418 0.347161 0.326531 0.347161 0.326087 0.347501 0.323425 0.347501 0.322981 0.347161 0.322981 0.345461 0.322094 0.345461 0.322094 0.347161 0.32165 0.347501 0.318101 0.347501 0.317657 0.347841 0.317214 0.347841 0.31677 0.347501 0.31677 0.347161 0.314996 0.347161 0.314996 0.347501 0.314552 0.347841 0.314108 0.347841 0.313665 0.347501 0.313665 0.347161 0.312777 0.347161 0.312777 0.347501 0.312334 0.347841 0.311446 0.347841 0.311003 0.347501 0.311003 0.347161 0.310115 0.347161 0.310115 0.347501 0.309672 0.347841 0.309228 0.347501 0.309228 0.346481 0.308784 0.346141 0.308341 0.346481 0.308341 0.347501 0.308784 0.347841 0.308341 0.348181 0.306122 0.348181 0.305679 0.348521 0.304791 0.348521 0.304348 0.348861 0.303904 0.348861 0.303904 0.349541 0.304791 0.349541 0.305679 0.350221 0.305679 0.350561 0.305235 0.350901 0.304348 0.350901 0.303017 0.349881 0.30213 0.349881 0.301686 0.349541 0.301686 0.349201 0.300799 0.349201 0.300799 0.349541 0.300355 0.349881 0.299024 0.349881 0.29858 0.350221 0.296806 0.350221 0.296362 0.349881 0.294144 0.349881 0.2937 0.350221 0.292813 0.350221 0.292369 0.350561 0.291482 0.349881 0.290151 0.349881 0.289707 0.350221 0.290151 0.350561 0.290151 0.350901 0.289707 0.351241 0.289264 0.351241 0.28882 0.351581 0.279947 0.351581 0.279503 0.351921 0.279059 0.351921 0.278616 0.351581 0.278616 0.350901 0.278172 0.350561 0.276398 0.350561 0.276398 0.351581 0.275954 0.351921 0.27063 0.351921 0.270186 0.351581 0.270186 0.351241 0.269299 0.351241 0.268855 0.350901 0.268855 0.350561 0.267968 0.350561 0.268412 0.350901 0.267968 0.351241 0.260426 0.351241 0.259982 0.351581 0.257764 0.351581 0.25732 0.351921 0.255102 0.351921 0.254658 0.351581 0.254658 0.351241 0.254215 0.350901 0.252884 0.350901 0.252884 0.351581 0.253327 0.351581 0.253771 0.351921 0.253771 0.352261 0.253327 0.352601 0.250665 0.352601 0.250222 0.352941 0.241349 0.352941 0.240905 0.353281 0.233807 0.353281 0.233363 0.352941 0.233363 0.351921 0.231588 0.351921 0.231145 0.352261 0.229814 0.352261 0.228926 0.352941 0.227152 0.352941 0.227152 0.353281 0.226708 0.353621 0.225821 0.353621 0.224933 0.352941 0.223602 0.352941 0.222715 0.353621 0.221828 0.353621 0.221384 0.353961 0.220941 0.353621 0.220941 0.352941 0.220497 0.352601 0.221384 0.351921 0.220941 0.351581 0.220941 0.350901 0.21961 0.350901 0.21961 0.351581 0.219166 0.351921 0.217835 0.351921 0.216948 0.352601 0.215617 0.352601 0.214286 0.351581 0.214286 0.351241 0.213398 0.351241 0.212955 0.351581 0.212955 0.352261 0.212511 0.352601 0.212067 0.352261 0.211624 0.352601 0.210736 0.351921 0.210736 0.351581 0.210293 0.351241 0.208962 0.351241 0.208962 0.351921 0.208518 0.352261 0.208075 0.351921 0.208075 0.350561 0.208518 0.350221 0.208518 0.349541 0.207631 0.348861 0.2063 0.348861 0.205856 0.349201 0.205413 0.349201 0.204969 0.348861 0.203194 0.348861 0.202751 0.348521 0.202307 0.348521 0.201863 0.348861 0.20142 0.348521 0.20142 0.347841 0.198314 0.347841 0.19787 0.347501 0.196096 0.347501 0.195652 0.347161 0.192547 0.347161 0.192103 0.347501 0.188997 0.347501 0.188554 0.347841 0.185892 0.347841 0.185448 0.348181 0.184561 0.348181 0.183673 0.348861 0.18323 0.348861 0.18323 0.349201 0.182786 0.349541 0.181899 0.349541 0.180124 0.350901 0.180124 0.351241 0.178793 0.352261 0.179237 0.352601 0.178793 0.352941 0.178793 0.353281 0.17835 0.353621 0.17835 0.353961 0.177906 0.354301 0.177462 0.354301 0.177462 0.355321 0.177019 0.355661 0.177019 0.357701 0.176575 0.358041 0.176575 0.359402 0.176131 0.359742 0.175244 0.359742 0.175244 0.361442 0.1748 0.361782 0.1748 0.363482 0.173913 0.364162 0.173469 0.364162 0.173026 0.363822 0.173026 0.362802 0.172582 0.362462 0.172582 0.362122 0.171251 0.362122 0.171251 0.363482 0.170364 0.364162 0.16992 0.364162 0.169476 0.364502 0.168589 0.364502 0.168146 0.364162 0.164153 0.364162 0.163709 0.364502 0.163265 0.364502 0.162822 0.364162 0.161491 0.364162 0.161047 0.364502 0.159716 0.364502 0.159272 0.364842 0.158829 0.364842 0.158385 0.364502 0.157941 0.364502 0.157498 0.364162 0.156167 0.364162 0.154392 0.365522 0.153949 0.365522 0.153505 0.365182 0.149956 0.365182 0.149512 0.365522 0.147737 0.365522 0.147294 0.365862 0.145075 0.365862 0.144632 0.366202 0.143301 0.366202 0.142857 0.366542 0.142413 0.366542 0.142413 0.366882 0.14197 0.367222 0.141083 0.367222 0.140639 0.367562 0.140639 0.367902 0.140195 0.368242 0.139752 0.368242 0.137977 0.369602 0.137977 0.369942 0.136646 0.370962 0.136646 0.371642 0.136202 0.371982 0.136202 0.373002 0.135759 0.373342 0.135759 0.375043 0.136202 0.375383 0.136202 0.375723 0.135759 0.376063 0.135759 0.377423 0.136202 0.377763 0.136202 0.378443 0.136646 0.378443 0.13709 0.378783 0.13709 0.379463 0.137977 0.380143 0.137533 0.380483 0.137533 0.381503 0.137977 0.381843 0.139308 0.381843 0.139752 0.382183 0.140639 0.382183 0.141526 0.382863 0.141526 0.383543 0.141083 0.383883 0.141083 0.389663 0.141526 0.390003 0.141526 0.397144 0.14197 0.397484 0.14197 0.404624 0.142413 0.404964 0.142413 0.412105 0.142857 0.412445 0.142857 0.419245 0.143301 0.419585 0.143301 0.421965 0.143744 0.422305 0.143744 0.426726 0.144188 0.427066 0.144188 0.434206 0.144632 0.434546 0.144632 0.434886 0.145075 0.435226 0.145075 0.435906 0.145519 0.436246 0.145519 0.436586 0.145963 0.436586 0.146406 0.436926 0.147294 0.436926 0.147737 0.437266 0.149512 0.437266 0.149956 0.437606 0.150843 0.437606 0.151287 0.437946 0.151287 0.438626 0.153061 0.438626 0.153949 0.439306 0.153949 0.439986 0.154392 0.440326 0.154392 0.441346 0.154836 0.441687 0.154836 0.448827 0.15528 0.449167 0.15528 0.456307 0.155723 0.456647 0.155723 0.456987 0.15528 0.457327 0.15528 0.457667 0.153949 0.458688 0.153505 0.458688 0.153505 0.460728 0.152174 0.461748 0.149956 0.461748 0.149512 0.462088 0.148625 0.462088 0.148625 0.462428 0.147737 0.463108 0.147737 0.463448 0.147294 0.463788 0.147294 0.464128 0.14685 0.464468 0.14685 0.471268 0.147294 0.471608 0.147294 0.478409 0.147737 0.478749 0.147737 0.481469 0.147294 0.481809 0.146406 0.481809 0.146406 0.484189 0.147294 0.484189 0.147737 0.484529 0.147737 0.485209 0.14685 0.485889 0.145963 0.485889 0.145519 0.485549 0.145519 0.484189 0.144632 0.484189 0.144188 0.484529 0.143744 0.484529 0.143744 0.485549 0.144188 0.485889 0.144188 0.486229 0.145519 0.486229 0.145963 0.485889 0.146406 0.486229 0.146406 0.486909 0.145519 0.487589 0.143744 0.487589 0.143301 0.487249 0.143301 0.486569 0.142857 0.486569 0.142413 0.486229 0.141526 0.486229 0.141526 0.486909 0.140639 0.487589 0.140195 0.487589 0.139752 0.487249 0.138864 0.487249 0.138421 0.487589 0.13709 0.487589 0.136646 0.487929 0.134871 0.487929 0.134428 0.487589 0.133984 0.487589 0.13354 0.487249 0.132653 0.487249 0.132209 0.487589 0.131766 0.487589 0.131322 0.487929 0.129547 0.487929 0.129104 0.488269 0.126442 0.488269 0.126442 0.488609 0.125998 0.488949 0.125111 0.488949 0.124224 0.489629 0.122893 0.489629 0.122005 0.488949 0.120674 0.488949 0.120674 0.489969 0.120231 0.490309 0.117125 0.490309 0.116681 0.490649 0.11535 0.490649 0.114907 0.490989 0.110027 0.490989 0.109583 0.491329 0.106477 0.491329 0.106034 0.49167 0.10071 0.49167 0.100266 0.49201 0.090949 0.49201 0.090506 0.49235 0.088731 0.49235 0.088287 0.49269 0.086957 0.49269 0.086513 0.49303 0.086513 0.49371 0.085626 0.49439 0.086069 0.49473 0.086069 0.49507 0.085626 0.49541 0.085626 0.49609 0.085182 0.49643 0.085182 0.50187 0.085626 0.50221 0.085626 0.50629 0.086069 0.50663 0.086069 0.50765 0.086513 0.50799 0.086513 0.508671 0.088731 0.510371 0.090506 0.510371 0.090949 0.510031 0.100266 0.510031 0.10071 0.509691 0.110027 0.509691 0.11047 0.509351 0.119787 0.509351 0.120231 0.509011 0.129104 0.509011 0.129547 0.508671 0.138864 0.508671 0.139308 0.50833 0.148625 0.50833 0.149068 0.50799 0.157941 0.50799 0.158385 0.50833 0.158829 0.50799 0.161047 0.50799 0.161491 0.50765 0.161934 0.50799 0.165484 0.50799 0.165927 0.50833 0.166815 0.50833 0.167258 0.508671 0.166815 0.509011 0.164596 0.509011 0.164153 0.509351 0.163265 0.509351 0.162822 0.509691 0.161491 0.509691 0.160603 0.510371 0.160603 0.510711 0.16016 0.511051 0.159272 0.511051 0.158829 0.511391 0.157941 0.510711 0.157941 0.509691 0.15661 0.509691 0.15661 0.510711 0.156167 0.511051 0.155723 0.510711 0.153949 0.510711 0.153061 0.511391 0.151287 0.511391 0.150843 0.511731 0.149956 0.511731 0.149068 0.512411 0.149068 0.512751 0.148625 0.513091 0.148181 0.513091 0.147737 0.512751 0.147737 0.512411 0.147294 0.512071 0.145963 0.512071 0.145519 0.512411 0.145075 0.512411 0.145075 0.513091 0.144632 0.513431 0.144188 0.513091 0.143744 0.513091 0.143301 0.512751 0.143301 0.512411 0.142857 0.512411 0.14197 0.511731 0.140195 0.511731 0.140195 0.512751 0.139308 0.513431 0.138864 0.513431 0.138421 0.513091 0.138421 0.512751 0.135759 0.512751 0.135759 0.513091 0.135315 0.513431 0.134871 0.513091 0.134871 0.512751 0.131766 0.512751 0.130878 0.513431 0.130435 0.513431 0.129991 0.513091 0.129547 0.513091 0.129104 0.512751 0.126886 0.512751 0.126886 0.513431 0.126442 0.513771 0.123336 0.513771 0.122449 0.514451 0.121562 0.513771 0.120674 0.513771 0.120231 0.514111 0.118456 0.514111 0.118012 0.514451 0.117569 0.514451 0.117125 0.514111 0.115794 0.514111 0.11535 0.514451 0.114907 0.514451 0.114463 0.514791 0.11402 0.514791 0.113576 0.515131 0.112689 0.515131 0.112245 0.515471 0.111801 0.515471 0.111801 0.515811 0.110914 0.516491 0.110914 0.516831 0.110027 0.517511 0.110027 0.518191 0.109583 0.518531 0.109583 0.519211 0.109139 0.519551 0.108696 0.519551 0.108696 0.523631 0.109139 0.523971 0.109139 0.531112 0.109583 0.531452 0.109583 0.538252 0.110027 0.538592 0.110027 0.545733 0.11047 0.546073 0.11047 0.553213 0.110914 0.553553 0.110914 0.560694 0.111358 0.561034 0.111358 0.567834 0.111801 0.568174 0.111801 0.575315 0.112245 0.575655 0.112245 0.582795 0.112689 0.583135 0.112689 0.590275 0.113132 0.590615 0.113132 0.597416 0.113576 0.597756 0.113576 0.604896 0.11402 0.605236 0.11402 0.612377 0.114463 0.612717 0.114463 0.617477 0.11402 0.617817 0.11402 0.619177 0.114463 0.619517 0.114463 0.619857 0.114907 0.620197 0.114907 0.621217 0.114463 0.621557 0.112245 0.621557 0.112245 0.623257 0.11402 0.623257 0.114463 0.623597 0.114463 0.623937 0.11402 0.624277 0.11402 0.624617 0.113576 0.624957 0.113132 0.624957 0.112689 0.624617 0.112689 0.624277 0.111801 0.624277 0.111358 0.623937 0.111358 0.622237 0.110027 0.622237 0.110027 0.624277 0.109139 0.624957 0.108696 0.624617 0.108696 0.624277 0.107365 0.624277 0.107365 0.625298 0.106921 0.625638 0.104703 0.625638 0.104259 0.625978 0.096273 0.625978 0.09583 0.626318 0.094942 0.626318 0.094499 0.626658 0.091837 0.626658 0.091393 0.626998 0.090506 0.626998 0.090062 0.627338 0.089618 0.627338 0.089175 0.627678 0.089175 0.629038 0.088731 0.629378 0.088731 0.634818 0.089175 0.635158 0.089175 0.642299 0.089618 0.642639 0.089618 0.649779 0.090062 0.650119 0.090062 0.657259 0.090506 0.657599 0.090506 0.65896 0.090949 0.6593 0.090949 0.65998 0.09228 0.661 0.09228 0.66134 0.092724 0.66168 0.093168 0.66168 0.093611 0.66202 0.094055 0.66202 0.094499 0.66236 0.094942 0.66236 0.095386 0.6627 0.096273 0.6627 0.097161 0.66338 0.097604 0.66338 0.099379 0.66474 0.099379 0.66508 0.099823 0.66508 0.101154 0.6661 0.101154 0.66678 0.101597 0.66712 0.101597 0.6695 0.102484 0.6695 0.102928 0.66984 0.102928 0.67188 0.103372 0.67222 0.103372 0.6746 0.102928 0.67494 0.102928 0.675621 0.102484 0.675961 0.102484 0.676301 0.102041 0.676641 0.102041 0.676981 0.101597 0.677321 0.101597 0.678341 0.10071 0.679021 0.101154 0.679361 0.10071 0.679701 0.100266 0.679701 0.099379 0.680381 0.099379 0.680721 0.098492 0.681401 0.098492 0.681741 0.098048 0.682081 0.098048 0.686501 0.098492 0.686841 0.098492 0.692962 0.098935 0.693302 0.098935 0.693982 0.099823 0.694662 0.099823 0.695342 0.100266 0.695682 0.100266 0.696362 0.10071 0.696702 0.10071 0.697042 0.101154 0.697382 0.101154 0.697722 0.101597 0.697722 0.10559 0.700782 0.106477 0.700782 0.106921 0.701122 0.107365 0.701122 0.107808 0.701462 0.108252 0.701462 0.109139 0.702142 0.109583 0.702142 0.110027 0.702482 0.11047 0.702482 0.110914 0.702822 0.115794 0.702822 0.116238 0.702482 0.125555 0.702482 0.125998 0.702142 0.134871 0.702142 0.135315 0.701802 0.141083 0.701802 0.141526 0.701462 0.144188 0.701462 0.145075 0.700782 0.145519 0.700782 0.145963 0.700442 0.14685 0.700442 0.147294 0.700102 0.148181 0.700102 0.148625 0.699762 0.149512 0.699762 0.149956 0.699422 0.150399 0.699422 0.151287 0.698742 0.15173 0.698742 0.152174 0.698402 0.152174 0.698062 0.152618 0.697722 0.153061 0.697722 0.153061 0.697382 0.153949 0.696702 0.154392 0.696702 0.154392 0.696362 0.155723 0.695342 0.15661 0.695342 0.157054 0.695002 0.157941 0.695002 0.158385 0.694662 0.158385 0.694322 0.159272 0.693642 0.158829 0.693302 0.161047 0.691601 0.161934 0.691601 0.162822 0.690921 0.162822 0.690581 0.163709 0.689901 0.163709 0.689221 0.164596 0.688541 0.16504 0.688541 0.16504 0.688201 0.165927 0.687521 0.166371 0.687521 0.166371 0.687181 0.167702 0.686161 0.173026 0.686161 0.173469 0.685821 0.174357 0.685821 0.1748 0.685481 0.182786 0.685481 0.18323 0.685141 0.192547 0.685141 0.19299 0.684801 0.195209 0.684801 0.195209 0.684461 0.195652 0.684121 0.200089 0.684121 0.200532 0.684461 0.202307 0.684461 0.202751 0.684121 0.204969 0.684121 0.205413 0.683781 0.2063 0.683781 0.2063 0.683441 0.207187 0.682761 0.207631 0.682761 0.208075 0.682421 0.208075 0.680041 0.208518 0.679701 0.208518 0.678001 0.208075 0.677661 0.208075 0.67052 0.207631 0.67018 0.207631 0.66304 0.207187 0.6627 0.207187 0.655559 0.206744 0.655219 0.206744 0.648419 0.2063 0.648079 0.2063 0.640938 0.205856 0.640598 0.205856 0.633458 0.205413 0.633118 0.205413 0.630058 0.204969 0.629718 0.204969 0.625978 0.204525 0.625638 0.204525 0.618837 0.204082 0.618497 0.204082 0.611357 0.203638 0.611017 0.203638 0.603876 0.203194 0.603536 0.203194 0.596396 0.202751 0.596056 0.202751 0.594016 0.203194 0.593676 0.203194 0.590615 0.203638 0.590275 0.203638 0.589255 0.203194 0.588915 0.203194 0.581775 0.202751 0.581435 0.202751 0.574294 0.202307 0.573954 0.202307 0.566814 0.201863 0.566474 0.201863 0.564774 0.20142 0.564434 0.20142 0.559674 0.200976 0.559334 0.200976 0.552193 0.200532 0.551853 0.200532 0.544713 0.200089 0.544373 0.200089 0.537232 0.199645 0.536892 0.199645 0.530092 0.199201 0.529752 0.199201 0.522611 0.198758 0.522271 0.198758 0.515131 0.198314 0.514791 0.198314 0.50765 0.19787 0.50731 0.19787 0.50051 0.197427 0.50017 0.197427 0.49303 0.196983 0.49269 0.196983 0.490989 0.196539 0.490649 0.196539 0.485549 0.196096 0.485209 0.196096 0.478069 0.195652 0.477729 0.195652 0.470928 0.195209 0.470588 0.195209 0.467868 0.195652 0.467528 0.195652 0.467188 0.196983 0.466168 0.197427 0.466508 0.197427 0.467528 0.198314 0.467528 0.198314 0.466168 0.19787 0.466168 0.197427 0.465828 0.19787 0.465488 0.205413 0.465488 0.205856 0.465148 0.214729 0.465148 0.215173 0.464808 0.219166 0.464808 0.21961 0.464468 0.22449 0.464468 0.224933 0.464128 0.227595 0.464128 0.228039 0.464468 0.231145 0.464468 0.231588 0.464128 0.232476 0.464128 0.232919 0.463788 0.233363 0.463788 0.233807 0.463448 0.234694 0.463448 0.235138 0.463788 0.237799 0.463788 0.237799 0.462768 0.237356 0.462428 0.237799 0.462088 0.243567 0.462088 0.244011 0.461748 0.252884 0.461748 0.253327 0.462088 0.254658 0.462088 0.255102 0.462428 0.255102 0.462768 0.255546 0.462768 0.255989 0.463108 0.256433 0.463108 0.256877 0.463448 0.262644 0.463448 0.263531 0.462768 0.266193 0.462768 0.266193 0.462088 0.26575 0.461748 0.26575 0.461068 0.266193 0.460728 0.272848 0.460728 0.273292 0.460388 0.275067 0.460388 0.27551 0.460728 0.279503 0.460728 0.279947 0.461068 0.28039 0.461068 0.280834 0.461408 0.281721 0.461408 0.282165 0.461748 0.283496 0.461748 0.28394 0.462088 0.284383 0.462088 0.284827 0.462428 0.286158 0.462428 0.286602 0.462088 0.289707 0.462088 0.290151 0.461748 0.291038 0.461748 0.291482 0.462088 0.291482 0.462768 0.291925 0.462768 0.292369 0.462428 0.2937 0.462428 0.2937 0.462088 0.293256 0.461748 0.2937 0.461408 0.296806 0.461408 0.297249 0.461748 0.297693 0.461748 0.298137 0.462088 0.299468 0.462088 0.299468 0.461748 0.300799 0.460728 0.301242 0.460728 0.30213 0.460048 0.303461 0.460048 0.303904 0.459708 0.305235 0.459708 0.305679 0.459368 0.311446 0.459368 0.31189 0.459708 0.31189 0.460048 0.313221 0.460048 0.313665 0.459708 0.320763 0.459708 0.321207 0.459368 0.330524 0.459368 0.330967 0.459028 0.340284 0.459028 0.340728 0.458688 0.342946 0.458688 0.34339 0.458348 0.350044 0.458348 0.350488 0.458007 0.359361 0.458007 0.359805 0.457667 0.369122 0.457667 0.369565 0.457327 0.378882 0.457327 0.379326 0.456987 0.388642 0.456987 0.389086 0.456647 0.397959 0.456647 0.398403 0.456307 0.40772 0.456307 0.408163 0.455967 0.41748 0.455967 0.417924 0.455627 0.42724 0.455627 0.427684 0.455287 0.436557 0.455287 0.437001 0.454947 0.448536 0.454947 0.44898 0.455287 0.454747 0.455287 0.455191 0.454947 0.459627 0.454947 0.460071 0.454607 0.465395 0.454607 0.466282 0.453927 0.466726 0.453927 0.466726 0.453587 0.467613 0.452907 0.4685 0.452907 0.468944 0.453247 0.470719 0.453247 0.471162 0.453587 0.475155 0.453587 0.475599 0.453247 0.484916 0.453247 0.485359 0.452907 0.486247 0.452907 0.48669 0.453247 0.487134 0.453247 0.487578 0.453587 0.494676 0.453587 0.495563 0.452907 0.503993 0.452907 0.504437 0.452567 0.513753 0.452567 0.514197 0.452227 0.523514 0.452227 0.523957 0.451887 0.533274 0.451887 0.533718 0.451547 0.542591 0.451547 0.543035 0.451207 0.552351 0.451207 0.552351 0.450867 0.552795 0.450527 0.562112 0.450527 0.562555 0.450187 0.571872 0.450187 0.572316 0.449847 0.590949 0.449847 0.591393 0.449507 0.60071 0.449507 0.601154 0.449167 0.603815 0.449167 0.604259 0.448827 0.60559 0.448827 0.606034 0.449167 0.61047 0.449167 0.610914 0.448827 0.619787 0.448827 0.620231 0.448487 0.627329 0.448487 0.626886 0.448147 0.627329 0.447807 0.629547 0.447807 0.629991 0.447467 0.631322 0.447467 0.631766 0.447807 0.632653 0.447807 0.633097 0.448147 0.639308 0.448147 0.639752 0.447807 0.649068 0.447807 0.649512 0.447467 0.65173 0.447467 0.652174 0.447127 0.654392 0.447127 0.654836 0.447467 0.658385 0.447467 0.658829 0.447127 0.668146 0.447127 0.668589 0.446787 0.669476 0.446787 0.66992 0.446447 0.676575 0.446447 0.677019 0.446107 0.677462 0.446447 0.677906 0.446447 0.67835 0.446107 0.687666 0.446107 0.68811 0.445767 0.696983 0.445767 0.697427 0.445427 0.706744 0.445427 0.707187 0.445087 0.716504 0.445087 0.716948 0.444747 0.726264 0.444747 0.726708 0.444407 0.727152 0.444407 0.727595 0.444067 0.728039 0.444067 0.728483 0.444407 0.735581 0.444407 0.736025 0.444067 0.736469 0.444067 0.736912 0.443727 0.740018 0.443727 0.740461 0.443387 0.740905 0.443727 0.74268 0.443727 0.743123 0.443387 0.743567 0.443387 0.744454 0.444067 0.745342 0.444067 0.745785 0.443727 0.755102 0.443727 0.755546 0.443387 0.763531 0.443387 0.763531 0.442707 0.763975 0.442367 0.764419 0.442367 0.764862 0.442027 0.767968 0.442027 0.768412 0.441687 0.773292 0.441687 0.773736 0.441346 0.774179 0.441346 0.774623 0.441006 0.775067 0.441006 0.77551 0.441346 0.777285 0.441346 0.777728 0.441006 0.778172 0.441006 0.778172 0.440666 0.779503 0.439646 0.779503 0.438286 0.779947 0.437946 0.779947 0.436586 0.78039 0.436246 0.78039 0.435906 0.781721 0.434886 0.782165 0.434886 0.782609 0.434546 0.78394 0.434546 0.784383 0.434206 0.788376 0.434206 0.78882 0.433866 0.793256 0.433866 0.7937 0.433526 0.803017 0.433526 0.803461 0.433186 0.812777 0.433186 0.813221 0.432846 0.818545 0.432846 0.818988 0.432506 0.822094 0.432506 0.822538 0.432166 0.831411 0.432166 0.831854 0.431826 0.83496 0.431826 0.835847 0.431146 0.836735 0.431146 0.837178 0.430806 0.837622 0.430806 0.838509 0.430126 0.838509 0.429786 0.838066 0.429446 0.838509 0.429106 0.838509 0.424005 0.838953 0.423665 0.838953 0.422645 0.838509 0.422305 0.838509 0.417545 0.838066 0.417205 0.838066 0.415165 0.837622 0.414825 0.837622 0.414485 0.838066 0.414145 0.838066 0.412445 0.837622 0.412105 0.837622 0.407684 0.837178 0.407344 0.837178 0.400204 0.836735 0.399864 0.836735 0.393064 0.836291 0.392724 0.836291 0.387283 0.835847 0.386943 0.835847 0.385583 0.835404 0.385583 0.83496 0.385243 0.83496 0.384903 0.834073 0.384223 0.834073 0.383883 0.833629 0.383543 0.833629 0.383203 0.833185 0.382863 0.833185 0.378103 0.832742 0.377763 0.832742 0.376403 0.832298 0.376063 0.832298 0.370962 0.831854 0.370622 0.831854 0.363482 0.831411 0.363142 0.831411 0.356001 0.830967 0.355661 0.830967 0.348521 0.831411 0.348181 0.831854 0.348521 0.832742 0.348521 0.832298 0.348181 0.832298 0.347501 0.831411 0.347501 0.831411 0.348181 0.830967 0.348521 0.830524 0.348181 0.830524 0.34138 0.83008 0.34104 0.83008 0.339 0.829636 0.33866 0.829636 0.3339 0.829193 0.33356 0.829193 0.33186 0.828749 0.33186 0.828305 0.33152 0.828305 0.3305 0.827862 0.33016 0.827862 0.32982 0.827418 0.32982 0.826974 0.32948 0.826531 0.32948 0.826087 0.32914 0.823425 0.32914 0.822981 0.3288 0.822538 0.3288 0.822094 0.32846 0.822094 0.32812 0.821207 0.32812 0.821207 0.32846 0.820763 0.3288 0.819876 0.3288 0.819432 0.32914 0.810115 0.32914 0.809672 0.3288 0.809672 0.32846 0.809228 0.32812 0.809228 0.32778
0 0.764862 0.32778 0.764862 0.3288 0.766193 0.3288 0.766193 0.32778
0 0.796362 0.32608 0.796362 0.32642 0.796806 0.32676 0.797693 0.32676 0.797693 0.32608
