0 0.142455 0.936276 0.142455 0.93694 0.14326 0.93694 0.14326 0.936276
0 0.145272 0.935944 0.144869 0.936276 0.144869 0.936608 0.145272 0.936608
0 0.116298 0.918686 0.115895 0.919018 0.115895 0.919681 0.116298 0.919349
0 0.036217 0.86857 0.035815 0.868901 0.035815 0.869233 0.036217 0.868901
0 0.035412 0.86691 0.035412 0.867242 0.035815 0.867242 0.035815 0.86691
0 0.0334 0.85994 0.0334 0.860272 0.034205 0.860272 0.034205 0.85994
0 0.030181 0.829738 0.029779 0.83007 0.030181 0.83007
0 0.030584 0.828078 0.030584 0.82841 0.030986 0.82841
0 0.031388 0.820445 0.031388 0.820777 0.032193 0.820777 0.032193 0.820445
0 0.032596 0.816794 0.032596 0.81779 0.032998 0.81779 0.032998 0.816794
0 0.032596 0.814803 0.032193 0.815134 0.032193 0.815798 0.032596 0.815798
0 0.030986 0.813143 0.030986 0.813475 0.031388 0.813475 0.031388 0.813143
0 0.029376 0.812479 0.029376 0.812811 0.030181 0.812811 0.030181 0.812479
0 0.029779 0.808165 0.029779 0.808828 0.030181 0.808828 0.030181 0.808497
0 0.029376 0.807169 0.029376 0.807501 0.029779 0.807501 0.029779 0.807169
0 0.202817 0.79854 0.202817 0.799203 0.203622 0.799203 0.203622 0.79854
0 0.027364 0.794225 0.026962 0.794557 0.026962 0.794889 0.027364 0.794557 0.027767 0.794557 0.027767 0.794225
0 0.026157 0.792897 0.026157 0.793229 0.026559 0.793229 0.026559 0.792897
0 0.022133 0.780617 0.022133 0.781281 0.022535 0.781281 0.022938 0.780949 0.022938 0.780617
0 0.020926 0.769997 0.020926 0.770329 0.02173 0.770329 0.02173 0.769997
0 0.021328 0.768337 0.021328 0.769333 0.02173 0.769333 0.02173 0.768669
0 0.018913 0.762363 0.019316 0.762695 0.019316 0.765018 0.019718 0.765018 0.020121 0.76535 0.020926 0.76535 0.020926 0.764686 0.020121 0.764686 0.019718 0.764354 0.019718 0.763027 0.019316 0.762695 0.019316 0.762363
0 0.189537 0.75838 0.189537 0.759376 0.190744 0.759376 0.190744 0.75838
0 0.018109 0.753402 0.017706 0.753734 0.017706 0.754066 0.018109 0.754398 0.018913 0.754398 0.018913 0.753402
0 0.017706 0.745105 0.017304 0.745436 0.017304 0.745768 0.018109 0.745768 0.017706 0.745436
0 0.014889 0.730169 0.014487 0.730501 0.014487 0.731165 0.015292 0.731165 0.015694 0.730833 0.015694 0.730169
0 0.014085 0.72685 0.014085 0.727846 0.014487 0.727846 0.014487 0.72685
0 0.013682 0.720544 0.013682 0.720876 0.014487 0.720876 0.014487 0.720544
0 0.011268 0.707932 0.011268 0.708264 0.01167 0.708264 0.01167 0.707932
0 0.072032 0.688019 0.07163 0.68835 0.068813 0.68835 0.06841 0.688682 0.065191 0.688682 0.064789 0.689014 0.061972 0.689014 0.061569 0.689346 0.05835 0.689346 0.057948 0.689678 0.054728 0.689678 0.054326 0.69001 0.051509 0.69001 0.051107 0.690342 0.04829 0.690342 0.047485 0.691006 0.047082 0.691006 0.046278 0.691669 0.045875 0.691669 0.045473 0.692001 0.044668 0.692001 0.044266 0.692333 0.041046 0.692333 0.040644 0.692665 0.037827 0.692665 0.037425 0.692997 0.035412 0.692997 0.03501 0.692665 0.03501 0.692333 0.034608 0.692333 0.034608 0.692665 0.033803 0.693329 0.030986 0.693329 0.030584 0.693661 0.028571 0.693661 0.028169 0.693329 0.028169 0.692997 0.027364 0.692997 0.026962 0.693329 0.027364 0.693661 0.026962 0.693993 0.024547 0.693993 0.024145 0.693661 0.024145 0.693329 0.023742 0.693329 0.02334 0.693661 0.022938 0.693329 0.022133 0.693329 0.022133 0.693661 0.023742 0.693661 0.024145 0.693993 0.023742 0.694325 0.020523 0.694325 0.020121 0.694656 0.019718 0.694656 0.018913 0.693993 0.018109 0.693993 0.018109 0.694325 0.018511 0.694656 0.018109 0.694988 0.016901 0.694988 0.016499 0.69532 0.014085 0.69532 0.01328 0.695984 0.012475 0.695984 0.012475 0.696316 0.012072 0.696648 0.012072 0.69698 0.012475 0.697312 0.012475 0.697975 0.012072 0.698307 0.012072 0.698639 0.012475 0.698971 0.012475 0.699635 0.012877 0.699967 0.012877 0.702622 0.01328 0.702954 0.012877 0.703286 0.012072 0.703286 0.012072 0.703618 0.012877 0.703618 0.01328 0.70395 0.01328 0.705609 0.013682 0.705941 0.013682 0.708264 0.014085 0.708596 0.014085 0.711251 0.014487 0.711583 0.014487 0.713906 0.014889 0.714238 0.014889 0.716893 0.015292 0.717225 0.015292 0.719881 0.015694 0.720212 0.015694 0.722536 0.016097 0.722868 0.016097 0.725523 0.016499 0.725855 0.016499 0.728178 0.016901 0.72851 0.016901 0.731165 0.017304 0.731497 0.017304 0.73382 0.017706 0.734152 0.017706 0.736807 0.018109 0.737139 0.018109 0.739794 0.018511 0.740126 0.018511 0.742449 0.018913 0.742781 0.018913 0.745436 0.019316 0.745768 0.019316 0.748092 0.019718 0.748423 0.019718 0.751079 0.020121 0.751411 0.020121 0.753734 0.020523 0.754066 0.020523 0.755725 0.020121 0.756057 0.019316 0.756057 0.018913 0.755725 0.018913 0.755393 0.018109 0.755393 0.018109 0.756057 0.018913 0.756057 0.019316 0.756389 0.020121 0.756389 0.020926 0.757053 0.020926 0.757385 0.020523 0.757717 0.019718 0.757717 0.019316 0.757385 0.019316 0.757053 0.018511 0.757053 0.018511 0.757717 0.019316 0.757717 0.019718 0.758048 0.019718 0.75838 0.019316 0.758712 0.018511 0.758712 0.018511 0.759708 0.019718 0.759708 0.020121 0.76004 0.020121 0.760372 0.020926 0.760372 0.021328 0.760704 0.021328 0.762363 0.02173 0.762695 0.02173 0.76535 0.022133 0.765682 0.022133 0.768005 0.022535 0.768337 0.022535 0.770992 0.022938 0.771324 0.022938 0.773648 0.02334 0.773979 0.02334 0.776635 0.022535 0.777298 0.02173 0.777298 0.02173 0.77763 0.022535 0.77763 0.022938 0.777298 0.02334 0.777298 0.023742 0.77763 0.02334 0.777962 0.02334 0.778294 0.023742 0.778626 0.023742 0.779622 0.024145 0.779954 0.024145 0.780285 0.024547 0.780285 0.02495 0.780617 0.02495 0.782277 0.025352 0.782609 0.025352 0.785264 0.025755 0.785596 0.025755 0.787919 0.026157 0.788251 0.026157 0.78991 0.026559 0.790242 0.026559 0.790574 0.027364 0.790574 0.027767 0.790906 0.028974 0.790906 0.029376 0.791238 0.029779 0.791238 0.030181 0.79157 0.030181 0.793561 0.029779 0.793893 0.029779 0.794889 0.029376 0.795221 0.028571 0.795221 0.028571 0.795553 0.029376 0.795553 0.029779 0.795885 0.029779 0.796548 0.030181 0.79688 0.030181 0.797212 0.029779 0.797544 0.029376 0.797544 0.029376 0.797876 0.029779 0.797876 0.030181 0.798208 0.030181 0.799203 0.029779 0.799535 0.029779 0.799867 0.030181 0.799867 0.030584 0.800199 0.030584 0.801527 0.030986 0.801859 0.030584 0.802191 0.029779 0.802191 0.030181 0.802522 0.030181 0.803186 0.030986 0.803186 0.031388 0.803518 0.031388 0.80385 0.031791 0.80385 0.032193 0.804182 0.032193 0.804846 0.032596 0.805178 0.032596 0.805841 0.032193 0.806173 0.031791 0.806173 0.031388 0.806505 0.031388 0.807169 0.031791 0.806837 0.032193 0.806837 0.032596 0.807169 0.032596 0.807833 0.032998 0.808165 0.032596 0.808497 0.032193 0.808497 0.031791 0.808828 0.032596 0.808828 0.032998 0.80916 0.032998 0.810488 0.0334 0.81082 0.0334 0.813475 0.033803 0.813807 0.033803 0.81613 0.034205 0.816462 0.034205 0.817458 0.033803 0.81779 0.033803 0.818453 0.034205 0.818785 0.034205 0.819117 0.034608 0.819449 0.034608 0.822104 0.03501 0.822436 0.03501 0.823432 0.033803 0.824427 0.0334 0.824427 0.032998 0.824759 0.032998 0.825091 0.032193 0.825755 0.032193 0.826087 0.031791 0.826419 0.031791 0.826751 0.031388 0.827083 0.031388 0.827746 0.031791 0.828078 0.031791 0.828742 0.031388 0.829074 0.030986 0.829074 0.030986 0.829738 0.031388 0.83007 0.031388 0.831729 0.031791 0.832061 0.031388 0.832393 0.030986 0.832393 0.030986 0.832725 0.031388 0.832725 0.031791 0.833057 0.031791 0.833389 0.032193 0.833721 0.032193 0.83538 0.031791 0.835712 0.030986 0.835712 0.030986 0.836044 0.031791 0.836044 0.032596 0.836708 0.032596 0.838035 0.032193 0.838367 0.031388 0.838367 0.031388 0.839031 0.032193 0.839031 0.0334 0.840027 0.0334 0.84069 0.032998 0.841022 0.032998 0.841354 0.0334 0.841686 0.0334 0.842018 0.033803 0.84235 0.033803 0.84766 0.034205 0.847992 0.034205 0.84932 0.033803 0.849652 0.033803 0.849983 0.034205 0.850315 0.033803 0.850647 0.034205 0.850979 0.034205 0.851975 0.034608 0.852307 0.034608 0.85297 0.034205 0.853302 0.03501 0.853966 0.03501 0.854298 0.034608 0.85463 0.034608 0.855294 0.03501 0.855626 0.03501 0.857285 0.035412 0.857617 0.035412 0.858281 0.03501 0.858613 0.034608 0.858613 0.034608 0.858945 0.03501 0.858945 0.035815 0.859608 0.035815 0.85994 0.035412 0.860272 0.03501 0.860272 0.03501 0.860604 0.035412 0.860604 0.035815 0.860936 0.035815 0.861932 0.036217 0.862264 0.036217 0.863259 0.035815 0.863591 0.035815 0.864587 0.036217 0.864919 0.036217 0.866246 0.03662 0.866578 0.03662 0.867574 0.037022 0.867906 0.037022 0.869565 0.03662 0.869897 0.03662 0.870561 0.037425 0.871225 0.037022 0.871557 0.037022 0.87222 0.037425 0.872552 0.037425 0.872884 0.037022 0.873216 0.03662 0.873216 0.03662 0.873548 0.037425 0.873548 0.037827 0.87388 0.037827 0.874544 0.037425 0.874876 0.037425 0.875207 0.037827 0.875539 0.037425 0.875871 0.037425 0.876203 0.037827 0.876203 0.038229 0.876535 0.038229 0.877199 0.037827 0.877531 0.037827 0.878194 0.038229 0.878526 0.038229 0.87919 0.038632 0.879522 0.038632 0.880518 0.038229 0.88085 0.037827 0.88085 0.037827 0.881513 0.038229 0.881845 0.038632 0.881845 0.039034 0.882177 0.039034 0.883505 0.038632 0.883837 0.038632 0.8845 0.039034 0.884832 0.038632 0.885164 0.038229 0.885164 0.038229 0.885496 0.039034 0.885496 0.039437 0.885828 0.039034 0.88616 0.039034 0.886824 0.039437 0.887156 0.039437 0.887488 0.039839 0.887819 0.039839 0.891138 0.040241 0.89147 0.040241 0.893462 0.040644 0.893794 0.040241 0.894125 0.039437 0.894125 0.039437 0.894457 0.040241 0.894457 0.040644 0.894789 0.040644 0.896117 0.041046 0.896449 0.040644 0.896781 0.040644 0.897113 0.041046 0.897444 0.040644 0.897776 0.040644 0.898108 0.041046 0.89844 0.040644 0.898772 0.040644 0.9001 0.041046 0.9001 0.041449 0.900431 0.041449 0.900763 0.041851 0.901095 0.041851 0.901427 0.042254 0.901427 0.042656 0.901759 0.042656 0.902423 0.043058 0.902755 0.043058 0.904746 0.043461 0.905078 0.043461 0.907069 0.044266 0.907733 0.043863 0.908065 0.043461 0.908065 0.043461 0.908397 0.043863 0.908397 0.044266 0.908729 0.044266 0.910388 0.044668 0.91072 0.044668 0.911052 0.044266 0.911384 0.044266 0.91238 0.044668 0.912712 0.044668 0.913043 0.04507 0.913375 0.04507 0.914371 0.044266 0.915035 0.044266 0.915367 0.044668 0.915699 0.044668 0.916031 0.04507 0.916362 0.04507 0.919018 0.045473 0.919349 0.045473 0.919681 0.045875 0.920013 0.045875 0.920677 0.045473 0.921009 0.04507 0.921009 0.04507 0.921673 0.045875 0.921673 0.046278 0.922005 0.046278 0.92466 0.04668 0.924992 0.04668 0.927315 0.047082 0.927647 0.047082 0.928974 0.04668 0.929306 0.04668 0.930302 0.047082 0.930634 0.047082 0.930966 0.047485 0.931298 0.047485 0.932957 0.047887 0.933289 0.047887 0.933953 0.047485 0.934285 0.047082 0.933953 0.046278 0.933953 0.046278 0.934617 0.04668 0.934949 0.04668 0.93528 0.047485 0.935944 0.047485 0.936276 0.047082 0.936608 0.04668 0.936608 0.04668 0.937272 0.047082 0.937272 0.047485 0.937604 0.047485 0.937936 0.047082 0.938268 0.04668 0.938268 0.04668 0.938599 0.046278 0.938931 0.045473 0.938931 0.045473 0.941586 0.04507 0.941918 0.04507 0.943246 0.044668 0.943578 0.044668 0.944574 0.04507 0.944905 0.04507 0.947561 0.045875 0.948224 0.045875 0.948556 0.04668 0.94922 0.04668 0.949552 0.047485 0.950216 0.047887 0.950216 0.04829 0.950548 0.049095 0.950548 0.049497 0.95088 0.050302 0.95088 0.050704 0.951211 0.051911 0.951211 0.052314 0.95088 0.052716 0.95088 0.053119 0.951211 0.053119 0.951543 0.053521 0.951875 0.055533 0.951875 0.055936 0.952207 0.055533 0.952539 0.054728 0.952539 0.054728 0.952871 0.055131 0.953203 0.055936 0.953203 0.056338 0.953535 0.056338 0.955526 0.05674 0.955858 0.056338 0.95619 0.056338 0.956854 0.05674 0.957186 0.05674 0.959177 0.057143 0.959509 0.057143 0.961168 0.057948 0.961832 0.057948 0.962164 0.05835 0.962496 0.05835 0.964155 0.059155 0.964819 0.059155 0.965151 0.05996 0.965815 0.060362 0.965815 0.060765 0.966147 0.061167 0.966147 0.061569 0.966479 0.062374 0.966479 0.062777 0.96681 0.063581 0.96681 0.063984 0.966479 0.064789 0.966479 0.065191 0.96681 0.065594 0.96681 0.066398 0.966147 0.066801 0.966147 0.066801 0.965815 0.067203 0.965483 0.068008 0.965483 0.068008 0.965151 0.069215 0.964155 0.069618 0.964487 0.070423 0.964487 0.070825 0.964155 0.073642 0.964155 0.074044 0.963823 0.077264 0.963823 0.077666 0.963492 0.080483 0.963492 0.080885 0.96316 0.084105 0.96316 0.084507 0.962828 0.087726 0.962828 0.088129 0.962496 0.090946 0.962496 0.091348 0.962164 0.092958 0.962164 0.09336 0.961832 0.094567 0.961832 0.09497 0.9615 0.097787 0.9615 0.098189 0.961168 0.101408 0.961168 0.101408 0.960836 0.102213 0.960173 0.102616 0.960173 0.102616 0.959509 0.102213 0.959177 0.103018 0.958513 0.103018 0.957849 0.103823 0.957186 0.104628 0.957186 0.10503 0.956854 0.107847 0.956854 0.108249 0.956522 0.111469 0.956522 0.111871 0.95619 0.115091 0.95619 0.115493 0.956522 0.1167 0.956522 0.117505 0.957186 0.117505 0.957849 0.117907 0.958181 0.117907 0.958513 0.118712 0.959177 0.119115 0.958845 0.119517 0.959177 0.121932 0.959177 0.122334 0.958845 0.125553 0.958845 0.125956 0.958513 0.128773 0.958513 0.129175 0.958181 0.129577 0.958181 0.12998 0.958513 0.13159 0.958513 0.131992 0.958181 0.132394 0.958181 0.132797 0.958513 0.132797 0.958845 0.132394 0.959177 0.13159 0.959177 0.13159 0.959509 0.132394 0.959509 0.132797 0.959177 0.133199 0.959509 0.133199 0.959841 0.132797 0.960173 0.132797 0.960504 0.134004 0.960504 0.134406 0.960836 0.134004 0.961168 0.134004 0.962164 0.134406 0.962496 0.134406 0.962828 0.134004 0.96316 0.134406 0.963492 0.134406 0.964155 0.134809 0.964487 0.134809 0.966147 0.135211 0.966479 0.135211 0.96681 0.135614 0.967142 0.135614 0.967806 0.135211 0.968138 0.135211 0.96847 0.136016 0.96847 0.136419 0.968802 0.136419 0.970129 0.136821 0.970461 0.136821 0.971789 0.137223 0.972121 0.137223 0.97378 0.137626 0.974112 0.137626 0.974444 0.138028 0.974776 0.138028 0.977431 0.138431 0.977763 0.138431 0.980418 0.138833 0.98075 0.138833 0.981746 0.139235 0.981746 0.139638 0.982078 0.14004 0.982078 0.140443 0.98241 0.140845 0.98241 0.141247 0.982078 0.144467 0.982078 0.144869 0.981746 0.148089 0.981746 0.148893 0.981082 0.149296 0.981082 0.150101 0.980418 0.150101 0.980086 0.149698 0.979754 0.149698 0.977431 0.149296 0.977099 0.149296 0.974444 0.148893 0.974112 0.148893 0.971457 0.148491 0.971125 0.148491 0.968802 0.148089 0.96847 0.148089 0.965815 0.147686 0.965483 0.147686 0.96316 0.147284 0.962828 0.147284 0.960173 0.146881 0.959841 0.146881 0.957517 0.146479 0.957186 0.146479 0.95453 0.146076 0.954198 0.146076 0.951543 0.145674 0.951211 0.145674 0.950216 0.146076 0.949884 0.146479 0.950216 0.146479 0.95088 0.147284 0.951543 0.147284 0.951875 0.148089 0.952539 0.147284 0.953203 0.146881 0.953203 0.146881 0.953535 0.147284 0.953535 0.147686 0.953867 0.147686 0.954198 0.148089 0.95453 0.148089 0.954862 0.148491 0.955194 0.148491 0.955858 0.148893 0.95619 0.148893 0.956522 0.149296 0.956854 0.149296 0.958181 0.149698 0.958513 0.149296 0.958845 0.149296 0.959177 0.148893 0.959509 0.148893 0.959841 0.149296 0.960173 0.149698 0.960173 0.150101 0.960504 0.149698 0.960836 0.149698 0.962496 0.150101 0.962828 0.150101 0.963492 0.150503 0.963823 0.150101 0.964155 0.150101 0.965151 0.150905 0.965815 0.150905 0.968138 0.151308 0.96847 0.151308 0.969798 0.152113 0.970461 0.152113 0.970793 0.15332 0.971789 0.153722 0.971789 0.154125 0.972121 0.154527 0.971789 0.15493 0.972121 0.157746 0.972121 0.158149 0.971789 0.160966 0.971789 0.161368 0.971457 0.164588 0.971457 0.16499 0.971125 0.168209 0.971125 0.168612 0.970793 0.171429 0.970793 0.171831 0.970461 0.17505 0.970461 0.175453 0.970129 0.17827 0.970129 0.178672 0.969798 0.181891 0.969798 0.182294 0.969466 0.185111 0.969466 0.185513 0.969134 0.188732 0.969134 0.189135 0.968802 0.192354 0.968802 0.192757 0.96847 0.195573 0.96847 0.195976 0.968138 0.199195 0.968138 0.199598 0.967806 0.202414 0.967806 0.202817 0.967474 0.206036 0.967474 0.206439 0.967142 0.209256 0.967142 0.209658 0.96681 0.212877 0.96681 0.21328 0.966479 0.216499 0.966479 0.216901 0.966147 0.217706 0.966147 0.218109 0.966479 0.218109 0.967142 0.218511 0.967474 0.218511 0.967806 0.220121 0.967806 0.220523 0.968138 0.220523 0.968802 0.220926 0.969134 0.220926 0.970461 0.221328 0.970793 0.221328 0.973116 0.222133 0.97378 0.222133 0.97544 0.222938 0.976104 0.223742 0.976104 0.224145 0.976435 0.224547 0.976104 0.227364 0.976104 0.227767 0.975772 0.230986 0.975772 0.231388 0.97544 0.234205 0.97544 0.234608 0.975108 0.237827 0.975108 0.238229 0.974776 0.241046 0.974776 0.241449 0.974444 0.242254 0.974444 0.242656 0.974112 0.243058 0.974112 0.243863 0.973448 0.243863 0.973116 0.244266 0.972785 0.244266 0.972121 0.24507 0.971457 0.24507 0.971125 0.24668 0.969798 0.247887 0.969798 0.24829 0.969466 0.24829 0.969134 0.248692 0.968802 0.252314 0.968802 0.252716 0.969134 0.253924 0.969134 0.254326 0.969466 0.254326 0.969798 0.255533 0.969798 0.256338 0.970461 0.25835 0.970461 0.258753 0.970129 0.261569 0.970129 0.261972 0.969798 0.263984 0.969798 0.264386 0.969466 0.264789 0.969466 0.268008 0.96681 0.268008 0.966479 0.26841 0.966147 0.26841 0.965151 0.268813 0.964819 0.268813 0.96316 0.26841 0.962828 0.26841 0.960173 0.268008 0.959841 0.268008 0.957186 0.267606 0.956854 0.267606 0.95453 0.267203 0.954198 0.267203 0.951875 0.266398 0.951211 0.266398 0.950548 0.265594 0.949884 0.265594 0.94922 0.264789 0.948556 0.263984 0.948556 0.263581 0.948224 0.263581 0.947892 0.262777 0.947229 0.262777 0.946897 0.261569 0.945901 0.261167 0.945901 0.25996 0.944905 0.259557 0.944905 0.257948 0.943578 0.257143 0.943578 0.25674 0.943246 0.25674 0.940591 0.256338 0.940591 0.255936 0.940259 0.255936 0.937936 0.255533 0.937604 0.255533 0.934949 0.255131 0.934617 0.255131 0.932293 0.254728 0.932293 0.254326 0.931962 0.254326 0.929306 0.253924 0.928974 0.253924 0.927647 0.253521 0.927647 0.252716 0.926983 0.252314 0.926983 0.251911 0.927315 0.248692 0.927315 0.24829 0.927647 0.245473 0.927647 0.24507 0.927979 0.241851 0.927979 0.241449 0.928311 0.238632 0.928311 0.238229 0.928643 0.23501 0.928643 0.234608 0.928974 0.231388 0.928974 0.230986 0.929306 0.228169 0.929306 0.227767 0.929638 0.224547 0.929638 0.224145 0.92997 0.221328 0.92997 0.220926 0.930302 0.217706 0.930302 0.217304 0.930634 0.214487 0.930634 0.214085 0.930966 0.210865 0.930966 0.210463 0.931298 0.207243 0.931298 0.206841 0.93163 0.204024 0.93163 0.203622 0.931962 0.200402 0.931962 0.2 0.932293 0.197183 0.932293 0.196781 0.932625 0.196378 0.932625 0.195573 0.931962 0.195573 0.931298 0.194366 0.931298 0.194366 0.93163 0.194769 0.931962 0.194366 0.932293 0.193561 0.932293 0.193159 0.932625 0.190342 0.932625 0.18994 0.932957 0.18672 0.932957 0.186318 0.933289 0.183099 0.933289 0.182696 0.933621 0.179879 0.933621 0.179879 0.933953 0.179477 0.934285 0.176258 0.934285 0.175855 0.934617 0.173038 0.934617 0.172636 0.934949 0.169416 0.934949 0.169014 0.93528 0.166197 0.93528 0.165795 0.935612 0.162575 0.935612 0.162173 0.935944 0.158954 0.935944 0.158551 0.936276 0.155734 0.936276 0.155332 0.936608 0.152113 0.936608 0.15171 0.93694 0.148893 0.93694 0.148491 0.937272 0.145272 0.937272 0.144869 0.937604 0.142052 0.937604 0.14165 0.937936 0.138431 0.937936 0.138028 0.938268 0.134809 0.938268 0.134406 0.938599 0.13159 0.938599 0.131187 0.938931 0.127968 0.938931 0.127565 0.939263 0.124748 0.939263 0.124346 0.939595 0.121127 0.939595 0.120724 0.939927 0.11992 0.939927 0.119517 0.939595 0.11992 0.939263 0.11992 0.938599 0.11831 0.938599 0.117907 0.938268 0.117907 0.935944 0.117505 0.935612 0.117505 0.932957 0.117103 0.932625 0.117103 0.930302 0.1167 0.92997 0.1167 0.927315 0.116298 0.926983 0.116298 0.925655 0.115895 0.925324 0.115895 0.92466 0.116298 0.924328 0.115895 0.923996 0.115895 0.923664 0.115091 0.923664 0.114688 0.923332 0.114688 0.921673 0.114286 0.921341 0.114286 0.918686 0.113883 0.918354 0.113883 0.91769 0.114688 0.917026 0.114688 0.916694 0.115091 0.916362 0.115091 0.916031 0.114688 0.915699 0.114688 0.913043 0.114286 0.912712 0.114286 0.91238 0.113481 0.91238 0.113078 0.912048 0.113078 0.910388 0.112676 0.910056 0.112676 0.907401 0.112274 0.907069 0.113078 0.906406 0.113078 0.905742 0.113481 0.90541 0.113481 0.904414 0.113078 0.904082 0.113078 0.903087 0.112676 0.902755 0.113078 0.902423 0.113481 0.902423 0.113481 0.901759 0.113078 0.901427 0.112676 0.901427 0.112274 0.901095 0.112274 0.900431 0.112676 0.9001 0.112676 0.899104 0.111469 0.898108 0.111469 0.897444 0.111066 0.897113 0.111066 0.896117 0.110664 0.895785 0.110664 0.894457 0.111066 0.894125 0.111469 0.894125 0.111469 0.893794 0.111066 0.893462 0.111066 0.89313 0.110664 0.892798 0.110664 0.890475 0.110262 0.890143 0.110262 0.887488 0.109859 0.887156 0.109859 0.8845 0.109457 0.884169 0.109457 0.882177 0.108652 0.881513 0.108652 0.878858 0.108249 0.878526 0.108249 0.876203 0.107847 0.875871 0.107847 0.873216 0.107445 0.872884 0.107445 0.870561 0.107042 0.870229 0.107042 0.867574 0.10664 0.867242 0.10664 0.864919 0.106237 0.864587 0.106237 0.861932 0.105835 0.8616 0.105835 0.858945 0.105433 0.858613 0.105433 0.856289 0.10503 0.855958 0.10503 0.853302 0.104628 0.85297 0.104628 0.850647 0.104225 0.850315 0.104225 0.84766 0.103823 0.847328 0.103823 0.844673 0.103421 0.844341 0.103421 0.84069 0.103823 0.840358 0.103823 0.839031 0.103421 0.838699 0.103421 0.838367 0.103018 0.838035 0.103018 0.837703 0.103421 0.837371 0.103421 0.836708 0.102616 0.836044 0.102616 0.834052 0.101408 0.833057 0.101408 0.832393 0.101811 0.832061 0.101811 0.830733 0.101408 0.830402 0.101408 0.827746 0.101006 0.827415 0.101006 0.825755 0.101408 0.825423 0.101408 0.824759 0.101006 0.824427 0.101006 0.822436 0.100201 0.821772 0.100201 0.819117 0.099799 0.818785 0.099799 0.816462 0.099396 0.81613 0.099396 0.813475 0.098994 0.813143 0.098994 0.81082 0.098592 0.810488 0.098592 0.807833 0.098189 0.807501 0.098189 0.804846 0.097787 0.804514 0.097787 0.802191 0.097384 0.801859 0.097384 0.799203 0.096982 0.798872 0.096982 0.796548 0.096579 0.796216 0.096579 0.793561 0.096177 0.793229 0.096177 0.790906 0.095775 0.790574 0.095775 0.787919 0.095372 0.787587 0.095372 0.784932 0.09497 0.7846 0.09497 0.782277 0.094567 0.781945 0.094567 0.77929 0.094165 0.778958 0.094165 0.776635 0.093763 0.776303 0.093763 0.773648 0.09336 0.773316 0.09336 0.770992 0.092555 0.770329 0.092555 0.769333 0.092958 0.769001 0.092958 0.768005 0.092555 0.767673 0.092555 0.765018 0.092153 0.764686 0.092153 0.762363 0.091751 0.762031 0.091751 0.759376 0.091348 0.759044 0.091348 0.756721 0.090946 0.756389 0.090946 0.753734 0.090543 0.753402 0.090543 0.751079 0.090141 0.750747 0.090141 0.748092 0.089738 0.74776 0.089738 0.745105 0.089336 0.744773 0.089336 0.742449 0.088934 0.742117 0.088934 0.739462 0.088531 0.73913 0.088531 0.736807 0.088129 0.736475 0.088129 0.73382 0.087726 0.733488 0.087726 0.731497 0.087324 0.731165 0.087726 0.730833 0.087324 0.730501 0.087324 0.728178 0.086519 0.727514 0.086519 0.725191 0.086117 0.724859 0.086519 0.724527 0.086519 0.722536 0.086117 0.722204 0.086117 0.719549 0.085714 0.719217 0.085714 0.717225 0.085312 0.717225 0.084507 0.716562 0.084507 0.715566 0.084105 0.715234 0.084105 0.713906 0.083702 0.713575 0.083702 0.711583 0.0833 0.711251 0.082897 0.711251 0.082495 0.710919 0.08008 0.710919 0.079678 0.710587 0.079678 0.710256 0.079276 0.709924 0.079276 0.708596 0.078873 0.708264 0.078873 0.7076 0.078471 0.707269 0.078471 0.705609 0.078068 0.705277 0.078068 0.702954 0.077666 0.702622 0.077666 0.699967 0.077264 0.699635 0.077264 0.69698 0.076861 0.696648 0.076861 0.694325 0.076459 0.693993 0.076459 0.691338 0.076056 0.691006 0.076056 0.689346 0.075654 0.689014 0.075654 0.688682 0.075252 0.688682 0.074849 0.68835 0.074447 0.68835 0.074044 0.688019
