0 0.921972 0.58606 0.920807 0.587127 0.920807 0.587482 0.921196 0.587838 0.921584 0.587838 0.922748 0.586771
0 0.959627 0.498933 0.959239 0.499289 0.959239 0.499644 0.958851 0.5 0.963121 0.503912 0.963509 0.503912 0.963898 0.503556 0.966615 0.506046 0.967003 0.506046 0.967391 0.506401 0.96778 0.506401 0.968556 0.50569 0.968556 0.505334 0.968168 0.504979 0.96778 0.504979 0.965062 0.502489 0.964674 0.502489 0.964286 0.502845 0.960016 0.498933
0 0.896739 0.444523 0.895963 0.445235 0.895963 0.445946 0.897516 0.447368 0.897904 0.447368 0.904115 0.453058 0.904503 0.453058 0.90722 0.455548 0.907609 0.455548 0.908385 0.454836 0.908385 0.454481 0.905668 0.451991 0.90528 0.451991 0.899068 0.446302 0.89868 0.446302
0 0.873835 0.423898 0.873059 0.424609 0.873059 0.424964 0.876941 0.428521 0.878106 0.427454 0.874224 0.423898
0 0.848214 0.400427 0.847826 0.400782 0.847826 0.401494 0.848214 0.401849 0.848602 0.401849 0.855202 0.407895 0.85559 0.407895 0.856755 0.408962 0.857143 0.408962 0.857919 0.40825 0.857919 0.407895 0.856755 0.406828 0.856366 0.406828 0.849767 0.400782 0.849379 0.400782 0.848991 0.400427
0 0.828804 0.380868 0.828028 0.381579 0.828028 0.38229 0.831522 0.385491 0.83191 0.385491 0.838121 0.391181 0.838509 0.391181 0.838898 0.391536 0.840062 0.390469 0.839674 0.390114 0.839286 0.390114 0.833075 0.384424 0.832686 0.384424
0 0.811724 0.375178 0.810947 0.375889 0.810947 0.376245 0.813665 0.378734 0.814829 0.377667 0.812112 0.375178
0 0.762422 0.30761 0.761646 0.308321 0.761646 0.308677 0.763587 0.310455 0.763975 0.310455 0.764752 0.309744 0.764752 0.309388 0.762811 0.30761
0 0.728261 0.276671 0.727096 0.277738 0.727096 0.278094 0.729037 0.279872 0.729425 0.279872 0.735637 0.285562 0.736025 0.285562 0.736801 0.286273 0.737189 0.286273 0.737189 0.285917 0.737966 0.285206 0.737966 0.284851 0.735248 0.282361 0.73486 0.282361 0.729037 0.277027 0.728649 0.277027
0 0.604814 0.154339 0.604037 0.15505 0.604425 0.155405 0.604425 0.156117 0.60559 0.156117 0.605978 0.155761 0.605978 0.155405 0.606366 0.15505 0.60559 0.154339 0.605202 0.154694
0 0.44837 0.067568 0.447205 0.068634 0.448758 0.070057 0.449534 0.070057 0.450311 0.069346 0.450311 0.06899 0.449922 0.068634 0.449922 0.068279 0.449534 0.067923 0.449146 0.067923 0.448758 0.067568
0 0.482919 0.062233 0.482143 0.062945 0.483307 0.064011 0.484472 0.062945 0.483696 0.062233
0 0.495342 0.056543 0.493012 0.058677 0.492624 0.058321 0.492236 0.058321 0.49146 0.059033 0.49146 0.059388 0.486801 0.063656 0.486801 0.064011 0.487189 0.064367 0.484084 0.067212 0.480978 0.064367 0.48059 0.064723 0.480202 0.064723 0.477096 0.061878 0.476708 0.061878 0.47632 0.061522 0.475932 0.061522 0.472826 0.064367 0.472438 0.064011 0.471273 0.064011 0.470885 0.063656 0.470497 0.063656 0.465062 0.068634 0.463898 0.067568 0.463509 0.067568 0.460792 0.065078 0.460404 0.065078 0.460016 0.065434 0.458851 0.064367 0.458463 0.064367 0.454969 0.067568 0.454969 0.067923 0.453028 0.069701 0.453028 0.070057 0.454193 0.071124 0.453804 0.071479 0.453416 0.071479 0.45264 0.070768 0.451863 0.070768 0.451475 0.071124 0.451087 0.070768 0.450699 0.070768 0.449146 0.072191 0.447205 0.070413 0.446817 0.070413 0.44604 0.071124 0.445652 0.071124 0.445264 0.070768 0.444876 0.071124 0.444876 0.071479 0.439829 0.076102 0.439441 0.076102 0.435559 0.079659 0.435559 0.080014 0.429348 0.085704 0.429348 0.08606 0.422748 0.092105 0.422748 0.092461 0.416537 0.098151 0.416537 0.098506 0.410326 0.104196 0.410326 0.104552 0.403727 0.110597 0.403727 0.110953 0.397516 0.116643 0.397516 0.116999 0.390916 0.123044 0.390916 0.1234 0.384705 0.12909 0.384705 0.129445 0.380435 0.133357 0.380435 0.133713 0.381599 0.13478 0.381988 0.13478 0.382764 0.135491 0.382764 0.135846 0.382376 0.136202 0.382764 0.136558 0.382764 0.136913 0.378882 0.140469 0.378494 0.140114 0.373835 0.144381 0.373835 0.145448 0.372283 0.146871 0.372283 0.147226 0.371506 0.147937 0.371118 0.147937 0.37073 0.147582 0.369177 0.149004 0.368789 0.149004 0.368401 0.148649 0.366848 0.150071 0.366848 0.150427 0.36646 0.150782 0.366848 0.151138 0.366071 0.151849 0.366071 0.152205 0.364519 0.153627 0.364519 0.153983 0.364907 0.154339 0.364519 0.154694 0.364519 0.155761 0.362966 0.157183 0.362966 0.15825 0.361025 0.160028 0.361025 0.160384 0.360637 0.16074 0.360637 0.161095 0.361025 0.161451 0.360637 0.161807 0.361025 0.162162 0.361025 0.162518 0.360248 0.163229 0.360248 0.163585 0.359084 0.164651 0.35986 0.165363 0.360637 0.165363 0.361025 0.165007 0.361413 0.165363 0.361413 0.165718 0.361801 0.166074 0.361025 0.166785 0.361025 0.167141 0.361413 0.167496 0.360248 0.168563 0.360248 0.168919 0.360637 0.169275 0.356755 0.172831 0.356755 0.173186 0.350543 0.178876 0.350543 0.179232 0.343944 0.185277 0.343944 0.185633 0.338509 0.190612 0.338509 0.191679 0.337345 0.192745 0.337345 0.193101 0.332686 0.197368 0.333075 0.197724 0.333075 0.19808 0.332298 0.198791 0.332298 0.199147 0.333075 0.199858 0.333075 0.200569 0.333851 0.20128 0.333851 0.201636 0.333463 0.201991 0.333851 0.202347 0.333851 0.203414 0.334239 0.20377 0.333851 0.204125 0.333851 0.204481 0.333463 0.204836 0.333075 0.204836 0.331522 0.206259 0.331522 0.206615 0.33191 0.20697 0.331522 0.207326 0.331522 0.207681 0.33191 0.208037 0.331134 0.208748 0.330745 0.208748 0.329969 0.208037 0.32764 0.210171 0.328804 0.211238 0.324922 0.214794 0.325311 0.215149 0.325311 0.215505 0.324534 0.216216 0.324534 0.217639 0.324922 0.217994 0.323758 0.219061 0.324922 0.220128 0.324534 0.220484 0.324534 0.220839 0.324922 0.221195 0.324146 0.221906 0.324146 0.222262 0.324534 0.222617 0.324146 0.222973 0.324146 0.223329 0.324534 0.223684 0.324146 0.22404 0.324146 0.225107 0.324534 0.225462 0.324146 0.225818 0.324146 0.226174 0.325699 0.227596 0.325699 0.227952 0.325311 0.228307 0.326863 0.22973 0.327252 0.22973 0.328416 0.230797 0.328028 0.231152 0.328028 0.231508 0.33191 0.235064 0.332298 0.235064 0.332686 0.23542 0.332686 0.235775 0.332298 0.236131 0.336957 0.240398 0.337345 0.240398 0.34278 0.245377 0.34278 0.246088 0.348602 0.251422 0.348991 0.251422 0.35559 0.257468 0.355978 0.257468 0.35986 0.261024 0.359472 0.26138 0.359472 0.262091 0.362189 0.26458 0.362578 0.26458 0.369177 0.270626 0.369565 0.270626 0.375776 0.276316 0.376165 0.276316 0.381599 0.281294 0.381599 0.282361 0.381988 0.282361 0.388199 0.288051 0.388587 0.288051 0.395186 0.294097 0.395575 0.294097 0.401786 0.299787 0.402174 0.299787 0.404115 0.301565 0.403727 0.30192 0.403727 0.302276 0.40722 0.305477 0.407609 0.305477 0.41382 0.311166 0.414208 0.311166 0.420807 0.317212 0.421196 0.317212 0.421584 0.317568 0.421584 0.317923 0.421196 0.318279 0.425854 0.322546 0.426242 0.322546 0.430124 0.326102 0.430512 0.326102 0.430901 0.325747 0.43323 0.327881 0.433618 0.327881 0.434006 0.328236 0.434394 0.327881 0.436335 0.327881 0.436724 0.327525 0.437112 0.327525 0.4375 0.327881 0.437888 0.327525 0.438276 0.327881 0.438665 0.327881 0.439053 0.327525 0.439441 0.327881 0.439829 0.327881 0.440217 0.327525 0.440606 0.327881 0.440994 0.327525 0.441382 0.327525 0.44177 0.327881 0.442158 0.327525 0.442547 0.327525 0.443323 0.328236 0.443323 0.329303 0.443711 0.329659 0.444099 0.329659 0.447593 0.332859 0.447981 0.332859 0.44837 0.332504 0.451863 0.335704 0.452252 0.335704 0.458851 0.34175 0.459239 0.34175 0.46545 0.34744 0.465839 0.34744 0.472438 0.353485 0.472826 0.353485 0.479037 0.359175 0.479425 0.359175 0.486025 0.36522 0.486413 0.36522 0.491848 0.370199 0.491848 0.37091 0.497671 0.376245 0.498059 0.376245 0.503494 0.381223 0.503494 0.381935 0.504658 0.383001 0.504658 0.383357 0.50427 0.383713 0.504658 0.384068 0.504658 0.384424 0.50427 0.38478 0.504658 0.385135 0.504658 0.385846 0.505047 0.386202 0.505047 0.386558 0.504658 0.386913 0.504658 0.387269 0.505047 0.387624 0.504658 0.38798 0.504658 0.388336 0.505047 0.388691 0.504658 0.389047 0.504658 0.389403 0.505047 0.389758 0.504658 0.390114 0.504658 0.390469 0.505435 0.391181 0.505435 0.392248 0.505823 0.392248 0.512034 0.397937 0.512422 0.397937 0.513975 0.39936 0.513587 0.399716 0.513587 0.400071 0.517081 0.403272 0.517469 0.403272 0.52368 0.408962 0.524068 0.408962 0.530668 0.415007 0.531056 0.415007 0.536879 0.420341 0.536879 0.421053 0.542314 0.426031 0.542702 0.426031 0.549301 0.432077 0.549689 0.432077 0.555901 0.437767 0.556289 0.437767 0.562888 0.443812 0.563276 0.443812 0.565217 0.44559 0.565217 0.445946 0.564829 0.446302 0.567935 0.449147 0.568323 0.449147 0.574534 0.454836 0.574922 0.454836 0.581522 0.460882 0.58191 0.460882 0.588121 0.466572 0.588509 0.466572 0.59278 0.470484 0.592391 0.470839 0.592391 0.471195 0.593168 0.471906 0.593556 0.471906 0.599767 0.477596 0.600155 0.477596 0.606755 0.483642 0.607143 0.483642 0.613354 0.489331 0.613742 0.489331 0.620342 0.495377 0.62073 0.495377 0.621894 0.496444 0.621506 0.496799 0.621506 0.497155 0.625388 0.500711 0.625776 0.500711 0.631988 0.506401 0.632376 0.506401 0.634705 0.508535 0.633929 0.509246 0.633929 0.509957 0.634317 0.510313 0.633929 0.510669 0.633929 0.511024 0.634317 0.51138 0.633929 0.511735 0.634317 0.512091 0.634317 0.512447 0.633929 0.512802 0.634317 0.513158 0.634317 0.513514 0.633929 0.513869 0.63354 0.513514 0.633152 0.513514 0.632764 0.513869 0.632376 0.513869 0.631988 0.513514 0.631599 0.513869 0.631599 0.514225 0.631211 0.51458 0.631211 0.514936 0.632376 0.516003 0.632764 0.516003 0.634705 0.517781 0.634705 0.518137 0.634317 0.518492 0.634317 0.518848 0.628106 0.524538 0.628106 0.524893 0.621506 0.530939 0.621506 0.531294 0.615295 0.536984 0.615295 0.53734 0.611413 0.540896 0.611801 0.541252 0.611801 0.541607 0.611025 0.542319 0.611025 0.542674 0.611413 0.54303 0.610637 0.543741 0.610637 0.544452 0.611413 0.545164 0.611025 0.545519 0.611025 0.545875 0.611801 0.546586 0.611801 0.547297 0.617624 0.552632 0.618012 0.552632 0.618401 0.552276 0.619565 0.553343 0.619953 0.553343 0.626553 0.559388 0.626941 0.559388 0.633152 0.565078 0.63354 0.565078 0.64014 0.571124 0.640528 0.571124 0.642469 0.572902 0.642857 0.572546 0.643245 0.572546 0.648292 0.577169 0.64868 0.577169 0.65528 0.583215 0.655668 0.583215 0.661879 0.588905 0.662267 0.588905 0.668866 0.59495 0.669255 0.59495 0.671584 0.597084 0.671972 0.596728 0.67236 0.596728 0.673525 0.597795 0.673525 0.598151 0.673137 0.598506 0.673137 0.598862 0.672748 0.599218 0.673913 0.600284 0.674301 0.600284 0.675078 0.600996 0.676242 0.599929 0.675466 0.599218 0.675078 0.599218 0.673913 0.598151 0.674301 0.597795 0.675078 0.597795 0.676242 0.596728 0.67663 0.597084 0.67663 0.59744 0.676242 0.597795 0.677019 0.598506 0.677019 0.599929 0.678183 0.600996 0.678571 0.600996 0.680124 0.602418 0.680124 0.602774 0.679736 0.603129 0.683618 0.606686 0.684006 0.606686 0.689053 0.611309 0.688665 0.611664 0.688665 0.61202 0.689053 0.612376 0.689441 0.612376 0.69604 0.618421 0.695652 0.618777 0.697205 0.620199 0.697205 0.620555 0.696817 0.62091 0.69837 0.622333 0.698758 0.621977 0.699146 0.621977 0.700699 0.6234 0.701087 0.6234 0.703028 0.625178 0.703416 0.624822 0.703804 0.624822 0.705745 0.6266 0.70691 0.6266 0.707298 0.626956 0.708463 0.626956 0.709627 0.628023 0.709627 0.62909 0.710792 0.630156 0.710792 0.630868 0.71118 0.631223 0.710792 0.631579 0.710792 0.631935 0.71118 0.63229 0.710792 0.632646 0.710792 0.633001 0.71118 0.633357 0.71118 0.635135 0.711568 0.635491 0.71118 0.635846 0.71118 0.636202 0.711568 0.636558 0.711568 0.636913 0.717003 0.641892 0.717391 0.641892 0.723602 0.647582 0.723991 0.647582 0.73059 0.653627 0.730978 0.653627 0.732143 0.654694 0.732531 0.654694 0.733696 0.653627 0.733696 0.653272 0.739907 0.647582 0.739907 0.647226 0.746506 0.641181 0.746506 0.640825 0.752717 0.635135 0.752717 0.63478 0.75427 0.633357 0.755047 0.633357 0.761258 0.639047 0.761646 0.639047 0.763975 0.641181 0.764363 0.640825 0.764752 0.640825 0.767081 0.642959 0.767469 0.642959 0.767857 0.642603 0.771351 0.645804 0.771739 0.645804 0.77795 0.651494 0.778339 0.651494 0.778727 0.651138 0.779503 0.651849 0.779891 0.651849 0.78028 0.652205 0.781056 0.651494 0.78222 0.651494 0.783773 0.650071 0.783773 0.649716 0.786491 0.647226 0.787655 0.647226 0.789596 0.645448 0.789596 0.645092 0.795807 0.639403 0.795807 0.639047 0.796584 0.638336 0.796972 0.638336 0.79736 0.638691 0.801242 0.635135 0.80163 0.635491 0.803183 0.634068 0.803571 0.634424 0.80396 0.634424 0.806677 0.631935 0.807453 0.631935 0.812888 0.626956 0.812888 0.6266 0.817158 0.622688 0.817547 0.623044 0.817935 0.623044 0.818711 0.622333 0.818711 0.621977 0.824922 0.616287 0.824922 0.615932 0.831522 0.609886 0.831522 0.609531 0.837733 0.603841 0.837733 0.603485 0.844332 0.59744 0.844332 0.597084 0.845885 0.595661 0.84705 0.595661 0.850155 0.592817 0.850155 0.592461 0.856366 0.586771 0.856366 0.586415 0.862966 0.58037 0.862966 0.580014 0.869177 0.574324 0.869177 0.573969 0.871506 0.571835 0.871894 0.572191 0.872283 0.572191 0.875 0.569701 0.875 0.569346 0.881599 0.5633 0.881599 0.562945 0.887811 0.557255 0.887811 0.556899 0.892469 0.552632 0.892857 0.552987 0.893245 0.552987 0.893634 0.552632 0.893634 0.552276 0.900233 0.54623 0.900621 0.546586 0.902174 0.545164 0.902562 0.545519 0.90295 0.545519 0.903727 0.544808 0.905668 0.544808 0.906056 0.544452 0.906444 0.544808 0.907609 0.544808 0.907997 0.545164 0.908385 0.545164 0.908773 0.545519 0.909161 0.545164 0.90955 0.545164 0.910714 0.54623 0.911102 0.54623 0.917702 0.552276 0.91809 0.552276 0.924301 0.557966 0.924689 0.557966 0.931289 0.564011 0.931677 0.564011 0.93323 0.565434 0.933618 0.565078 0.934006 0.565078 0.937888 0.568634 0.938276 0.568279 0.939053 0.568279 0.940606 0.566856 0.940994 0.567212 0.941382 0.567212 0.944876 0.564011 0.944876 0.563656 0.947593 0.561166 0.947981 0.561166 0.94837 0.561522 0.950699 0.559388 0.950699 0.559033 0.95691 0.553343 0.95691 0.552987 0.960404 0.549787 0.960792 0.549787 0.966227 0.544808 0.966227 0.544452 0.972826 0.538407 0.972826 0.538051 0.979037 0.532361 0.979037 0.532006 0.981366 0.529872 0.979037 0.527738 0.979037 0.527383 0.979425 0.527027 0.978649 0.526316 0.978649 0.524893 0.977484 0.523826 0.977484 0.523115 0.973214 0.519203 0.973602 0.518848 0.966615 0.512447 0.966227 0.512447 0.963509 0.509957 0.963509 0.50889 0.961568 0.507112 0.96118 0.507112 0.954581 0.501067 0.954193 0.501067 0.953416 0.500356 0.953028 0.500356 0.95264 0.500711 0.952252 0.500356 0.949922 0.500356 0.943711 0.494666 0.943323 0.494666 0.936724 0.48862 0.936335 0.48862 0.934394 0.486842 0.934394 0.485775 0.931289 0.48293 0.931289 0.482219 0.92896 0.480085 0.92896 0.47973 0.929348 0.479374 0.927407 0.477596 0.927019 0.477596 0.920807 0.471906 0.920419 0.471906 0.915761 0.467639 0.916149 0.467283 0.916149 0.466927 0.915761 0.466572 0.915373 0.466572 0.909161 0.460882 0.908773 0.460882 0.902174 0.454836 0.901786 0.454836 0.895575 0.449147 0.895186 0.449147 0.888587 0.443101 0.888199 0.443101 0.882764 0.438122 0.883152 0.437767 0.876941 0.432077 0.876553 0.432077 0.869953 0.426031 0.869565 0.426031 0.863354 0.420341 0.862966 0.420341 0.862189 0.41963 0.862189 0.419275 0.862578 0.418919 0.859472 0.416074 0.858696 0.416074 0.858307 0.415718 0.858307 0.415007 0.857919 0.415007 0.854037 0.411451 0.854037 0.411095 0.854425 0.41074 0.853261 0.409673 0.852873 0.409673 0.852096 0.408962 0.851708 0.408962 0.85132 0.408606 0.85132 0.40825 0.849767 0.406828 0.849379 0.407183 0.848991 0.407183 0.84472 0.403272 0.84472 0.402916 0.845497 0.402205 0.842391 0.39936 0.842003 0.39936 0.841615 0.399716 0.839674 0.397937 0.839286 0.397937 0.832686 0.391892 0.832298 0.391892 0.826087 0.386202 0.825699 0.386202 0.822593 0.383357 0.822205 0.383357 0.821817 0.383713 0.821429 0.383357 0.82104 0.383357 0.820652 0.383713 0.819488 0.382646 0.819099 0.383001 0.818323 0.383001 0.817935 0.383357 0.817547 0.383001 0.817158 0.383001 0.816382 0.383713 0.815994 0.383713 0.815606 0.383357 0.815217 0.383713 0.814829 0.383713 0.813665 0.382646 0.812888 0.382646 0.8125 0.383001 0.809783 0.380512 0.809394 0.380512 0.809006 0.380868 0.807065 0.37909 0.807065 0.378378 0.803183 0.374822 0.803571 0.374467 0.803571 0.373755 0.803183 0.3734 0.802407 0.3734 0.802019 0.373755 0.80163 0.3734 0.801242 0.3734 0.800854 0.373044 0.801242 0.372688 0.801242 0.371977 0.800854 0.371622 0.800078 0.371622 0.799689 0.371977 0.799301 0.371622 0.798913 0.371622 0.798525 0.371977 0.797748 0.371266 0.797748 0.37091 0.798137 0.370555 0.795807 0.368421 0.795807 0.368065 0.796196 0.36771 0.796196 0.367354 0.794643 0.365932 0.794255 0.365932 0.788043 0.360242 0.787655 0.360242 0.786879 0.359531 0.787267 0.359175 0.787267 0.358819 0.786879 0.358464 0.787267 0.358108 0.787267 0.357752 0.786879 0.357397 0.787267 0.357041 0.787267 0.355619 0.786879 0.355619 0.785326 0.354196 0.785326 0.353841 0.785714 0.353485 0.785326 0.353129 0.785326 0.352774 0.785714 0.352418 0.785326 0.352063 0.785326 0.351707 0.786102 0.350996 0.785714 0.35064 0.785714 0.350284 0.787655 0.348506 0.787655 0.348151 0.787267 0.347795 0.787655 0.34744 0.787267 0.347084 0.787267 0.346728 0.787655 0.346373 0.787267 0.346017 0.787267 0.345661 0.787655 0.345306 0.785714 0.343528 0.785326 0.343528 0.78455 0.342817 0.784938 0.342461 0.784938 0.34175 0.779891 0.337127 0.779891 0.336415 0.778339 0.334993 0.778339 0.334637 0.778727 0.334282 0.776786 0.332504 0.776786 0.331437 0.776398 0.331081 0.776009 0.331081 0.772516 0.327881 0.772904 0.327525 0.772904 0.327169 0.771351 0.325747 0.770963 0.325747 0.766304 0.321479 0.766304 0.320413 0.765916 0.320413 0.76087 0.315789 0.760481 0.315789 0.760093 0.316145 0.757764 0.314011 0.757376 0.314011 0.750776 0.307966 0.750388 0.307966 0.744177 0.302276 0.743789 0.302276 0.737578 0.296586 0.737189 0.296586 0.736413 0.295875 0.736025 0.295875 0.735637 0.29623 0.73486 0.295519 0.735248 0.295164 0.735248 0.294808 0.73486 0.294452 0.735248 0.294097 0.735248 0.293741 0.732531 0.291252 0.732143 0.291252 0.725543 0.285206 0.724767 0.285206 0.723991 0.285917 0.723602 0.285562 0.723602 0.284851 0.722826 0.284139 0.723214 0.283784 0.723214 0.283428 0.721661 0.282006 0.72205 0.28165 0.72205 0.281294 0.720497 0.279872 0.720109 0.279872 0.719332 0.279161 0.718944 0.279161 0.718944 0.279516 0.718556 0.279872 0.718168 0.279872 0.717003 0.278805 0.716615 0.278805 0.712345 0.274893 0.712733 0.274538 0.712733 0.274182 0.711957 0.273471 0.711568 0.273471 0.710792 0.27276 0.710404 0.27276 0.710016 0.273115 0.70691 0.27027 0.707298 0.269915 0.707298 0.269559 0.70691 0.269203 0.707298 0.268848 0.707298 0.268492 0.70691 0.268137 0.705745 0.268137 0.705357 0.267781 0.704969 0.267781 0.703028 0.266003 0.703416 0.265647 0.703416 0.265292 0.700311 0.262447 0.699922 0.262447 0.693711 0.256757 0.694099 0.256401 0.688276 0.251067 0.687888 0.251067 0.681677 0.245377 0.681289 0.245377 0.674689 0.239331 0.674301 0.239331 0.671584 0.236842 0.671584 0.235775 0.669643 0.233997 0.669255 0.233997 0.665761 0.230797 0.665761 0.22973 0.664596 0.228663 0.664208 0.228663 0.660714 0.225462 0.661102 0.225107 0.661102 0.224751 0.659938 0.223684 0.659938 0.222973 0.656832 0.220128 0.655668 0.220128 0.653339 0.217994 0.65295 0.217994 0.652562 0.21835 0.651009 0.216927 0.650621 0.216927 0.64868 0.215149 0.648292 0.215149 0.647904 0.215505 0.647516 0.215149 0.647127 0.215505 0.646739 0.215505 0.646351 0.215149 0.645963 0.215149 0.645575 0.215505 0.645186 0.215149 0.645186 0.214794 0.645575 0.214438 0.645186 0.214083 0.645186 0.213727 0.645575 0.213371 0.642857 0.210882 0.642469 0.210882 0.640528 0.209104 0.640528 0.208748 0.640916 0.208393 0.637811 0.205548 0.637422 0.205548 0.630823 0.199502 0.630435 0.199502 0.630047 0.199858 0.62927 0.199147 0.628882 0.199147 0.622283 0.193101 0.621894 0.193101 0.618789 0.190256 0.618401 0.190612 0.618012 0.190612 0.615683 0.188478 0.615683 0.187411 0.615295 0.187411 0.608696 0.181366 0.608307 0.181366 0.602096 0.175676 0.601708 0.175676 0.597826 0.172119 0.598214 0.171764 0.598214 0.171408 0.597438 0.170697 0.597438 0.169986 0.594332 0.167141 0.594332 0.166785 0.59472 0.16643 0.593556 0.165363 0.593168 0.165363 0.592391 0.164651 0.59278 0.164296 0.59278 0.16394 0.592391 0.163585 0.59278 0.163229 0.59278 0.162873 0.592003 0.162162 0.592003 0.161807 0.592391 0.161451 0.592003 0.161095 0.592003 0.160384 0.591615 0.160028 0.592003 0.159673 0.592003 0.158962 0.589674 0.156828 0.589674 0.155761 0.588898 0.15505 0.589286 0.154694 0.588898 0.154339 0.588898 0.153983 0.589286 0.153627 0.588898 0.153272 0.588898 0.152916 0.590062 0.151849 0.590062 0.150782 0.591227 0.149716 0.591227 0.14936 0.593944 0.146871 0.593556 0.146515 0.593556 0.146159 0.593944 0.145804 0.593944 0.145448 0.593556 0.145092 0.593944 0.144737 0.593944 0.144381 0.593556 0.144026 0.593944 0.14367 0.593944 0.143314 0.593556 0.142959 0.593944 0.142603 0.593556 0.142248 0.593944 0.141892 0.593944 0.141536 0.593168 0.140825 0.593168 0.140469 0.593556 0.140114 0.593168 0.139758 0.593168 0.138691 0.592391 0.13798 0.592003 0.13798 0.59045 0.136558 0.59045 0.136202 0.590839 0.135846 0.587345 0.132646 0.586957 0.132646 0.58191 0.128023 0.58191 0.127667 0.578028 0.124111 0.57764 0.124111 0.57104 0.118065 0.570652 0.118065 0.564441 0.112376 0.564053 0.112376 0.557453 0.10633 0.557065 0.10633 0.550854 0.10064 0.550466 0.10064 0.543866 0.094595 0.543478 0.094595 0.537267 0.088905 0.536879 0.088905 0.530668 0.083215 0.53028 0.083215 0.52368 0.077169 0.523292 0.077169 0.517081 0.071479 0.516693 0.071479 0.510093 0.065434 0.509705 0.065434 0.503494 0.059744 0.503106 0.059744 0.499612 0.056543 0.496506 0.056543 0.496118 0.056899 0.49573 0.056543
