0 0.119298 0.83946 0.119048 0.839835 0.119048 0.840585 0.118797 0.84096 0.118546 0.840585 0.118296 0.840585 0.118045 0.84096 0.118045 0.842461 0.117794 0.842836 0.118045 0.843211 0.118296 0.843211 0.118546 0.843586 0.118546 0.844711 0.119549 0.844711 0.119799 0.845086 0.121053 0.845086 0.121303 0.845461 0.121805 0.845461 0.121805 0.845086 0.122055 0.844711 0.122055 0.843211 0.122306 0.842836 0.122306 0.840585 0.122055 0.84021 0.121554 0.84021 0.121303 0.839835 0.12005 0.839835 0.119799 0.83946
0 0.119549 0.824081 0.119549 0.825956 0.119298 0.826332 0.119298 0.827832 0.119048 0.828207 0.119048 0.830083 0.118797 0.830458 0.118797 0.831958 0.118546 0.832333 0.118546 0.834209 0.118797 0.834209 0.119048 0.834584 0.119549 0.834584 0.119799 0.834209 0.119799 0.832708 0.12005 0.832333 0.12005 0.830458 0.120301 0.830083 0.120301 0.828582 0.120551 0.828207 0.120551 0.826332 0.120802 0.825956 0.120802 0.824456 0.120551 0.824081
0 0.120802 0.815454 0.120551 0.815829 0.120551 0.817704 0.120301 0.81808 0.120301 0.81958 0.12005 0.819955 0.12005 0.82183 0.119799 0.822206 0.119799 0.822956 0.121053 0.822956 0.121053 0.822206 0.121303 0.82183 0.121303 0.82033 0.121554 0.819955 0.121554 0.81808 0.121805 0.817704 0.121805 0.815829 0.121554 0.815829 0.121303 0.815454
0 0.122055 0.804951 0.122055 0.805326 0.121805 0.805701 0.121805 0.807202 0.121554 0.807577 0.121805 0.807577 0.122055 0.807952 0.122055 0.808702 0.121805 0.809077 0.121554 0.808702 0.121554 0.809452 0.121303 0.809827 0.121303 0.811328 0.121053 0.811703 0.121053 0.813578 0.120802 0.813953 0.121554 0.813953 0.121805 0.814329 0.122055 0.814329 0.122055 0.813953 0.122556 0.813203 0.123058 0.813203 0.123308 0.812828 0.123308 0.811703 0.123559 0.811328 0.123559 0.808327 0.123058 0.807577 0.123058 0.805326 0.122306 0.805326
0 0.122807 0.797824 0.122807 0.79895 0.122556 0.799325 0.122556 0.801575 0.123559 0.801575 0.12381 0.8012 0.12381 0.7997 0.12406 0.799325 0.12406 0.7982 0.12381 0.797824
0 0.123559 0.791448 0.123559 0.792948 0.123308 0.793323 0.123308 0.793698 0.123559 0.793698 0.12381 0.794074 0.12381 0.795199 0.12406 0.795199 0.124311 0.795574 0.125313 0.795574 0.125564 0.795949 0.126065 0.795949 0.126065 0.795574 0.126316 0.795199 0.126316 0.793323 0.125815 0.793323 0.125564 0.792948 0.125564 0.792573 0.125815 0.792198 0.125564 0.791823 0.124561 0.791823 0.124311 0.791448
0 0.124311 0.786197 0.124311 0.786572 0.12406 0.786947 0.12406 0.788822 0.124311 0.788822 0.124561 0.789197 0.125063 0.789197 0.125313 0.788822 0.125313 0.786947 0.125564 0.786572 0.124812 0.786572 0.124561 0.786197
0 0.124812 0.78132 0.124812 0.782446 0.124561 0.782821 0.124561 0.785071 0.124812 0.785071 0.125063 0.785446 0.125313 0.785446 0.125815 0.784696 0.125815 0.783196 0.126065 0.782821 0.126065 0.781695 0.125815 0.78132
0 0.129825 0.74081 0.129825 0.741185 0.129574 0.74156 0.129574 0.743436 0.129323 0.743811 0.129323 0.745311 0.129073 0.745686 0.129073 0.747187 0.129825 0.747187 0.130075 0.747562 0.130326 0.747187 0.130326 0.746062 0.130576 0.745686 0.130576 0.743811 0.130827 0.743436 0.130827 0.741935 0.131078 0.74156 0.131078 0.741185 0.130326 0.741185 0.130075 0.74081
0 0.131078 0.731058 0.130827 0.731433 0.130827 0.732933 0.130576 0.733308 0.130576 0.735184 0.130326 0.735559 0.130576 0.735934 0.131579 0.735934 0.131579 0.735559 0.13183 0.735184 0.13183 0.733683 0.13208 0.733308 0.13208 0.731058
0 0.19198 0.238935 0.19198 0.23931 0.191729 0.239685 0.191228 0.239685 0.191228 0.240435 0.190977 0.24081 0.190977 0.242686 0.190727 0.243061 0.190727 0.244561 0.190476 0.244936 0.190476 0.245311 0.190226 0.245686 0.189975 0.245686 0.189975 0.246812 0.189724 0.247187 0.189724 0.248687 0.189474 0.249062 0.189474 0.250938 0.189223 0.251313 0.189223 0.252063 0.190226 0.252063 0.190476 0.252438 0.190476 0.253188 0.190226 0.253563 0.190226 0.255064 0.189975 0.255439 0.189975 0.257314 0.189724 0.257689 0.189724 0.258065 0.189474 0.25844 0.188972 0.25844 0.188972 0.25919 0.188722 0.259565 0.188722 0.261065 0.188471 0.26144 0.188471 0.263316 0.188221 0.263691 0.188221 0.265191 0.18797 0.265566 0.18797 0.267442 0.187719 0.267817 0.187719 0.269317 0.187469 0.269692 0.187469 0.271568 0.187218 0.271943 0.187218 0.273443 0.186967 0.273818 0.186967 0.275694 0.186717 0.276069 0.186717 0.277569 0.186466 0.277944 0.186466 0.27982 0.186216 0.280195 0.186216 0.281695 0.185965 0.282071 0.185965 0.283946 0.185714 0.284321 0.185714 0.285821 0.185464 0.286197 0.185464 0.288072 0.185213 0.288447 0.185213 0.289947 0.184962 0.290323 0.184962 0.292198 0.184712 0.292573 0.184712 0.294074 0.184461 0.294449 0.184461 0.296324 0.184211 0.296699 0.184211 0.2982 0.18396 0.298575 0.18396 0.30045 0.183709 0.300825 0.183709 0.302326 0.183459 0.302701 0.183459 0.304576 0.183208 0.304951 0.183208 0.306452 0.182957 0.306827 0.182957 0.308702 0.182707 0.309077 0.182707 0.310578 0.182456 0.310953 0.182456 0.312828 0.182206 0.313203 0.182206 0.314704 0.181955 0.315079 0.181955 0.316954 0.181704 0.317329 0.181704 0.31883 0.181454 0.319205 0.181454 0.32108 0.181203 0.321455 0.181203 0.322956 0.180952 0.323331 0.180952 0.325206 0.180702 0.325581 0.180702 0.327082 0.180451 0.327457 0.180451 0.329332 0.180201 0.329707 0.180201 0.331208 0.17995 0.331583 0.17995 0.333458 0.179699 0.333833 0.179699 0.335334 0.179449 0.335709 0.179449 0.337584 0.179198 0.337959 0.179198 0.33946 0.178947 0.339835 0.178947 0.341335 0.179449 0.341335 0.179699 0.34171 0.179449 0.342086 0.179449 0.343586 0.179198 0.343961 0.179198 0.345836 0.178947 0.346212 0.178947 0.347712 0.178697 0.348087 0.178697 0.349962 0.178446 0.350338 0.178446 0.351838 0.178195 0.352213 0.178195 0.354089 0.177945 0.354464 0.177945 0.355964 0.177694 0.356339 0.177694 0.358215 0.177444 0.35859 0.177444 0.36009 0.177193 0.360465 0.177193 0.362341 0.176942 0.362716 0.176942 0.364216 0.176692 0.364591 0.176692 0.366467 0.176441 0.366842 0.176441 0.368342 0.17619 0.368717 0.17619 0.370593 0.17594 0.370968 0.17594 0.372468 0.175689 0.372843 0.175689 0.374719 0.175439 0.375094 0.175439 0.375469 0.175689 0.375844 0.17619 0.375844 0.176441 0.376219 0.176441 0.376969 0.17619 0.377344 0.17619 0.378845 0.17594 0.37922 0.17594 0.381095 0.175689 0.38147 0.175689 0.382971 0.175439 0.383346 0.175439 0.385221 0.174937 0.385971 0.174185 0.385971 0.174185 0.387097 0.173935 0.387472 0.173935 0.388972 0.173684 0.389347 0.173684 0.390473 0.173434 0.390848 0.172932 0.390848 0.172682 0.391223 0.172682 0.393098 0.172431 0.393473 0.172431 0.394224 0.17218 0.394599 0.17193 0.394224 0.17193 0.394974 0.171679 0.395349 0.171679 0.397224 0.171429 0.397599 0.171429 0.3991 0.171178 0.399475 0.171178 0.40135 0.170927 0.401725 0.170927 0.403226 0.170677 0.403601 0.170677 0.405476 0.170426 0.405851 0.170426 0.407352 0.170175 0.407727 0.170175 0.409602 0.169925 0.409977 0.169925 0.411478 0.169674 0.411853 0.169674 0.413728 0.169424 0.414104 0.169424 0.415604 0.169173 0.415979 0.169173 0.417854 0.168922 0.41823 0.168922 0.419355 0.169173 0.419355 0.169424 0.41973 0.169173 0.420105 0.169173 0.422356 0.169424 0.422356 0.169674 0.422731 0.169674 0.424231 0.169424 0.424606 0.169424 0.426107 0.169173 0.426482 0.169173 0.428357 0.168922 0.428732 0.168922 0.430233 0.168672 0.430608 0.168672 0.432483 0.168421 0.432858 0.168421 0.433233 0.16817 0.433608 0.167669 0.433608 0.167669 0.434359 0.167419 0.434734 0.167419 0.436234 0.167168 0.436609 0.167168 0.438485 0.166917 0.43886 0.166917 0.43961 0.166667 0.439985 0.166416 0.43961 0.166416 0.44036 0.166165 0.440735 0.166165 0.442611 0.165915 0.442986 0.165915 0.444486 0.165664 0.444861 0.165664 0.446737 0.165414 0.447112 0.165414 0.448612 0.165163 0.448987 0.165163 0.450863 0.164912 0.451238 0.164912 0.452738 0.164662 0.453113 0.164662 0.454989 0.164411 0.455364 0.164411 0.456864 0.16416 0.457239 0.16416 0.459115 0.16391 0.45949 0.16391 0.46099 0.163659 0.461365 0.163659 0.463241 0.163409 0.463616 0.163409 0.465116 0.163158 0.465491 0.163158 0.467367 0.162907 0.467742 0.162907 0.469242 0.162657 0.469617 0.162657 0.471493 0.162406 0.471868 0.162406 0.473368 0.162155 0.473743 0.162155 0.475619 0.161905 0.475994 0.161905 0.477494 0.161654 0.477869 0.161654 0.479745 0.161404 0.48012 0.161404 0.48162 0.161153 0.481995 0.161153 0.483871 0.160902 0.484246 0.160902 0.485746 0.160652 0.486122 0.160652 0.487622 0.160401 0.487997 0.160401 0.489872 0.16015 0.490248 0.16015 0.491748 0.1599 0.492123 0.1599 0.493998 0.159649 0.494374 0.159649 0.495874 0.159398 0.496249 0.159398 0.498125 0.159148 0.4985 0.159148 0.5 0.158897 0.500375 0.158897 0.502251 0.158647 0.502626 0.158647 0.504126 0.158396 0.504501 0.158396 0.506377 0.158145 0.506752 0.158145 0.508252 0.157895 0.508627 0.157895 0.510503 0.157644 0.510878 0.157644 0.512378 0.157393 0.512753 0.157393 0.514629 0.157143 0.515004 0.157143 0.516504 0.156892 0.516879 0.156892 0.518755 0.156642 0.51913 0.156642 0.52063 0.156391 0.521005 0.156391 0.522881 0.15614 0.523256 0.15614 0.524756 0.15589 0.525131 0.15589 0.527007 0.155639 0.527382 0.155639 0.529257 0.15589 0.529632 0.15589 0.531133 0.155639 0.531508 0.155639 0.532633 0.155388 0.533008 0.155138 0.533008 0.154887 0.533383 0.154887 0.535259 0.154637 0.535634 0.154637 0.537134 0.154386 0.537509 0.154386 0.539385 0.154135 0.53976 0.154135 0.54126 0.153885 0.541635 0.154135 0.541635 0.154386 0.542011 0.154386 0.542761 0.154135 0.543136 0.153885 0.543136 0.153885 0.543511 0.153634 0.543886 0.153634 0.545386 0.153383 0.545761 0.153383 0.547637 0.153133 0.548012 0.153133 0.549512 0.152882 0.549887 0.152882 0.551763 0.152632 0.552138 0.152632 0.553638 0.152381 0.554014 0.152381 0.555889 0.15213 0.556264 0.15213 0.557764 0.15188 0.55814 0.15188 0.560015 0.151629 0.56039 0.151629 0.56189 0.151378 0.562266 0.151378 0.564141 0.151128 0.564516 0.151128 0.565641 0.151378 0.565641 0.151629 0.566017 0.151378 0.566392 0.151378 0.567892 0.151128 0.568267 0.150877 0.568267 0.150627 0.568642 0.150627 0.570143 0.150376 0.570518 0.150376 0.572393 0.150125 0.572768 0.150125 0.574269 0.149875 0.574644 0.149875 0.576519 0.149624 0.576894 0.149624 0.578395 0.149373 0.57877 0.149373 0.580645 0.149123 0.58102 0.149123 0.582521 0.148872 0.582896 0.148872 0.584771 0.148622 0.585146 0.148622 0.586647 0.148371 0.587022 0.148371 0.588897 0.14812 0.589272 0.14812 0.589647 0.148371 0.589647 0.148622 0.590023 0.148622 0.590773 0.148371 0.591148 0.148371 0.593023 0.14812 0.593398 0.14812 0.594899 0.14787 0.595274 0.14787 0.597149 0.147619 0.597524 0.147619 0.599025 0.147368 0.5994 0.147368 0.601275 0.147619 0.601275 0.14787 0.60165 0.14787 0.603526 0.147619 0.603901 0.147619 0.604651 0.147368 0.605026 0.146867 0.605026 0.146617 0.604651 0.146366 0.604651 0.146366 0.605401 0.146115 0.605776 0.146115 0.607277 0.145865 0.607652 0.145865 0.609527 0.145614 0.609902 0.145614 0.611403 0.145363 0.611778 0.145363 0.613653 0.145113 0.614029 0.145113 0.615529 0.144862 0.615904 0.144862 0.617404 0.145865 0.617404 0.146115 0.617779 0.145865 0.618155 0.145865 0.62003 0.145614 0.620405 0.145614 0.621905 0.145363 0.622281 0.145363 0.624156 0.145113 0.624531 0.145113 0.626032 0.144862 0.626407 0.144862 0.628282 0.144361 0.629032 0.14386 0.629032 0.14386 0.630158 0.143609 0.630533 0.143609 0.632033 0.143358 0.632408 0.142857 0.632408 0.142857 0.634284 0.142607 0.634659 0.142607 0.635034 0.142857 0.635034 0.143108 0.635409 0.143108 0.636159 0.142857 0.636534 0.142857 0.63841 0.142607 0.638785 0.142607 0.640285 0.143108 0.640285 0.143358 0.64066 0.143108 0.641035 0.143108 0.642536 0.142857 0.642911 0.142857 0.644786 0.142607 0.645161 0.141353 0.645161 0.141353 0.646662 0.141103 0.647037 0.141103 0.648537 0.140852 0.648912 0.140852 0.650038 0.141103 0.650038 0.141353 0.650413 0.141353 0.650788 0.141103 0.651163 0.141103 0.652663 0.140852 0.653038 0.140852 0.654914 0.140602 0.655289 0.1401 0.655289 0.1401 0.656789 0.13985 0.657164 0.13985 0.65904 0.139599 0.659415 0.139599 0.660915 0.139348 0.66129 0.139348 0.663166 0.139098 0.663541 0.139098 0.665041 0.138847 0.665416 0.138847 0.667292 0.138596 0.667667 0.138596 0.669167 0.138346 0.669542 0.138346 0.671418 0.138596 0.671793 0.138596 0.673293 0.138346 0.673668 0.138346 0.675544 0.138095 0.675919 0.138095 0.676294 0.137845 0.676669 0.137594 0.676669 0.137594 0.677419 0.137343 0.677794 0.137343 0.67967 0.137093 0.680045 0.137093 0.681545 0.136842 0.68192 0.136842 0.683796 0.136591 0.684171 0.136591 0.685671 0.136341 0.686047 0.136341 0.687922 0.13609 0.688297 0.13609 0.689797 0.13584 0.690173 0.13584 0.691673 0.13609 0.692048 0.13609 0.693923 0.13584 0.694299 0.13584 0.696174 0.135589 0.696549 0.135589 0.69805 0.135338 0.698425 0.135338 0.6988 0.135088 0.699175 0.134837 0.699175 0.134837 0.699925 0.134586 0.7003 0.134586 0.702176 0.134336 0.702551 0.134336 0.704051 0.134085 0.704426 0.134085 0.706302 0.133835 0.706677 0.133835 0.708177 0.133584 0.708552 0.133584 0.710428 0.133333 0.710803 0.133333 0.712303 0.133083 0.712678 0.133083 0.714179 0.133333 0.714554 0.133333 0.716804 0.133083 0.717179 0.133083 0.71868 0.132832 0.719055 0.132832 0.71943 0.133083 0.719805 0.133333 0.719805 0.133584 0.72018 0.133584 0.72093 0.134085 0.72093 0.134336 0.721305 0.134336 0.723181 0.134085 0.723556 0.134085 0.725056 0.133835 0.725431 0.133835 0.727307 0.133584 0.727682 0.133584 0.729182 0.133333 0.729557 0.133333 0.731433 0.133083 0.731808 0.133083 0.733308 0.132832 0.733683 0.132832 0.735559 0.132581 0.735934 0.132581 0.737434 0.132331 0.737809 0.132331 0.739685 0.13208 0.74006 0.13208 0.74156 0.13183 0.741935 0.13183 0.743811 0.131579 0.744186 0.131579 0.745686 0.131328 0.746062 0.131328 0.747937 0.131078 0.748312 0.131078 0.749812 0.130827 0.750188 0.129825 0.750188 0.129574 0.749812 0.128571 0.749812 0.128571 0.751688 0.128321 0.752063 0.128321 0.753563 0.12807 0.753938 0.12807 0.755814 0.12782 0.756189 0.12782 0.757689 0.127569 0.758065 0.127569 0.75994 0.127318 0.760315 0.127318 0.761815 0.127068 0.762191 0.127068 0.764066 0.126817 0.764441 0.126817 0.765941 0.126566 0.766317 0.126566 0.768192 0.126316 0.768567 0.126316 0.770068 0.126065 0.770443 0.126065 0.772318 0.125815 0.772693 0.125815 0.774194 0.125564 0.774569 0.125564 0.776444 0.126566 0.776444 0.126817 0.776819 0.127318 0.776819 0.127569 0.776444 0.127569 0.776069 0.12782 0.775694 0.12782 0.773818 0.12807 0.773443 0.12807 0.771568 0.128321 0.771193 0.128321 0.770443 0.128571 0.770068 0.128571 0.769692 0.128822 0.769317 0.129073 0.769317 0.129323 0.769692 0.129323 0.770443 0.129073 0.770818 0.129073 0.772693 0.128822 0.773068 0.129323 0.773068 0.129574 0.773443 0.129574 0.774944 0.129323 0.775319 0.129323 0.776819 0.129073 0.777194 0.129073 0.77907 0.128822 0.779445 0.128822 0.780945 0.128571 0.78132 0.128571 0.783196 0.128321 0.783571 0.128321 0.785071 0.12807 0.785446 0.12807 0.786947 0.12782 0.787322 0.127569 0.787322 0.127318 0.786947 0.127318 0.787322 0.127068 0.787697 0.127068 0.789197 0.126817 0.789572 0.126817 0.791073 0.126566 0.791448 0.126566 0.791823 0.126817 0.792198 0.127068 0.792198 0.127318 0.792573 0.127318 0.793323 0.127068 0.793698 0.127068 0.795574 0.126817 0.795949 0.126817 0.797449 0.126566 0.797824 0.126566 0.7997 0.126316 0.800075 0.126316 0.801575 0.125815 0.802326 0.125313 0.802326 0.125313 0.803451 0.125063 0.803826 0.125063 0.805701 0.124812 0.806077 0.124812 0.807577 0.124561 0.807952 0.124561 0.809827 0.124311 0.810203 0.124311 0.811703 0.12406 0.812078 0.12406 0.813953 0.12381 0.814329 0.12381 0.815829 0.123559 0.816204 0.123559 0.81808 0.123308 0.818455 0.123308 0.819955 0.123058 0.82033 0.123058 0.822206 0.122807 0.822581 0.122807 0.824081 0.122556 0.824456 0.122556 0.826332 0.122306 0.826707 0.122306 0.828582 0.122807 0.829332 0.122807 0.830458 0.122556 0.830833 0.122556 0.832708 0.122306 0.833083 0.122306 0.833833 0.123058 0.833833 0.123308 0.834209 0.123308 0.834584 0.123058 0.834959 0.123058 0.835334 0.123308 0.835709 0.123559 0.835709 0.12381 0.836084 0.12381 0.836834 0.123559 0.837209 0.123559 0.837959 0.12381 0.838335 0.124311 0.838335 0.124561 0.83871 0.124561 0.839085 0.124311 0.83946 0.123559 0.83946 0.123308 0.839835 0.123308 0.84096 0.123058 0.841335 0.123058 0.843211 0.122807 0.843586 0.122807 0.845086 0.122556 0.845461 0.122556 0.847337 0.122306 0.847712 0.122306 0.849212 0.122055 0.849587 0.122055 0.851463 0.121805 0.851838 0.121805 0.853338 0.121554 0.853713 0.121554 0.855589 0.121303 0.855964 0.121303 0.857464 0.121053 0.857839 0.121053 0.859715 0.120802 0.86009 0.120802 0.86159 0.120551 0.861965 0.120551 0.863841 0.120301 0.864216 0.120301 0.865716 0.12005 0.866092 0.12005 0.866842 0.119799 0.867217 0.119298 0.866467 0.119298 0.865716 0.119549 0.865341 0.119549 0.863841 0.119799 0.863466 0.119799 0.861965 0.119549 0.861965 0.119048 0.861215 0.119048 0.859715 0.119298 0.85934 0.119048 0.85934 0.118546 0.85859 0.118546 0.857464 0.118797 0.857089 0.118797 0.856714 0.119048 0.856339 0.119298 0.856714 0.119549 0.856714 0.119549 0.855589 0.119799 0.855214 0.120802 0.855214 0.120802 0.853713 0.121053 0.853338 0.121053 0.851838 0.120802 0.851838 0.120301 0.851088 0.120301 0.848837 0.12005 0.848837 0.119799 0.848462 0.119799 0.847712 0.119549 0.847337 0.118296 0.847337 0.118045 0.846962 0.117293 0.846962 0.117293 0.847712 0.117043 0.848087 0.116792 0.848087 0.116792 0.848462 0.116541 0.848837 0.116541 0.850713 0.116291 0.851088 0.116291 0.852588 0.11604 0.852963 0.11604 0.854089 0.116291 0.854089 0.116541 0.854464 0.116541 0.854839 0.11604 0.855589 0.115789 0.855589 0.115789 0.856714 0.115539 0.857089 0.115539 0.858215 0.115789 0.858215 0.11604 0.85859 0.11604 0.858965 0.115789 0.85934 0.11604 0.85934 0.116291 0.859715 0.117293 0.859715 0.117544 0.86009 0.117544 0.861215 0.117293 0.86159 0.117293 0.862341 0.117544 0.862716 0.117794 0.862716 0.118045 0.863091 0.118045 0.863466 0.117794 0.863841 0.117293 0.863841 0.117043 0.863466 0.116291 0.863466 0.11604 0.863841 0.11604 0.865341 0.115789 0.865716 0.11604 0.866092 0.117043 0.866092 0.117544 0.866842 0.117544 0.867592 0.117293 0.867967 0.117293 0.869467 0.117043 0.869842 0.117043 0.871718 0.116792 0.872093 0.116792 0.873593 0.116541 0.873968 0.115789 0.873968 0.115789 0.875469 0.115539 0.875844 0.115539 0.877719 0.115288 0.878095 0.115288 0.879595 0.115038 0.87997 0.115038 0.881845 0.114787 0.882221 0.114787 0.882596 0.115038 0.882596 0.115539 0.883346 0.115539 0.884096 0.115288 0.884471 0.115288 0.885971 0.115038 0.886347 0.115038 0.888222 0.114787 0.888597 0.114787 0.890098 0.114536 0.890473 0.114536 0.892348 0.114286 0.892723 0.114286 0.894224 0.114787 0.894224 0.115038 0.894599 0.114787 0.894974 0.115288 0.894974 0.115539 0.895349 0.116541 0.895349 0.116792 0.895724 0.118045 0.895724 0.118296 0.896099 0.119298 0.896099 0.119549 0.896474 0.120802 0.896474 0.121053 0.896849 0.122055 0.896849 0.122306 0.897224 0.123559 0.897224 0.12381 0.897599 0.124812 0.897599 0.125063 0.897974 0.126316 0.897974 0.126566 0.89835 0.127569 0.89835 0.12782 0.898725 0.129073 0.898725 0.129323 0.8991 0.130326 0.8991 0.130576 0.899475 0.13183 0.899475 0.13208 0.89985 0.133083 0.89985 0.133333 0.900225 0.134586 0.900225 0.134837 0.9006 0.13584 0.9006 0.13609 0.900975 0.137343 0.900975 0.137594 0.90135 0.138596 0.90135 0.138847 0.901725 0.1401 0.901725 0.140351 0.902101 0.141353 0.902101 0.141604 0.902476 0.142857 0.902476 0.143108 0.902851 0.14411 0.902851 0.144361 0.903226 0.145614 0.903226 0.145865 0.903601 0.146867 0.903601 0.147118 0.903976 0.148371 0.903976 0.148622 0.904351 0.149624 0.904351 0.149875 0.904726 0.151128 0.904726 0.151378 0.905101 0.152381 0.905101 0.152632 0.905476 0.153885 0.905476 0.154135 0.905851 0.155138 0.905851 0.155388 0.906227 0.156642 0.906227 0.156892 0.906602 0.157895 0.906602 0.158145 0.906977 0.159398 0.906977 0.159649 0.907352 0.160652 0.907352 0.160902 0.907727 0.162155 0.907727 0.162406 0.908102 0.163409 0.908102 0.163659 0.908477 0.164912 0.908477 0.165163 0.908852 0.166165 0.908852 0.166416 0.909227 0.167669 0.909227 0.16792 0.909602 0.168922 0.909602 0.169173 0.909977 0.170175 0.909977 0.170426 0.910353 0.171679 0.910353 0.17193 0.910728 0.172932 0.910728 0.173183 0.911103 0.174436 0.911103 0.174687 0.911478 0.175689 0.911478 0.17594 0.911853 0.177193 0.911853 0.177444 0.912228 0.178446 0.912228 0.178697 0.912603 0.17995 0.912603 0.180201 0.912978 0.181203 0.912978 0.181454 0.913353 0.182707 0.913353 0.182957 0.913728 0.18396 0.913728 0.184211 0.914104 0.185464 0.914104 0.185714 0.914479 0.186717 0.914479 0.186967 0.914854 0.188221 0.914854 0.188471 0.915229 0.189474 0.915229 0.189724 0.915604 0.190977 0.915604 0.191228 0.915979 0.192231 0.915979 0.192481 0.916354 0.193233 0.916354 0.193233 0.915979 0.193484 0.915604 0.193734 0.915604 0.193985 0.915979 0.194987 0.915979 0.195489 0.915229 0.19599 0.915229 0.19599 0.914104 0.196241 0.913728 0.196241 0.911853 0.196491 0.911478 0.19599 0.911478 0.195739 0.911103 0.195739 0.909977 0.195489 0.909602 0.194486 0.909602 0.194236 0.909227 0.193484 0.909227 0.193233 0.908852 0.193233 0.907352 0.193484 0.906977 0.193484 0.905476 0.193734 0.905101 0.193734 0.904726 0.193985 0.904351 0.194486 0.904351 0.194737 0.904726 0.19599 0.904726 0.196241 0.905101 0.196992 0.905101 0.197243 0.904726 0.197243 0.903601 0.197494 0.903226 0.197494 0.901725 0.197744 0.90135 0.197744 0.900225 0.197494 0.89985 0.197243 0.89985 0.196992 0.899475 0.197243 0.8991 0.197243 0.897599 0.197494 0.897224 0.197744 0.897224 0.197995 0.897599 0.198246 0.897224 0.198246 0.896849 0.198496 0.896474 0.198997 0.896474 0.199248 0.896099 0.199248 0.895724 0.199499 0.895349 0.200251 0.895349 0.200251 0.894599 0.200501 0.894224 0.200752 0.894224 0.201003 0.894599 0.201003 0.893848 0.201253 0.893473 0.201253 0.891598 0.201754 0.890848 0.202256 0.890848 0.202506 0.890473 0.202506 0.889722 0.202757 0.889347 0.202757 0.887847 0.203258 0.887097 0.203759 0.887097 0.20401 0.887472 0.204511 0.887472 0.204762 0.887097 0.204762 0.886722 0.205013 0.886347 0.205263 0.886347 0.205514 0.886722 0.206266 0.886722 0.206266 0.885971 0.206767 0.885221 0.207018 0.885596 0.208271 0.885596 0.208521 0.885971 0.209524 0.885971 0.209774 0.886347 0.210025 0.885971 0.210025 0.885596 0.210276 0.885221 0.211028 0.885221 0.211278 0.885596 0.212281 0.885596 0.212531 0.885971 0.213784 0.885971 0.214035 0.886347 0.215038 0.886347 0.215288 0.886722 0.21604 0.886722 0.21604 0.885971 0.216291 0.885596 0.216792 0.885596 0.217043 0.885221 0.217043 0.884846 0.217293 0.884471 0.218045 0.884471 0.218296 0.884846 0.218797 0.884846 0.218797 0.883721 0.219048 0.883346 0.219048 0.882596 0.219298 0.882221 0.219549 0.882221 0.219549 0.88147 0.219799 0.881095 0.219799 0.879595 0.22005 0.87922 0.22005 0.877344 0.220301 0.876969 0.220301 0.875469 0.220551 0.875094 0.220551 0.873218 0.220802 0.872843 0.220802 0.871343 0.221053 0.870968 0.221053 0.869092 0.221303 0.868717 0.221303 0.867217 0.221554 0.866842 0.221554 0.864966 0.221805 0.864591 0.221805 0.863091 0.222055 0.862716 0.222055 0.86084 0.222306 0.860465 0.222306 0.858965 0.222556 0.85859 0.222556 0.856714 0.222807 0.856339 0.222807 0.854839 0.222556 0.854464 0.222556 0.852588 0.222807 0.852213 0.222807 0.850713 0.222556 0.850713 0.222306 0.850338 0.222306 0.848462 0.222556 0.848087 0.222556 0.846587 0.222807 0.846212 0.222807 0.844336 0.222306 0.844336 0.222055 0.843961 0.222055 0.843211 0.222306 0.842836 0.223058 0.842836 0.223058 0.842461 0.223308 0.842086 0.223308 0.84021 0.22381 0.83946 0.224311 0.83946 0.224311 0.83871 0.224561 0.838335 0.224812 0.838335 0.225063 0.837959 0.225063 0.836459 0.225313 0.836084 0.224812 0.835334 0.224812 0.834209 0.225063 0.833833 0.225063 0.831958 0.225313 0.831583 0.225313 0.830833 0.225063 0.830458 0.224812 0.830458 0.224561 0.830083 0.224812 0.829707 0.224812 0.827832 0.225063 0.827457 0.225063 0.825956 0.225313 0.825581 0.225313 0.823706 0.225564 0.823331 0.225564 0.82183 0.225815 0.821455 0.225815 0.819205 0.225313 0.819205 0.225063 0.81883 0.225063 0.817329 0.225313 0.816954 0.225313 0.815454 0.225564 0.815079 0.225564 0.814329 0.225815 0.813953 0.226566 0.813953 0.226566 0.813578 0.226817 0.813203 0.226817 0.812078 0.227068 0.811703 0.227569 0.811703 0.227569 0.811328 0.22807 0.810578 0.228321 0.810578 0.228321 0.809452 0.228571 0.809077 0.228571 0.807577 0.228822 0.807202 0.228822 0.805701 0.228571 0.805701 0.228321 0.805326 0.22807 0.805326 0.22782 0.804951 0.22782 0.804201 0.227318 0.804201 0.226817 0.803451 0.226817 0.803076 0.227068 0.802701 0.227068 0.800825 0.227318 0.80045 0.227318 0.79895 0.227569 0.798575 0.227569 0.796699 0.22782 0.796324 0.22782 0.794824 0.22807 0.794449 0.22807 0.792573 0.228321 0.792198 0.228321 0.790698 0.228571 0.790323 0.228571 0.788447 0.228822 0.788072 0.228822 0.787697 0.229073 0.787322 0.229825 0.787322 0.229825 0.786572 0.230075 0.786197 0.230075 0.784696 0.230326 0.784321 0.230326 0.782446 0.230576 0.782071 0.230576 0.78057 0.230827 0.780195 0.230827 0.77832 0.231078 0.777944 0.231078 0.777569 0.230326 0.777569 0.230075 0.777194 0.230075 0.776069 0.230326 0.775694 0.230326 0.774194 0.230576 0.773818 0.230576 0.772318 0.230075 0.771568 0.230075 0.770068 0.230326 0.769692 0.230326 0.767817 0.230576 0.767442 0.230576 0.765941 0.230827 0.765566 0.231078 0.765941 0.231328 0.765941 0.231579 0.765566 0.231579 0.763691 0.23183 0.763316 0.23183 0.761815 0.23208 0.76144 0.23208 0.759565 0.232331 0.75919 0.232331 0.757689 0.232581 0.757314 0.232581 0.756189 0.232832 0.755814 0.233083 0.756189 0.233584 0.756189 0.233584 0.755814 0.233835 0.755439 0.233835 0.753563 0.234085 0.753188 0.234085 0.752438 0.233333 0.752438 0.233083 0.752063 0.233083 0.751313 0.233333 0.750938 0.233333 0.749437 0.233584 0.749062 0.233584 0.747187 0.233835 0.746812 0.233835 0.745311 0.234085 0.744936 0.234085 0.743061 0.234336 0.742686 0.234336 0.741185 0.234586 0.74081 0.234586 0.738935 0.234837 0.73856 0.234837 0.737059 0.235088 0.736684 0.235088 0.734809 0.235338 0.734434 0.235338 0.732933 0.235589 0.732558 0.235589 0.731058 0.23584 0.730683 0.23609 0.731058 0.236341 0.731058 0.236842 0.730308 0.236842 0.728807 0.237093 0.728432 0.237093 0.726932 0.237343 0.726557 0.237343 0.724681 0.237594 0.724306 0.237594 0.723556 0.237343 0.723181 0.236842 0.723181 0.236591 0.722806 0.236591 0.722431 0.236842 0.722056 0.236591 0.722056 0.23609 0.721305 0.23609 0.720555 0.236341 0.72018 0.236341 0.718305 0.236591 0.717929 0.236591 0.716429 0.236842 0.716054 0.236842 0.714179 0.237093 0.713803 0.237093 0.712303 0.237594 0.711553 0.238095 0.711553 0.238095 0.710428 0.238346 0.710053 0.238346 0.709677 0.238596 0.709302 0.239348 0.709302 0.239348 0.708177 0.239599 0.707802 0.239599 0.705551 0.239098 0.705551 0.238847 0.705176 0.238847 0.704051 0.239098 0.703676 0.239098 0.702926 0.238847 0.702926 0.238346 0.702176 0.238346 0.7018 0.238596 0.701425 0.238596 0.699925 0.238847 0.69955 0.238847 0.697674 0.239098 0.697299 0.239098 0.695799 0.239348 0.695424 0.239348 0.693548 0.239599 0.693173 0.239599 0.691673 0.239098 0.690923 0.239098 0.690173 0.239348 0.689797 0.239599 0.689797 0.23985 0.690173 0.23985 0.689422 0.2401 0.689047 0.2401 0.687547 0.240351 0.687172 0.240351 0.685296 0.240602 0.684921 0.240602 0.684171 0.240852 0.683796 0.241353 0.683796 0.241353 0.683421 0.241604 0.683046 0.242356 0.683046 0.242607 0.682671 0.242607 0.68192 0.242857 0.681545 0.243108 0.68192 0.243358 0.68192 0.243358 0.681545 0.243609 0.68117 0.243609 0.67967 0.24386 0.679295 0.24386 0.677419 0.24411 0.677044 0.24411 0.675544 0.244361 0.675169 0.244361 0.674419 0.24386 0.674419 0.243609 0.674044 0.243609 0.673293 0.24386 0.672918 0.24386 0.671043 0.24411 0.670668 0.24411 0.669167 0.244361 0.668792 0.244361 0.666917 0.244612 0.666542 0.244612 0.665041 0.244862 0.664666 0.244862 0.662791 0.245113 0.662416 0.245113 0.660915 0.245363 0.66054 0.245363 0.658665 0.245614 0.65829 0.245614 0.656789 0.245865 0.656414 0.245865 0.655664 0.245614 0.655289 0.245113 0.655289 0.244862 0.654914 0.244862 0.654539 0.245113 0.654164 0.245113 0.652663 0.245363 0.652288 0.245363 0.650413 0.245614 0.650038 0.245614 0.648537 0.245865 0.648162 0.245865 0.647787 0.246115 0.647412 0.246366 0.647412 0.246617 0.647787 0.246867 0.647412 0.246867 0.646662 0.247118 0.646287 0.247118 0.644036 0.246867 0.644036 0.246617 0.643661 0.245865 0.643661 0.245614 0.643286 0.245614 0.642161 0.245865 0.641785 0.245865 0.63991 0.246115 0.639535 0.246115 0.638035 0.246366 0.637659 0.246366 0.636159 0.246617 0.635784 0.247368 0.635784 0.247368 0.633908 0.247619 0.633533 0.247619 0.632033 0.24787 0.631658 0.24787 0.629782 0.24812 0.629407 0.24812 0.627907 0.248371 0.627532 0.248371 0.625656 0.248622 0.625281 0.248622 0.623781 0.248872 0.623406 0.248872 0.62153 0.249373 0.62078 0.249624 0.621155 0.250125 0.621155 0.250125 0.619655 0.250376 0.61928 0.250376 0.617779 0.250627 0.617404 0.250627 0.616654 0.250877 0.616279 0.251378 0.616279 0.251378 0.615529 0.251629 0.615154 0.251629 0.613653 0.25188 0.613278 0.25188 0.612903 0.251378 0.612903 0.251128 0.612528 0.251128 0.611403 0.251378 0.611028 0.251378 0.609527 0.251629 0.609152 0.251629 0.607277 0.25188 0.606902 0.25188 0.605401 0.25213 0.605026 0.25213 0.603901 0.25188 0.603901 0.251629 0.603526 0.251378 0.603526 0.251128 0.603151 0.251378 0.602776 0.251378 0.6009 0.251629 0.600525 0.251629 0.599025 0.25188 0.59865 0.25188 0.596774 0.25213 0.596399 0.25213 0.594899 0.252381 0.594524 0.252381 0.592648 0.252632 0.592273 0.252381 0.591898 0.25213 0.591898 0.25188 0.591523 0.25188 0.590773 0.25213 0.590398 0.25213 0.588147 0.25188 0.588147 0.251629 0.587772 0.251629 0.586272 0.25188 0.585896 0.25188 0.584396 0.25213 0.584021 0.25213 0.582146 0.252381 0.58177 0.252381 0.58027 0.252632 0.579895 0.252632 0.57802 0.252882 0.577644 0.252882 0.576894 0.253133 0.576519 0.253634 0.576519 0.253634 0.576144 0.253885 0.575769 0.253885 0.574269 0.254135 0.573893 0.254135 0.572018 0.254386 0.571643 0.254386 0.570143 0.254637 0.569767 0.254637 0.567892 0.254887 0.567517 0.254887 0.566017 0.255138 0.565641 0.255138 0.563766 0.255388 0.563391 0.255388 0.56189 0.255639 0.561515 0.255639 0.55964 0.25589 0.559265 0.25589 0.557764 0.25614 0.557389 0.25614 0.555514 0.256391 0.555139 0.256391 0.553638 0.256642 0.553263 0.256642 0.551388 0.256892 0.551013 0.256892 0.550263 0.256642 0.550263 0.25614 0.549512 0.25614 0.549137 0.256391 0.548762 0.256391 0.547262 0.256642 0.546887 0.256642 0.545011 0.256892 0.544636 0.256892 0.543136 0.257143 0.542761 0.257143 0.540885 0.257393 0.54051 0.257393 0.53901 0.257644 0.538635 0.257644 0.536759 0.257895 0.536384 0.257895 0.534884 0.258145 0.534509 0.258145 0.532633 0.258396 0.532258 0.258396 0.530758 0.258647 0.530383 0.258647 0.530008 0.258897 0.529632 0.259148 0.529632 0.259398 0.530008 0.259398 0.528882 0.259649 0.528507 0.259649 0.526257 0.259398 0.526257 0.259148 0.525881 0.259148 0.524381 0.259398 0.524006 0.259398 0.522506 0.259148 0.522131 0.258897 0.522131 0.258647 0.521755 0.258647 0.52138 0.258897 0.521005 0.259649 0.521005 0.2599 0.52138 0.26015 0.52138 0.260401 0.521005 0.260401 0.52063 0.260652 0.520255 0.260652 0.518755 0.26015 0.518755 0.2599 0.51838 0.26015 0.518005 0.26015 0.516129 0.260401 0.515754 0.260401 0.514254 0.260902 0.513503 0.261404 0.513503 0.261404 0.512378 0.261654 0.512003 0.261654 0.511628 0.261905 0.511253 0.262406 0.511253 0.262406 0.510128 0.262657 0.509752 0.262657 0.508252 0.262907 0.507877 0.262907 0.506377 0.262155 0.506377 0.261654 0.505626 0.261654 0.503751 0.261905 0.503376 0.261905 0.502626 0.261654 0.502251 0.261654 0.501875 0.261404 0.501875 0.261153 0.5015 0.261153 0.5 0.261404 0.499625 0.261905 0.499625 0.262155 0.49925 0.262406 0.49925 0.262406 0.497749 0.262657 0.497374 0.262657 0.495499 0.263158 0.494749 0.263659 0.494749 0.263659 0.493623 0.26391 0.493248 0.26391 0.492498 0.26416 0.492123 0.264411 0.492498 0.264662 0.492498 0.264662 0.491748 0.264912 0.491373 0.264912 0.489872 0.264411 0.489872 0.26416 0.489497 0.264411 0.489122 0.264411 0.487622 0.264662 0.487247 0.265414 0.487247 0.265414 0.485746 0.265664 0.485371 0.265664 0.483496 0.265915 0.483121 0.265915 0.482371 0.265414 0.482371 0.265163 0.481995 0.265163 0.481245 0.265414 0.48087 0.265414 0.47937 0.265664 0.478995 0.265664 0.477119 0.265414 0.477119 0.265163 0.476744 0.265163 0.475994 0.264912 0.475619 0.264411 0.475619 0.26416 0.475244 0.26416 0.474869 0.264411 0.474494 0.264411 0.474119 0.26391 0.474119 0.263659 0.473743 0.263659 0.472993 0.26391 0.472618 0.26416 0.472993 0.264411 0.472993 0.264411 0.472618 0.264662 0.472243 0.264662 0.470743 0.264912 0.470368 0.264912 0.468867 0.265163 0.468492 0.265163 0.466617 0.265414 0.466242 0.265414 0.464741 0.265664 0.464366 0.265664 0.462491 0.265915 0.462116 0.265915 0.460615 0.266165 0.46024 0.266165 0.459115 0.265915 0.45874 0.265664 0.45874 0.265414 0.458365 0.265915 0.457614 0.266165 0.457614 0.266416 0.457989 0.267168 0.457989 0.267419 0.457614 0.267419 0.456489 0.267669 0.456114 0.267669 0.454239 0.26792 0.453863 0.26792 0.452363 0.26817 0.451988 0.26817 0.450113 0.268421 0.449737 0.268421 0.448237 0.268672 0.447862 0.268672 0.446737 0.268421 0.446737 0.26817 0.446362 0.26792 0.446362 0.267669 0.445986 0.26792 0.445611 0.26792 0.444111 0.26817 0.443736 0.26817 0.442611 0.267669 0.442611 0.267419 0.442236 0.267419 0.44186 0.267669 0.441485 0.267669 0.43961 0.26792 0.439235 0.26792 0.437734 0.26817 0.437359 0.268672 0.437359 0.268922 0.437734 0.269674 0.437734 0.269925 0.437359 0.269925 0.435859 0.270175 0.435484 0.270175 0.433608 0.270426 0.433233 0.270426 0.431733 0.270677 0.431358 0.270677 0.429482 0.270927 0.429107 0.270927 0.427607 0.271178 0.427232 0.271178 0.425356 0.270927 0.424981 0.270677 0.424981 0.270426 0.424606 0.270426 0.423481 0.270677 0.423106 0.270677 0.42123 0.270927 0.420855 0.270927 0.419355 0.271178 0.41898 0.271178 0.417479 0.270677 0.417479 0.270426 0.417104 0.270677 0.416729 0.270677 0.415229 0.270927 0.414854 0.270927 0.412978 0.271178 0.412603 0.271178 0.411103 0.271429 0.410728 0.271429 0.408852 0.271679 0.408477 0.271679 0.406977 0.27193 0.406602 0.27193 0.404726 0.27218 0.404351 0.27218 0.402851 0.272431 0.402476 0.272431 0.4006 0.272682 0.400225 0.272682 0.398725 0.272932 0.39835 0.272932 0.396474 0.273183 0.396099 0.273183 0.394599 0.273434 0.394224 0.273434 0.392348 0.273684 0.391973 0.273684 0.390473 0.273935 0.390098 0.273935 0.388222 0.274185 0.387847 0.274185 0.386347 0.274436 0.385971 0.274436 0.384096 0.274687 0.383721 0.274687 0.382221 0.274937 0.381845 0.275188 0.382221 0.275439 0.382221 0.275689 0.381845 0.275689 0.37997 0.27594 0.379595 0.27594 0.378845 0.27619 0.37847 0.276692 0.37847 0.277444 0.377344 0.277945 0.377344 0.277945 0.376219 0.278195 0.375844 0.278195 0.374344 0.278446 0.373968 0.278446 0.372093 0.278697 0.371718 0.278697 0.370593 0.278947 0.370218 0.279449 0.370218 0.279699 0.369842 0.279699 0.369092 0.27995 0.368717 0.280201 0.369092 0.280702 0.369092 0.280702 0.368342 0.280952 0.367967 0.280952 0.366092 0.281203 0.365716 0.281203 0.364591 0.281454 0.364216 0.281955 0.364216 0.282206 0.363841 0.282206 0.362341 0.282456 0.361965 0.282957 0.361965 0.282957 0.36009 0.283208 0.359715 0.283208 0.358215 0.283459 0.357839 0.283459 0.355964 0.283709 0.355589 0.283709 0.354089 0.28396 0.353713 0.28396 0.351838 0.284211 0.351463 0.284211 0.349962 0.284461 0.349587 0.284461 0.347712 0.284712 0.347337 0.284712 0.345836 0.284962 0.345461 0.284962 0.343586 0.285213 0.343211 0.284962 0.343211 0.284712 0.342836 0.284712 0.34171 0.284962 0.341335 0.284962 0.33946 0.285213 0.339085 0.285213 0.337959 0.284712 0.337959 0.284461 0.337584 0.284461 0.337209 0.284712 0.336834 0.284461 0.336459 0.283459 0.336459 0.283208 0.336084 0.282206 0.336084 0.281955 0.335709 0.280702 0.335709 0.280451 0.335334 0.279449 0.335334 0.279198 0.334959 0.277945 0.334959 0.277694 0.334584 0.276692 0.334584 0.276441 0.334209 0.275188 0.334209 0.274687 0.333458 0.274687 0.332333 0.273935 0.332333 0.273684 0.331958 0.272682 0.331958 0.272431 0.331583 0.271178 0.331583 0.270927 0.331208 0.269925 0.331208 0.269674 0.330833 0.268421 0.330833 0.26817 0.330458 0.26817 0.329707 0.26792 0.329332 0.267168 0.329332 0.266917 0.328957 0.265664 0.328957 0.265414 0.328582 0.264411 0.328582 0.26416 0.328207 0.262907 0.328207 0.262406 0.327457 0.262406 0.326707 0.262155 0.326332 0.261654 0.326332 0.261404 0.325956 0.260401 0.325956 0.26015 0.325581 0.258897 0.325581 0.258647 0.325206 0.257644 0.325206 0.257393 0.324831 0.25614 0.324831 0.25589 0.324456 0.254887 0.324456 0.254637 0.324081 0.253383 0.324081 0.253133 0.323706 0.25213 0.323706 0.25188 0.323331 0.250627 0.323331 0.250376 0.322956 0.249373 0.322956 0.249123 0.322581 0.24787 0.322581 0.247619 0.322206 0.246617 0.322206 0.246366 0.32183 0.245113 0.32183 0.244862 0.321455 0.24386 0.321455 0.243609 0.32108 0.242356 0.32108 0.242105 0.320705 0.241103 0.320705 0.240852 0.32033 0.239599 0.32033 0.239348 0.319955 0.238847 0.319955 0.238847 0.32033 0.238596 0.320705 0.238596 0.322206 0.238346 0.322581 0.238095 0.322581 0.237845 0.322206 0.237093 0.322206 0.236842 0.32183 0.236842 0.32033 0.237093 0.319955 0.237093 0.31958 0.236842 0.31958 0.236591 0.319205 0.235589 0.319205 0.235338 0.31883 0.234085 0.31883 0.233835 0.318455 0.233083 0.318455 0.232832 0.31808 0.232832 0.317704 0.233083 0.317329 0.232832 0.317329 0.232331 0.316579 0.232331 0.315454 0.232581 0.315079 0.232581 0.313203 0.23183 0.313203 0.231579 0.312828 0.230326 0.312828 0.230075 0.312453 0.229574 0.312453 0.229323 0.312078 0.229323 0.310953 0.229073 0.310953 0.228822 0.310578 0.227569 0.310578 0.227068 0.309827 0.227068 0.309077 0.226316 0.309077 0.226065 0.308702 0.226065 0.308327 0.226316 0.307952 0.226316 0.306077 0.226065 0.306077 0.225815 0.305701 0.225815 0.304201 0.226065 0.303826 0.225815 0.303451 0.225564 0.303451 0.225313 0.303076 0.225313 0.302326 0.225063 0.30195 0.224812 0.30195 0.224561 0.301575 0.224561 0.30045 0.22406 0.30045 0.22381 0.300075 0.22381 0.2997 0.22406 0.299325 0.22381 0.29895 0.222807 0.29895 0.222556 0.298575 0.221303 0.298575 0.221053 0.2982 0.220802 0.2982 0.220551 0.297824 0.220551 0.297074 0.22005 0.296324 0.22005 0.294824 0.220301 0.294449 0.22005 0.294074 0.219549 0.294074 0.219298 0.293698 0.219298 0.292573 0.219048 0.292573 0.218797 0.292198 0.218797 0.291448 0.218546 0.291073 0.218045 0.291073 0.217794 0.290698 0.218045 0.290323 0.218045 0.289572 0.217794 0.289572 0.217293 0.288822 0.217293 0.288072 0.217043 0.288072 0.216792 0.287697 0.216792 0.286947 0.216541 0.286947 0.216291 0.286572 0.21604 0.286572 0.215789 0.286197 0.21604 0.285821 0.21604 0.285446 0.216291 0.285071 0.216541 0.285446 0.216792 0.285446 0.217043 0.285071 0.217043 0.284321 0.217293 0.283946 0.217293 0.282071 0.217544 0.281695 0.217544 0.27907 0.217043 0.27907 0.216792 0.278695 0.216792 0.277569 0.216541 0.277569 0.216291 0.277194 0.216291 0.275694 0.216541 0.275319 0.216541 0.273818 0.216291 0.273443 0.21604 0.273443 0.215789 0.273068 0.215789 0.271943 0.214536 0.271943 0.214286 0.271568 0.214286 0.271193 0.214536 0.270818 0.214536 0.267817 0.214035 0.267817 0.213784 0.267442 0.213784 0.267067 0.214035 0.266692 0.214035 0.264816 0.214286 0.264441 0.214286 0.262941 0.214536 0.262566 0.214536 0.26069 0.214787 0.260315 0.214787 0.258815 0.215038 0.25844 0.215038 0.257689 0.214787 0.257314 0.214536 0.257314 0.214286 0.256939 0.214286 0.256564 0.214536 0.256189 0.214536 0.254689 0.214787 0.254314 0.214787 0.252438 0.215038 0.252063 0.215038 0.250563 0.215288 0.250188 0.215288 0.248687 0.214536 0.248687 0.214286 0.248312 0.214536 0.247937 0.214536 0.246062 0.214787 0.245686 0.214787 0.245311 0.214536 0.244936 0.213534 0.244936 0.213283 0.244561 0.21203 0.244561 0.211779 0.244186 0.210777 0.244186 0.210526 0.243811 0.209273 0.243811 0.209023 0.243436 0.20802 0.243436 0.207769 0.243061 0.206516 0.243061 0.206266 0.242686 0.205263 0.242686 0.205013 0.242311 0.203759 0.242311 0.203509 0.241935 0.202506 0.241935 0.202256 0.24156 0.201003 0.24156 0.200752 0.241185 0.199749 0.241185 0.199499 0.24081 0.198246 0.24081 0.197995 0.240435 0.196992 0.240435 0.196742 0.24006 0.195489 0.24006 0.195238 0.239685 0.194236 0.239685 0.193985 0.23931 0.192732 0.23931 0.192481 0.238935
