0 0.62783 0.395159 0.62783 0.395431 0.627554 0.395703 0.627554 0.396519 0.628106 0.396519 0.628382 0.396791 0.62921 0.396791 0.629486 0.397063 0.629763 0.397063 0.630039 0.396791 0.630039 0.395703 0.629486 0.395703 0.62921 0.395431 0.628658 0.395431 0.628382 0.395159
0 0.656543 0.373674 0.656543 0.373946 0.656267 0.374218 0.656267 0.374762 0.656819 0.374762 0.657096 0.375034 0.657372 0.375034 0.657372 0.37449 0.657648 0.374218 0.657648 0.373946 0.657096 0.373946 0.656819 0.373674
0 0.657924 0.368779 0.657924 0.369051 0.657648 0.369323 0.657648 0.370139 0.657372 0.370411 0.657648 0.370683 0.658476 0.370683 0.658752 0.370411 0.658752 0.369595 0.659028 0.369323 0.659028 0.369051 0.658752 0.368779
0 0.559359 0.355453 0.559359 0.355725 0.559083 0.355997 0.559083 0.356269 0.559359 0.356541 0.559912 0.356541 0.560188 0.356813 0.561016 0.356813 0.561292 0.357085 0.562396 0.357085 0.562396 0.356269 0.56212 0.355997 0.561292 0.355997 0.561016 0.355725 0.560464 0.355725 0.560188 0.355453
0 0.566262 0.354093 0.566262 0.354637 0.56571 0.355181 0.565433 0.355181 0.565433 0.355725 0.565157 0.355997 0.565433 0.356269 0.566262 0.356269 0.566538 0.355997 0.567366 0.355997 0.567366 0.355181 0.567642 0.354909 0.567642 0.354365 0.567366 0.354093
0 0.568194 0.347838 0.567918 0.34811 0.567918 0.348926 0.567642 0.349198 0.567642 0.349742 0.568194 0.349742 0.56847 0.350014 0.569023 0.350014 0.569023 0.349742 0.569299 0.34947 0.569575 0.349742 0.569575 0.34947 0.569851 0.349198 0.569851 0.348382 0.569575 0.348382 0.569299 0.34811 0.568747 0.34811 0.56847 0.347838
0 0.571784 0.342399 0.571231 0.342943 0.570955 0.342671 0.570955 0.343215 0.570679 0.343487 0.570679 0.344302 0.570403 0.344574 0.570403 0.345118 0.570127 0.34539 0.570127 0.345934 0.570679 0.345934 0.570955 0.346206 0.571231 0.346206 0.571231 0.345662 0.571507 0.34539 0.571507 0.344574 0.571784 0.344302 0.571784 0.34403 0.57206 0.343758 0.572612 0.343758 0.572888 0.343487 0.572888 0.342671 0.572336 0.342671 0.57206 0.342399
0 0.571784 0.337231 0.571784 0.337503 0.571507 0.337775 0.571507 0.338319 0.571231 0.338591 0.571231 0.338863 0.571507 0.338863 0.571784 0.339135 0.572612 0.339135 0.572888 0.339407 0.573164 0.339407 0.573164 0.338863 0.57344 0.338591 0.57344 0.338319 0.573164 0.338319 0.572888 0.338047 0.572888 0.337231
0 0.673937 0.298613 0.673661 0.298885 0.673661 0.299701 0.673385 0.299973 0.673385 0.300517 0.673109 0.300789 0.673109 0.301605 0.672833 0.301877 0.672833 0.30242 0.672557 0.302692 0.672557 0.303508 0.672281 0.30378 0.672281 0.304596 0.672833 0.304596 0.673109 0.304868 0.673661 0.304324 0.674213 0.304324 0.674213 0.304052 0.674489 0.30378 0.674489 0.302964 0.674765 0.302692 0.674765 0.302148 0.675041 0.301877 0.675041 0.301605 0.674765 0.301333 0.674489 0.301333 0.674213 0.301061 0.674489 0.300789 0.674489 0.299973 0.674765 0.299701 0.674765 0.298885 0.674489 0.298613
0 0.677802 0.287191 0.677526 0.287463 0.677526 0.288007 0.67725 0.288278 0.67725 0.289094 0.676974 0.289366 0.676974 0.28991 0.676698 0.290182 0.676698 0.290454 0.676422 0.290726 0.676146 0.290726 0.676146 0.290998 0.67587 0.29127 0.67587 0.291814 0.675594 0.292086 0.675594 0.293174 0.676422 0.293174 0.676698 0.293446 0.67725 0.293446 0.677526 0.293174 0.677526 0.292358 0.677802 0.292086 0.677526 0.291814 0.677526 0.291542 0.67725 0.291542 0.676974 0.29127 0.67725 0.290998 0.678078 0.290998 0.678078 0.290454 0.678355 0.290182 0.678355 0.289366 0.678631 0.289094 0.678631 0.28855 0.678907 0.288278 0.678907 0.287463 0.678631 0.287463 0.678355 0.287191
0 0.682772 0.269513 0.682496 0.269785 0.682496 0.270601 0.68222 0.270873 0.68222 0.271145 0.681944 0.271417 0.681668 0.271417 0.681391 0.271689 0.681391 0.272505 0.681115 0.272777 0.681115 0.273321 0.680839 0.273593 0.681115 0.273593 0.681391 0.273865 0.681391 0.274408 0.681115 0.27468 0.681115 0.275496 0.680839 0.275768 0.680839 0.276312 0.680563 0.276584 0.680563 0.276856 0.681115 0.2774 0.680839 0.277672 0.680839 0.278488 0.680563 0.27876 0.679459 0.27876 0.679459 0.279304 0.679183 0.279576 0.679183 0.28012 0.678907 0.280392 0.679183 0.280392 0.679459 0.280664 0.679735 0.280664 0.680011 0.280936 0.680011 0.281208 0.679735 0.281479 0.679735 0.282295 0.679459 0.282567 0.679459 0.283383 0.679183 0.283655 0.679183 0.284199 0.678907 0.284471 0.678907 0.285015 0.679459 0.285015 0.679735 0.285287 0.680287 0.285287 0.680287 0.284743 0.680563 0.284471 0.680563 0.283655 0.680839 0.283383 0.680839 0.282839 0.681115 0.282567 0.681115 0.281751 0.681391 0.281479 0.681391 0.280936 0.681944 0.280392 0.68222 0.280392 0.68222 0.279848 0.682496 0.279576 0.682496 0.279304 0.68222 0.279304 0.681944 0.279032 0.681944 0.27876 0.68222 0.278488 0.68222 0.277944 0.682496 0.277672 0.682496 0.276856 0.682772 0.276584 0.682772 0.27604 0.682496 0.27604 0.68222 0.275768 0.682496 0.275496 0.682496 0.274952 0.682772 0.27468 0.682772 0.273593 0.682496 0.273593 0.68222 0.273321 0.682496 0.273049 0.682772 0.273049 0.683324 0.272505 0.683324 0.271961 0.6836 0.271689 0.6836 0.271145 0.683876 0.270873 0.683876 0.270057 0.6836 0.269785 0.683048 0.269785
0 0.722529 0.138156 0.722529 0.1387 0.722253 0.138972 0.722253 0.139244 0.722529 0.139244 0.723081 0.139788 0.722805 0.14006 0.723357 0.14006 0.723633 0.140332 0.723909 0.140332 0.724186 0.14006 0.724186 0.139244 0.724462 0.138972 0.724462 0.138428 0.723909 0.138428 0.723633 0.138156
0 0.723357 0.135708 0.723081 0.13598 0.723081 0.136796 0.723357 0.137068 0.724186 0.137068 0.724462 0.136796 0.724462 0.13598 0.724186 0.13598 0.723909 0.135708
0 0.724462 0.130541 0.723909 0.131085 0.723909 0.131901 0.723633 0.132173 0.723633 0.132717 0.723357 0.132989 0.723357 0.133533 0.723633 0.133805 0.724738 0.133805 0.724738 0.133261 0.725014 0.132989 0.725014 0.132173 0.72529 0.131901 0.72529 0.131085 0.725014 0.130813 0.724738 0.130813
0 0.72667 0.12211 0.726394 0.122382 0.726394 0.123198 0.726118 0.12347 0.726118 0.124014 0.72667 0.124014 0.726946 0.124286 0.727223 0.124286 0.727499 0.124014 0.727499 0.12347 0.727775 0.123198 0.727775 0.122382 0.727223 0.122382 0.726946 0.12211
0 0.727499 0.116671 0.727499 0.117215 0.727223 0.117487 0.727223 0.117759 0.727499 0.117759 0.727775 0.118031 0.728327 0.118031 0.728327 0.117487 0.728603 0.117215 0.728603 0.116671
0 0.730812 0.11232 0.730812 0.112592 0.730536 0.112864 0.730536 0.113408 0.73026 0.11368 0.73026 0.113952 0.730536 0.114224 0.731364 0.114224 0.731364 0.113952 0.73164 0.11368 0.73164 0.112864 0.731916 0.112592 0.73164 0.112592 0.731364 0.11232
0 0.731364 0.107153 0.731364 0.107696 0.731088 0.107968 0.731088 0.108512 0.730812 0.108784 0.731088 0.109056 0.73164 0.109056 0.731916 0.109328 0.732192 0.109328 0.732192 0.109056 0.732468 0.108784 0.732468 0.107968 0.732744 0.107696 0.732744 0.107425 0.732192 0.107425 0.731916 0.107153
0 0.732192 0.104705 0.731916 0.104977 0.731916 0.105793 0.732192 0.106065 0.73302 0.106065 0.733297 0.105793 0.733297 0.104977 0.732744 0.104977 0.732468 0.104705
0 0.73302 0.101713 0.732744 0.101985 0.732744 0.102801 0.73302 0.103073 0.733573 0.103073 0.733849 0.103345 0.733849 0.103073 0.734125 0.102801 0.734125 0.101985 0.733849 0.101713
0 0.736057 0.100626 0.736057 0.101169 0.735781 0.101441 0.735781 0.102257 0.736057 0.102529 0.736334 0.102529 0.73661 0.102257 0.73661 0.101441 0.736886 0.101169 0.736886 0.100626
0 0.736334 0.097362 0.735781 0.097906 0.735505 0.097906 0.735505 0.098178 0.735229 0.09845 0.735229 0.098994 0.735505 0.099266 0.736057 0.099266 0.736334 0.099538 0.737162 0.099538 0.737438 0.099266 0.737438 0.098722 0.737714 0.09845 0.737714 0.097906 0.737438 0.097634 0.73661 0.097634
0 0.736334 0.090291 0.736057 0.090563 0.736057 0.091107 0.735781 0.091379 0.735781 0.091923 0.735505 0.092195 0.735505 0.093011 0.735229 0.093283 0.735229 0.093826 0.735781 0.093826 0.736057 0.094098 0.73661 0.094098 0.73661 0.093555 0.736886 0.093283 0.736886 0.092467 0.737162 0.092195 0.737162 0.091651 0.737438 0.091379 0.737438 0.090291
0 0.737438 0.086484 0.737162 0.086756 0.737162 0.087299 0.736886 0.087571 0.736886 0.088387 0.737714 0.088387 0.73799 0.088659 0.738266 0.088387 0.738266 0.087571 0.738542 0.087299 0.738542 0.087027 0.73799 0.086484
0 0.739923 0.0805 0.739647 0.080772 0.739647 0.081588 0.739371 0.08186 0.739371 0.082404 0.739094 0.082676 0.739094 0.083492 0.738818 0.083764 0.739371 0.083764 0.739647 0.084036 0.739923 0.084036 0.739923 0.083764 0.740199 0.083492 0.740199 0.082948 0.740475 0.082676 0.740475 0.08186 0.740751 0.081588 0.740751 0.080772 0.740199 0.080772
0 0.739647 0.076149 0.739647 0.076421 0.739371 0.076693 0.739371 0.077237 0.739647 0.077509 0.739647 0.078053 0.740199 0.078053 0.740475 0.078325 0.741027 0.078325 0.741027 0.078053 0.741303 0.077781 0.741303 0.077237 0.740751 0.076693 0.740751 0.076421 0.740475 0.076149
0 0.662065 0.050313 0.662065 0.050857 0.661789 0.051129 0.662065 0.051129 0.662341 0.051401 0.662893 0.051401 0.66317 0.051673 0.663998 0.051673 0.664274 0.051945 0.66455 0.051945 0.664826 0.052216 0.66455 0.052488 0.66455 0.053032 0.664274 0.053304 0.664274 0.05412 0.663998 0.054392 0.663998 0.055208 0.663722 0.05548 0.663722 0.056024 0.663446 0.056296 0.663446 0.057112 0.66317 0.057384 0.66317 0.057928 0.662893 0.0582 0.662893 0.059016 0.662617 0.059287 0.662617 0.059831 0.662341 0.060103 0.662341 0.060919 0.662065 0.061191 0.662065 0.062007 0.661789 0.062279 0.661789 0.062823 0.661513 0.063095 0.661513 0.063911 0.661237 0.064183 0.661789 0.064727 0.661789 0.064999 0.661513 0.065271 0.661513 0.066358 0.661789 0.066358 0.662065 0.06663 0.662341 0.06663 0.662617 0.066902 0.662617 0.067174 0.662893 0.067446 0.662893 0.06799 0.662617 0.068262 0.662893 0.068534 0.662893 0.068806 0.66317 0.068806 0.663446 0.069078 0.66317 0.06935 0.66317 0.070166 0.662893 0.070438 0.662893 0.070982 0.662617 0.071254 0.662617 0.07207 0.662341 0.072342 0.662893 0.072886 0.662893 0.073157 0.662617 0.073429 0.662617 0.073701 0.662893 0.073701 0.66317 0.073973 0.66317 0.074245 0.662893 0.074517 0.662893 0.075061 0.662617 0.075333 0.662617 0.076149 0.662341 0.076421 0.662341 0.076965 0.662065 0.077237 0.661789 0.076965 0.661789 0.076421 0.661237 0.075877 0.660961 0.075877 0.660685 0.076149 0.660409 0.076149 0.660409 0.076965 0.660133 0.077237 0.660133 0.077509 0.660409 0.077509 0.660685 0.077781 0.661237 0.077781 0.661513 0.078053 0.661237 0.078325 0.661237 0.078869 0.660961 0.079141 0.660961 0.079956 0.660685 0.080228 0.660685 0.080772 0.660409 0.081044 0.660409 0.08186 0.660133 0.082132 0.660685 0.082676 0.660685 0.082948 0.660409 0.08322 0.660409 0.083764 0.660133 0.084036 0.660133 0.084852 0.65958 0.085396 0.659304 0.085396 0.659304 0.085668 0.659028 0.08594 0.659028 0.086756 0.658752 0.087027 0.658752 0.087571 0.658476 0.087843 0.658476 0.088659 0.6582 0.088931 0.6582 0.089747 0.657924 0.090019 0.657924 0.090563 0.657648 0.090835 0.657648 0.091651 0.657372 0.091923 0.657372 0.092467 0.657096 0.092739 0.657096 0.093555 0.656819 0.093826 0.656267 0.093826 0.655991 0.093555 0.655715 0.093555 0.655439 0.093826 0.655439 0.09437 0.655163 0.094642 0.655163 0.095186 0.654887 0.095458 0.654887 0.096274 0.654611 0.096546 0.654611 0.096818 0.654335 0.09709 0.653782 0.09709 0.653506 0.096818 0.653506 0.09709 0.65323 0.097362 0.652402 0.097362 0.652126 0.097634 0.65185 0.097634 0.65185 0.097906 0.651574 0.098178 0.651022 0.098178 0.651022 0.098722 0.650745 0.098994 0.650745 0.09981 0.650469 0.100082 0.650469 0.100626 0.650193 0.100897 0.650193 0.101713 0.649641 0.102257 0.649365 0.102257 0.649089 0.102529 0.649089 0.102801 0.648813 0.103073 0.648813 0.103617 0.648537 0.103889 0.648537 0.104705 0.648261 0.104977 0.648261 0.105793 0.647985 0.106065 0.647985 0.106609 0.647708 0.106881 0.647708 0.107696 0.647432 0.107968 0.647432 0.108512 0.647156 0.108784 0.647156 0.1096 0.64688 0.109872 0.64688 0.110144 0.646604 0.110416 0.646328 0.110416 0.645776 0.11096 0.6455 0.11096 0.6455 0.111232 0.645224 0.111504 0.645224 0.112048 0.6455 0.11232 0.6455 0.112864 0.646052 0.112864 0.646328 0.113136 0.646604 0.113136 0.64688 0.113408 0.646604 0.11368 0.646604 0.114224 0.646328 0.114496 0.646328 0.115311 0.646052 0.115583 0.646052 0.115855 0.645776 0.116127 0.644948 0.116127 0.644671 0.115855 0.644671 0.116127 0.644395 0.116399 0.644395 0.116943 0.644119 0.117215 0.644119 0.118031 0.643843 0.118303 0.643843 0.118847 0.643567 0.119119 0.643291 0.118847 0.642739 0.118847 0.642463 0.119119 0.642463 0.119391 0.642187 0.119663 0.641634 0.119663 0.641358 0.119935 0.641358 0.120479 0.641082 0.120751 0.640806 0.120751 0.64053 0.121023 0.64053 0.121566 0.640254 0.121838 0.640254 0.122382 0.639978 0.122654 0.639702 0.122382 0.639426 0.122654 0.639426 0.123198 0.63915 0.12347 0.638597 0.12347 0.638321 0.123742 0.638321 0.124286 0.638045 0.124558 0.638045 0.125374 0.637769 0.125646 0.637769 0.12619 0.637493 0.126462 0.637493 0.127278 0.637217 0.12755 0.637217 0.128094 0.636941 0.128366 0.636941 0.129181 0.636665 0.129453 0.636665 0.129997 0.636389 0.130269 0.636389 0.131085 0.636113 0.131357 0.636113 0.131901 0.636389 0.131901 0.636665 0.132173 0.636665 0.133261 0.636113 0.133805 0.63556 0.133805 0.63556 0.134077 0.635284 0.134349 0.635284 0.134893 0.635008 0.135165 0.635008 0.13598 0.634732 0.136252 0.634732 0.136796 0.634456 0.137068 0.634456 0.137884 0.63418 0.138156 0.63418 0.138428 0.634456 0.138428 0.635008 0.138972 0.634732 0.139244 0.634732 0.14006 0.634456 0.140332 0.634456 0.140876 0.63418 0.141148 0.63418 0.14142 0.633904 0.141692 0.633352 0.141692 0.633076 0.141964 0.633076 0.142779 0.6328 0.143051 0.6328 0.143595 0.632523 0.143867 0.632523 0.144683 0.631971 0.145227 0.631695 0.145227 0.631695 0.145499 0.631419 0.145771 0.631419 0.146587 0.631143 0.146859 0.631143 0.147403 0.630867 0.147675 0.630867 0.148491 0.630591 0.148763 0.630591 0.149578 0.630315 0.14985 0.630315 0.150394 0.630039 0.150666 0.629763 0.150394 0.629486 0.150666 0.629486 0.15121 0.62921 0.151482 0.628382 0.151482 0.628382 0.152298 0.628106 0.15257 0.628106 0.153114 0.62783 0.153386 0.62783 0.154474 0.628106 0.154474 0.628382 0.154746 0.628382 0.15529 0.628106 0.155562 0.628106 0.156106 0.62783 0.156377 0.62783 0.157193 0.627554 0.157465 0.627554 0.158281 0.627278 0.158553 0.627278 0.159097 0.627002 0.159369 0.626173 0.159369 0.626173 0.159913 0.625897 0.160185 0.625897 0.161001 0.625621 0.161273 0.625621 0.161817 0.625345 0.162089 0.625345 0.162905 0.625069 0.163177 0.625069 0.163992 0.624793 0.164264 0.624793 0.164808 0.624517 0.16508 0.624517 0.165624 0.624241 0.165896 0.623965 0.165896 0.623689 0.166168 0.623689 0.166712 0.623412 0.166984 0.623412 0.1678 0.623136 0.168072 0.623136 0.168616 0.62286 0.168888 0.62286 0.169704 0.622584 0.169976 0.622584 0.170519 0.622308 0.170791 0.622308 0.171607 0.622032 0.171879 0.622032 0.172423 0.621756 0.172695 0.621756 0.173511 0.62148 0.173783 0.62148 0.174599 0.621204 0.174871 0.621204 0.175415 0.620928 0.175687 0.620928 0.176503 0.620652 0.176775 0.620652 0.177318 0.620099 0.177862 0.619823 0.177862 0.619823 0.178406 0.619547 0.178678 0.619547 0.179222 0.619271 0.179494 0.619271 0.18031 0.618995 0.180582 0.618995 0.181126 0.618719 0.181398 0.618719 0.182214 0.618443 0.182486 0.618443 0.18303 0.618167 0.183302 0.618167 0.184117 0.617891 0.184389 0.617891 0.185205 0.617615 0.185477 0.617615 0.186021 0.617338 0.186293 0.617338 0.187109 0.617062 0.187381 0.617062 0.187925 0.616786 0.188197 0.616786 0.189013 0.61651 0.189285 0.61651 0.189557 0.616234 0.189829 0.615958 0.189557 0.615406 0.190101 0.615406 0.190917 0.61513 0.191188 0.61513 0.191732 0.614854 0.192004 0.614854 0.19282 0.614578 0.193092 0.614578 0.193908 0.614301 0.19418 0.614301 0.194724 0.614025 0.194996 0.614025 0.195812 0.613749 0.196084 0.613749 0.196628 0.613473 0.1969 0.613473 0.197716 0.613197 0.197987 0.613197 0.198531 0.612921 0.198803 0.612921 0.199619 0.612645 0.199891 0.612645 0.200163 0.612369 0.200435 0.612093 0.200435 0.611817 0.200707 0.611817 0.201523 0.611541 0.201795 0.611541 0.202339 0.611264 0.202611 0.611264 0.203427 0.610988 0.203699 0.610988 0.204243 0.610712 0.204515 0.610712 0.20533 0.610436 0.205602 0.610436 0.206418 0.61016 0.20669 0.61016 0.207234 0.609884 0.207506 0.609884 0.208322 0.609608 0.208594 0.609608 0.209138 0.609332 0.20941 0.60878 0.20941 0.60878 0.210226 0.608504 0.210498 0.608504 0.211042 0.608227 0.211314 0.608227 0.212129 0.607951 0.212401 0.607951 0.212945 0.607675 0.213217 0.607675 0.214033 0.607399 0.214305 0.607399 0.214849 0.607123 0.215121 0.607123 0.215937 0.606847 0.216209 0.606847 0.217025 0.606571 0.217297 0.606571 0.217841 0.606295 0.218113 0.606295 0.218928 0.606019 0.2192 0.605743 0.218928 0.605467 0.218928 0.605191 0.2192 0.605191 0.219744 0.604914 0.220016 0.604914 0.220832 0.604638 0.221104 0.604638 0.221648 0.604362 0.22192 0.604362 0.222736 0.604086 0.223008 0.604086 0.223552 0.60381 0.223824 0.60381 0.22464 0.603534 0.224912 0.603534 0.225456 0.603258 0.225727 0.603258 0.226543 0.602982 0.226815 0.602706 0.226543 0.601877 0.226543 0.601877 0.227359 0.601601 0.227631 0.601601 0.228447 0.601325 0.228719 0.601325 0.229263 0.601049 0.229535 0.601049 0.230351 0.600773 0.230623 0.600773 0.231167 0.600497 0.231439 0.600497 0.232255 0.600221 0.232527 0.600221 0.23307 0.599945 0.233342 0.599945 0.234158 0.599669 0.23443 0.599669 0.235246 0.599393 0.235518 0.599393 0.236062 0.599117 0.236334 0.599117 0.23715 0.59884 0.237422 0.59884 0.237966 0.598564 0.238238 0.598564 0.239054 0.598288 0.239326 0.598288 0.239869 0.598012 0.240141 0.598012 0.240957 0.597736 0.241229 0.597736 0.242045 0.59746 0.242317 0.59746 0.242861 0.597184 0.243133 0.597184 0.243949 0.596908 0.244221 0.596908 0.244765 0.596356 0.245309 0.595803 0.245309 0.595803 0.245853 0.595527 0.246125 0.595527 0.24694 0.594975 0.247484 0.594699 0.247212 0.594699 0.247484 0.594423 0.247756 0.594423 0.2483 0.594147 0.248572 0.593871 0.248572 0.593595 0.248844 0.593595 0.249388 0.593319 0.24966 0.593319 0.250476 0.593043 0.250748 0.593043 0.251292 0.592766 0.251564 0.592766 0.25238 0.59249 0.252652 0.59249 0.253196 0.591938 0.253739 0.591662 0.253739 0.591662 0.254283 0.591386 0.254555 0.591386 0.254827 0.591662 0.254827 0.591938 0.255099 0.591938 0.255371 0.591662 0.255643 0.591662 0.256187 0.591386 0.256459 0.591386 0.257275 0.59111 0.257547 0.59111 0.258091 0.590834 0.258363 0.590834 0.258907 0.590558 0.259179 0.590282 0.259179 0.590006 0.259451 0.590006 0.259995 0.589729 0.260267 0.589729 0.261082 0.589453 0.261354 0.589453 0.261898 0.589177 0.26217 0.589177 0.262986 0.588625 0.26353 0.588349 0.263258 0.588073 0.263258 0.588073 0.263802 0.587797 0.264074 0.587797 0.264346 0.588073 0.264346 0.588625 0.26489 0.588349 0.265162 0.588625 0.265162 0.588901 0.265434 0.588901 0.265978 0.588625 0.26625 0.588625 0.267066 0.588349 0.267338 0.588349 0.267881 0.588073 0.268153 0.588073 0.268969 0.587797 0.269241 0.587797 0.269785 0.587521 0.270057 0.587521 0.270873 0.587797 0.271145 0.587797 0.271961 0.587521 0.272233 0.587521 0.272777 0.587245 0.273049 0.587245 0.273865 0.586969 0.274137 0.586969 0.27468 0.586692 0.274952 0.586692 0.275768 0.586416 0.27604 0.586416 0.276856 0.586692 0.277128 0.586692 0.277944 0.586416 0.278216 0.586416 0.279032 0.58614 0.279304 0.58614 0.279848 0.585864 0.28012 0.585864 0.280936 0.585588 0.281208 0.585588 0.281751 0.585312 0.282023 0.585312 0.282295 0.585864 0.282839 0.585864 0.283655 0.585588 0.283927 0.585588 0.284743 0.585312 0.285015 0.585312 0.285559 0.585036 0.285831 0.585036 0.286375 0.585312 0.286647 0.585312 0.287735 0.585036 0.288007 0.585036 0.28855 0.58476 0.288822 0.58476 0.289638 0.584484 0.28991 0.584484 0.290182 0.585036 0.290726 0.58476 0.290998 0.58476 0.291542 0.584484 0.291814 0.584484 0.29263 0.584208 0.292902 0.584208 0.293446 0.58476 0.29399 0.58476 0.294806 0.584484 0.295078 0.584484 0.295621 0.584208 0.295893 0.584208 0.296709 0.583932 0.296981 0.583932 0.297525 0.584208 0.297525 0.584484 0.297797 0.584208 0.298069 0.584208 0.298613 0.583932 0.298885 0.583932 0.299973 0.584208 0.300245 0.584208 0.300789 0.583932 0.301061 0.583932 0.301877 0.584484 0.30242 0.584484 0.302692 0.584208 0.302964 0.584208 0.304052 0.584484 0.304324 0.584484 0.304596 0.58476 0.304868 0.585312 0.304868 0.585588 0.30514 0.585588 0.305412 0.58614 0.305956 0.585864 0.306228 0.585864 0.307044 0.585588 0.307316 0.585588 0.307588 0.585864 0.307588 0.58614 0.30786 0.585864 0.308132 0.585864 0.308676 0.585588 0.308948 0.585312 0.308948 0.585036 0.308676 0.58476 0.308676 0.584484 0.308948 0.584484 0.309763 0.584208 0.310035 0.584208 0.310579 0.584484 0.310579 0.58476 0.310851 0.584484 0.311123 0.584484 0.311667 0.584208 0.311939 0.584208 0.312755 0.583932 0.313027 0.583932 0.313843 0.583655 0.314115 0.583655 0.314931 0.583932 0.315203 0.583932 0.315475 0.584208 0.315475 0.584484 0.315747 0.584484 0.316834 0.584208 0.317106 0.583932 0.316834 0.583655 0.316834 0.583379 0.317106 0.583379 0.31765 0.583103 0.317922 0.583103 0.318738 0.582827 0.31901 0.582827 0.319554 0.582551 0.319826 0.582551 0.320642 0.582275 0.320914 0.582275 0.321458 0.581999 0.32173 0.581999 0.322546 0.581723 0.322818 0.581723 0.323633 0.581447 0.323905 0.581447 0.324449 0.581171 0.324721 0.581171 0.325537 0.580895 0.325809 0.580895 0.326353 0.580618 0.326625 0.580618 0.327441 0.580342 0.327713 0.580342 0.328257 0.580066 0.328529 0.580066 0.329345 0.57979 0.329617 0.57979 0.33016 0.580066 0.33016 0.580342 0.330432 0.580342 0.33152 0.580066 0.331792 0.580066 0.332336 0.57979 0.332608 0.57979 0.333424 0.579514 0.333696 0.579514 0.33424 0.579238 0.334512 0.579514 0.334512 0.57979 0.334784 0.57979 0.335328 0.579514 0.3356 0.579514 0.336416 0.579238 0.336688 0.579238 0.337231 0.578962 0.337503 0.578962 0.338319 0.578686 0.338591 0.578686 0.338863 0.579238 0.339407 0.578962 0.339679 0.578962 0.340223 0.578686 0.340495 0.578686 0.341311 0.57841 0.341583 0.57841 0.342127 0.578134 0.342399 0.578134 0.343215 0.577858 0.343487 0.577858 0.344302 0.577581 0.344574 0.577581 0.345118 0.577305 0.34539 0.577305 0.346206 0.577029 0.346478 0.577029 0.347022 0.576753 0.347294 0.576753 0.34811 0.576477 0.348382 0.576477 0.349198 0.576201 0.34947 0.576201 0.350014 0.575925 0.350286 0.575925 0.351101 0.575649 0.351373 0.575649 0.351917 0.575373 0.352189 0.575373 0.353005 0.575097 0.353277 0.575097 0.353821 0.574821 0.354093 0.574821 0.354909 0.574544 0.355181 0.574544 0.355997 0.574268 0.356269 0.574268 0.356813 0.573992 0.357085 0.573992 0.3579 0.573716 0.358172 0.573716 0.358716 0.57344 0.358988 0.57344 0.359804 0.573164 0.360076 0.573164 0.36062 0.572888 0.360892 0.572888 0.361164 0.572612 0.361436 0.571784 0.361436 0.571507 0.361164 0.570955 0.361164 0.570679 0.360892 0.569851 0.360892 0.569575 0.36062 0.569023 0.36062 0.568747 0.360348 0.568194 0.360892 0.567918 0.360892 0.567642 0.36062 0.566814 0.36062 0.566538 0.360348 0.565986 0.360348 0.56571 0.360076 0.564881 0.360076 0.564605 0.359804 0.563777 0.359804 0.563501 0.359532 0.562949 0.359532 0.562673 0.35926 0.561844 0.35926 0.561568 0.358988 0.561016 0.358988 0.56074 0.358716 0.559912 0.358716 0.559636 0.358444 0.559083 0.358444 0.558807 0.358172 0.557979 0.358172 0.557703 0.3579 0.556875 0.3579 0.556599 0.357629 0.556046 0.357629 0.55577 0.357357 0.554942 0.357357 0.554666 0.357085 0.554114 0.357085 0.553838 0.356813 0.553009 0.356813 0.552733 0.356541 0.552181 0.356541 0.551905 0.356269 0.551077 0.356269 0.550801 0.355997 0.549972 0.355997 0.549696 0.355725 0.54942 0.355725 0.549144 0.355997 0.549144 0.356269 0.548868 0.356541 0.548592 0.356269 0.54804 0.356269 0.547764 0.355997 0.546935 0.355997 0.546659 0.355725 0.546107 0.355725 0.545831 0.355453 0.545003 0.355453 0.544727 0.355181 0.544174 0.355181 0.543898 0.354909 0.54307 0.354909 0.542794 0.354637 0.541966 0.354637 0.54169 0.354365 0.541137 0.354365 0.540861 0.354093 0.540585 0.354093 0.540585 0.354365 0.540309 0.354637 0.539757 0.354637 0.539481 0.354365 0.539757 0.354093 0.539757 0.353549 0.540033 0.353277 0.540033 0.353005 0.540309 0.352733 0.540861 0.352733 0.541137 0.352461 0.542242 0.352461 0.542242 0.352189 0.542518 0.351917 0.54307 0.351917 0.543346 0.352189 0.544174 0.352189 0.544451 0.352461 0.545003 0.352461 0.545003 0.352189 0.545279 0.351917 0.545279 0.351373 0.544727 0.351373 0.544451 0.351101 0.544727 0.350829 0.544451 0.350558 0.543622 0.350558 0.543346 0.350286 0.542794 0.350286 0.542794 0.350558 0.542518 0.350829 0.542242 0.350558 0.54169 0.351101 0.541414 0.351101 0.541414 0.351373 0.541137 0.351645 0.540861 0.351373 0.539757 0.351373 0.539757 0.351645 0.539481 0.351917 0.539481 0.352189 0.539205 0.352461 0.539205 0.353005 0.538929 0.353277 0.538929 0.354093 0.538653 0.354365 0.538653 0.354637 0.538929 0.354909 0.539205 0.354909 0.539481 0.355181 0.539481 0.355453 0.539205 0.355725 0.539205 0.355997 0.538929 0.356269 0.538377 0.356269 0.538377 0.357085 0.5381 0.357357 0.5381 0.357629 0.537548 0.358172 0.537548 0.358988 0.537272 0.35926 0.537272 0.359804 0.536996 0.360076 0.536996 0.360892 0.53672 0.361164 0.53672 0.36198 0.536444 0.362252 0.536444 0.362796 0.536168 0.363068 0.536168 0.363884 0.535892 0.364156 0.535892 0.364699 0.535616 0.364971 0.535616 0.365787 0.53534 0.366059 0.53534 0.366603 0.535064 0.366875 0.535064 0.367691 0.534787 0.367963 0.534787 0.368779 0.534511 0.369051 0.534511 0.369595 0.534235 0.369867 0.534235 0.370683 0.533959 0.370955 0.533959 0.371499 0.533683 0.37177 0.533683 0.372586 0.533407 0.372858 0.533407 0.373402 0.533131 0.373674 0.533131 0.37449 0.532855 0.374762 0.532855 0.375578 0.532579 0.37585 0.532579 0.376394 0.532303 0.376666 0.532579 0.376938 0.532579 0.37721 0.532855 0.377482 0.533407 0.377482 0.533683 0.377754 0.534511 0.377754 0.534787 0.378026 0.53534 0.378026 0.535616 0.378298 0.536444 0.378298 0.53672 0.378569 0.537548 0.378569 0.537824 0.378841 0.538377 0.378841 0.538653 0.379113 0.538653 0.379657 0.539205 0.379657 0.539481 0.379929 0.540033 0.379929 0.540309 0.380201 0.540309 0.380473 0.540033 0.380745 0.539481 0.380745 0.539205 0.380473 0.538653 0.381017 0.5381 0.381017 0.5381 0.381289 0.537824 0.381561 0.537824 0.382105 0.537548 0.382377 0.537548 0.383193 0.537272 0.383465 0.537272 0.383737 0.537548 0.384009 0.537824 0.384009 0.5381 0.384281 0.537824 0.384553 0.537824 0.384825 0.5381 0.384825 0.538377 0.385097 0.538377 0.385369 0.538653 0.385369 0.538929 0.38564 0.539205 0.38564 0.539481 0.385912 0.539205 0.386184 0.5381 0.386184 0.537548 0.386728 0.537272 0.386456 0.536444 0.386456 0.536444 0.387 0.536168 0.387272 0.536168 0.388088 0.535892 0.38836 0.535892 0.388904 0.535616 0.389176 0.535616 0.389992 0.53534 0.390264 0.53534 0.390536 0.535616 0.390536 0.536168 0.39108 0.535892 0.391352 0.53672 0.391352 0.536996 0.391624 0.537548 0.391624 0.537824 0.391896 0.537824 0.392711 0.5381 0.392983 0.5381 0.393255 0.537824 0.393527 0.537824 0.394615 0.5381 0.394887 0.5381 0.395431 0.537824 0.395703 0.5381 0.395703 0.538653 0.396247 0.538653 0.396519 0.538377 0.396791 0.538377 0.397063 0.5381 0.397335 0.537824 0.397063 0.537272 0.397063 0.536996 0.396791 0.536996 0.397063 0.53672 0.397335 0.536168 0.397335 0.536168 0.398151 0.535892 0.398423 0.535892 0.398967 0.535616 0.399239 0.535616 0.39951 0.535892 0.399782 0.536444 0.399782 0.53672 0.400054 0.53672 0.400326 0.536444 0.400598 0.53672 0.40087 0.536996 0.40087 0.537272 0.401142 0.537272 0.401414 0.536996 0.401686 0.536996 0.401958 0.537272 0.401958 0.537548 0.40223 0.537272 0.402502 0.537272 0.40359 0.537548 0.403862 0.537548 0.404134 0.537824 0.404134 0.5381 0.404406 0.5381 0.405222 0.538377 0.405222 0.538653 0.405494 0.538377 0.405766 0.538653 0.405766 0.538929 0.406038 0.539757 0.406038 0.540033 0.406309 0.540861 0.406309 0.541137 0.406038 0.542518 0.406038 0.542518 0.405766 0.542794 0.405494 0.54307 0.405766 0.54307 0.405494 0.543346 0.405222 0.543898 0.405222 0.544174 0.405494 0.544451 0.405494 0.545003 0.40495 0.545279 0.405222 0.545831 0.405222 0.545831 0.404678 0.546107 0.404406 0.546383 0.404678 0.546935 0.404678 0.547211 0.40495 0.547211 0.405766 0.546935 0.406038 0.546935 0.406581 0.546659 0.406853 0.546659 0.407397 0.546935 0.407669 0.546935 0.408757 0.546659 0.409029 0.546659 0.409301 0.546935 0.409573 0.547211 0.409573 0.547488 0.409845 0.547211 0.410117 0.547488 0.410117 0.547764 0.410389 0.547764 0.410933 0.54804 0.411205 0.54804 0.411749 0.548316 0.411749 0.548592 0.412021 0.548592 0.412565 0.549144 0.412565 0.54942 0.412837 0.549972 0.412837 0.550248 0.413109 0.550248 0.41338 0.551077 0.41338 0.551353 0.413652 0.551905 0.413652 0.552181 0.413924 0.553009 0.413924 0.553285 0.414196 0.553838 0.414196 0.554114 0.414468 0.554942 0.414468 0.555218 0.41474 0.55577 0.41474 0.556046 0.414468 0.556322 0.41474 0.557151 0.41474 0.557703 0.414196 0.557979 0.414196 0.557979 0.413924 0.558255 0.413652 0.558531 0.413924 0.559083 0.413924 0.559359 0.414196 0.559912 0.414196 0.559912 0.413924 0.560188 0.413652 0.560464 0.413924 0.561292 0.413924 0.561568 0.413652 0.562673 0.413652 0.562673 0.41338 0.562949 0.413109 0.563225 0.413109 0.563501 0.41338 0.564053 0.41338 0.564329 0.413109 0.564881 0.413109 0.564881 0.412293 0.565433 0.411749 0.56571 0.411749 0.565986 0.412021 0.565986 0.411477 0.566262 0.411205 0.566262 0.410661 0.566814 0.410117 0.56709 0.410117 0.56709 0.409573 0.567366 0.409301 0.567366 0.408757 0.567642 0.408485 0.568194 0.408485 0.56847 0.408757 0.568747 0.408757 0.569023 0.408485 0.569575 0.408485 0.569575 0.407941 0.569851 0.407669 0.569851 0.407125 0.570127 0.406853 0.570127 0.406038 0.569851 0.405766 0.569851 0.405494 0.569575 0.405222 0.569299 0.405222 0.569023 0.40495 0.569299 0.404678 0.569299 0.404406 0.569023 0.404406 0.568747 0.404134 0.568747 0.403862 0.569023 0.40359 0.569023 0.403318 0.56847 0.402774 0.568747 0.402502 0.568747 0.401686 0.569023 0.401414 0.569023 0.40087 0.569299 0.400598 0.569299 0.399782 0.569575 0.39951 0.569575 0.398967 0.569851 0.398695 0.569851 0.397879 0.570127 0.397607 0.570127 0.397063 0.570403 0.396791 0.570403 0.395975 0.570679 0.395703 0.570679 0.394887 0.570955 0.394615 0.570955 0.394071 0.571231 0.393799 0.571231 0.393527 0.571507 0.393255 0.571784 0.393527 0.572336 0.393527 0.572612 0.393799 0.572888 0.393527 0.573164 0.393527 0.573164 0.393255 0.57344 0.392983 0.57344 0.392439 0.573716 0.392168 0.573716 0.391352 0.573164 0.390808 0.573164 0.390264 0.57344 0.389992 0.57344 0.389448 0.573716 0.389176 0.573716 0.388904 0.573992 0.388632 0.574268 0.388904 0.574544 0.388904 0.574544 0.38836 0.574821 0.388088 0.574821 0.387544 0.575097 0.387272 0.575097 0.386456 0.575649 0.385912 0.576477 0.385912 0.576753 0.386184 0.577305 0.386184 0.577581 0.385912 0.57841 0.385912 0.578686 0.386184 0.579514 0.386184 0.57979 0.386456 0.580342 0.386456 0.580618 0.386184 0.581447 0.386184 0.581723 0.386456 0.582551 0.386456 0.582827 0.386728 0.583379 0.386728 0.583655 0.387 0.584484 0.387 0.58476 0.387272 0.585312 0.387272 0.585588 0.387544 0.586416 0.387544 0.586692 0.387816 0.586969 0.387816 0.587245 0.388088 0.587245 0.38836 0.587521 0.388632 0.588349 0.388632 0.588625 0.38836 0.589453 0.38836 0.589729 0.388632 0.589729 0.38836 0.590282 0.387816 0.590558 0.387816 0.590834 0.388088 0.591386 0.388088 0.591662 0.38836 0.591938 0.38836 0.591938 0.388088 0.592214 0.387816 0.59249 0.387816 0.592766 0.388088 0.593043 0.388088 0.593043 0.387816 0.593319 0.387544 0.593595 0.387544 0.593871 0.387816 0.594699 0.387816 0.594975 0.387544 0.595251 0.387544 0.595251 0.387272 0.595803 0.386728 0.59608 0.387 0.596356 0.387 0.596356 0.386456 0.596632 0.386184 0.596632 0.385912 0.59608 0.385912 0.595803 0.38564 0.595251 0.38564 0.595251 0.385912 0.594975 0.386184 0.594699 0.385912 0.594699 0.385097 0.594975 0.384825 0.59608 0.384825 0.596356 0.385097 0.596908 0.385097 0.597184 0.385369 0.598012 0.385369 0.598288 0.38564 0.59884 0.38564 0.599117 0.385912 0.599117 0.386456 0.59884 0.386728 0.59884 0.387 0.599117 0.387272 0.599669 0.387272 0.599945 0.387544 0.600773 0.387544 0.601049 0.387816 0.601601 0.387816 0.601877 0.388088 0.602706 0.388088 0.602982 0.38836 0.60381 0.38836 0.604086 0.388632 0.604638 0.388632 0.604914 0.388904 0.605743 0.388904 0.606019 0.389176 0.606571 0.389176 0.606847 0.389448 0.607675 0.389448 0.607951 0.38972 0.608504 0.38972 0.60878 0.389992 0.609608 0.389992 0.609884 0.390264 0.610712 0.390264 0.610988 0.390536 0.611541 0.390536 0.611817 0.390808 0.612645 0.390808 0.612921 0.39108 0.613473 0.39108 0.613749 0.391352 0.614578 0.391352 0.614854 0.391624 0.615406 0.391624 0.615682 0.391352 0.61651 0.391352 0.616786 0.391624 0.617615 0.391624 0.617891 0.391896 0.618719 0.391896 0.618995 0.392168 0.619547 0.392168 0.619823 0.392439 0.620652 0.392439 0.620928 0.392711 0.62148 0.392711 0.621756 0.392983 0.622032 0.392983 0.622308 0.393255 0.622308 0.393527 0.622032 0.393799 0.622032 0.394071 0.622308 0.394071 0.622584 0.394343 0.623412 0.394343 0.623689 0.394615 0.624517 0.394615 0.624517 0.394343 0.625069 0.393799 0.625621 0.393799 0.625897 0.394071 0.626449 0.394071 0.626726 0.394343 0.627002 0.394343 0.627278 0.394071 0.627554 0.394071 0.62783 0.393799 0.628658 0.393799 0.628934 0.394071 0.629486 0.394071 0.629763 0.394343 0.630591 0.394343 0.631143 0.394887 0.630867 0.395159 0.630867 0.395975 0.631419 0.395975 0.631695 0.396247 0.632247 0.396247 0.632523 0.396519 0.633352 0.396519 0.633628 0.396791 0.634456 0.396791 0.634456 0.396519 0.634732 0.396247 0.634732 0.395975 0.635008 0.395703 0.63556 0.395703 0.636113 0.396247 0.636113 0.396519 0.635837 0.396791 0.635837 0.397335 0.636113 0.397335 0.636389 0.397607 0.637217 0.397607 0.637493 0.397879 0.637769 0.397607 0.637769 0.397063 0.638321 0.396519 0.638597 0.396519 0.638874 0.396247 0.639426 0.396247 0.639426 0.395975 0.639702 0.395703 0.639702 0.395159 0.640254 0.394615 0.64053 0.394615 0.64053 0.394343 0.640806 0.394071 0.640806 0.393527 0.641358 0.392983 0.641634 0.392983 0.641634 0.392439 0.641911 0.392168 0.641911 0.391624 0.642187 0.391352 0.642187 0.390536 0.642739 0.389992 0.643291 0.389992 0.643567 0.390264 0.643843 0.390264 0.643843 0.389992 0.644119 0.38972 0.644395 0.38972 0.644671 0.389448 0.645224 0.389448 0.645224 0.389176 0.6455 0.388904 0.646052 0.388904 0.646328 0.388632 0.646328 0.388088 0.646604 0.387816 0.64688 0.387816 0.647156 0.388088 0.647708 0.388088 0.647985 0.38836 0.648813 0.38836 0.649089 0.388088 0.649917 0.388088 0.650193 0.38836 0.651022 0.38836 0.651022 0.388088 0.651298 0.387816 0.65185 0.387816 0.652126 0.388088 0.652402 0.388088 0.652402 0.387816 0.652678 0.387544 0.652954 0.387544 0.65323 0.387816 0.653782 0.387816 0.653782 0.387544 0.654059 0.387272 0.654611 0.387816 0.654335 0.388088 0.654887 0.388088 0.655163 0.38836 0.655439 0.388088 0.655439 0.387272 0.655715 0.387 0.655715 0.386456 0.655991 0.386184 0.655991 0.385912 0.655439 0.385912 0.655163 0.38564 0.655163 0.385097 0.655439 0.384825 0.655439 0.384553 0.655163 0.384281 0.654887 0.384281 0.654335 0.383737 0.654335 0.383193 0.654611 0.382921 0.654611 0.382105 0.654887 0.381833 0.654887 0.381289 0.655163 0.381017 0.655439 0.381289 0.655439 0.382105 0.655163 0.382377 0.655715 0.382377 0.655991 0.382649 0.656543 0.382649 0.656543 0.382377 0.656819 0.382105 0.656819 0.381561 0.657096 0.381289 0.657096 0.380473 0.657648 0.379929 0.657648 0.379657 0.657924 0.379385 0.657924 0.378569 0.6582 0.378298 0.6582 0.377482 0.658476 0.37721 0.657648 0.37721 0.657372 0.377482 0.657372 0.378298 0.656819 0.378841 0.656267 0.378841 0.656267 0.379113 0.655991 0.379385 0.655991 0.379929 0.655715 0.380201 0.655439 0.379929 0.655439 0.379385 0.655163 0.379113 0.655163 0.378026 0.655439 0.377754 0.655439 0.37721 0.654611 0.37721 0.654335 0.376938 0.654335 0.376122 0.654611 0.37585 0.654611 0.375578 0.654335 0.375578 0.654059 0.375306 0.654059 0.375034 0.653506 0.37449 0.653506 0.373946 0.65323 0.373674 0.653506 0.373402 0.653782 0.373402 0.654059 0.373674 0.655163 0.373674 0.655163 0.37313 0.655439 0.372858 0.655439 0.372042 0.655715 0.37177 0.655715 0.371227 0.655991 0.370955 0.655991 0.370139 0.656267 0.369867 0.656267 0.369323 0.656543 0.369051 0.656543 0.368235 0.656819 0.367963 0.656819 0.367147 0.656543 0.366875 0.656543 0.366331 0.656819 0.366059 0.656819 0.365243 0.656543 0.365243 0.656267 0.364971 0.656267 0.364156 0.655991 0.363884 0.655991 0.363612 0.655715 0.363612 0.655439 0.36334 0.655439 0.362796 0.655163 0.362796 0.654887 0.362524 0.654887 0.36198 0.655163 0.361708 0.655163 0.361436 0.654887 0.361436 0.654611 0.361164 0.654611 0.36062 0.654335 0.360348 0.654335 0.360076 0.654611 0.359804 0.655163 0.359804 0.655163 0.358988 0.655439 0.358716 0.655439 0.3579 0.655715 0.357629 0.655439 0.357629 0.655163 0.357357 0.655163 0.357085 0.655439 0.356813 0.655439 0.355997 0.655715 0.355725 0.655715 0.355181 0.655163 0.354637 0.655163 0.354093 0.655439 0.353821 0.655439 0.353277 0.655715 0.353005 0.655991 0.353277 0.656267 0.353277 0.656267 0.353005 0.656543 0.352733 0.656543 0.352189 0.656819 0.351917 0.656819 0.351645 0.657096 0.351373 0.657372 0.351645 0.657372 0.351101 0.657648 0.350829 0.657648 0.350286 0.657924 0.350014 0.657924 0.349198 0.6582 0.348926 0.6582 0.348382 0.658476 0.34811 0.658476 0.347838 0.6582 0.347838 0.657924 0.347566 0.657924 0.347294 0.6582 0.347022 0.6582 0.346206 0.658476 0.345934 0.658476 0.34539 0.658752 0.345118 0.658752 0.344302 0.659028 0.34403 0.659028 0.343487 0.658476 0.343487 0.6582 0.343215 0.658476 0.342943 0.658476 0.342127 0.6582 0.341855 0.6582 0.341311 0.657924 0.341039 0.6582 0.340767 0.658476 0.340767 0.658476 0.340495 0.658752 0.340223 0.659028 0.340223 0.659304 0.339951 0.659304 0.339407 0.65958 0.339135 0.659856 0.339135 0.660133 0.339407 0.660409 0.339135 0.660409 0.338591 0.660685 0.338319 0.660685 0.337503 0.660961 0.337231 0.660961 0.336688 0.661237 0.336416 0.661789 0.336416 0.661789 0.3356 0.662065 0.335328 0.662065 0.334784 0.662341 0.334512 0.662341 0.333696 0.662617 0.333424 0.662617 0.33288 0.662893 0.332608 0.662893 0.331792 0.66317 0.33152 0.66317 0.330704 0.663446 0.330432 0.663446 0.329888 0.663722 0.329617 0.663722 0.328801 0.663998 0.328529 0.663998 0.327985 0.664274 0.327713 0.664274 0.326897 0.66455 0.326625 0.66455 0.326081 0.664826 0.325809 0.664826 0.324993 0.665102 0.324721 0.665102 0.323905 0.665378 0.323633 0.665378 0.323089 0.665654 0.322818 0.665654 0.322002 0.66593 0.32173 0.66593 0.321186 0.666207 0.320914 0.666207 0.320098 0.666483 0.319826 0.666483 0.319282 0.666759 0.31901 0.666759 0.318194 0.667035 0.317922 0.667035 0.317106 0.667311 0.316834 0.667311 0.31629 0.667587 0.316018 0.667587 0.315203 0.667863 0.314931 0.667863 0.314387 0.668139 0.314115 0.668139 0.313299 0.667863 0.313027 0.668139 0.312755 0.668415 0.312755 0.668415 0.312483 0.668691 0.312211 0.668691 0.311395 0.668967 0.311123 0.668967 0.310307 0.66952 0.309763 0.669796 0.309763 0.669796 0.309491 0.670072 0.309219 0.670072 0.308676 0.670348 0.308404 0.670348 0.307588 0.670624 0.307316 0.670624 0.3065 0.6709 0.306228 0.670624 0.306228 0.670348 0.305956 0.670348 0.305684 0.670624 0.305412 0.670624 0.304596 0.6709 0.304324 0.6709 0.303508 0.671176 0.303236 0.671176 0.302692 0.671452 0.30242 0.671452 0.301605 0.671728 0.301333 0.671728 0.300789 0.672004 0.300517 0.672004 0.299701 0.672281 0.299429 0.672281 0.298613 0.672557 0.298341 0.672557 0.297797 0.673109 0.297253 0.673385 0.297253 0.673385 0.296981 0.673661 0.296709 0.673661 0.295893 0.673937 0.295621 0.673937 0.294806 0.674213 0.294534 0.674213 0.29399 0.674489 0.293718 0.674489 0.292902 0.674765 0.29263 0.674765 0.292086 0.675041 0.291814 0.675041 0.290998 0.675318 0.290726 0.675318 0.28991 0.675041 0.289638 0.675041 0.289094 0.675318 0.288822 0.675318 0.288007 0.675594 0.287735 0.675594 0.287191 0.67587 0.286919 0.67587 0.286103 0.676146 0.285831 0.676146 0.285015 0.676422 0.284743 0.676422 0.284199 0.676698 0.283927 0.676698 0.283111 0.676974 0.282839 0.676974 0.282295 0.67725 0.282023 0.677802 0.282023 0.677802 0.281208 0.678078 0.280936 0.678078 0.280392 0.678355 0.28012 0.678355 0.279304 0.678631 0.279032 0.678631 0.278488 0.678907 0.278216 0.678907 0.2774 0.679183 0.277128 0.679183 0.276584 0.679459 0.276312 0.679459 0.275496 0.679735 0.275224 0.679459 0.275224 0.679183 0.274952 0.679183 0.274408 0.679459 0.274137 0.679459 0.273593 0.679735 0.273321 0.679735 0.272505 0.680011 0.272233 0.680011 0.271417 0.680287 0.271145 0.680287 0.270601 0.680563 0.270329 0.680563 0.269513 0.680839 0.269241 0.681391 0.269241 0.681391 0.268697 0.681668 0.268425 0.681668 0.267609 0.681944 0.267338 0.681944 0.266794 0.68222 0.266522 0.68222 0.265978 0.682496 0.265706 0.683324 0.265706 0.6836 0.265978 0.6836 0.266794 0.683324 0.267066 0.683324 0.267881 0.683876 0.267881 0.684152 0.268153 0.684428 0.268153 0.684705 0.267881 0.684705 0.267066 0.684981 0.266794 0.684981 0.266522 0.685257 0.26625 0.685533 0.266522 0.686085 0.266522 0.686085 0.26625 0.686361 0.265978 0.686361 0.265434 0.686637 0.265162 0.686637 0.264346 0.686913 0.264074 0.686913 0.263802 0.686361 0.263258 0.686637 0.262986 0.686637 0.262442 0.686913 0.26217 0.686913 0.261626 0.686637 0.261626 0.686361 0.261354 0.686637 0.261082 0.686637 0.260267 0.686913 0.259995 0.686913 0.259723 0.686361 0.259723 0.686085 0.259451 0.686085 0.259179 0.686361 0.258907 0.687189 0.258907 0.687189 0.258363 0.687465 0.258091 0.687465 0.257275 0.687742 0.257003 0.687742 0.256459 0.688018 0.256187 0.688018 0.255371 0.688294 0.255099 0.688294 0.254555 0.68857 0.254283 0.68857 0.253468 0.689122 0.252924 0.689398 0.253196 0.689398 0.252652 0.689674 0.25238 0.689674 0.251564 0.68995 0.251292 0.690502 0.251292 0.690779 0.251564 0.691331 0.251564 0.691607 0.251836 0.692435 0.251836 0.692435 0.25102 0.692711 0.250748 0.692711 0.249932 0.692159 0.249932 0.691883 0.24966 0.692159 0.249388 0.692435 0.249388 0.692435 0.249116 0.692711 0.248844 0.693263 0.248844 0.693263 0.248572 0.693539 0.2483 0.694092 0.2483 0.694092 0.248028 0.694644 0.247484 0.695196 0.247484 0.695196 0.247212 0.695472 0.24694 0.695472 0.246397 0.695748 0.246125 0.695748 0.245309 0.696024 0.245037 0.696024 0.244493 0.6963 0.244221 0.6963 0.243405 0.696576 0.243133 0.696576 0.242589 0.696853 0.242317 0.696853 0.241501 0.697129 0.241229 0.697129 0.240413 0.697405 0.240141 0.697405 0.239597 0.697681 0.239326 0.697681 0.23851 0.697957 0.238238 0.697957 0.237694 0.698233 0.237422 0.698233 0.236606 0.698509 0.236334 0.698509 0.23579 0.698785 0.235518 0.698785 0.234702 0.699061 0.23443 0.699061 0.233614 0.699337 0.233342 0.699337 0.232798 0.699613 0.232527 0.699613 0.231711 0.69989 0.231439 0.69989 0.230895 0.700166 0.230623 0.700166 0.229807 0.700442 0.229535 0.700442 0.228991 0.700718 0.228719 0.700718 0.227903 0.700994 0.227631 0.700994 0.226815 0.70127 0.226543 0.70127 0.225999 0.701546 0.225727 0.701546 0.224912 0.701822 0.22464 0.701822 0.224096 0.702098 0.223824 0.702098 0.223008 0.702374 0.222736 0.702374 0.222192 0.70265 0.22192 0.70265 0.221376 0.702374 0.221104 0.702374 0.220832 0.702098 0.220832 0.701822 0.22056 0.701546 0.22056 0.70127 0.220288 0.70127 0.220016 0.700994 0.219744 0.700994 0.218928 0.700442 0.218928 0.69989 0.218385 0.69989 0.218113 0.699337 0.218113 0.698785 0.217569 0.698785 0.217297 0.698509 0.217297 0.698233 0.217025 0.698233 0.216481 0.698509 0.216209 0.698509 0.215665 0.698233 0.215665 0.697957 0.215393 0.698233 0.215121 0.698233 0.214305 0.697957 0.214033 0.697957 0.213217 0.697405 0.212673 0.697405 0.212129 0.697129 0.211857 0.697129 0.211314 0.697405 0.211042 0.697957 0.211042 0.698233 0.211314 0.699061 0.211314 0.699337 0.211586 0.699613 0.211586 0.69989 0.211314 0.69989 0.21077 0.700166 0.210498 0.700166 0.210226 0.69989 0.210226 0.699613 0.209954 0.699613 0.209682 0.699337 0.20941 0.698785 0.20941 0.698509 0.209138 0.698509 0.208866 0.698785 0.208594 0.699337 0.208594 0.699613 0.208322 0.700718 0.208322 0.700718 0.207778 0.700994 0.207506 0.700994 0.20669 0.700718 0.206418 0.700442 0.206418 0.700166 0.206146 0.700166 0.205602 0.700442 0.20533 0.700442 0.204515 0.700166 0.204515 0.69989 0.204243 0.69989 0.203699 0.700166 0.203427 0.700166 0.202339 0.69989 0.202067 0.69989 0.201795 0.699613 0.201795 0.699337 0.201523 0.699613 0.201251 0.700166 0.201251 0.700166 0.200707 0.700442 0.200435 0.700442 0.199619 0.700718 0.199347 0.700718 0.198531 0.700994 0.198259 0.700994 0.197716 0.70127 0.197444 0.70127 0.196628 0.701546 0.196356 0.701546 0.195812 0.701822 0.19554 0.701822 0.194724 0.702098 0.194452 0.702098 0.193908 0.702374 0.193636 0.702374 0.19282 0.70265 0.192548 0.70265 0.191732 0.702927 0.19146 0.702927 0.190917 0.703203 0.190645 0.703203 0.189829 0.703479 0.189557 0.703479 0.189013 0.703755 0.188741 0.703755 0.187925 0.704031 0.187653 0.704031 0.187109 0.704307 0.186837 0.704307 0.186565 0.704031 0.186565 0.703755 0.186293 0.703755 0.186021 0.704031 0.185749 0.704031 0.184933 0.704307 0.184661 0.704307 0.184117 0.704859 0.183574 0.705135 0.183574 0.705135 0.18303 0.705687 0.182486 0.705964 0.182486 0.705964 0.182214 0.70624 0.181942 0.70624 0.18167 0.706516 0.181398 0.707068 0.181398 0.707344 0.181126 0.707344 0.18031 0.70762 0.180038 0.70762 0.17895 0.707344 0.17895 0.707068 0.178678 0.707068 0.178406 0.707344 0.178134 0.707344 0.177862 0.70762 0.17759 0.707896 0.17759 0.708172 0.177862 0.708724 0.177862 0.708724 0.17759 0.709001 0.177318 0.709277 0.17759 0.709277 0.178134 0.709829 0.178134 0.710381 0.178678 0.710381 0.179222 0.710657 0.179222 0.710933 0.179494 0.711485 0.179494 0.712038 0.17895 0.712314 0.17895 0.712866 0.178406 0.713142 0.178678 0.713694 0.178678 0.71397 0.178406 0.714798 0.178406 0.715075 0.178134 0.715075 0.177318 0.715351 0.177047 0.715351 0.176503 0.715627 0.176231 0.715627 0.175415 0.715903 0.175143 0.715903 0.174327 0.716179 0.174055 0.716179 0.173511 0.716455 0.173239 0.716455 0.172423 0.716731 0.172151 0.716731 0.171607 0.717007 0.171335 0.717007 0.170519 0.717283 0.170247 0.717283 0.169704 0.717559 0.169432 0.717559 0.168616 0.717835 0.168344 0.717835 0.167528 0.718112 0.167256 0.718112 0.166712 0.718388 0.16644 0.718388 0.165624 0.718664 0.165352 0.718664 0.164808 0.71894 0.164536 0.71894 0.16372 0.719216 0.163448 0.719216 0.162905 0.719492 0.162633 0.719492 0.161817 0.719768 0.161545 0.719768 0.160729 0.720044 0.160457 0.720044 0.159913 0.72032 0.159641 0.72032 0.158825 0.720596 0.158553 0.720596 0.158009 0.720872 0.157737 0.720872 0.156921 0.721149 0.156649 0.721149 0.156106 0.721425 0.155834 0.721425 0.155018 0.721701 0.154746 0.721701 0.15393 0.721977 0.153658 0.721977 0.153114 0.722253 0.152842 0.722253 0.152026 0.722529 0.151754 0.722529 0.15121 0.722805 0.150938 0.722805 0.150122 0.723081 0.14985 0.723081 0.149306 0.723357 0.149035 0.723357 0.148219 0.723633 0.147947 0.723633 0.147131 0.723909 0.146859 0.723909 0.146315 0.724186 0.146043 0.724186 0.145227 0.724462 0.144955 0.724462 0.143051 0.724186 0.143051 0.723909 0.142779 0.723357 0.142779 0.723081 0.143051 0.723081 0.143867 0.722805 0.144139 0.722805 0.144411 0.723081 0.144683 0.723357 0.144683 0.723633 0.144955 0.723357 0.145227 0.723357 0.145771 0.723081 0.146043 0.722805 0.146043 0.722529 0.145771 0.722529 0.145227 0.722253 0.145227 0.721977 0.144955 0.722253 0.144683 0.722253 0.143867 0.721977 0.143595 0.721977 0.143323 0.721701 0.143051 0.721149 0.143051 0.720872 0.142779 0.720872 0.142236 0.72032 0.141692 0.72032 0.14142 0.719768 0.140876 0.719768 0.140604 0.719492 0.140332 0.719492 0.139516 0.719768 0.139244 0.719492 0.139244 0.719216 0.138972 0.719216 0.1387 0.719492 0.138428 0.719492 0.137612 0.719768 0.13734 0.72032 0.13734 0.72032 0.136796 0.720596 0.136524 0.720596 0.135708 0.720872 0.135436 0.720872 0.134621 0.721149 0.134349 0.721149 0.133805 0.721425 0.133533 0.721425 0.132717 0.721701 0.132445 0.721701 0.131901 0.721977 0.131629 0.721977 0.130813 0.722253 0.130541 0.722253 0.129997 0.722529 0.129725 0.722529 0.128909 0.722805 0.128637 0.722805 0.127822 0.723081 0.12755 0.723081 0.127006 0.723357 0.126734 0.723357 0.125918 0.723633 0.125646 0.723633 0.125102 0.723909 0.12483 0.723909 0.124014 0.724186 0.123742 0.724186 0.123198 0.724462 0.122926 0.724462 0.12211 0.724738 0.121838 0.724738 0.121023 0.725014 0.120751 0.725014 0.120207 0.72529 0.119935 0.72529 0.119119 0.725566 0.118847 0.725566 0.118303 0.725842 0.118031 0.725842 0.117215 0.726118 0.116943 0.726118 0.116399 0.726394 0.116127 0.726394 0.115311 0.72667 0.115039 0.72667 0.114224 0.726946 0.113952 0.726946 0.113408 0.727223 0.113136 0.727223 0.11232 0.727499 0.112048 0.727499 0.111504 0.727775 0.111232 0.727775 0.110416 0.728051 0.110144 0.728051 0.1096 0.728327 0.109328 0.728327 0.108512 0.728603 0.10824 0.728603 0.107425 0.728879 0.107153 0.728879 0.106609 0.729155 0.106337 0.729155 0.105521 0.729431 0.105249 0.729431 0.104705 0.729707 0.104433 0.729707 0.103617 0.729983 0.103345 0.729983 0.102801 0.73026 0.102529 0.73026 0.101713 0.730536 0.101441 0.730536 0.100626 0.730812 0.100354 0.730812 0.09981 0.731088 0.099538 0.731088 0.098722 0.731364 0.09845 0.731364 0.097906 0.73164 0.097634 0.73164 0.096818 0.731916 0.096546 0.732192 0.096818 0.732192 0.097362 0.732468 0.097362 0.732744 0.097634 0.733573 0.097634 0.733849 0.097362 0.734125 0.097362 0.734125 0.09709 0.734401 0.096818 0.734401 0.096274 0.734677 0.096002 0.734953 0.096274 0.735505 0.096274 0.735781 0.096546 0.735781 0.096274 0.736057 0.096002 0.736057 0.095458 0.735781 0.095186 0.734953 0.095186 0.734677 0.094914 0.734401 0.094914 0.734125 0.095186 0.734125 0.09573 0.733849 0.096002 0.733297 0.096002 0.733297 0.096274 0.73302 0.096546 0.732744 0.096546 0.732468 0.096274 0.732468 0.096546 0.732192 0.096818 0.731916 0.096546 0.731916 0.096002 0.732192 0.09573 0.732192 0.094914 0.732468 0.094642 0.732468 0.09437 0.732192 0.09437 0.731916 0.094098 0.731916 0.093826 0.732192 0.093555 0.732192 0.093011 0.732468 0.092739 0.732468 0.091923 0.732744 0.091651 0.732744 0.090835 0.73302 0.090563 0.73302 0.090291 0.733297 0.090019 0.733573 0.090019 0.733849 0.089747 0.733849 0.089203 0.734125 0.088931 0.734677 0.088931 0.734677 0.088115 0.734953 0.087843 0.734953 0.087299 0.735229 0.087027 0.735229 0.086756 0.734677 0.086212 0.734953 0.08594 0.734953 0.085124 0.735229 0.084852 0.735229 0.084308 0.735505 0.084036 0.736057 0.084036 0.736057 0.083764 0.736334 0.083492 0.73661 0.083764 0.736886 0.083764 0.736886 0.083492 0.737162 0.08322 0.737162 0.082948 0.737438 0.082676 0.737714 0.082676 0.737714 0.082404 0.73799 0.082132 0.73799 0.081588 0.738266 0.081316 0.738266 0.081044 0.73799 0.081044 0.737714 0.080772 0.737714 0.0805 0.73799 0.080228 0.73799 0.079413 0.738266 0.079141 0.73799 0.078869 0.737714 0.078869 0.737438 0.078597 0.737438 0.078325 0.737714 0.078053 0.737714 0.077509 0.737438 0.077237 0.737438 0.075877 0.737162 0.075605 0.737162 0.075333 0.736886 0.075333 0.73661 0.075061 0.735781 0.075061 0.735505 0.074789 0.735505 0.074245 0.734953 0.074245 0.734401 0.073701 0.734401 0.073157 0.733849 0.073157 0.733573 0.072886 0.73302 0.072886 0.732744 0.072614 0.731916 0.072614 0.73164 0.072342 0.731088 0.072342 0.730812 0.07207 0.729983 0.07207 0.729707 0.071798 0.729155 0.071798 0.728879 0.071526 0.728051 0.071526 0.727775 0.071254 0.726946 0.071254 0.72667 0.070982 0.72667 0.070438 0.726118 0.070438 0.725842 0.070166 0.72529 0.070166 0.725014 0.069894 0.724186 0.069894 0.723909 0.069622 0.723081 0.069622 0.722805 0.06935 0.722253 0.06935 0.721977 0.069078 0.721425 0.069078 0.721149 0.068806 0.721149 0.068262 0.72032 0.068262 0.720044 0.06799 0.719216 0.06799 0.71894 0.067718 0.718388 0.067718 0.718112 0.067446 0.717283 0.067446 0.717007 0.067174 0.717007 0.06663 0.717283 0.066358 0.717559 0.06663 0.718112 0.06663 0.718388 0.066902 0.719216 0.066902 0.719492 0.067174 0.720044 0.067174 0.72032 0.067446 0.721149 0.067446 0.721425 0.067718 0.722253 0.067718 0.722529 0.06799 0.723081 0.06799 0.723357 0.068262 0.724186 0.068262 0.724462 0.068534 0.725014 0.068534 0.72529 0.068806 0.726118 0.068806 0.726394 0.069078 0.726946 0.069078 0.727223 0.06935 0.728051 0.06935 0.728327 0.069622 0.729155 0.069622 0.729431 0.069894 0.729983 0.069894 0.73026 0.070166 0.731088 0.070166 0.731364 0.070438 0.731916 0.070438 0.732192 0.07071 0.73302 0.07071 0.733297 0.070982 0.733573 0.070982 0.733849 0.07071 0.733849 0.070166 0.733297 0.070166 0.73302 0.069894 0.732468 0.069894 0.732192 0.069622 0.731364 0.069622 0.731088 0.06935 0.730536 0.06935 0.73026 0.069078 0.729431 0.069078 0.729155 0.068806 0.728327 0.068806 0.728051 0.068534 0.727499 0.068534 0.727223 0.068262 0.726394 0.068262 0.726118 0.06799 0.725566 0.06799 0.72529 0.067718 0.724462 0.067718 0.724186 0.067446 0.723633 0.067446 0.723357 0.067174 0.722529 0.067174 0.722253 0.066902 0.721425 0.066902 0.721149 0.06663 0.720596 0.06663 0.72032 0.066358 0.719492 0.066358 0.719216 0.066086 0.718664 0.066086 0.718388 0.065815 0.717559 0.065815 0.717283 0.065543 0.716731 0.065543 0.716455 0.065271 0.715627 0.065271 0.715351 0.064999 0.714522 0.064999 0.714246 0.064727 0.713694 0.064727 0.713418 0.064455 0.71259 0.064455 0.712314 0.064183 0.711761 0.064183 0.711485 0.063911 0.710657 0.063911 0.710381 0.063639 0.709829 0.063639 0.709553 0.063367 0.708724 0.063367 0.708448 0.063095 0.70762 0.063095 0.707344 0.062823 0.706792 0.062823 0.706516 0.062551 0.705687 0.062551 0.705411 0.062279 0.704859 0.062279 0.704583 0.062007 0.703755 0.062007 0.703479 0.061735 0.702927 0.061735 0.70265 0.061463 0.701822 0.061463 0.701546 0.061191 0.700718 0.061191 0.700442 0.060919 0.69989 0.060919 0.699613 0.060647 0.698785 0.060647 0.698509 0.060375 0.697957 0.060375 0.697681 0.060103 0.696853 0.060103 0.696576 0.059831 0.695748 0.059831 0.695472 0.059559 0.69492 0.059559 0.694644 0.059287 0.693816 0.059287 0.693539 0.059016 0.692987 0.059016 0.692711 0.058744 0.691883 0.058744 0.691607 0.058472 0.691055 0.058472 0.690779 0.0582 0.68995 0.0582 0.689674 0.057928 0.688846 0.057928 0.68857 0.057656 0.688018 0.057656 0.687742 0.057384 0.686913 0.057384 0.686637 0.057112 0.686085 0.057112 0.685809 0.05684 0.684981 0.05684 0.684705 0.056568 0.684152 0.056568 0.683876 0.056296 0.683048 0.056296 0.682772 0.056024 0.681944 0.056024 0.681668 0.055752 0.681115 0.055752 0.680839 0.05548 0.680011 0.05548 0.679735 0.055208 0.679183 0.055208 0.678907 0.054936 0.678078 0.054936 0.677802 0.054664 0.67725 0.054664 0.676974 0.054392 0.676146 0.054392 0.67587 0.05412 0.675041 0.05412 0.674765 0.053848 0.674213 0.053848 0.673937 0.053576 0.673109 0.053576 0.672833 0.053304 0.672281 0.053304 0.672004 0.053032 0.671176 0.053032 0.6709 0.05276 0.670348 0.05276 0.670072 0.052488 0.669244 0.052488 0.668967 0.052216 0.668139 0.052216 0.667863 0.051945 0.667311 0.051945 0.667035 0.051673 0.666207 0.051673 0.66593 0.051401 0.665378 0.051401 0.665102 0.051129 0.664274 0.051129 0.663998 0.050857 0.663446 0.050857 0.66317 0.050585 0.662341 0.050585
