0 0.350938 0.823738 0.350591 0.824033 0.351286 0.824624 0.351633 0.824624 0.351981 0.824328 0.351286 0.823738
0 0.343641 0.822262 0.343294 0.822557 0.343294 0.822852 0.344684 0.824033 0.345031 0.824033 0.345379 0.824328 0.345379 0.824624 0.349201 0.827871 0.349548 0.827576 0.349548 0.826986 0.348853 0.826395 0.348506 0.826395
0 0.339472 0.818719 0.339124 0.819014 0.339124 0.819309 0.339472 0.819604 0.339819 0.819604 0.340167 0.819309 0.340167 0.819014 0.339819 0.818719
0 0.33704 0.816652 0.336692 0.816947 0.338429 0.818423 0.338777 0.818128 0.338777 0.817833 0.337387 0.816652
0 0.333565 0.813995 0.333565 0.81429 0.335997 0.816357 0.336345 0.816061 0.336345 0.815766 0.33426 0.813995
0 0.367616 0.80809 0.367269 0.808385 0.367269 0.80868 0.367616 0.808975 0.367964 0.808975 0.368659 0.808385 0.368311 0.80809
0 0.376303 0.804252 0.376303 0.804547 0.375956 0.804842 0.375956 0.805137 0.37665 0.805728 0.377345 0.805137 0.377345 0.804547 0.376998 0.804252
0 0.37665 0.801594 0.376303 0.80189 0.376303 0.802185 0.37665 0.80248 0.376998 0.802185 0.376998 0.80189
0 0.387422 0.785651 0.386727 0.786242 0.387422 0.786832 0.388117 0.786242 0.388117 0.785651
0 0.385685 0.785061 0.385337 0.785356 0.385685 0.785651 0.386379 0.785651 0.386379 0.785356 0.386032 0.785061
0 0.383947 0.781222 0.383947 0.781813 0.384295 0.782108 0.384642 0.782108 0.38499 0.781813 0.38499 0.781518 0.384642 0.781222
0 0.388464 0.776794 0.387769 0.777384 0.387769 0.777679 0.388117 0.777975 0.388812 0.777384 0.388812 0.776794
0 0.399931 0.772955 0.399583 0.773251 0.400278 0.773841 0.400625 0.773841 0.400973 0.773546 0.400278 0.772955
0 0.402363 0.772365 0.401668 0.772955 0.402363 0.773546 0.403058 0.772955
0 0.40688 0.765279 0.406532 0.765574 0.406532 0.76587 0.40688 0.766165 0.407227 0.76587 0.407227 0.765574
0 0.401668 0.763803 0.400973 0.764393 0.402015 0.765279 0.402363 0.765279 0.403058 0.764689 0.402015 0.763803
0 0.408617 0.759079 0.40827 0.759374 0.40827 0.759669 0.408617 0.759965 0.408617 0.76026 0.407922 0.76085 0.40827 0.761146 0.408617 0.761146 0.408965 0.76085 0.408965 0.76026 0.409659 0.759669 0.408965 0.759079
0 0.417651 0.758488 0.416956 0.759079 0.416956 0.759374 0.417304 0.759669 0.417999 0.759079 0.417999 0.758784
0 0.422516 0.754355 0.421821 0.754945 0.421821 0.755831 0.422168 0.756126 0.423211 0.755241 0.423211 0.754945
0 0.423558 0.752288 0.423211 0.752583 0.423211 0.752879 0.423905 0.753469 0.424253 0.753469 0.4246 0.753174 0.4246 0.752879 0.423905 0.752288
0 0.413134 0.749336 0.412787 0.749631 0.412787 0.750221 0.413482 0.750221 0.413829 0.749926 0.413829 0.749631 0.413482 0.749336
0 0.438151 0.739888 0.437804 0.740183 0.437804 0.740774 0.438151 0.740774 0.438846 0.740183 0.438499 0.739888
0 0.445796 0.721287 0.445448 0.721583 0.445448 0.721878 0.446491 0.722764 0.446838 0.722764 0.447186 0.722468
0 0.45205 0.716563 0.451008 0.717449 0.451008 0.717744 0.451703 0.718335 0.45205 0.718335 0.452397 0.71863 0.45344 0.717744 0.45344 0.717449 0.452397 0.716563
0 0.503475 0.68822 0.502085 0.689401 0.502085 0.689696 0.502432 0.689991 0.503822 0.68881 0.50417 0.68881
0 0.499305 0.685267 0.498958 0.685562 0.499305 0.685858 0.499653 0.685858 0.5 0.685562 0.499653 0.685267
0 0.74253 0.656924 0.737318 0.661352 0.73697 0.661352 0.728978 0.668143 0.728978 0.668438 0.729326 0.668733 0.73558 0.663419 0.735928 0.663419 0.743224 0.657219 0.742877 0.656924
0 0.773801 0.631237 0.771369 0.633304 0.771716 0.633599 0.772064 0.633599 0.774496 0.631532 0.774149 0.631237
0 0.813065 0.470623 0.812022 0.471509 0.81237 0.471804 0.81237 0.472099 0.813412 0.472985 0.814454 0.472099 0.814107 0.471804 0.814107 0.471509
0 0.64663 0.24535 0.645587 0.246236 0.64524 0.246236 0.634816 0.255093 0.634468 0.255093 0.624044 0.26395 0.623697 0.26395 0.613273 0.272808 0.612926 0.272808 0.602502 0.281665 0.602154 0.281665 0.59173 0.290523 0.591383 0.290523 0.581306 0.299085 0.580959 0.299085 0.570535 0.307942 0.570188 0.307942 0.568798 0.309123 0.569493 0.309714 0.579569 0.301151 0.579917 0.301151 0.589993 0.292589 0.590341 0.292589 0.600764 0.283732 0.601112 0.283732 0.609798 0.276351 0.610146 0.276646 0.610146 0.277236 0.610493 0.277532 0.609798 0.278122 0.609798 0.278713 0.609451 0.279008 0.609798 0.279303 0.609104 0.279894 0.609104 0.280484 0.609451 0.280779 0.609104 0.281075 0.609104 0.282551 0.609451 0.282846 0.609104 0.283141 0.609104 0.283437 0.608756 0.283732 0.608756 0.284913 0.609104 0.285208 0.608756 0.285503 0.608756 0.286684 0.609104 0.28698 0.609104 0.287865 0.608409 0.288456 0.608756 0.288751 0.608756 0.289932 0.608409 0.290227 0.608409 0.290523 0.608756 0.290818 0.608756 0.291113 0.608409 0.291408 0.609104 0.291999 0.608756 0.292294 0.608756 0.293475 0.609104 0.29377 0.609104 0.294066 0.608756 0.294361 0.609104 0.294656 0.607019 0.296428 0.607019 0.296723 0.605976 0.297609 0.606324 0.297904 0.606324 0.298199 0.604934 0.29938 0.604587 0.29938 0.594163 0.308237 0.593815 0.308237 0.593468 0.308533 0.593468 0.309123 0.589993 0.312076 0.589646 0.312076 0.586866 0.314438 0.586518 0.314438 0.585129 0.315619 0.585129 0.315914 0.584086 0.3168 0.584086 0.317095 0.587561 0.320047 0.587561 0.320342 0.597637 0.328905 0.597637 0.3292 0.608061 0.338057 0.608061 0.338353 0.618485 0.34721 0.618485 0.347505 0.628909 0.356363 0.628909 0.356658 0.639333 0.365515 0.639333 0.36581 0.649757 0.374668 0.649757 0.374963 0.659833 0.383525 0.659833 0.38382 0.670257 0.392678 0.670257 0.392973 0.680681 0.401831 0.680681 0.402126 0.691105 0.410983 0.691105 0.411278 0.701529 0.420136 0.701529 0.420431 0.711953 0.429288 0.711953 0.429584 0.722377 0.438441 0.722377 0.438736 0.732453 0.447298 0.732453 0.447594 0.742877 0.456451 0.742877 0.456746 0.753301 0.465604 0.753301 0.465899 0.760598 0.472099 0.760598 0.472394 0.757123 0.475347 0.757818 0.475937 0.757818 0.476233 0.759208 0.477414 0.759208 0.477709 0.75886 0.478004 0.758513 0.478004 0.758165 0.477709 0.757818 0.478004 0.757818 0.478299 0.758165 0.478595 0.75747 0.479185 0.75747 0.47948 0.754691 0.481842 0.754343 0.481547 0.753648 0.482138 0.753648 0.483023 0.753301 0.483319 0.753301 0.483614 0.752953 0.483909 0.752606 0.483909 0.752259 0.484204 0.751564 0.484204 0.750869 0.484795 0.751216 0.48509 0.748089 0.487747 0.747741 0.487747 0.744614 0.490404 0.744962 0.4907 0.743572 0.491881 0.743224 0.491881 0.741835 0.493062 0.740792 0.493062 0.740445 0.493357 0.740445 0.493947 0.738013 0.496014 0.737318 0.496014 0.735928 0.497195 0.735928 0.49749 0.734885 0.498376 0.734885 0.498967 0.73558 0.499557 0.731063 0.503395 0.730716 0.5031 0.730716 0.50251 0.731063 0.502214 0.730716 0.501919 0.731063 0.501624 0.730716 0.501329 0.730368 0.501329 0.729673 0.501919 0.729326 0.501919 0.728978 0.501624 0.728284 0.502214 0.728284 0.50251 0.727936 0.502805 0.727589 0.502805 0.726894 0.503395 0.726894 0.503691 0.727241 0.503986 0.724114 0.506643 0.723767 0.506643 0.721334 0.50871 0.721682 0.509005 0.720639 0.509891 0.720639 0.510186 0.718555 0.511957 0.718207 0.511662 0.717512 0.512253 0.717512 0.512843 0.71786 0.513138 0.71786 0.513434 0.717512 0.513729 0.717165 0.513434 0.716817 0.513434 0.715775 0.514319 0.715427 0.514024 0.709173 0.519339 0.708826 0.519339 0.708826 0.519634 0.709868 0.52052 0.709521 0.520815 0.709173 0.520815 0.708478 0.520224 0.708131 0.52052 0.707783 0.520224 0.698402 0.528196 0.698054 0.527901 0.697707 0.528196 0.697359 0.527901 0.697012 0.527901 0.696664 0.528196 0.697012 0.528491 0.697012 0.528787 0.696664 0.529082 0.696664 0.529377 0.693885 0.531739 0.693885 0.532034 0.689368 0.535872 0.689368 0.536168 0.688673 0.536758 0.688325 0.536758 0.687283 0.537644 0.687283 0.537939 0.686935 0.538234 0.685893 0.538234 0.685198 0.538825 0.685198 0.53912 0.684851 0.539415 0.684503 0.539415 0.683461 0.540301 0.683808 0.540596 0.683461 0.540892 0.683113 0.540892 0.680681 0.542958 0.681028 0.543254 0.680334 0.543844 0.679986 0.543549 0.679291 0.544139 0.678944 0.544139 0.678249 0.54473 0.678249 0.545025 0.677901 0.54532 0.677901 0.545616 0.676511 0.546797 0.676164 0.546797 0.673037 0.549454 0.672689 0.549454 0.672342 0.549749 0.672342 0.55034 0.671994 0.550635 0.6713 0.550635 0.66713 0.554178 0.666782 0.554178 0.666435 0.554473 0.666088 0.554473 0.656359 0.56274 0.656359 0.563035 0.653231 0.565692 0.653231 0.565988 0.652536 0.566578 0.652189 0.566578 0.651842 0.566873 0.651494 0.566578 0.650452 0.567464 0.650452 0.567759 0.650799 0.568054 0.650799 0.56835 0.649062 0.569826 0.648714 0.569826 0.647325 0.571007 0.646977 0.571007 0.644545 0.573074 0.644197 0.573074 0.641765 0.57514 0.641765 0.575435 0.637248 0.579274 0.636901 0.578978 0.636553 0.578978 0.635858 0.579569 0.635858 0.580159 0.634816 0.581045 0.634468 0.581045 0.631689 0.583407 0.631341 0.583112 0.62335 0.589903 0.623002 0.589903 0.62335 0.590198 0.623002 0.590493 0.623002 0.591379 0.621612 0.59256 0.62057 0.59256 0.620222 0.592855 0.620222 0.59315 0.619875 0.593446 0.619875 0.593741 0.619527 0.594036 0.61918 0.594036 0.618833 0.593741 0.618485 0.593741 0.617095 0.594922 0.617443 0.595217 0.617443 0.595512 0.616053 0.596693 0.61501 0.596693 0.613968 0.597579 0.613968 0.597874 0.613273 0.598465 0.612578 0.598465 0.610841 0.599941 0.611188 0.600236 0.610493 0.600827 0.610493 0.601122 0.610146 0.601417 0.609104 0.601417 0.608061 0.602303 0.608061 0.603189 0.607366 0.603779 0.607019 0.603484 0.606671 0.603484 0.604587 0.605255 0.604587 0.605551 0.603544 0.606436 0.603197 0.606436 0.602154 0.607322 0.602154 0.607617 0.601112 0.608503 0.600417 0.608503 0.591383 0.61618 0.591035 0.61618 0.589298 0.617656 0.589298 0.617951 0.589993 0.618541 0.589993 0.619132 0.589646 0.619427 0.588951 0.619427 0.588603 0.619722 0.587908 0.619722 0.587561 0.619427 0.587213 0.619427 0.585129 0.621199 0.585823 0.621789 0.577484 0.628875 0.577137 0.628875 0.566713 0.637733 0.566366 0.637733 0.562543 0.64098 0.562543 0.642752 0.562196 0.643047 0.561154 0.643047 0.560806 0.642752 0.560459 0.642752 0.560111 0.643047 0.560111 0.643342 0.560459 0.643637 0.560111 0.643933 0.560111 0.644228 0.558721 0.645409 0.558374 0.645114 0.557679 0.645114 0.556984 0.645704 0.556984 0.646295 0.556637 0.64659 0.556984 0.646885 0.555942 0.647771 0.555594 0.647476 0.554552 0.647476 0.554552 0.647771 0.554204 0.648066 0.553857 0.648066 0.553857 0.649247 0.552814 0.650133 0.553162 0.650428 0.552467 0.651019 0.551772 0.650428 0.551077 0.650428 0.550382 0.651019 0.550382 0.651314 0.551077 0.651904 0.550382 0.652495 0.549687 0.651904 0.54934 0.6522 0.548992 0.6522 0.548992 0.65279 0.54934 0.653085 0.54934 0.653381 0.545865 0.656333 0.545518 0.656333 0.54517 0.656038 0.544128 0.656038 0.544128 0.656333 0.54378 0.656628 0.543433 0.656628 0.543433 0.657219 0.544128 0.657809 0.540653 0.660762 0.540306 0.660762 0.536831 0.663714 0.536484 0.663419 0.536484 0.663124 0.535789 0.663124 0.535789 0.663714 0.536136 0.664009 0.536136 0.664305 0.530577 0.669029 0.530229 0.668733 0.530229 0.668438 0.529882 0.668143 0.529534 0.668438 0.529187 0.668438 0.528492 0.669029 0.529187 0.669619 0.529187 0.669914 0.52189 0.676115 0.521543 0.675819 0.521543 0.675524 0.5205 0.675524 0.520153 0.675819 0.520153 0.676115 0.519458 0.676705 0.51911 0.676705 0.51911 0.677591 0.519458 0.677591 0.519805 0.677886 0.51911 0.678477 0.518763 0.678477 0.508687 0.687039 0.507992 0.687039 0.507644 0.687334 0.507297 0.687334 0.506949 0.687039 0.506602 0.687039 0.506254 0.687334 0.506254 0.687924 0.506602 0.68822 0.505212 0.689401 0.504517 0.689401 0.503822 0.689991 0.503822 0.690582 0.503475 0.690877 0.503127 0.690877 0.50278 0.690582 0.502432 0.690582 0.502085 0.690877 0.501737 0.690877 0.50139 0.691172 0.50139 0.691467 0.501042 0.691763 0.50139 0.692058 0.500695 0.692648 0.500347 0.692353 0.5 0.692353 0.498958 0.693239 0.49861 0.693239 0.49722 0.69442 0.496873 0.69442 0.496525 0.694125 0.497568 0.693239 0.49722 0.692944 0.49722 0.692353 0.497568 0.692058 0.498263 0.692648 0.50139 0.689991 0.50139 0.689696 0.501042 0.689401 0.500347 0.689401 0.499653 0.68881 0.498958 0.68881 0.498263 0.689401 0.497915 0.689401 0.497568 0.689105 0.497915 0.68881 0.49722 0.68822 0.49722 0.687924 0.497568 0.687629 0.49722 0.687334 0.497568 0.687039 0.49722 0.686743 0.49722 0.686448 0.496525 0.685858 0.49583 0.685858 0.495483 0.686153 0.495483 0.686448 0.49583 0.686743 0.49583 0.687039 0.496525 0.687629 0.496525 0.687924 0.496178 0.68822 0.495483 0.68822 0.494788 0.68881 0.49722 0.690877 0.497568 0.690877 0.498263 0.691467 0.497568 0.692058 0.49583 0.690582 0.495136 0.691172 0.496178 0.692058 0.496178 0.692648 0.49583 0.692944 0.49583 0.693534 0.496525 0.694125 0.496525 0.69442 0.496178 0.694715 0.495483 0.694125 0.494788 0.694125 0.494441 0.693829 0.493746 0.693829 0.493398 0.694125 0.493398 0.69442 0.492703 0.69501 0.493051 0.695306 0.492703 0.695601 0.492703 0.695896 0.492008 0.696487 0.491661 0.696487 0.491313 0.696191 0.490618 0.696191 0.490271 0.695896 0.489576 0.695896 0.489229 0.696191 0.488186 0.696191 0.487491 0.695601 0.486796 0.696191 0.486796 0.697077 0.487144 0.697372 0.487491 0.697372 0.487839 0.697077 0.488186 0.697372 0.488881 0.696782 0.489924 0.697668 0.489229 0.698258 0.488881 0.698258 0.487839 0.699144 0.487491 0.698849 0.487144 0.698849 0.485754 0.697668 0.485407 0.697963 0.485059 0.697668 0.484712 0.697668 0.484364 0.697372 0.483322 0.698258 0.483669 0.698553 0.483669 0.699144 0.482279 0.700325 0.480542 0.700325 0.480195 0.70003 0.479152 0.70003 0.478805 0.700325 0.478457 0.700325 0.47672 0.701801 0.476025 0.701801 0.47533 0.702391 0.47533 0.702687 0.474288 0.703572 0.474635 0.703868 0.474635 0.704163 0.474288 0.704458 0.474635 0.704753 0.474635 0.705344 0.473593 0.70623 0.472898 0.705639 0.47255 0.705639 0.471855 0.70623 0.471508 0.705934 0.470813 0.706525 0.470466 0.706525 0.470118 0.70623 0.469771 0.70623 0.469423 0.706525 0.468728 0.706525 0.464559 0.710068 0.464559 0.710363 0.464211 0.710658 0.463864 0.710658 0.463169 0.711249 0.462474 0.711249 0.462126 0.711544 0.461779 0.711544 0.461084 0.712135 0.460737 0.711839 0.460389 0.711839 0.456567 0.715087 0.455872 0.715087 0.455177 0.715678 0.455177 0.715973 0.45483 0.716268 0.45483 0.716563 0.455177 0.716859 0.454135 0.717744 0.454482 0.71804 0.453787 0.71863 0.45344 0.71863 0.452745 0.719221 0.452745 0.719516 0.452397 0.719811 0.45205 0.719811 0.45066 0.720992 0.451008 0.721287 0.45066 0.721583 0.449965 0.721583 0.449618 0.721878 0.449618 0.722468 0.450313 0.723059 0.449965 0.723354 0.449965 0.723649 0.449618 0.723944 0.449618 0.72424 0.448228 0.725421 0.448228 0.726306 0.447533 0.726897 0.447186 0.726602 0.446838 0.726602 0.445448 0.727783 0.446491 0.728668 0.446838 0.728668 0.447186 0.728964 0.447186 0.729259 0.446838 0.729554 0.447186 0.729849 0.447186 0.730145 0.446143 0.73103 0.446143 0.731326 0.445796 0.731621 0.445796 0.731916 0.446143 0.732211 0.445448 0.732802 0.444753 0.732211 0.444406 0.732211 0.444058 0.732507 0.444058 0.733097 0.444753 0.733097 0.445101 0.732802 0.445448 0.732802 0.445796 0.733097 0.445796 0.733392 0.445448 0.733688 0.445448 0.733983 0.445101 0.734278 0.445101 0.734573 0.444753 0.734869 0.444753 0.735459 0.444406 0.735754 0.444753 0.73605 0.444406 0.736345 0.444753 0.73664 0.444058 0.737231 0.444058 0.737526 0.443711 0.737821 0.443711 0.738116 0.442669 0.739002 0.443016 0.739297 0.442669 0.739593 0.442669 0.740478 0.441974 0.741069 0.441974 0.741364 0.440931 0.74225 0.440931 0.742545 0.440236 0.743136 0.440584 0.743431 0.439889 0.744021 0.439541 0.744021 0.439541 0.744907 0.434329 0.749336 0.433634 0.748745 0.433287 0.74904 0.43294 0.74904 0.43294 0.749336 0.432592 0.749631 0.432245 0.749631 0.431897 0.749926 0.432592 0.750517 0.432592 0.750812 0.43155 0.751698 0.431202 0.751698 0.43016 0.752583 0.431897 0.75406 0.431202 0.75465 0.430507 0.75406 0.43016 0.75406 0.429812 0.754355 0.429117 0.753764 0.42877 0.753764 0.428075 0.753174 0.42738 0.753764 0.42738 0.75406 0.424948 0.756126 0.4246 0.756126 0.424253 0.755831 0.422863 0.757012 0.422863 0.757307 0.423211 0.757603 0.423558 0.757307 0.423905 0.757307 0.424253 0.757603 0.420778 0.760555 0.420431 0.760555 0.419388 0.761441 0.419736 0.761736 0.419041 0.762327 0.419041 0.762622 0.418694 0.762917 0.417651 0.762917 0.416609 0.763803 0.416956 0.764098 0.416609 0.764393 0.416609 0.764689 0.416261 0.764984 0.415914 0.764689 0.415566 0.764689 0.410007 0.769412 0.409659 0.769412 0.407922 0.770889 0.40827 0.771184 0.407922 0.771479 0.407922 0.771774 0.407575 0.77207 0.40688 0.771479 0.406185 0.771479 0.405837 0.771774 0.40549 0.771479 0.405142 0.771774 0.404795 0.771774 0.404448 0.77207 0.404795 0.772365 0.404795 0.77266 0.403753 0.773546 0.403405 0.773546 0.40132 0.775317 0.400278 0.775317 0.399583 0.775908 0.399583 0.776498 0.394719 0.780632 0.394719 0.780927 0.393676 0.781813 0.392981 0.781222 0.392286 0.781813 0.392981 0.782403 0.388812 0.785946 0.388812 0.786242 0.389159 0.786537 0.388812 0.786832 0.388464 0.786832 0.387074 0.788013 0.387074 0.788603 0.384642 0.79067 0.384642 0.790965 0.383947 0.791556 0.383947 0.791851 0.3836 0.792146 0.3836 0.792442 0.383947 0.792737 0.383947 0.793032 0.3836 0.793327 0.3836 0.794508 0.383947 0.794804 0.383947 0.795394 0.385337 0.796575 0.38499 0.79687 0.385337 0.797166 0.385337 0.798051 0.385685 0.798347 0.385337 0.798642 0.385337 0.798937 0.385685 0.799232 0.384295 0.800413 0.383947 0.800413 0.373523 0.809271 0.373176 0.809271 0.372133 0.810156 0.372133 0.811042 0.371786 0.811337 0.371091 0.810747 0.370049 0.811633 0.370049 0.811928 0.370396 0.812223 0.370396 0.812518 0.368659 0.813995 0.367964 0.813404 0.367616 0.813699 0.366921 0.813699 0.366574 0.813995 0.366574 0.81429 0.367269 0.81429 0.367616 0.814585 0.367616 0.81488 0.365879 0.816357 0.365184 0.815766 0.364837 0.815766 0.364489 0.816061 0.364837 0.816357 0.363099 0.817833 0.362057 0.817833 0.361015 0.816947 0.36032 0.817538 0.361362 0.818423 0.361015 0.818719 0.361362 0.819014 0.354413 0.824919 0.354413 0.825509 0.352675 0.826986 0.351981 0.826395 0.351286 0.826986 0.351286 0.827281 0.351633 0.827576 0.351633 0.827871 0.350243 0.829052 0.359625 0.837024 0.359625 0.837319 0.370049 0.846177 0.370049 0.846472 0.380473 0.855329 0.380473 0.855624 0.390896 0.864482 0.390896 0.864777 0.40132 0.873634 0.40132 0.87393 0.411744 0.882787 0.411744 0.883082 0.417651 0.888102 0.417999 0.888102 0.417999 0.887511 0.414177 0.884263 0.414177 0.883968 0.407922 0.878654 0.407922 0.878063 0.407227 0.877473 0.40688 0.877768 0.403753 0.875111 0.403753 0.874815 0.393329 0.865958 0.393329 0.865663 0.390896 0.863596 0.391244 0.863301 0.391591 0.863301 0.391939 0.863006 0.397151 0.867434 0.397498 0.867434 0.398193 0.868025 0.397846 0.86832 0.399236 0.869501 0.399931 0.869501 0.402015 0.871273 0.402015 0.871568 0.406532 0.875406 0.40688 0.875406 0.410354 0.878358 0.410702 0.878063 0.411049 0.878358 0.411049 0.878654 0.411397 0.878949 0.411397 0.879244 0.413829 0.881311 0.414177 0.881311 0.415219 0.882197 0.415219 0.882492 0.416956 0.883968 0.416609 0.884263 0.418346 0.88574 0.418694 0.88574 0.420431 0.887216 0.420431 0.887511 0.422516 0.889283 0.422516 0.889578 0.4246 0.891349 0.425295 0.891349 0.426685 0.89253 0.427033 0.89253 0.431202 0.896073 0.43155 0.896073 0.433982 0.89814 0.434677 0.89814 0.435719 0.899026 0.436067 0.89873 0.437109 0.899616 0.437457 0.899616 0.437804 0.899321 0.438151 0.899616 0.438499 0.899616 0.438846 0.899321 0.439194 0.899321 0.439541 0.899026 0.440236 0.899026 0.441626 0.897845 0.441974 0.897845 0.442669 0.897254 0.443016 0.897254 0.444753 0.895778 0.445101 0.896073 0.445448 0.895778 0.445796 0.895778 0.45622 0.886921 0.456567 0.886921 0.458304 0.885444 0.458304 0.885149 0.457957 0.884854 0.463864 0.879835 0.464211 0.879835 0.472898 0.872453 0.472898 0.872158 0.477415 0.86832 0.477415 0.868025 0.478805 0.866844 0.478805 0.866549 0.4795 0.865958 0.479847 0.865958 0.480195 0.865663 0.48089 0.865663 0.481932 0.864777 0.482279 0.864777 0.484364 0.863006 0.484712 0.863006 0.485059 0.863301 0.488186 0.860644 0.488534 0.860644 0.488881 0.860348 0.488881 0.859463 0.489576 0.858872 0.489576 0.858577 0.490271 0.857986 0.490618 0.858282 0.491313 0.858282 0.493398 0.85651 0.493051 0.856215 0.493051 0.85592 0.493746 0.855329 0.493746 0.855034 0.494788 0.854148 0.494788 0.853262 0.495136 0.852967 0.495136 0.852081 0.495483 0.851786 0.495483 0.851491 0.49722 0.850015 0.497568 0.85031 0.49861 0.849424 0.498958 0.849424 0.499305 0.84972 0.5 0.849129 0.500347 0.849129 0.500695 0.848834 0.50139 0.848834 0.501737 0.848539 0.502085 0.848539 0.502432 0.848243 0.50278 0.848243 0.503127 0.848539 0.505212 0.846767 0.505212 0.846472 0.50417 0.845586 0.504517 0.845291 0.504864 0.845291 0.505907 0.846177 0.506602 0.845586 0.506254 0.845291 0.506254 0.844996 0.506949 0.844405 0.507992 0.844405 0.509034 0.843519 0.508687 0.843224 0.513551 0.839091 0.513551 0.838795 0.513899 0.8385 0.513204 0.83791 0.513204 0.837614 0.512856 0.837319 0.513204 0.837024 0.513551 0.837024 0.514246 0.837614 0.515288 0.836729 0.515636 0.836729 0.515636 0.836138 0.516331 0.835548 0.516678 0.835843 0.519458 0.833481 0.51911 0.833186 0.519458 0.83289 0.519805 0.83289 0.5205 0.8323 0.520848 0.8323 0.52189 0.831414 0.522238 0.831709 0.522933 0.831119 0.52328 0.831119 0.52467 0.829938 0.525017 0.830233 0.525365 0.830233 0.529534 0.82669 0.529187 0.826395 0.530924 0.824919 0.531967 0.824919 0.535094 0.822262 0.535094 0.821376 0.535441 0.821081 0.535441 0.820195 0.536484 0.819309 0.536484 0.819014 0.541001 0.815176 0.541696 0.815176 0.542043 0.81488 0.542391 0.81488 0.542738 0.814585 0.543433 0.814585 0.544128 0.813995 0.54517 0.813995 0.545518 0.813699 0.545865 0.813699 0.54656 0.813109 0.54656 0.812518 0.546908 0.812223 0.547255 0.812223 0.547603 0.811928 0.548297 0.811928 0.55212 0.80868 0.55212 0.808385 0.551772 0.80809 0.551772 0.807795 0.551425 0.807499 0.551425 0.807204 0.550382 0.806318 0.552814 0.804252 0.553162 0.804252 0.554204 0.805137 0.554899 0.805137 0.555247 0.804842 0.555594 0.805137 0.555942 0.805137 0.556637 0.804547 0.556637 0.803661 0.556984 0.803366 0.556984 0.803071 0.556637 0.802775 0.556637 0.80248 0.562196 0.797756 0.562891 0.797756 0.563586 0.797166 0.563933 0.797166 0.564281 0.79687 0.564976 0.79687 0.56845 0.793918 0.568798 0.794213 0.569145 0.794213 0.57401 0.79008 0.574357 0.79008 0.574357 0.789194 0.576095 0.787718 0.576095 0.787422 0.576442 0.787127 0.576442 0.786242 0.578874 0.784175 0.579222 0.784175 0.579569 0.78388 0.579917 0.78388 0.590341 0.775022 0.590688 0.775022 0.594858 0.771479 0.594858 0.770298 0.595205 0.770003 0.594858 0.769708 0.594858 0.769412 0.595205 0.769117 0.59451 0.768527 0.59451 0.767936 0.594858 0.767641 0.594163 0.76705 0.594163 0.766755 0.593815 0.76646 0.593815 0.764098 0.5959 0.762327 0.596595 0.762327 0.596942 0.762031 0.59729 0.762327 0.597637 0.762031 0.597985 0.762327 0.598332 0.762327 0.59868 0.762031 0.599375 0.762031 0.602849 0.759079 0.602849 0.757898 0.603892 0.757012 0.603544 0.756717 0.603544 0.756422 0.604934 0.755241 0.605281 0.755536 0.605629 0.755536 0.607714 0.753764 0.607714 0.753174 0.609798 0.751402 0.609798 0.750221 0.609104 0.749631 0.609104 0.749336 0.609451 0.74904 0.609798 0.749336 0.610146 0.749336 0.610493 0.749631 0.611536 0.748745 0.611883 0.748745 0.613968 0.746974 0.614315 0.746974 0.624739 0.738116 0.625087 0.738116 0.635511 0.729259 0.635858 0.729259 0.636901 0.728373 0.637248 0.728373 0.642113 0.72424 0.64246 0.72424 0.64663 0.720697 0.646977 0.720697 0.647325 0.720402 0.647672 0.720402 0.648367 0.720992 0.648714 0.720697 0.649409 0.721287 0.649757 0.721287 0.650104 0.721583 0.651494 0.721583 0.651842 0.721287 0.652189 0.721583 0.652884 0.721583 0.653231 0.721878 0.653926 0.721287 0.654274 0.721287 0.654621 0.720992 0.654969 0.721287 0.655316 0.721287 0.656359 0.720402 0.656706 0.720697 0.659486 0.718335 0.659833 0.718335 0.661223 0.717154 0.661571 0.717154 0.66574 0.713611 0.666088 0.713611 0.667477 0.71243 0.667825 0.71243 0.676164 0.705344 0.676164 0.705049 0.682418 0.699734 0.682766 0.699734 0.69319 0.690877 0.693537 0.690877 0.703961 0.682019 0.704309 0.682019 0.706046 0.680543 0.705698 0.680248 0.708131 0.678181 0.708478 0.678181 0.718902 0.669324 0.719249 0.669324 0.729673 0.660466 0.730021 0.660466 0.740097 0.651904 0.740445 0.6522 0.743224 0.649838 0.743224 0.649542 0.743919 0.648952 0.743572 0.648657 0.744614 0.647771 0.744962 0.647771 0.747047 0.645999 0.747047 0.645704 0.746699 0.645409 0.749131 0.643342 0.749479 0.643637 0.749826 0.643637 0.751564 0.642161 0.752259 0.642161 0.753301 0.641275 0.753301 0.640685 0.754343 0.639799 0.754691 0.640094 0.755733 0.639209 0.755733 0.638028 0.756081 0.637733 0.756428 0.638028 0.756776 0.638028 0.757818 0.637142 0.758165 0.637142 0.76164 0.63419 0.761987 0.63419 0.762335 0.633894 0.762335 0.633304 0.76303 0.632713 0.76303 0.632418 0.762682 0.632123 0.763725 0.631237 0.764072 0.631237 0.767199 0.62858 0.767547 0.62858 0.767894 0.628875 0.771369 0.625923 0.771716 0.625923 0.772411 0.625332 0.772759 0.625332 0.775191 0.623265 0.774844 0.62297 0.775886 0.622084 0.776581 0.622084 0.776928 0.621789 0.776928 0.621494 0.777276 0.621199 0.777276 0.620313 0.777623 0.620018 0.777276 0.619722 0.778666 0.618541 0.779361 0.618541 0.779708 0.618837 0.780056 0.618837 0.781098 0.617951 0.781098 0.61736 0.780751 0.617065 0.781098 0.61677 0.781445 0.61677 0.78492 0.613818 0.785268 0.613818 0.786657 0.612637 0.787005 0.612932 0.787352 0.612637 0.7877 0.612637 0.792912 0.608208 0.793259 0.608208 0.793607 0.608503 0.793954 0.608503 0.794302 0.608208 0.794302 0.607913 0.793954 0.607617 0.793954 0.607322 0.795344 0.606141 0.795344 0.605846 0.794649 0.605255 0.795344 0.604665 0.795344 0.60437 0.794649 0.603779 0.795344 0.603189 0.796039 0.603189 0.796734 0.603779 0.796039 0.60437 0.796039 0.604665 0.796386 0.60496 0.796734 0.60496 0.798124 0.603779 0.798124 0.603484 0.797429 0.602893 0.804031 0.597284 0.804378 0.597284 0.804726 0.596988 0.805073 0.596988 0.808548 0.594036 0.809243 0.594036 0.81237 0.591379 0.812717 0.591674 0.813065 0.591674 0.81376 0.591084 0.81376 0.590493 0.813065 0.589903 0.814802 0.588426 0.815149 0.588426 0.818972 0.585179 0.817929 0.584293 0.819319 0.583112 0.819666 0.583407 0.819666 0.583998 0.820014 0.584293 0.825573 0.579569 0.825921 0.579569 0.827311 0.578388 0.827311 0.577797 0.826963 0.577502 0.826963 0.577207 0.827311 0.576912 0.827658 0.577207 0.828006 0.577207 0.828353 0.577502 0.830785 0.575435 0.831133 0.575435 0.832175 0.57455 0.832523 0.57455 0.834955 0.572483 0.834955 0.571893 0.836345 0.570712 0.836692 0.570712 0.842599 0.565692 0.842946 0.565692 0.843641 0.566283 0.845726 0.566283 0.846074 0.566578 0.847116 0.566578 0.847464 0.566283 0.847811 0.566283 0.848158 0.566578 0.848506 0.566283 0.848853 0.566578 0.849201 0.566578 0.849548 0.566283 0.850243 0.566283 0.850591 0.565988 0.851286 0.565988 0.851633 0.565692 0.851981 0.565988 0.852328 0.565988 0.852675 0.566283 0.844684 0.573074 0.844336 0.573074 0.833912 0.581931 0.833565 0.581931 0.823141 0.590788 0.822794 0.590788 0.817582 0.595217 0.817929 0.595512 0.818277 0.595512 0.821404 0.592855 0.821751 0.592855 0.832175 0.583998 0.832523 0.583998 0.842946 0.57514 0.843294 0.57514 0.853718 0.566283 0.854065 0.566283 0.863099 0.558606 0.863099 0.558311 0.863447 0.558016 0.863447 0.557721 0.863794 0.557425 0.863794 0.55654 0.864142 0.556244 0.863794 0.555949 0.863794 0.555359 0.864142 0.555063 0.864142 0.554178 0.864489 0.553882 0.864142 0.553587 0.864142 0.553292 0.863794 0.552997 0.863794 0.551816 0.864142 0.551521 0.863447 0.55093 0.863447 0.550044 0.862404 0.549159 0.862404 0.548568 0.85893 0.545616 0.85893 0.54473 0.85754 0.543549 0.85754 0.543254 0.857192 0.542958 0.857192 0.542663 0.858582 0.541482 0.857887 0.540892 0.85893 0.540006 0.85893 0.539415 0.859277 0.53912 0.859625 0.53912 0.870049 0.530263 0.870396 0.530263 0.875956 0.525539 0.875956 0.525244 0.877345 0.524063 0.876998 0.523767 0.87804 0.522882 0.877693 0.522586 0.87804 0.522291 0.87804 0.521701 0.878388 0.521405 0.878388 0.518748 0.878735 0.518453 0.87804 0.517862 0.87804 0.517567 0.87943 0.516386 0.879083 0.516091 0.879083 0.515796 0.878735 0.515796 0.878388 0.516091 0.87804 0.515796 0.87804 0.51491 0.873176 0.510776 0.872481 0.510776 0.871438 0.509891 0.871438 0.5093 0.870396 0.508415 0.870049 0.508415 0.869354 0.507824 0.869354 0.507234 0.868659 0.507234 0.867964 0.507824 0.867269 0.507824 0.866921 0.507529 0.866921 0.507234 0.866574 0.506938 0.865532 0.507824 0.865532 0.508415 0.865184 0.50871 0.864489 0.508119 0.864142 0.508119 0.85754 0.50251 0.85754 0.501919 0.854065 0.498967 0.853718 0.498967 0.851633 0.497195 0.851633 0.4969 0.849896 0.495424 0.849896 0.495128 0.839472 0.486271 0.839472 0.485976 0.833912 0.481252 0.833565 0.481252 0.825573 0.474461 0.825921 0.474166 0.824183 0.47269 0.823836 0.47269 0.822794 0.471804 0.822794 0.471509 0.821404 0.470328 0.821056 0.470328 0.820709 0.470032 0.820709 0.469737 0.820361 0.469442 0.819319 0.469442 0.818972 0.469737 0.818624 0.469737 0.818624 0.470032 0.819319 0.470623 0.819666 0.470328 0.820361 0.470328 0.820709 0.470623 0.820709 0.470918 0.821056 0.471213 0.820709 0.471509 0.819319 0.471509 0.818972 0.471213 0.818624 0.471509 0.818277 0.471509 0.817582 0.472099 0.816887 0.472099 0.815149 0.473575 0.814454 0.473575 0.81376 0.474166 0.813412 0.474166 0.813065 0.474461 0.810285 0.472099 0.810285 0.471804 0.806115 0.468261 0.806115 0.467966 0.804378 0.46649 0.804378 0.466194 0.799861 0.462356 0.800208 0.462061 0.800208 0.461766 0.799166 0.46088 0.798819 0.461175 0.798471 0.461175 0.797429 0.460289 0.797776 0.459994 0.797776 0.459699 0.796734 0.458813 0.796734 0.458518 0.797081 0.458223 0.796734 0.457927 0.797429 0.457337 0.797081 0.457042 0.797081 0.456156 0.797776 0.455565 0.797429 0.45527 0.797776 0.454975 0.797776 0.45468 0.798124 0.454384 0.798124 0.453499 0.799514 0.452318 0.799514 0.452022 0.799861 0.451727 0.799861 0.451432 0.798124 0.449956 0.798124 0.44966 0.797081 0.448775 0.796386 0.448775 0.796039 0.448479 0.795691 0.448479 0.795344 0.448184 0.794997 0.448184 0.794649 0.447889 0.795344 0.447298 0.7877 0.440803 0.7877 0.440508 0.779361 0.433422 0.779361 0.433127 0.780403 0.432241 0.780751 0.432241 0.791174 0.423384 0.791522 0.423384 0.797776 0.418069 0.798471 0.418069 0.799166 0.417479 0.799514 0.417479 0.800208 0.416888 0.799861 0.416593 0.799861 0.416298 0.800208 0.416002 0.800556 0.416298 0.802988 0.414231 0.802988 0.413936 0.804378 0.412755 0.804031 0.412459 0.804031 0.412164 0.805073 0.411278 0.805073 0.410983 0.806115 0.410097 0.806115 0.409507 0.807505 0.408326 0.807505 0.408031 0.808548 0.407145 0.808548 0.40685 0.8082 0.406554 0.809243 0.405669 0.809243 0.405373 0.809937 0.404783 0.809937 0.404488 0.810632 0.403897 0.810632 0.403307 0.811327 0.402716 0.811327 0.402421 0.811675 0.402126 0.811675 0.401831 0.811327 0.401535 0.812022 0.400945 0.812022 0.40065 0.81237 0.400354 0.81237 0.400059 0.812717 0.399764 0.81237 0.399469 0.813065 0.398878 0.812717 0.398583 0.812717 0.398288 0.813065 0.397992 0.813065 0.397697 0.813412 0.397402 0.813412 0.397107 0.81376 0.396811 0.813412 0.396516 0.814107 0.395926 0.81376 0.39563 0.814107 0.395335 0.814107 0.39504 0.81376 0.394745 0.81376 0.394449 0.813065 0.393859 0.813065 0.393564 0.814107 0.392678 0.814107 0.392383 0.81376 0.392087 0.813065 0.392087 0.81237 0.391497 0.81237 0.390611 0.811327 0.389725 0.81098 0.389725 0.80959 0.388544 0.809243 0.38884 0.808895 0.38884 0.808548 0.388544 0.8082 0.388544 0.80681 0.387363 0.805768 0.387363 0.80542 0.387068 0.805073 0.387068 0.804726 0.386773 0.804031 0.386773 0.803336 0.386182 0.802988 0.386182 0.802641 0.386478 0.801598 0.386478 0.800903 0.385887 0.797081 0.389135 0.796734 0.389135 0.791522 0.393564 0.792217 0.394154 0.791522 0.394745 0.790827 0.394154 0.787005 0.397402 0.787005 0.397697 0.7877 0.398288 0.786657 0.399173 0.786657 0.399469 0.78492 0.400945 0.784573 0.400945 0.780403 0.404488 0.780056 0.404488 0.772759 0.410688 0.772759 0.410983 0.772411 0.411278 0.772064 0.411278 0.769632 0.413345 0.769284 0.413345 0.76025 0.421022 0.76025 0.421317 0.755038 0.425745 0.754343 0.425745 0.752953 0.426926 0.752606 0.426926 0.751216 0.425745 0.751216 0.42545 0.750521 0.42486 0.749826 0.42486 0.749131 0.42545 0.749826 0.426041 0.749826 0.426336 0.750174 0.426336 0.750521 0.426631 0.750521 0.427222 0.750869 0.427517 0.750174 0.428107 0.749826 0.427812 0.749479 0.427812 0.748784 0.427222 0.749131 0.426926 0.749131 0.426336 0.748436 0.425745 0.747394 0.425745 0.747047 0.426041 0.746699 0.426041 0.746352 0.425745 0.747047 0.425155 0.747394 0.425155 0.749131 0.423679 0.749479 0.423679 0.750521 0.422793 0.750521 0.422498 0.750869 0.422203 0.751216 0.422203 0.753301 0.420431 0.753301 0.420136 0.753996 0.419545 0.754691 0.419545 0.764072 0.411574 0.76442 0.411574 0.774844 0.402716 0.775191 0.402716 0.778318 0.400059 0.778318 0.399469 0.779013 0.398878 0.779013 0.398288 0.780056 0.397402 0.779708 0.397107 0.780056 0.396811 0.780056 0.396221 0.780403 0.395926 0.780056 0.39563 0.780751 0.39504 0.781445 0.39563 0.781445 0.395926 0.781793 0.396221 0.782835 0.396221 0.78353 0.39563 0.78353 0.395335 0.783183 0.39504 0.782835 0.39504 0.782488 0.395335 0.78214 0.395335 0.781793 0.39504 0.782835 0.394154 0.782835 0.393859 0.781445 0.392678 0.781098 0.392678 0.780056 0.391792 0.780056 0.391497 0.779013 0.390611 0.778318 0.391202 0.777971 0.390906 0.777971 0.390611 0.778318 0.390316 0.778318 0.390021 0.777276 0.389135 0.776581 0.389725 0.774149 0.387659 0.774496 0.387363 0.774844 0.387363 0.774844 0.386773 0.773801 0.385887 0.773454 0.385887 0.772759 0.386478 0.772064 0.385887 0.772064 0.385592 0.770674 0.384411 0.771369 0.38382 0.769979 0.38264 0.769284 0.38323 0.767547 0.381754 0.767547 0.381459 0.767894 0.381163 0.767894 0.380868 0.767199 0.380278 0.766852 0.380278 0.766505 0.379982 0.766505 0.379687 0.766157 0.379392 0.76581 0.379392 0.765462 0.379687 0.765115 0.379687 0.76164 0.376735 0.76164 0.376439 0.757818 0.373192 0.758165 0.372896 0.758165 0.372306 0.754691 0.369353 0.754691 0.369058 0.751564 0.366401 0.750869 0.366401 0.750521 0.366106 0.750869 0.36581 0.749131 0.364334 0.748784 0.364334 0.748436 0.364629 0.748089 0.364334 0.748089 0.364039 0.748436 0.363744 0.747741 0.363153 0.747394 0.363153 0.747047 0.362858 0.747047 0.362563 0.745657 0.361382 0.745309 0.361382 0.744962 0.361087 0.744614 0.361087 0.743919 0.360496 0.743919 0.360201 0.743572 0.359906 0.743572 0.359315 0.74114 0.357248 0.740792 0.357544 0.740445 0.357544 0.740097 0.357248 0.740097 0.356953 0.740445 0.356658 0.739402 0.355772 0.739055 0.355772 0.738707 0.355477 0.738707 0.355182 0.737665 0.354296 0.737318 0.354296 0.73697 0.354591 0.736275 0.354001 0.736623 0.353705 0.736623 0.35341 0.733495 0.350753 0.733148 0.351048 0.732106 0.350162 0.732453 0.349867 0.732453 0.349572 0.730021 0.347505 0.729673 0.347505 0.729326 0.3478 0.724809 0.343962 0.724809 0.343667 0.724114 0.343076 0.724114 0.342781 0.723419 0.342191 0.723419 0.3416 0.723072 0.341305 0.722377 0.341305 0.718902 0.338353 0.718902 0.338057 0.708478 0.3292 0.708478 0.328905 0.698749 0.320638 0.698749 0.320047 0.692842 0.315028 0.699792 0.309123 0.700139 0.309123 0.707088 0.303218 0.707088 0.302923 0.708478 0.301742 0.708478 0.301447 0.709173 0.300856 0.708826 0.300561 0.710215 0.29938 0.71091 0.29997 0.711258 0.29997 0.711605 0.299675 0.711605 0.29938 0.707088 0.295542 0.706741 0.295542 0.704656 0.29377 0.704656 0.293475 0.701181 0.290523 0.701181 0.290227 0.690757 0.28137 0.690757 0.281075 0.680681 0.272513 0.680681 0.272217 0.675817 0.268084 0.675469 0.268084 0.675122 0.268379 0.678249 0.271036 0.678249 0.271332 0.683461 0.27576 0.683113 0.276056 0.682766 0.276056 0.682418 0.27576 0.682071 0.276056 0.681723 0.27576 0.681028 0.27576 0.680681 0.276056 0.680334 0.27576 0.679986 0.27576 0.679291 0.276351 0.678944 0.276056 0.678596 0.276056 0.678249 0.276351 0.677901 0.276351 0.677554 0.276646 0.677206 0.276646 0.676859 0.276351 0.676511 0.276646 0.675469 0.276646 0.675122 0.276941 0.674774 0.276646 0.674427 0.276941 0.673732 0.276941 0.673384 0.276646 0.673037 0.276646 0.672689 0.276941 0.672342 0.276646 0.671994 0.276646 0.671647 0.276351 0.670605 0.276351 0.66991 0.27576 0.669562 0.27576 0.66852 0.274875 0.668172 0.274875 0.667825 0.27517 0.66713 0.274579 0.666782 0.274579 0.665393 0.273398 0.666782 0.272217 0.666782 0.271922 0.666088 0.271332 0.665393 0.271332 0.66435 0.272217 0.664003 0.272217 0.663655 0.271922 0.66435 0.271332 0.66435 0.271036 0.664698 0.270741 0.664698 0.270446 0.665045 0.270151 0.664698 0.269855 0.665045 0.26956 0.665045 0.269265 0.66435 0.268674 0.664003 0.268674 0.663655 0.26897 0.66296 0.268379 0.662613 0.268379 0.662265 0.268674 0.661918 0.268674 0.661571 0.268379 0.661918 0.268084 0.661223 0.267493 0.661223 0.266903 0.661918 0.266312 0.661918 0.266017 0.661223 0.265427 0.661223 0.264541 0.661571 0.264246 0.661571 0.26395 0.661223 0.263655 0.661223 0.26336 0.657748 0.260407 0.658096 0.260112 0.657054 0.259226 0.656706 0.259522 0.656359 0.259226 0.656359 0.258931 0.652189 0.255388 0.651842 0.255388 0.650452 0.254207 0.650104 0.254207 0.649757 0.254503 0.649062 0.253912 0.648714 0.253912 0.648367 0.253617 0.647325 0.253617 0.64663 0.253026 0.646282 0.253322 0.644892 0.253322 0.644545 0.253026 0.641765 0.253026 0.641418 0.252731 0.64107 0.253026 0.640723 0.253026 0.640375 0.253322 0.63968 0.253322 0.639333 0.253026 0.638985 0.253322 0.638638 0.253322 0.63829 0.253026 0.64385 0.248302 0.644197 0.248302 0.646977 0.24594 0.646977 0.245645
