0 0.215402 0.35093 0.214823 0.351477 0.214823 0.351751 0.214534 0.352024 0.215402 0.352845 0.215692 0.352845 0.216561 0.353665 0.21685 0.353665 0.21714 0.353939 0.217429 0.353939 0.217719 0.353665 0.217719 0.353392 0.218008 0.353118 0.218008 0.352845 0.217719 0.352571 0.217429 0.352571 0.216561 0.351751 0.216271 0.351751
0 0.208743 0.346554 0.208454 0.346827 0.208454 0.347101 0.208164 0.347374 0.208164 0.347648 0.209033 0.348468 0.209323 0.348468 0.210191 0.349289 0.210481 0.349289 0.21106 0.349836 0.211639 0.349836 0.211928 0.349562 0.211928 0.349289 0.212218 0.349015 0.212218 0.348742 0.211928 0.348742 0.21106 0.347921 0.21077 0.347921 0.210191 0.347374 0.209902 0.347374 0.209033 0.346554
0 0.18703 0.33151 0.18674 0.331783 0.18674 0.332057 0.18645 0.33233 0.18645 0.332877 0.18674 0.332877 0.187609 0.333698 0.187898 0.333698 0.188188 0.333972 0.188477 0.333972 0.188477 0.333698 0.189056 0.333151 0.189056 0.332877 0.188477 0.33233 0.188188 0.33233 0.187319 0.33151
0 0.184713 0.330142 0.184713 0.330416 0.184134 0.330963 0.184134 0.331236 0.184424 0.331236 0.185003 0.331783 0.185292 0.331783 0.185582 0.332057 0.185871 0.331783 0.185871 0.33151 0.18645 0.330963 0.186161 0.330963 0.185292 0.330142
0 0.18095 0.327954 0.180081 0.328775 0.180081 0.329048 0.179502 0.329595 0.179502 0.329869 0.180371 0.330689 0.18095 0.330689 0.181239 0.330416 0.181529 0.330416 0.181818 0.330689 0.182687 0.329869 0.182687 0.329595 0.183266 0.329048 0.183266 0.328775 0.182976 0.328501 0.182687 0.328501 0.182108 0.327954 0.181818 0.327954 0.181529 0.328228 0.181239 0.328228
0 0.177765 0.324945 0.177475 0.325219 0.177475 0.325492 0.176896 0.326039 0.177765 0.32686 0.178054 0.32686 0.178633 0.327407 0.179213 0.327407 0.179213 0.327133 0.179792 0.326586 0.179792 0.326313 0.179502 0.326313 0.178923 0.325766 0.178633 0.325766
0 0.170527 0.320022 0.169948 0.320569 0.169948 0.320842 0.169658 0.321116 0.170237 0.321663 0.169948 0.321937 0.169948 0.322484 0.170237 0.322484 0.171106 0.323304 0.171395 0.323304 0.171975 0.323851 0.172264 0.323851 0.172554 0.324125 0.173133 0.323578 0.173422 0.323851 0.173712 0.323851 0.174291 0.324398 0.17458 0.324398 0.175159 0.323851 0.175159 0.323578 0.175449 0.323304 0.175159 0.323304 0.17458 0.322757 0.174291 0.322757 0.174001 0.322484 0.173712 0.322757 0.173422 0.322757 0.173133 0.322484 0.173133 0.32221 0.173422 0.321937 0.173133 0.321937 0.172264 0.321116 0.171975 0.321116 0.171106 0.320295 0.170816 0.320295
0 0.165316 0.316466 0.165026 0.31674 0.165026 0.317013 0.164737 0.317287 0.164737 0.317834 0.165026 0.317834 0.165895 0.318654 0.166184 0.318654 0.167053 0.319475 0.167342 0.319475 0.168211 0.320295 0.169079 0.320295 0.169658 0.319748 0.169658 0.319475 0.169079 0.318928 0.16879 0.318928 0.167921 0.318107 0.167632 0.318107 0.167053 0.31756 0.166763 0.31756 0.165895 0.31674 0.165605 0.31674
0 0.158657 0.31209 0.158367 0.312363 0.158367 0.312637 0.158078 0.31291 0.158078 0.313184 0.158367 0.313457 0.158657 0.313457 0.159525 0.314278 0.159815 0.314278 0.160394 0.314825 0.160683 0.314825 0.161552 0.315646 0.161841 0.315646 0.16271 0.316466 0.162999 0.316466 0.163578 0.317013 0.163868 0.317013 0.164157 0.31674 0.164157 0.316466 0.164737 0.315919 0.164447 0.315919 0.163578 0.315098 0.163289 0.315098 0.16271 0.314551 0.16242 0.314551 0.161552 0.313731 0.161262 0.313731 0.160394 0.31291 0.160104 0.31291 0.159525 0.312363 0.159236 0.312363 0.158946 0.31209
0 0.151998 0.309081 0.151708 0.309354 0.151708 0.309628 0.15084 0.310449 0.15084 0.310722 0.150261 0.311269 0.150261 0.311816 0.15084 0.312363 0.151129 0.312363 0.151708 0.31291 0.151998 0.31291 0.152866 0.313731 0.153156 0.313731 0.153445 0.313457 0.153445 0.313184 0.154314 0.312363 0.154314 0.31209 0.154893 0.311543 0.154893 0.310996 0.154603 0.310722 0.154603 0.310449 0.154893 0.310175 0.154893 0.309902 0.154603 0.309628 0.154314 0.309628 0.153735 0.309081 0.153156 0.309081 0.152866 0.309354 0.152577 0.309354 0.152287 0.309081
0 0.123046 0.291028 0.122467 0.291575 0.122177 0.291302 0.121888 0.291302 0.121888 0.291575 0.121309 0.292123 0.121309 0.292396 0.12044 0.293217 0.12044 0.29349 0.119572 0.294311 0.119572 0.294584 0.118703 0.295405 0.118703 0.295678 0.118124 0.296225 0.118124 0.296499 0.117255 0.297319 0.117255 0.297593 0.116387 0.298414 0.116387 0.298687 0.115808 0.299234 0.115808 0.299508 0.114939 0.300328 0.114939 0.300602 0.114071 0.301422 0.114071 0.301696 0.113202 0.302516 0.113202 0.30279 0.112623 0.303337 0.112623 0.303611 0.111754 0.304431 0.111754 0.304705 0.110886 0.305525 0.110886 0.305799 0.110017 0.306619 0.110017 0.306893 0.109438 0.30744 0.109438 0.307713 0.10857 0.308534 0.10857 0.308807 0.107701 0.309628 0.107701 0.309902 0.107122 0.310449 0.107122 0.310722 0.106254 0.311543 0.106254 0.311816 0.105385 0.312637 0.105385 0.31291 0.104517 0.313731 0.104517 0.314004 0.103937 0.314551 0.103937 0.314825 0.103069 0.315646 0.103069 0.315919 0.1022 0.31674 0.1022 0.317013 0.101621 0.31756 0.101621 0.317834 0.100753 0.318654 0.100753 0.318928 0.099884 0.319748 0.099884 0.320022 0.099016 0.320842 0.099016 0.321116 0.098437 0.321663 0.098437 0.321937 0.097568 0.322757 0.097568 0.323031 0.096699 0.323851 0.096699 0.324125 0.095831 0.324945 0.095831 0.325219 0.095252 0.325766 0.095252 0.326039 0.094383 0.32686 0.094383 0.327133 0.093515 0.327954 0.093515 0.328228 0.092936 0.328775 0.092936 0.329048 0.092067 0.329869 0.092067 0.330142 0.091199 0.330963 0.091199 0.331236 0.09033 0.332057 0.09033 0.33233 0.089751 0.332877 0.089751 0.333151 0.088882 0.333972 0.088882 0.334245 0.088014 0.335066 0.088014 0.335339 0.087145 0.33616 0.087145 0.336433 0.086566 0.33698 0.086566 0.337254 0.085698 0.338074 0.085698 0.338348 0.084829 0.339168 0.084829 0.339442 0.08425 0.339989 0.08425 0.340263 0.083382 0.341083 0.083382 0.341357 0.082513 0.342177 0.082513 0.342451 0.081644 0.343271 0.081644 0.343545 0.081065 0.344092 0.081065 0.344365 0.080197 0.345186 0.080197 0.34546 0.079328 0.34628 0.079328 0.346554 0.078749 0.347101 0.078749 0.347374 0.077881 0.348195 0.077881 0.348468 0.077012 0.349289 0.077012 0.349562 0.076144 0.350383 0.076144 0.350656 0.075565 0.351204 0.075565 0.351477 0.074696 0.352298 0.074696 0.352571 0.073827 0.353392 0.073827 0.353665 0.072959 0.354486 0.072959 0.355033 0.073248 0.355306 0.072669 0.355853 0.072669 0.356127 0.07238 0.3564 0.07238 0.356674 0.072669 0.356947 0.072669 0.357495 0.07238 0.357768 0.072669 0.357768 0.073538 0.358589 0.073827 0.358589 0.074406 0.359136 0.074696 0.359136 0.074696 0.358862 0.074986 0.358589 0.075275 0.358589 0.075565 0.358862 0.075854 0.358862 0.076433 0.358315 0.076433 0.358042 0.077012 0.357495 0.077012 0.357221 0.077302 0.356947 0.077881 0.357495 0.07817 0.357495 0.079039 0.358315 0.079328 0.358315 0.079907 0.358862 0.079907 0.359136 0.079618 0.359409 0.079618 0.359683 0.078749 0.360503 0.078749 0.360777 0.07846 0.36105 0.07846 0.361324 0.07817 0.361597 0.078749 0.362144 0.079039 0.362144 0.079907 0.362965 0.080197 0.362965 0.080776 0.363512 0.081355 0.363512 0.081355 0.363239 0.081644 0.362965 0.082224 0.363512 0.082513 0.363512 0.082803 0.363786 0.082803 0.364333 0.082513 0.364606 0.083092 0.365153 0.082803 0.365427 0.082803 0.365974 0.083092 0.365974 0.083382 0.366247 0.083092 0.366521 0.083092 0.367068 0.083382 0.367341 0.083382 0.367615 0.083092 0.367888 0.083092 0.368435 0.083382 0.368709 0.083671 0.368709 0.08454 0.36953 0.084829 0.36953 0.085119 0.369803 0.085119 0.370077 0.084829 0.37035 0.084829 0.370624 0.085408 0.371171 0.085698 0.371171 0.086277 0.371718 0.086566 0.371718 0.086856 0.371991 0.086277 0.372538 0.086277 0.372812 0.085987 0.373085 0.085987 0.373359 0.086277 0.373632 0.086277 0.374179 0.085698 0.374726 0.085698 0.375274 0.085987 0.375547 0.085987 0.375821 0.085698 0.376094 0.085698 0.376368 0.084829 0.377188 0.084829 0.377462 0.08425 0.378009 0.08425 0.378282 0.084829 0.378829 0.08425 0.379376 0.08425 0.37965 0.083382 0.38047 0.083382 0.380744 0.082513 0.381565 0.082513 0.381838 0.081644 0.382659 0.081644 0.382932 0.081065 0.383479 0.081644 0.384026 0.081644 0.3843 0.081355 0.384573 0.081355 0.384847 0.081934 0.385394 0.081355 0.385941 0.081355 0.386214 0.081065 0.386488 0.081065 0.386761 0.081355 0.387035 0.081644 0.387035 0.082513 0.387856 0.082224 0.388129 0.082803 0.388676 0.083092 0.388676 0.083961 0.389497 0.08425 0.389497 0.085119 0.390317 0.085408 0.390317 0.085987 0.390864 0.086277 0.390864 0.087145 0.391685 0.087435 0.391685 0.088303 0.392505 0.088593 0.392505 0.089172 0.393053 0.089461 0.393053 0.09033 0.393873 0.09062 0.393873 0.091488 0.394694 0.091778 0.394694 0.092646 0.395514 0.092936 0.395514 0.093515 0.396061 0.093804 0.396061 0.094673 0.396882 0.094962 0.396882 0.095831 0.397702 0.09612 0.397702 0.096699 0.398249 0.096989 0.398249 0.097858 0.39907 0.098147 0.39907 0.098437 0.398796 0.098726 0.398796 0.099595 0.399617 0.099884 0.399617 0.100463 0.400164 0.101042 0.399617 0.101332 0.399617 0.101911 0.400164 0.1022 0.400164 0.103069 0.400985 0.103358 0.400985 0.104227 0.401805 0.104806 0.401805 0.105096 0.401532 0.105385 0.401532 0.105964 0.402079 0.105675 0.402352 0.105675 0.402626 0.106254 0.403173 0.106543 0.403173 0.107412 0.403993 0.107412 0.404267 0.107122 0.40454 0.107122 0.404814 0.107412 0.404814 0.107701 0.405088 0.107701 0.405361 0.107412 0.405635 0.107701 0.405908 0.107991 0.405908 0.10857 0.406455 0.108859 0.406455 0.109149 0.406182 0.109438 0.406182 0.110307 0.407002 0.110596 0.407002 0.111465 0.407823 0.111754 0.407823 0.112044 0.408096 0.112334 0.408096 0.112623 0.407823 0.113202 0.407823 0.113781 0.40837 0.114071 0.40837 0.114939 0.40919 0.115229 0.40919 0.116097 0.410011 0.116387 0.410011 0.116966 0.410558 0.117255 0.410558 0.118124 0.411379 0.118413 0.411379 0.118992 0.411926 0.119572 0.411379 0.119861 0.411379 0.12073 0.412199 0.121019 0.412199 0.121598 0.412746 0.121888 0.412746 0.122467 0.413293 0.122467 0.413567 0.122177 0.41384 0.122177 0.414114 0.122467 0.414387 0.122756 0.414387 0.123335 0.414934 0.123335 0.415208 0.123046 0.415481 0.123046 0.415755 0.123625 0.416302 0.123335 0.416575 0.123914 0.417123 0.124204 0.417123 0.124783 0.41767 0.125072 0.41767 0.125941 0.41849 0.12652 0.41849 0.126809 0.418217 0.126809 0.41767 0.127099 0.417396 0.127678 0.417943 0.127968 0.417943 0.128547 0.417396 0.129126 0.417943 0.129415 0.417943 0.130284 0.418764 0.130573 0.418764 0.131442 0.419584 0.131731 0.419584 0.1326 0.420405 0.132889 0.420405 0.133468 0.420952 0.133758 0.420952 0.134627 0.421772 0.134916 0.421772 0.135785 0.422593 0.136074 0.422593 0.136943 0.423414 0.137232 0.423414 0.137811 0.423961 0.137232 0.424508 0.137522 0.424781 0.137811 0.424781 0.13868 0.425602 0.138969 0.425602 0.139838 0.426422 0.140127 0.426422 0.140706 0.426969 0.140996 0.426969 0.141865 0.42779 0.142154 0.42779 0.142733 0.428337 0.143312 0.428337 0.143602 0.428063 0.143891 0.428063 0.14447 0.428611 0.14476 0.428611 0.145339 0.429158 0.145628 0.429158 0.146207 0.429705 0.146497 0.429705 0.147076 0.429158 0.147944 0.429978 0.148234 0.429978 0.149102 0.430799 0.149392 0.430799 0.149971 0.431346 0.150261 0.431346 0.15055 0.431619 0.15055 0.431893 0.150261 0.432166 0.150261 0.43244 0.15084 0.432987 0.151129 0.432987 0.151998 0.433807 0.152287 0.433807 0.152866 0.434354 0.153156 0.434354 0.154024 0.435175 0.154314 0.435175 0.155182 0.435996 0.155472 0.435996 0.155761 0.436269 0.155472 0.436543 0.155472 0.43709 0.156051 0.437637 0.15634 0.437637 0.15692 0.438184 0.157209 0.438184 0.157499 0.438457 0.157788 0.438457 0.157788 0.438184 0.158078 0.43791 0.158367 0.438184 0.158657 0.438184 0.159525 0.439004 0.159815 0.439004 0.160394 0.439551 0.160683 0.439551 0.161552 0.440372 0.161841 0.440372 0.16271 0.441193 0.162999 0.441193 0.163868 0.442013 0.164157 0.442013 0.164737 0.44256 0.165026 0.44256 0.165895 0.443381 0.166184 0.443381 0.167053 0.444201 0.167342 0.444201 0.168211 0.445022 0.1685 0.445022 0.169079 0.445569 0.169369 0.445569 0.170237 0.446389 0.169948 0.446663 0.169948 0.44721 0.170237 0.44721 0.171106 0.448031 0.171395 0.448031 0.171975 0.448578 0.172264 0.448578 0.173133 0.449398 0.173422 0.449398 0.174001 0.449945 0.174291 0.449945 0.17487 0.449398 0.175449 0.449945 0.175449 0.449672 0.175738 0.449398 0.176317 0.449398 0.176896 0.449945 0.177186 0.449945 0.178054 0.450766 0.178344 0.450766 0.179213 0.451586 0.179502 0.451586 0.180371 0.452407 0.18066 0.452407 0.181239 0.452954 0.181529 0.452954 0.181818 0.453228 0.181239 0.453775 0.182108 0.454595 0.182397 0.454595 0.182687 0.454869 0.182108 0.455416 0.182976 0.456236 0.183266 0.456236 0.183845 0.456783 0.184424 0.456783 0.184713 0.45651 0.185003 0.45651 0.185292 0.456783 0.185582 0.456783 0.186161 0.45733 0.18674 0.456783 0.18703 0.456783 0.187898 0.457604 0.188188 0.457604 0.188767 0.458151 0.189056 0.458151 0.189925 0.458972 0.190214 0.458972 0.191083 0.459792 0.191372 0.459792 0.192241 0.460613 0.19253 0.460613 0.193109 0.46116 0.193688 0.460613 0.193978 0.460613 0.194557 0.46116 0.194268 0.461433 0.194268 0.46198 0.194557 0.46198 0.195426 0.462801 0.195715 0.462801 0.196294 0.463348 0.196584 0.463348 0.197452 0.464168 0.197452 0.464442 0.197163 0.464716 0.197163 0.464989 0.197452 0.464989 0.197742 0.465263 0.197742 0.465536 0.197452 0.46581 0.197452 0.466083 0.198031 0.46663 0.197452 0.467177 0.197742 0.467451 0.198031 0.467451 0.19861 0.467998 0.1989 0.467998 0.199768 0.468818 0.200058 0.468818 0.200926 0.469639 0.201216 0.469639 0.201795 0.470186 0.202085 0.470186 0.202664 0.469639 0.203243 0.470186 0.203532 0.470186 0.204401 0.471007 0.20469 0.471007 0.205559 0.471827 0.205848 0.471827 0.206717 0.472648 0.207006 0.472648 0.207585 0.473195 0.207875 0.473195 0.208743 0.474015 0.209033 0.474015 0.209902 0.474836 0.210191 0.474836 0.21077 0.475383 0.21106 0.475383 0.211928 0.476204 0.212218 0.476204 0.213086 0.477024 0.213665 0.476477 0.213955 0.476477 0.214534 0.477024 0.214823 0.477024 0.215402 0.477571 0.215692 0.477571 0.216561 0.478392 0.21685 0.478392 0.218008 0.479486 0.218008 0.479759 0.217719 0.480033 0.218298 0.48058 0.218587 0.48058 0.219456 0.4814 0.220035 0.4814 0.220035 0.481127 0.220903 0.480306 0.221193 0.48058 0.221482 0.48058 0.222351 0.4814 0.22264 0.4814 0.223219 0.481947 0.223509 0.481947 0.224378 0.482768 0.224667 0.482768 0.225246 0.483315 0.224667 0.483862 0.225246 0.484409 0.225536 0.484409 0.226404 0.48523 0.226694 0.48523 0.227273 0.485777 0.227562 0.485777 0.228431 0.486597 0.22872 0.486597 0.229589 0.487418 0.229878 0.487418 0.230457 0.487965 0.230747 0.487965 0.231616 0.488786 0.231905 0.488786 0.232774 0.489606 0.233063 0.489606 0.233353 0.48988 0.233063 0.490153 0.233063 0.4907 0.233642 0.491247 0.233932 0.491247 0.234511 0.491794 0.2348 0.491794 0.235669 0.492615 0.23509 0.493162 0.235379 0.493435 0.235669 0.493435 0.236537 0.494256 0.236827 0.494256 0.237116 0.49453 0.237695 0.49453 0.237985 0.494256 0.238274 0.494256 0.238854 0.494803 0.239143 0.494803 0.240012 0.495624 0.240301 0.495624 0.24117 0.496444 0.241459 0.496444 0.242038 0.496991 0.242328 0.496991 0.242907 0.497538 0.243486 0.496991 0.243775 0.496991 0.244644 0.497812 0.244933 0.497812 0.245802 0.498632 0.246091 0.498632 0.246671 0.499179 0.24696 0.499179 0.247829 0.5 0.248118 0.5 0.248987 0.500821 0.249276 0.500821 0.249855 0.501368 0.250434 0.500821 0.250724 0.500821 0.251303 0.501368 0.251592 0.501368 0.252461 0.502188 0.25304 0.501641 0.253329 0.501641 0.253909 0.502188 0.254198 0.502188 0.255067 0.503009 0.255356 0.503009 0.255935 0.503556 0.256225 0.503556 0.257093 0.504376 0.257383 0.504376 0.258251 0.505197 0.258541 0.505197 0.25912 0.505744 0.259409 0.505744 0.259699 0.506018 0.25912 0.506565 0.259988 0.507385 0.260278 0.507385 0.261146 0.508206 0.261436 0.508206 0.262305 0.509026 0.262594 0.509026 0.263173 0.509573 0.263463 0.509573 0.264331 0.510394 0.264621 0.510394 0.265489 0.511214 0.265779 0.511214 0.266358 0.511761 0.266647 0.511761 0.267516 0.512582 0.267805 0.512582 0.268674 0.513403 0.268964 0.513403 0.269832 0.514223 0.270122 0.514223 0.270701 0.51477 0.27099 0.51477 0.271859 0.515591 0.272148 0.515591 0.273017 0.516411 0.273306 0.516411 0.273885 0.516958 0.274464 0.516958 0.274754 0.516685 0.275043 0.516685 0.275333 0.516958 0.275622 0.516958 0.276491 0.517779 0.276781 0.517779 0.277649 0.5186 0.277939 0.5186 0.278518 0.519147 0.278807 0.519147 0.279676 0.519967 0.279965 0.519967 0.280834 0.520788 0.281123 0.520788 0.281992 0.521608 0.282281 0.521608 0.28286 0.522155 0.28315 0.522155 0.284019 0.522976 0.284308 0.522976 0.285177 0.523796 0.285466 0.523796 0.286335 0.524617 0.286335 0.524891 0.286045 0.525164 0.286914 0.525985 0.287203 0.525985 0.287782 0.526532 0.288361 0.526532 0.288361 0.526258 0.288651 0.525985 0.289519 0.526805 0.289809 0.526805 0.290388 0.527352 0.291257 0.527352 0.291546 0.527079 0.292125 0.527626 0.291257 0.528446 0.291257 0.528993 0.291546 0.528993 0.292125 0.52954 0.292704 0.52954 0.292994 0.529267 0.293283 0.529267 0.293862 0.529814 0.294152 0.529814 0.294731 0.530361 0.29502 0.530361 0.295599 0.530908 0.295599 0.531455 0.29531 0.531729 0.295599 0.532002 0.295889 0.532002 0.296757 0.532823 0.296468 0.533096 0.296468 0.533643 0.296757 0.533643 0.297336 0.53419 0.297626 0.53419 0.298494 0.535011 0.298784 0.535011 0.299074 0.535284 0.299363 0.535284 0.299942 0.534737 0.299942 0.534464 0.300232 0.53419 0.300521 0.53419 0.30139 0.535011 0.301679 0.535011 0.302258 0.535558 0.302548 0.535558 0.302548 0.535284 0.302837 0.535011 0.303127 0.535011 0.303706 0.535558 0.303995 0.535558 0.304285 0.535832 0.303995 0.536105 0.303995 0.536652 0.304574 0.537199 0.304864 0.537199 0.305732 0.53802 0.306022 0.53802 0.306601 0.538567 0.306601 0.53884 0.306312 0.539114 0.306312 0.539387 0.306601 0.539387 0.30747 0.540208 0.30747 0.540755 0.30718 0.541028 0.30747 0.541028 0.308338 0.541849 0.308628 0.541849 0.309207 0.541302 0.309496 0.541575 0.309786 0.541575 0.310365 0.542123 0.310365 0.542396 0.310075 0.54267 0.310075 0.542943 0.310365 0.543217 0.310654 0.543217 0.311523 0.544037 0.311812 0.544037 0.312391 0.544584 0.312681 0.544584 0.31297 0.544858 0.31326 0.544858 0.31326 0.544584 0.31355 0.544311 0.313839 0.544584 0.314129 0.544584 0.314997 0.545405 0.315287 0.545405 0.316155 0.546225 0.316445 0.546225 0.317024 0.545678 0.317313 0.545952 0.317603 0.545952 0.318182 0.545405 0.318761 0.545952 0.31934 0.545405 0.319629 0.545405 0.319919 0.545678 0.319919 0.545952 0.319629 0.546225 0.319629 0.546499 0.319919 0.546772 0.320208 0.546772 0.321077 0.547593 0.321367 0.547593 0.321946 0.54814 0.322235 0.54814 0.323104 0.548961 0.323393 0.548961 0.324262 0.549781 0.324551 0.549781 0.32542 0.550602 0.325709 0.550602 0.326288 0.551149 0.326578 0.551149 0.327157 0.551696 0.327736 0.551696 0.327736 0.551422 0.328025 0.551149 0.328894 0.551969 0.328025 0.55279 0.328025 0.553337 0.328315 0.553611 0.328605 0.553611 0.329184 0.554158 0.329473 0.554158 0.330342 0.554978 0.330631 0.554978 0.3315 0.555799 0.331789 0.555799 0.332658 0.556619 0.332947 0.556619 0.333526 0.557166 0.333816 0.557166 0.334105 0.55744 0.334395 0.55744 0.334395 0.557166 0.334684 0.556893 0.334974 0.557166 0.335263 0.557166 0.336132 0.557987 0.336422 0.557987 0.336711 0.55826 0.33729 0.55826 0.33758 0.557987 0.337869 0.557987 0.338448 0.558534 0.338738 0.558534 0.339606 0.559354 0.339896 0.559354 0.340185 0.559628 0.340185 0.559902 0.339896 0.560175 0.339896 0.560449 0.339317 0.560996 0.340185 0.561816 0.340475 0.561816 0.341054 0.562363 0.341343 0.562363 0.342212 0.563184 0.342501 0.563184 0.34337 0.564004 0.34366 0.564004 0.344528 0.564825 0.344818 0.564825 0.345397 0.565372 0.345686 0.565372 0.346265 0.565919 0.346844 0.565919 0.346844 0.565646 0.347134 0.565372 0.348002 0.566193 0.348292 0.566193 0.34916 0.567013 0.34945 0.567013 0.350029 0.56756 0.350318 0.56756 0.351187 0.568381 0.351477 0.568381 0.352056 0.567834 0.352635 0.568381 0.352924 0.568381 0.353503 0.568928 0.353793 0.568928 0.354661 0.569748 0.354951 0.569748 0.355819 0.570569 0.356109 0.570569 0.356977 0.571389 0.357267 0.571389 0.357846 0.571937 0.358135 0.571937 0.359004 0.572757 0.359294 0.572757 0.360162 0.573578 0.360452 0.573578 0.36132 0.574398 0.36161 0.574398 0.362189 0.574945 0.362478 0.574945 0.363347 0.575766 0.363636 0.575766 0.364505 0.576586 0.364794 0.576586 0.365373 0.577133 0.365663 0.577133 0.366532 0.577954 0.366821 0.577954 0.36769 0.578775 0.367979 0.578775 0.368848 0.579595 0.369137 0.579595 0.369716 0.580142 0.370006 0.580142 0.370874 0.580963 0.371164 0.580963 0.372032 0.581783 0.372032 0.582057 0.371743 0.58233 0.372611 0.583151 0.372901 0.583151 0.37377 0.583972 0.37377 0.584245 0.37348 0.584519 0.37348 0.584792 0.37377 0.584792 0.374059 0.585066 0.374059 0.585339 0.37377 0.585613 0.37377 0.585886 0.374349 0.586433 0.374638 0.586433 0.375217 0.58698 0.375507 0.58698 0.376375 0.587801 0.376665 0.587801 0.377823 0.588895 0.377533 0.589168 0.377533 0.589442 0.378112 0.589989 0.378112 0.590263 0.377823 0.590536 0.377823 0.59081 0.378112 0.591083 0.378402 0.591083 0.378981 0.59163 0.37927 0.59163 0.380428 0.592724 0.380139 0.592998 0.380139 0.593271 0.381297 0.594365 0.381008 0.594639 0.381297 0.594912 0.381587 0.594912 0.382455 0.595733 0.382745 0.595733 0.383613 0.596554 0.383903 0.596554 0.384771 0.597374 0.385061 0.597374 0.38564 0.597921 0.385929 0.597921 0.386798 0.598742 0.387087 0.598742 0.387956 0.599562 0.388246 0.599562 0.389114 0.600383 0.389404 0.600383 0.389983 0.60093 0.390272 0.60093 0.391141 0.601751 0.39143 0.601751 0.392009 0.602298 0.392299 0.602024 0.392588 0.602024 0.392878 0.602298 0.393167 0.602298 0.393746 0.602845 0.394036 0.602845 0.394904 0.603665 0.395194 0.603665 0.395773 0.603118 0.396352 0.603665 0.396931 0.603118 0.396931 0.602845 0.3978 0.602024 0.3978 0.601751 0.398668 0.60093 0.398668 0.600656 0.399247 0.600109 0.399247 0.599836 0.400116 0.599015 0.400116 0.598742 0.400984 0.597921 0.400984 0.597648 0.401563 0.597101 0.401563 0.596827 0.402432 0.596007 0.402432 0.595733 0.402721 0.59546 0.403011 0.595733 0.40359 0.595733 0.404169 0.595186 0.404169 0.594912 0.405038 0.594092 0.405038 0.593818 0.405617 0.593271 0.405617 0.592998 0.406485 0.592177 0.406485 0.591904 0.407354 0.591083 0.407354 0.59081 0.407643 0.590536 0.407933 0.590536 0.408222 0.59081 0.408512 0.59081 0.408801 0.590536 0.408801 0.590263 0.40967 0.589442 0.40967 0.589168 0.410539 0.588348 0.410539 0.588074 0.411407 0.587254 0.411407 0.58698 0.411986 0.586433 0.412276 0.586433 0.412565 0.586707 0.412855 0.586707 0.412855 0.586433 0.413723 0.585613 0.413723 0.585339 0.414592 0.584519 0.414592 0.584245 0.415171 0.583698 0.415171 0.583425 0.416039 0.582604 0.416039 0.58233 0.416908 0.58151 0.416908 0.581236 0.417776 0.580416 0.417776 0.580142 0.418356 0.579595 0.418356 0.579322 0.419224 0.578501 0.419224 0.578228 0.420093 0.577407 0.420093 0.577133 0.420672 0.576586 0.420672 0.576313 0.42154 0.575492 0.42154 0.575219 0.422409 0.574398 0.422409 0.574125 0.423277 0.573304 0.423277 0.573031 0.423856 0.572484 0.423856 0.57221 0.424725 0.571389 0.424725 0.571116 0.425594 0.570295 0.425594 0.570022 0.426462 0.569201 0.426462 0.568928 0.427041 0.568381 0.427041 0.568107 0.42762 0.56756 0.427041 0.567013 0.426752 0.567013 0.426173 0.566466 0.427331 0.565372 0.42762 0.565372 0.428489 0.566193 0.429357 0.565372 0.429357 0.565098 0.430226 0.564278 0.430226 0.564004 0.431094 0.563184 0.431094 0.56291 0.431384 0.562637 0.431963 0.563184 0.432542 0.562637 0.432831 0.562637 0.433411 0.563184 0.4337 0.563184 0.434569 0.564004 0.434858 0.564004 0.435727 0.563184 0.435727 0.56291 0.436595 0.56209 0.436595 0.561816 0.436885 0.561543 0.437174 0.561543 0.437464 0.561816 0.437753 0.561816 0.438332 0.561269 0.438332 0.560996 0.438911 0.560449 0.438911 0.560175 0.439201 0.559902 0.43978 0.559902 0.440069 0.560175 0.440649 0.559628 0.440938 0.559902 0.441228 0.559902 0.441807 0.560449 0.442096 0.560449 0.442675 0.559902 0.443544 0.560722 0.444123 0.560722 0.444123 0.560449 0.444412 0.560175 0.444702 0.560449 0.445281 0.560449 0.44557 0.560175 0.44586 0.560175 0.446149 0.560449 0.446728 0.560449 0.447018 0.560175 0.447887 0.560175 0.448755 0.559354 0.448755 0.559081 0.449913 0.557987 0.450782 0.557987 0.451071 0.557713 0.451361 0.557713 0.45194 0.55826 0.452808 0.55826 0.452808 0.557987 0.453098 0.557713 0.453387 0.557987 0.453966 0.557987 0.454256 0.557713 0.454545 0.557713 0.454835 0.557987 0.455124 0.557987 0.455704 0.55744 0.455993 0.557713 0.456283 0.557713 0.456862 0.557166 0.457441 0.557713 0.45802 0.557166 0.458309 0.557166 0.458599 0.55744 0.459178 0.556893 0.459467 0.556893 0.460046 0.55744 0.460046 0.557713 0.459757 0.557987 0.459757 0.55826 0.460046 0.558534 0.460336 0.558534 0.461204 0.559354 0.461494 0.559354 0.462362 0.560175 0.462652 0.560175 0.462942 0.560449 0.463231 0.560449 0.46381 0.559902 0.4641 0.560175 0.464389 0.560175 0.464679 0.559902 0.465258 0.559902 0.466126 0.560722 0.466416 0.560722 0.466705 0.560996 0.466995 0.560996 0.467284 0.560722 0.467863 0.560722 0.468153 0.560996 0.468732 0.560449 0.468732 0.560175 0.469311 0.559628 0.47018 0.560449 0.470469 0.560449 0.471048 0.560996 0.471627 0.560996 0.472206 0.560449 0.472496 0.560722 0.472785 0.560722 0.473654 0.561543 0.473943 0.561543 0.474522 0.56209 0.474812 0.56209 0.47568 0.56291 0.47597 0.56291 0.476838 0.563731 0.477128 0.563731 0.477707 0.564278 0.478286 0.564278 0.478286 0.564004 0.478576 0.563731 0.479155 0.564278 0.479444 0.564278 0.480313 0.565098 0.480602 0.565098 0.481471 0.565919 0.48176 0.565919 0.482339 0.566466 0.482629 0.566466 0.483208 0.567013 0.483497 0.567013 0.484076 0.566466 0.484945 0.567287 0.485235 0.567287 0.485814 0.567834 0.486393 0.567287 0.486393 0.567013 0.487261 0.566193 0.487261 0.565919 0.48784 0.565372 0.48784 0.565098 0.488709 0.564278 0.488709 0.564004 0.489577 0.563184 0.489577 0.56291 0.490156 0.562363 0.490156 0.56209 0.491025 0.561269 0.491025 0.560996 0.491893 0.560175 0.491893 0.559902 0.492762 0.559081 0.492762 0.558807 0.493341 0.55826 0.493341 0.557987 0.49421 0.557166 0.49421 0.556893 0.495078 0.556072 0.495078 0.555799 0.495657 0.555252 0.495657 0.554978 0.496526 0.554158 0.496526 0.553884 0.497394 0.553063 0.497394 0.55279 0.498263 0.551969 0.498263 0.551696 0.498842 0.551149 0.498842 0.550875 0.49971 0.550055 0.49971 0.549781 0.5 0.549508 0.49971 0.549234 0.49971 0.548961 0.5 0.548687 0.5 0.548414 0.499421 0.547867 0.499131 0.547867 0.498263 0.547046 0.497973 0.547046 0.497394 0.546499 0.497105 0.546499 0.496815 0.546225 0.496815 0.545405 0.496526 0.545405 0.495657 0.544584 0.495368 0.544584 0.494789 0.544037 0.494499 0.544037 0.493631 0.543217 0.493052 0.543217 0.493052 0.54349 0.492762 0.543764 0.492762 0.544037 0.492472 0.544311 0.491604 0.54349 0.491314 0.54349 0.490446 0.54267 0.490156 0.54267 0.489577 0.542123 0.489288 0.542123 0.488998 0.541849 0.488998 0.541575 0.489288 0.541302 0.489288 0.541028 0.488709 0.540481 0.488419 0.540481 0.487551 0.539661 0.487261 0.539661 0.486682 0.539114 0.486393 0.539114 0.485524 0.538293 0.485235 0.538293 0.484366 0.537473 0.484076 0.537473 0.483208 0.536652 0.482918 0.536652 0.482339 0.536105 0.48205 0.536105 0.481181 0.535284 0.480892 0.535284 0.480023 0.534464 0.479734 0.534464 0.478865 0.533643 0.478576 0.533643 0.477997 0.533096 0.477707 0.533096 0.476838 0.532276 0.476549 0.532276 0.47568 0.531455 0.475391 0.531455 0.474812 0.530908 0.474522 0.530908 0.473654 0.530088 0.473364 0.530088 0.472496 0.529267 0.472206 0.529267 0.471338 0.528446 0.471048 0.528446 0.470469 0.527899 0.47018 0.527899 0.469311 0.527079 0.469021 0.527079 0.468153 0.526258 0.467863 0.526258 0.466995 0.525438 0.466705 0.525438 0.466126 0.524891 0.465837 0.524891 0.464968 0.52407 0.464679 0.52407 0.46381 0.523249 0.463521 0.523249 0.462942 0.522702 0.462652 0.522702 0.461783 0.521882 0.461494 0.521882 0.460625 0.521061 0.460336 0.521061 0.459467 0.520241 0.459178 0.520241 0.458599 0.519694 0.458309 0.519694 0.457441 0.518873 0.457151 0.518873 0.456283 0.518053 0.455993 0.518053 0.455414 0.517505 0.455124 0.517505 0.454256 0.516685 0.453966 0.516685 0.453098 0.515864 0.452808 0.515864 0.45194 0.515044 0.45165 0.515044 0.451071 0.514497 0.450782 0.514497 0.449913 0.513676 0.449624 0.513676 0.448755 0.512856 0.448466 0.512856 0.447597 0.512035 0.447307 0.512035 0.446728 0.511488 0.446439 0.511488 0.44557 0.510667 0.445281 0.510667 0.444412 0.509847 0.444123 0.509847 0.443544 0.5093 0.443254 0.5093 0.442386 0.508479 0.442096 0.508479 0.441807 0.508206 0.441517 0.508206 0.441228 0.508479 0.440649 0.508479 0.43978 0.507659 0.43949 0.507659 0.438911 0.507112 0.438622 0.507112 0.437753 0.506291 0.437464 0.506291 0.436595 0.50547 0.436306 0.50547 0.435437 0.50465 0.435148 0.50465 0.434569 0.504103 0.434279 0.504103 0.433411 0.503282 0.433121 0.503282 0.432252 0.502462 0.431963 0.502462 0.431384 0.501915 0.431094 0.501915 0.430226 0.501094 0.429936 0.501094 0.429068 0.500274 0.428778 0.500274 0.42791 0.499453 0.42762 0.499453 0.427041 0.498906 0.426752 0.498906 0.425883 0.498085 0.425594 0.498085 0.424725 0.497265 0.424435 0.497265 0.423567 0.496444 0.423277 0.496444 0.422698 0.495897 0.422409 0.495897 0.42183 0.49535 0.421251 0.49535 0.421251 0.495624 0.420961 0.495897 0.420093 0.495077 0.419803 0.495077 0.419224 0.49453 0.418935 0.49453 0.418066 0.493709 0.417776 0.493709 0.416908 0.492888 0.416618 0.492888 0.41575 0.492068 0.41546 0.492068 0.415171 0.491794 0.41575 0.491247 0.415171 0.4907 0.414881 0.4907 0.414013 0.48988 0.413723 0.48988 0.413144 0.489333 0.413144 0.488786 0.413434 0.488512 0.413144 0.488239 0.412855 0.488239 0.412276 0.487691 0.411986 0.487691 0.411118 0.486871 0.411407 0.486597 0.410539 0.485777 0.410249 0.485777 0.40938 0.484956 0.409091 0.484956 0.408512 0.484409 0.408222 0.484409 0.407354 0.483589 0.407064 0.483589 0.406196 0.482768 0.405906 0.482768 0.405038 0.481947 0.404748 0.481947 0.404169 0.4814 0.40388 0.4814 0.403011 0.48058 0.402721 0.48058 0.401853 0.479759 0.401563 0.479759 0.400984 0.479212 0.400695 0.479212 0.399826 0.478392 0.399537 0.478392 0.398668 0.477571 0.398379 0.477571 0.39751 0.476751 0.397221 0.476751 0.396931 0.476477 0.396642 0.476751 0.396352 0.476751 0.396063 0.476477 0.395773 0.476477 0.395194 0.47593 0.394615 0.476477 0.394325 0.476477 0.393457 0.475656 0.393167 0.475656 0.392588 0.475109 0.392299 0.475109 0.39143 0.474289 0.391141 0.474289 0.390272 0.473468 0.389983 0.473468 0.389114 0.472648 0.388825 0.472648 0.388246 0.472101 0.388246 0.471827 0.388535 0.471554 0.388535 0.47128 0.388246 0.47128 0.387377 0.47046 0.387087 0.47046 0.386219 0.469639 0.385929 0.469639 0.38535 0.469092 0.38535 0.468545 0.384771 0.467998 0.384482 0.467998 0.383613 0.467177 0.383324 0.467177 0.382455 0.466357 0.382166 0.466357 0.381587 0.46581 0.381297 0.46581 0.380428 0.464989 0.380139 0.464989 0.37927 0.464168 0.378981 0.464168 0.378112 0.463348 0.377823 0.463348 0.377244 0.462801 0.376954 0.462801 0.376086 0.46198 0.375796 0.46198 0.374928 0.46116 0.374638 0.46116 0.37377 0.460339 0.37348 0.460339 0.372901 0.459792 0.372611 0.459792 0.371743 0.458972 0.371453 0.458972 0.370585 0.458151 0.370295 0.458151 0.369716 0.457604 0.369427 0.457604 0.368558 0.456783 0.368269 0.456783 0.3674 0.455963 0.367111 0.455963 0.366242 0.455142 0.365953 0.455142 0.365373 0.454595 0.365084 0.454595 0.364215 0.453775 0.363926 0.453775 0.363057 0.452954 0.362768 0.452954 0.362189 0.452407 0.361899 0.452407 0.361031 0.451586 0.360741 0.451586 0.359873 0.450766 0.359583 0.450766 0.358715 0.449945 0.358425 0.449945 0.357846 0.449398 0.357556 0.449398 0.356688 0.448578 0.356398 0.448578 0.35553 0.447757 0.35524 0.447757 0.354372 0.446937 0.354082 0.446937 0.353503 0.446389 0.353214 0.446389 0.352345 0.445569 0.352056 0.445569 0.351187 0.444748 0.350898 0.444748 0.350318 0.444201 0.350029 0.444201 0.34916 0.443381 0.348871 0.443381 0.348002 0.44256 0.347713 0.44256 0.346844 0.44174 0.346555 0.44174 0.345976 0.441193 0.345686 0.441193 0.344818 0.440372 0.344528 0.440372 0.34366 0.439551 0.34337 0.439551 0.342791 0.439004 0.342501 0.439004 0.341633 0.438184 0.341343 0.438184 0.340475 0.437363 0.340185 0.437363 0.339317 0.436543 0.339027 0.436543 0.338448 0.435996 0.338159 0.435996 0.33729 0.435175 0.337001 0.435175 0.336132 0.434354 0.335843 0.434354 0.334974 0.433534 0.334684 0.433534 0.334105 0.432987 0.333816 0.43326 0.333237 0.43326 0.332368 0.43244 0.332079 0.43244 0.331789 0.432166 0.331789 0.431346 0.3315 0.431346 0.330921 0.430799 0.330631 0.430799 0.329763 0.429978 0.329473 0.429978 0.328605 0.429158 0.328315 0.429158 0.327446 0.428337 0.327157 0.428337 0.326867 0.428063 0.326578 0.428337 0.326288 0.428337 0.325999 0.428063 0.325999 0.427516 0.32542 0.426969 0.32513 0.426969 0.324262 0.426149 0.323972 0.426149 0.323104 0.425328 0.322814 0.425328 0.322235 0.424781 0.321946 0.424781 0.321077 0.423961 0.320787 0.423961 0.319919 0.42314 0.319629 0.42314 0.31905 0.422593 0.318761 0.422593 0.317892 0.421772 0.317603 0.421772 0.316734 0.420952 0.316445 0.420952 0.315576 0.420131 0.315287 0.420131 0.314708 0.419584 0.314418 0.419584 0.31355 0.418764 0.31326 0.418764 0.31297 0.41849 0.312681 0.418764 0.312391 0.418764 0.311812 0.418217 0.311523 0.418217 0.311233 0.417943 0.311523 0.41767 0.311523 0.417396 0.311233 0.417396 0.310365 0.416575 0.310075 0.416575 0.309207 0.415755 0.308917 0.415755 0.308049 0.414934 0.307759 0.414934 0.30718 0.414387 0.306891 0.414387 0.306022 0.413567 0.305732 0.413567 0.304864 0.412746 0.304574 0.412746 0.303706 0.411926 0.303416 0.411926 0.302837 0.411379 0.302548 0.411379 0.301679 0.410558 0.30139 0.410558 0.300521 0.409737 0.300232 0.409737 0.299653 0.40919 0.299074 0.40919 0.298784 0.409464 0.297915 0.408643 0.297626 0.408643 0.296757 0.407823 0.296468 0.407823 0.295599 0.407002 0.29531 0.407002 0.294731 0.406455 0.294441 0.406455 0.293573 0.405635 0.293283 0.405635 0.292704 0.405088 0.292125 0.405088 0.292125 0.405361 0.291836 0.405635 0.291257 0.405088 0.290967 0.405088 0.289809 0.403993 0.290388 0.403446 0.290388 0.402899 0.289809 0.402352 0.289519 0.402352 0.288651 0.401532 0.288361 0.401532 0.287782 0.400985 0.287493 0.400985 0.286624 0.400164 0.286335 0.400164 0.285466 0.399344 0.285177 0.399344 0.284308 0.398523 0.284019 0.398523 0.283439 0.397976 0.28286 0.398523 0.28286 0.398796 0.282571 0.39907 0.282281 0.39907 0.281413 0.398249 0.281123 0.398249 0.280255 0.397429 0.279965 0.397429 0.279386 0.396882 0.279097 0.396882 0.278228 0.396061 0.277939 0.396061 0.27707 0.395241 0.276781 0.395241 0.276202 0.394694 0.276202 0.394147 0.276491 0.393873 0.276202 0.3936 0.275912 0.3936 0.275333 0.393053 0.275043 0.393053 0.274464 0.392505 0.274464 0.392232 0.274754 0.391958 0.274464 0.391958 0.273596 0.391138 0.273306 0.391138 0.273017 0.391411 0.272727 0.391411 0.272148 0.390864 0.271859 0.390864 0.27099 0.390044 0.270701 0.390044 0.270122 0.389497 0.269832 0.389497 0.269253 0.390044 0.268384 0.389223 0.268095 0.389223 0.267516 0.388676 0.267226 0.388676 0.266647 0.388129 0.266937 0.387856 0.266937 0.387582 0.267516 0.387035 0.267226 0.386761 0.266937 0.386761 0.266068 0.385941 0.265779 0.385941 0.26491 0.38512 0.264621 0.38512 0.264331 0.385394 0.264042 0.385394 0.263463 0.384847 0.263173 0.384847 0.262305 0.384026 0.262015 0.384026 0.261436 0.383479 0.261436 0.383206 0.261726 0.382932 0.261436 0.382932 0.260857 0.382385 0.260567 0.382385 0.259699 0.381565 0.259409 0.381565 0.258541 0.380744 0.258251 0.380744 0.257383 0.379923 0.257093 0.379923 0.256514 0.379376 0.256225 0.379376 0.255356 0.378556 0.255067 0.378556 0.254198 0.377735 0.253909 0.377735 0.25304 0.376915 0.25275 0.376915 0.252461 0.376641 0.252171 0.376641 0.251882 0.376915 0.251592 0.376641 0.251303 0.376641 0.250434 0.375821 0.250145 0.375821 0.248987 0.374726 0.249276 0.374453 0.248987 0.374179 0.248697 0.374179 0.247829 0.373359 0.247539 0.373359 0.246671 0.372538 0.246381 0.372538 0.245512 0.371718 0.245223 0.371718 0.244644 0.371171 0.244354 0.371171 0.243486 0.37035 0.243196 0.37035 0.242328 0.36953 0.242038 0.36953 0.241459 0.368982 0.24117 0.368982 0.240591 0.368435 0.240301 0.368709 0.240012 0.368709 0.239722 0.368435 0.239433 0.368435 0.238564 0.367615 0.238274 0.367615 0.237406 0.366794 0.237116 0.366794 0.236537 0.366247 0.236248 0.366247 0.235958 0.365974 0.236248 0.3657 0.236248 0.365427 0.235958 0.365153 0.235669 0.365153 0.2348 0.364333 0.234511 0.364333 0.233642 0.363512 0.233353 0.363512 0.232774 0.362965 0.232484 0.362965 0.231616 0.362144 0.231326 0.362144 0.230457 0.361324 0.230168 0.361324 0.229589 0.360777 0.229299 0.360777 0.228431 0.359956 0.228141 0.359956 0.227852 0.359683 0.227562 0.359683 0.227273 0.359956 0.226694 0.359409 0.226404 0.359409 0.225536 0.358589 0.225246 0.358589 0.224667 0.358042 0.224378 0.358042 0.223798 0.358589 0.223219 0.358042 0.22264 0.358589 0.222351 0.358589 0.221772 0.358042 0.221482 0.358042 0.220614 0.357221 0.220324 0.357221 0.219745 0.356674 0.219456 0.356674 0.218587 0.355853 0.218298 0.355853 0.217429 0.355033 0.21714 0.355033 0.216561 0.354486 0.216271 0.354486 0.215402 0.353665 0.215113 0.353665 0.214244 0.352845 0.213955 0.352845 0.213086 0.352024 0.212797 0.352024 0.212218 0.351477 0.211928 0.351477 0.21106 0.350656 0.21077 0.350656 0.209902 0.349836 0.209612 0.349836 0.208743 0.349015 0.208454 0.349015 0.207875 0.348468 0.207585 0.348468 0.206717 0.347648 0.206427 0.347648 0.206138 0.347374 0.206138 0.347101 0.206717 0.346554 0.206717 0.34628 0.207296 0.345733 0.207296 0.34546 0.206717 0.344912 0.206427 0.344912 0.205848 0.344365 0.205559 0.344365 0.20469 0.343545 0.204401 0.343545 0.203532 0.342724 0.203243 0.342724 0.202374 0.341904 0.202085 0.341904 0.201506 0.341357 0.201216 0.341357 0.200347 0.340536 0.200058 0.340536 0.199189 0.339716 0.1989 0.339716 0.198321 0.339168 0.198031 0.339168 0.197163 0.338348 0.196873 0.338348 0.196005 0.337527 0.195715 0.337527 0.194847 0.336707 0.194557 0.336707 0.193978 0.33616 0.193688 0.33616 0.19282 0.335339 0.19253 0.335339 0.192241 0.335066 0.191662 0.335613 0.191662 0.335886 0.190793 0.336707 0.191662 0.337527 0.191951 0.337527 0.19253 0.338074 0.19282 0.338074 0.193399 0.338621 0.193688 0.338621 0.194847 0.339716 0.194847 0.339989 0.194557 0.340263 0.194268 0.340263 0.193399 0.339442 0.193109 0.339442 0.19253 0.338895 0.191951 0.339442 0.191662 0.339442 0.191083 0.338895 0.190793 0.338895 0.189925 0.338074 0.189635 0.338074 0.188767 0.337254 0.188477 0.337254 0.187898 0.336707 0.187609 0.336707 0.18674 0.335886 0.18645 0.335886 0.185582 0.335066 0.185292 0.335066 0.184134 0.333972 0.184424 0.333698 0.184424 0.333425 0.183845 0.332877 0.183555 0.332877 0.182687 0.332057 0.182397 0.332057 0.181818 0.33151 0.181529 0.33151 0.181529 0.331783 0.181239 0.332057 0.18095 0.332057 0.180371 0.33151 0.180081 0.33151 0.179213 0.330689 0.178923 0.330689 0.178054 0.329869 0.177765 0.329869 0.176896 0.329048 0.176607 0.329048 0.176028 0.328501 0.175738 0.328501 0.175449 0.328228 0.175449 0.327954 0.175738 0.327681 0.175738 0.327407 0.175159 0.32686 0.17487 0.32686 0.174001 0.326039 0.173712 0.326039 0.173133 0.325492 0.172843 0.325492 0.171975 0.324672 0.171685 0.324672 0.170816 0.323851 0.170527 0.323851 0.169658 0.323031 0.169369 0.323031 0.16879 0.322484 0.1685 0.322484 0.167632 0.321663 0.167342 0.321663 0.166474 0.320842 0.166184 0.320842 0.165316 0.320022 0.165026 0.320022 0.164447 0.319475 0.164157 0.319475 0.163289 0.318654 0.162999 0.318654 0.162131 0.317834 0.161841 0.317834 0.161262 0.317287 0.160973 0.317287 0.160683 0.317013 0.160104 0.31756 0.159815 0.317287 0.159525 0.317287 0.158657 0.316466 0.158367 0.316466 0.157499 0.315646 0.15692 0.315646 0.15692 0.315919 0.15663 0.316193 0.15634 0.315919 0.155761 0.315919 0.155472 0.316193 0.155182 0.316193 0.154893 0.315919 0.154603 0.315919 0.154024 0.315372 0.153445 0.315919 0.153156 0.315919 0.152866 0.315646 0.152866 0.315372 0.153156 0.315098 0.153156 0.314825 0.152577 0.314278 0.152287 0.314278 0.151708 0.313731 0.151419 0.313731 0.15055 0.31291 0.150261 0.31291 0.149392 0.31209 0.149102 0.31209 0.148234 0.311269 0.147944 0.311269 0.147365 0.310722 0.147076 0.310722 0.146207 0.309902 0.145918 0.309902 0.145049 0.309081 0.14476 0.309081 0.144181 0.308534 0.143891 0.308534 0.143023 0.307713 0.142733 0.307713 0.141865 0.306893 0.141575 0.306893 0.140706 0.306072 0.140417 0.306072 0.139838 0.305525 0.139548 0.305525 0.13868 0.304705 0.13839 0.304705 0.137522 0.303884 0.137522 0.303611 0.137811 0.303337 0.138101 0.303337 0.138969 0.304158 0.139259 0.304158 0.139838 0.304705 0.140127 0.304705 0.140706 0.305252 0.141285 0.304705 0.141575 0.304705 0.142444 0.305525 0.142733 0.305525 0.142733 0.305252 0.143023 0.304978 0.143312 0.304978 0.143602 0.305252 0.143891 0.305252 0.14476 0.306072 0.144181 0.306619 0.14476 0.307166 0.14476 0.30744 0.14447 0.307713 0.145339 0.308534 0.145628 0.308534 0.146207 0.309081 0.146786 0.309081 0.146786 0.308807 0.147076 0.308534 0.147944 0.309354 0.148523 0.309354 0.148813 0.309081 0.149392 0.309081 0.149682 0.309354 0.150261 0.308807 0.150261 0.308534 0.15084 0.307987 0.15084 0.307713 0.151129 0.30744 0.15055 0.306893 0.15084 0.306619 0.15084 0.306346 0.15055 0.306346 0.149682 0.305525 0.149392 0.305525 0.148523 0.304705 0.148234 0.304705 0.147655 0.304158 0.147076 0.304158 0.146786 0.304431 0.146207 0.303884 0.146207 0.303611 0.146497 0.303337 0.146207 0.303337 0.145339 0.302516 0.14476 0.302516 0.14447 0.30279 0.144181 0.302516 0.143891 0.302516 0.143312 0.303063 0.143312 0.303337 0.143023 0.303611 0.142733 0.303611 0.142154 0.303063 0.141865 0.303063 0.141575 0.30279 0.140996 0.303337 0.140417 0.30279 0.140996 0.302243 0.140996 0.301969 0.141285 0.301696 0.141285 0.301422 0.140996 0.301422 0.140127 0.300602 0.139838 0.300602 0.139838 0.300875 0.138969 0.301696 0.13868 0.301696 0.13839 0.301422 0.138101 0.301422 0.137522 0.300875 0.137232 0.300875 0.136364 0.300055 0.136074 0.300055 0.135206 0.299234 0.134916 0.299234 0.134627 0.298961 0.134627 0.298687 0.134916 0.298414 0.134916 0.29814 0.134627 0.297867 0.134337 0.297867 0.133468 0.297046 0.133179 0.297046 0.13231 0.296225 0.132021 0.296225 0.131152 0.295405 0.130863 0.295405 0.130284 0.294858 0.129705 0.294858 0.129415 0.295131 0.129126 0.295131 0.128836 0.294858 0.128547 0.294858 0.127678 0.294037 0.127389 0.294037 0.12652 0.293217 0.12623 0.293217 0.125651 0.29267 0.125362 0.29267 0.124493 0.291849 0.124204 0.291849 0.123335 0.291028
