0 0.608741 0.49014 0.608396 0.490498 0.608052 0.490498 0.608396 0.490857 0.609085 0.490857 0.609429 0.490498 0.609085 0.49014
0 0.605988 0.49014 0.606676 0.490857 0.606676 0.491215 0.60702 0.490857 0.607364 0.491215 0.607364 0.491574 0.607708 0.491215 0.607364 0.490857 0.607364 0.490498 0.60702 0.490857 0.606676 0.490498 0.606676 0.49014
0 0.593944 0.489064 0.593599 0.489423 0.593944 0.489781 0.594288 0.489781 0.594632 0.489423 0.594288 0.489064
0 0.597729 0.486554 0.597385 0.486913 0.597041 0.486913 0.597385 0.487271 0.597729 0.487271 0.598073 0.48763 0.598417 0.487271 0.598761 0.48763 0.599105 0.487271 0.599449 0.487271 0.599105 0.486913 0.599105 0.486554 0.598761 0.486554 0.598417 0.486913 0.598073 0.486554
0 0.573297 0.441735 0.572608 0.442452 0.572264 0.442452 0.57192 0.442811 0.572264 0.44317 0.572953 0.442452 0.573297 0.442452 0.573641 0.442094
0 0.584652 0.434923 0.584308 0.435281 0.584308 0.43564 0.584652 0.435281 0.584997 0.435281
0 0.624914 0.408032 0.624226 0.408749 0.623882 0.408749 0.623538 0.409107 0.623882 0.409466 0.624226 0.409466 0.62457 0.409107 0.624914 0.409107 0.625602 0.40839 0.625602 0.408032
0 0.641432 0.397634 0.641087 0.397992 0.640743 0.397992 0.640399 0.398351 0.640399 0.398709 0.640743 0.399068 0.641432 0.398351 0.641776 0.398351 0.641776 0.397992
0 0.64969 0.390104 0.649002 0.390821 0.64969 0.390821 0.650379 0.390104
0 0.651411 0.386877 0.651411 0.387236 0.651755 0.387594 0.651755 0.388311 0.652099 0.38867 0.652099 0.387953 0.651755 0.387594 0.651755 0.386877
0 0.654164 0.38616 0.653476 0.386877 0.653131 0.386877 0.653131 0.387236 0.653476 0.387594 0.653476 0.387953 0.65382 0.387953 0.654164 0.387594 0.654164 0.387236 0.654508 0.386877 0.654164 0.386518
0 0.658981 0.383292 0.658637 0.38365 0.658637 0.384367 0.658981 0.384367 0.65967 0.38365 0.659326 0.383292
0 0.661734 0.381857 0.66139 0.382216 0.66139 0.382574 0.661734 0.382574 0.662078 0.382216 0.662078 0.381857
0 0.665864 0.37863 0.66552 0.378989 0.665175 0.378989 0.66552 0.379347 0.665175 0.379706 0.664831 0.379706 0.664487 0.380065 0.664143 0.379706 0.663455 0.379706 0.662767 0.380423 0.662767 0.381857 0.663455 0.38114 0.663799 0.38114 0.664487 0.380423 0.664831 0.380423 0.66552 0.379706 0.665864 0.379706 0.666552 0.378989 0.666208 0.37863
0 0.668273 0.376479 0.667584 0.377196 0.66724 0.377196 0.666896 0.377555 0.666896 0.377913 0.66724 0.378272 0.667928 0.377555 0.668273 0.377555 0.668617 0.377196 0.668273 0.376838
0 0.675155 0.371818 0.674811 0.372176 0.674467 0.372176 0.673778 0.372894 0.673434 0.372894 0.67309 0.373252 0.673434 0.373611 0.672402 0.374686 0.672058 0.374328 0.672058 0.373969 0.671714 0.374328 0.67137 0.374328 0.670681 0.375045 0.670337 0.375045 0.669649 0.375762 0.669993 0.37612 0.671025 0.37612 0.671714 0.375403 0.672058 0.375403 0.672746 0.374686 0.67309 0.375045 0.67309 0.375403 0.673778 0.375403 0.674123 0.375045 0.674123 0.374686 0.673434 0.373969 0.673778 0.373611 0.674123 0.373611 0.674811 0.372894 0.675155 0.373252 0.675843 0.373252 0.675843 0.372894 0.675499 0.372535 0.675499 0.372176
0 0.683414 0.36644 0.682725 0.367157 0.682381 0.367157 0.681693 0.367874 0.681349 0.367874 0.681005 0.368232 0.681005 0.368591 0.679972 0.369667 0.679628 0.369667 0.679284 0.370025 0.678596 0.370025 0.678252 0.369667 0.677908 0.370025 0.677564 0.370025 0.676875 0.370742 0.676531 0.370742 0.676187 0.371101 0.676531 0.371459 0.67722 0.371459 0.677908 0.370742 0.678252 0.370742 0.678596 0.370384 0.679284 0.370384 0.680317 0.369308 0.681005 0.369308 0.681693 0.368591 0.682381 0.368591 0.682725 0.368232 0.68307 0.368232 0.683414 0.367874 0.683414 0.367515 0.683758 0.367157 0.684102 0.367157 0.684102 0.36644
0 0.688919 0.363571 0.688231 0.364288 0.687887 0.364288 0.687543 0.364647 0.687543 0.365005 0.687199 0.365364 0.686855 0.365364 0.686167 0.366081 0.686511 0.36644 0.686855 0.36644 0.687199 0.366081 0.687199 0.365364 0.687543 0.365005 0.687887 0.365005 0.688575 0.364288 0.688919 0.364288
0 0.694081 0.359986 0.693393 0.360703 0.692361 0.360703 0.692017 0.361061 0.692017 0.36142 0.691328 0.362137 0.690984 0.362137 0.690984 0.362496 0.691328 0.362496 0.691672 0.362137 0.692017 0.362137 0.692705 0.36142 0.693049 0.36142 0.693737 0.360703 0.694081 0.360703
0 0.747419 0.321979 0.747075 0.322338 0.747419 0.322696 0.747763 0.322696 0.747763 0.322338
0 0.752925 0.309788 0.752581 0.310147 0.752237 0.310147 0.752581 0.310506 0.752581 0.310864 0.752925 0.311223 0.752925 0.31194 0.753269 0.31194 0.753957 0.312657 0.753957 0.313015 0.754646 0.313015 0.754646 0.312298 0.753957 0.311581 0.753957 0.311223 0.753613 0.311581 0.753269 0.311581 0.752925 0.311223 0.753269 0.310864 0.753269 0.310147
0 0.731934 0.280746 0.732622 0.281463 0.732622 0.281821 0.732966 0.281463 0.732622 0.281104 0.732622 0.280746
0 0.745354 0.269272 0.745699 0.269631 0.745699 0.269989 0.746043 0.270348 0.746387 0.269989 0.745699 0.269272
0 0.718513 0.257798 0.718169 0.258157 0.718169 0.258516 0.718858 0.259233 0.718858 0.259591 0.719202 0.259591 0.719546 0.259233 0.719546 0.258874 0.718858 0.258157 0.718858 0.257798
0 0.703372 0.233417 0.703028 0.233776 0.703716 0.233776 0.703716 0.233417
0 0.738472 0.198996 0.738128 0.199355 0.737784 0.199355 0.738128 0.199713 0.737784 0.200072 0.73744 0.200072 0.737096 0.20043 0.736407 0.20043 0.736063 0.200789 0.735719 0.200789 0.735031 0.201506 0.734687 0.201506 0.733999 0.202223 0.733655 0.202223 0.73331 0.202582 0.732966 0.202223 0.732278 0.20294 0.731934 0.202582 0.73159 0.20294 0.731246 0.20294 0.730557 0.203657 0.730213 0.203657 0.729525 0.204374 0.729181 0.204374 0.728493 0.205091 0.728149 0.205091 0.72746 0.205809 0.727116 0.205809 0.726428 0.206526 0.726084 0.206526 0.725396 0.207243 0.725052 0.207243 0.723331 0.209035 0.722987 0.209035 0.722987 0.209394 0.722643 0.209753 0.722643 0.210828 0.723331 0.211545 0.722987 0.211904 0.723331 0.212262 0.723331 0.212621 0.724019 0.213338 0.724019 0.214055 0.723675 0.214414 0.723331 0.214414 0.722643 0.215131 0.722299 0.215131 0.72161 0.215848 0.721266 0.215848 0.720578 0.216565 0.720234 0.216565 0.719546 0.217282 0.719202 0.217282 0.718513 0.217999 0.718169 0.217999 0.717481 0.218716 0.716449 0.218716 0.71576 0.219433 0.715416 0.219433 0.714728 0.220151 0.714384 0.220151 0.713696 0.220868 0.713352 0.220868 0.712663 0.221585 0.712319 0.221585 0.711631 0.222302 0.711287 0.222302 0.710943 0.22266 0.710943 0.223019 0.710599 0.223378 0.710255 0.223378 0.709566 0.224095 0.709566 0.224453 0.708878 0.22517 0.708878 0.226246 0.709222 0.226605 0.709222 0.228039 0.709566 0.228397 0.709566 0.229114 0.709911 0.229473 0.709911 0.229831 0.710599 0.230549 0.710599 0.230907 0.711287 0.231624 0.711287 0.231983 0.711975 0.2327 0.711631 0.233058 0.711975 0.233417 0.711975 0.233776 0.712663 0.234493 0.712663 0.234851 0.713352 0.235568 0.713008 0.235927 0.713696 0.236644 0.713696 0.237003 0.714384 0.23772 0.714384 0.238078 0.714728 0.238437 0.714384 0.238795 0.715072 0.239512 0.715072 0.239871 0.71576 0.240588 0.71576 0.240947 0.716449 0.241664 0.716449 0.242022 0.717137 0.242739 0.717137 0.243098 0.717825 0.243815 0.717825 0.244174 0.718513 0.244891 0.718513 0.245249 0.719202 0.245966 0.719202 0.246325 0.71989 0.247042 0.71989 0.248118 0.720578 0.248835 0.720578 0.249193 0.721266 0.24991 0.721266 0.250269 0.721955 0.250986 0.72161 0.251345 0.721955 0.251703 0.721955 0.252062 0.722643 0.252779 0.722643 0.253137 0.723331 0.253854 0.723331 0.25493 0.724019 0.255647 0.724019 0.256006 0.724708 0.256723 0.724708 0.257081 0.725396 0.257798 0.725396 0.258157 0.726084 0.258874 0.726084 0.259233 0.726772 0.25995 0.726772 0.261025 0.72746 0.261743 0.72746 0.262101 0.728149 0.262818 0.728149 0.263177 0.728837 0.263894 0.728837 0.264252 0.729525 0.26497 0.729525 0.265328 0.730213 0.266045 0.729869 0.266404 0.730213 0.266762 0.729869 0.267121 0.730557 0.267838 0.730557 0.268914 0.730902 0.269272 0.730902 0.269989 0.731246 0.270348 0.731246 0.270706 0.73159 0.271065 0.73159 0.271782 0.732278 0.272499 0.732278 0.272858 0.732966 0.273575 0.732966 0.273933 0.733655 0.27465 0.733655 0.275009 0.734343 0.275726 0.734343 0.276085 0.735031 0.276802 0.735031 0.27716 0.735375 0.277519 0.735375 0.277877 0.736063 0.278594 0.736063 0.278953 0.736752 0.27967 0.736752 0.280029 0.73744 0.280746 0.737096 0.281104 0.737784 0.281821 0.737784 0.28218 0.738472 0.282897 0.738472 0.283256 0.73916 0.283973 0.73916 0.284331 0.739504 0.28469 0.739504 0.285048 0.740193 0.285766 0.740193 0.286124 0.740537 0.286483 0.740537 0.2872 0.741225 0.287917 0.741225 0.288275 0.741913 0.288992 0.741913 0.289351 0.742602 0.290068 0.742602 0.290427 0.74329 0.291144 0.74329 0.291502 0.743634 0.291861 0.743634 0.292219 0.744322 0.292937 0.744666 0.292937 0.74501 0.293295 0.744666 0.293654 0.74501 0.294012 0.74501 0.294371 0.745354 0.294729 0.745354 0.295446 0.746043 0.296163 0.746043 0.296522 0.746731 0.297239 0.746731 0.297598 0.747419 0.298315 0.747419 0.298673 0.747763 0.299032 0.747763 0.29939 0.748451 0.300108 0.748451 0.300466 0.74914 0.301183 0.74914 0.301542 0.749828 0.302259 0.749828 0.302617 0.750516 0.303335 0.750516 0.303693 0.751204 0.30441 0.751204 0.304769 0.751549 0.304769 0.751893 0.305127 0.752237 0.305127 0.752581 0.305486 0.752925 0.305486 0.753613 0.306203 0.753613 0.306561 0.754301 0.307279 0.754301 0.307637 0.75499 0.308354 0.75499 0.308713 0.755678 0.30943 0.755334 0.309788 0.755678 0.310147 0.755678 0.310506 0.756366 0.311223 0.756366 0.311581 0.757054 0.312298 0.757054 0.313374 0.757743 0.314091 0.757743 0.314808 0.758087 0.315167 0.758087 0.315525 0.758431 0.315884 0.758087 0.316242 0.758087 0.317318 0.757743 0.317677 0.757743 0.318035 0.757398 0.318394 0.757398 0.318752 0.757054 0.319111 0.75671 0.319111 0.756366 0.319469 0.756366 0.319828 0.756022 0.320186 0.755678 0.320186 0.75499 0.320904 0.75499 0.321621 0.754646 0.321979 0.754301 0.321979 0.753957 0.322338 0.753613 0.321979 0.753269 0.321979 0.752925 0.322338 0.752581 0.322338 0.752925 0.322696 0.752581 0.323055 0.751893 0.323055 0.751549 0.322696 0.751204 0.323055 0.75086 0.323055 0.75086 0.323413 0.750516 0.323772 0.750516 0.324489 0.749484 0.325565 0.74914 0.325565 0.748796 0.325206 0.748796 0.324489 0.748451 0.324489 0.748107 0.324848 0.747763 0.324848 0.747419 0.325206 0.747075 0.325206 0.746731 0.325565 0.746731 0.325923 0.746387 0.326282 0.747075 0.326999 0.746387 0.327716 0.746043 0.327716 0.745354 0.328433 0.74501 0.328433 0.744322 0.32915 0.743634 0.328433 0.74329 0.328792 0.742946 0.328433 0.742602 0.328433 0.742257 0.328075 0.742946 0.327357 0.742946 0.326999 0.742602 0.32664 0.741913 0.327357 0.741569 0.327357 0.740881 0.328075 0.740537 0.328075 0.739849 0.328792 0.739504 0.328792 0.738816 0.329509 0.738472 0.329509 0.737784 0.330226 0.736752 0.330226 0.736407 0.330584 0.736407 0.330943 0.736063 0.331302 0.735719 0.331302 0.735031 0.332019 0.734687 0.332019 0.733999 0.332736 0.733655 0.332736 0.732966 0.333453 0.732278 0.333453 0.731934 0.333811 0.73159 0.333811 0.73159 0.33417 0.730902 0.334887 0.730557 0.334887 0.729869 0.335604 0.729525 0.335604 0.728837 0.336321 0.728493 0.336321 0.727805 0.337038 0.72746 0.337038 0.726772 0.337755 0.726428 0.337755 0.72574 0.338473 0.725396 0.338473 0.724708 0.33919 0.724363 0.33919 0.723675 0.339907 0.723331 0.339907 0.72161 0.3417 0.721266 0.3417 0.720578 0.342417 0.720234 0.342417 0.719546 0.343134 0.719202 0.343134 0.718513 0.343851 0.718169 0.343851 0.717481 0.344568 0.717137 0.344568 0.716449 0.345285 0.716105 0.345285 0.715416 0.346002 0.715072 0.346002 0.714728 0.346361 0.714384 0.346002 0.713696 0.346719 0.713352 0.346719 0.712663 0.347436 0.712319 0.347078 0.711631 0.347078 0.711287 0.347436 0.711287 0.348153 0.710599 0.348871 0.710255 0.348871 0.709911 0.349229 0.709566 0.348871 0.709566 0.348512 0.708878 0.348512 0.70819 0.349229 0.707846 0.349229 0.707502 0.349588 0.707502 0.350663 0.706813 0.35138 0.706125 0.350663 0.705781 0.350663 0.705093 0.35138 0.704749 0.35138 0.704405 0.351739 0.704749 0.352098 0.704749 0.353173 0.704405 0.353532 0.704061 0.353532 0.703716 0.35389 0.703372 0.353532 0.703372 0.353173 0.702684 0.35389 0.70234 0.353532 0.701652 0.353532 0.701308 0.35389 0.701652 0.354249 0.701652 0.354607 0.700619 0.355683 0.699931 0.355683 0.698555 0.357117 0.698211 0.357117 0.697522 0.357834 0.697178 0.357834 0.69649 0.358551 0.69649 0.35891 0.697178 0.359627 0.69649 0.360344 0.696146 0.360344 0.696146 0.360703 0.695802 0.361061 0.695802 0.36142 0.695458 0.361778 0.695458 0.362854 0.695114 0.363213 0.694769 0.362854 0.694769 0.362496 0.694425 0.362496 0.694081 0.362854 0.693049 0.362854 0.692361 0.363571 0.692017 0.363571 0.691328 0.364288 0.690984 0.364288 0.690984 0.364647 0.69064 0.365005 0.689264 0.365005 0.688919 0.365364 0.688919 0.365722 0.688231 0.36644 0.687887 0.36644 0.687199 0.367157 0.686855 0.367157 0.686855 0.367515 0.686167 0.368232 0.685822 0.368232 0.685134 0.368949 0.68479 0.368949 0.684102 0.369667 0.683758 0.369667 0.68307 0.370384 0.682725 0.370384 0.682037 0.371101 0.681693 0.371101 0.681005 0.371818 0.680661 0.371459 0.680317 0.371818 0.679972 0.371818 0.679284 0.372535 0.67894 0.372176 0.678596 0.372535 0.678252 0.372535 0.677908 0.372894 0.677908 0.373252 0.67722 0.373969 0.676875 0.373969 0.676187 0.374686 0.675843 0.374686 0.675155 0.375403 0.674811 0.375403 0.674123 0.37612 0.67309 0.37612 0.672402 0.376838 0.67137 0.376838 0.670681 0.377555 0.670337 0.377555 0.669649 0.378272 0.669305 0.378272 0.668961 0.37863 0.668961 0.379347 0.669305 0.379706 0.668961 0.380065 0.668617 0.380065 0.667928 0.380782 0.667584 0.380782 0.666896 0.381499 0.666552 0.381499 0.666208 0.381857 0.665864 0.381499 0.665175 0.382216 0.664831 0.381857 0.664487 0.382216 0.664487 0.382933 0.663799 0.38365 0.663455 0.38365 0.662767 0.384367 0.662423 0.384367 0.661734 0.385084 0.66139 0.385084 0.661046 0.385443 0.660358 0.385443 0.660014 0.385801 0.65967 0.385801 0.658981 0.386518 0.658637 0.386518 0.657949 0.387236 0.657605 0.387236 0.656917 0.387953 0.656573 0.387953 0.655884 0.38867 0.65554 0.38867 0.654852 0.389387 0.654508 0.389387 0.65382 0.390104 0.653476 0.390104 0.651755 0.391897 0.651411 0.391897 0.650723 0.392614 0.650379 0.392614 0.64969 0.393331 0.64969 0.394048 0.649346 0.394407 0.649002 0.394407 0.649346 0.394765 0.649002 0.395124 0.648658 0.395124 0.648658 0.395482 0.649002 0.395841 0.649002 0.396199 0.648658 0.396558 0.648314 0.396558 0.647626 0.397275 0.647281 0.397275 0.646593 0.397992 0.646249 0.397992 0.645561 0.398709 0.644873 0.398709 0.644529 0.399068 0.644184 0.399068 0.643496 0.399785 0.643152 0.399785 0.642464 0.400502 0.640743 0.400502 0.640055 0.401219 0.639711 0.401219 0.639023 0.401936 0.638679 0.401936 0.63799 0.402653 0.637646 0.402653 0.636958 0.40337 0.636614 0.40337 0.63627 0.403729 0.63627 0.404087 0.635926 0.404446 0.635926 0.404805 0.635582 0.405163 0.635237 0.405163 0.634549 0.40588 0.634205 0.40588 0.633861 0.406239 0.633861 0.406597 0.633173 0.407314 0.632829 0.407314 0.63214 0.408032 0.631796 0.408032 0.631452 0.40839 0.631108 0.40839 0.630764 0.408032 0.630764 0.407673 0.63042 0.407673 0.629732 0.40839 0.629387 0.40839 0.629387 0.409107 0.628699 0.409824 0.628699 0.410183 0.628355 0.410541 0.628011 0.410541 0.627323 0.411259 0.626979 0.411259 0.62629 0.411976 0.625602 0.411976 0.625258 0.412334 0.624914 0.412334 0.62457 0.412693 0.62457 0.413051 0.624226 0.41341 0.623193 0.41341 0.622849 0.413768 0.622849 0.414127 0.622161 0.414844 0.621817 0.414844 0.621129 0.415561 0.620785 0.415561 0.62044 0.415203 0.62044 0.414844 0.620096 0.414844 0.619752 0.415203 0.619408 0.415203 0.619408 0.415561 0.619064 0.41592 0.619064 0.416278 0.618376 0.416995 0.618376 0.417354 0.618032 0.417712 0.617688 0.417712 0.616999 0.41843 0.615967 0.41843 0.615279 0.419147 0.614935 0.419147 0.613214 0.420939 0.61287 0.420939 0.612526 0.421298 0.611838 0.421298 0.610117 0.423091 0.609773 0.422732 0.608741 0.423808 0.608396 0.423449 0.608396 0.423091 0.608052 0.423091 0.607708 0.423449 0.607364 0.423449 0.606676 0.424166 0.606676 0.424525 0.606332 0.424883 0.605988 0.424883 0.605988 0.425601 0.605643 0.425959 0.605643 0.426318 0.604611 0.427393 0.604267 0.427393 0.604267 0.427752 0.603923 0.42811 0.604267 0.428469 0.603579 0.429186 0.603579 0.429545 0.602891 0.430262 0.602546 0.430262 0.601858 0.430979 0.601514 0.430979 0.600826 0.431696 0.600482 0.431696 0.599794 0.432413 0.599449 0.432413 0.598761 0.43313 0.598417 0.43313 0.598073 0.433489 0.597729 0.433489 0.597041 0.432772 0.596352 0.433489 0.596008 0.433489 0.595664 0.433847 0.595664 0.434206 0.59532 0.434564 0.594976 0.434564 0.594288 0.435281 0.593944 0.435281 0.594288 0.43564 0.593944 0.435999 0.593599 0.435999 0.592911 0.436716 0.592567 0.436716 0.591879 0.437433 0.591535 0.437433 0.591191 0.437791 0.590847 0.437791 0.590502 0.43815 0.589814 0.43815 0.589126 0.438867 0.588782 0.438867 0.588438 0.439226 0.587749 0.439226 0.587405 0.439584 0.587061 0.439584 0.586373 0.440301 0.586029 0.440301 0.585341 0.441018 0.584997 0.441018 0.584308 0.441735 0.583964 0.441735 0.58362 0.442094 0.582932 0.442094 0.582588 0.442452 0.582244 0.442452 0.581555 0.44317 0.581211 0.44317 0.580523 0.443887 0.580179 0.443887 0.579491 0.444604 0.579147 0.444604 0.578458 0.445321 0.578114 0.445321 0.577426 0.446038 0.577082 0.446038 0.576394 0.446755 0.57605 0.446755 0.575361 0.447472 0.575017 0.447472 0.574329 0.448189 0.573985 0.448189 0.573297 0.448906 0.572953 0.448906 0.572264 0.449624 0.57192 0.449624 0.571232 0.450341 0.570888 0.450341 0.570544 0.450699 0.5702 0.450699 0.569511 0.451416 0.569167 0.451416 0.568479 0.452133 0.568135 0.452133 0.567447 0.45285 0.567103 0.45285 0.566414 0.453568 0.56607 0.453568 0.565382 0.454285 0.565038 0.454285 0.565038 0.454643 0.56435 0.45536 0.56435 0.455719 0.563661 0.456436 0.56435 0.457153 0.56435 0.457512 0.565038 0.458229 0.565038 0.458587 0.565726 0.459304 0.565726 0.459663 0.56607 0.460022 0.56607 0.46038 0.566414 0.460739 0.566414 0.461456 0.567103 0.462173 0.567103 0.462531 0.567791 0.463248 0.567791 0.463607 0.568479 0.464324 0.568479 0.464683 0.569167 0.4654 0.569167 0.465758 0.569855 0.466475 0.569855 0.466834 0.5702 0.467193 0.5702 0.467551 0.570888 0.468268 0.570888 0.468627 0.571232 0.468985 0.571232 0.47042 0.57192 0.471137 0.572953 0.471137 0.573641 0.471854 0.573641 0.472212 0.574329 0.472929 0.574329 0.474005 0.574673 0.474364 0.574673 0.474722 0.574329 0.475081 0.574673 0.475439 0.574673 0.475798 0.575361 0.476515 0.575361 0.476873 0.57605 0.477591 0.57605 0.477949 0.576738 0.478666 0.576738 0.479025 0.577082 0.479383 0.577426 0.479383 0.57777 0.479742 0.57777 0.4801 0.578458 0.480817 0.578458 0.481176 0.578802 0.481535 0.579147 0.481535 0.579835 0.482252 0.579835 0.48261 0.580179 0.482969 0.579835 0.483327 0.579835 0.484044 0.580523 0.484762 0.580523 0.48512 0.581211 0.485837 0.581211 0.486196 0.5819 0.486913 0.5819 0.487271 0.582244 0.48763 0.583276 0.48763 0.58362 0.487271 0.585341 0.489064 0.585341 0.489423 0.584997 0.489781 0.584997 0.49014 0.584652 0.490498 0.584308 0.490498 0.584308 0.490857 0.584652 0.491215 0.584652 0.491574 0.584997 0.491933 0.586373 0.491933 0.587061 0.491215 0.587405 0.491574 0.587405 0.491933 0.588094 0.491933 0.588438 0.491574 0.588782 0.491574 0.589126 0.491933 0.58947 0.491933 0.589814 0.491574 0.58947 0.491215 0.589126 0.491215 0.588782 0.491574 0.588438 0.491215 0.588438 0.490857 0.588094 0.490498 0.588094 0.49014 0.588438 0.489781 0.58947 0.489781 0.590158 0.489064 0.590502 0.489064 0.591191 0.488347 0.591535 0.488347 0.591879 0.487989 0.591879 0.48763 0.592223 0.487271 0.592567 0.48763 0.593255 0.486913 0.593599 0.486913 0.593599 0.486554 0.593255 0.486196 0.593255 0.485837 0.593599 0.485479 0.593944 0.485837 0.594976 0.485837 0.59532 0.485479 0.595664 0.485479 0.596008 0.48512 0.596008 0.484762 0.596352 0.484403 0.596696 0.484403 0.597729 0.483327 0.598073 0.483686 0.598417 0.483686 0.598761 0.483327 0.598761 0.482969 0.598417 0.48261 0.598761 0.482252 0.599794 0.482252 0.600138 0.481893 0.599794 0.481535 0.599794 0.480817 0.600138 0.480459 0.600482 0.480817 0.60117 0.480817 0.601514 0.480459 0.601514 0.4801 0.601858 0.479742 0.603235 0.479742 0.603579 0.4801 0.603923 0.479742 0.604611 0.480459 0.604611 0.480817 0.605299 0.481535 0.605299 0.481893 0.605988 0.48261 0.605988 0.482969 0.606676 0.483686 0.606676 0.484044 0.607364 0.484762 0.607364 0.48512 0.608052 0.485837 0.608052 0.486196 0.608396 0.486196 0.609085 0.486913 0.609773 0.486913 0.610117 0.487271 0.610461 0.487271 0.610805 0.48763 0.610461 0.487989 0.610805 0.488347 0.611149 0.488347 0.611493 0.488706 0.611493 0.489064 0.611149 0.489423 0.610805 0.489423 0.610805 0.489781 0.611493 0.489781 0.611838 0.49014 0.612182 0.489781 0.612526 0.489781 0.612182 0.489423 0.612526 0.489064 0.613558 0.489064 0.614246 0.488347 0.614591 0.488347 0.614935 0.487989 0.615279 0.487989 0.615967 0.487271 0.616311 0.487271 0.616999 0.486554 0.617343 0.486554 0.618032 0.485837 0.618376 0.485837 0.619064 0.48512 0.619408 0.48512 0.620096 0.484403 0.62044 0.484403 0.621129 0.483686 0.621473 0.483686 0.622161 0.482969 0.622505 0.482969 0.623193 0.482252 0.623538 0.482252 0.624226 0.481535 0.62457 0.481535 0.625258 0.480817 0.625602 0.480817 0.62629 0.4801 0.626635 0.4801 0.627323 0.479383 0.627667 0.479383 0.628355 0.478666 0.628699 0.478666 0.629387 0.477949 0.629732 0.477949 0.630076 0.477591 0.630076 0.477232 0.63042 0.476873 0.631108 0.476873 0.631452 0.476515 0.631796 0.476515 0.63214 0.476156 0.632485 0.476156 0.633173 0.475439 0.633517 0.475439 0.634205 0.474722 0.634549 0.474722 0.635237 0.474005 0.635237 0.473646 0.635582 0.473288 0.635926 0.473288 0.636614 0.472571 0.637646 0.472571 0.638334 0.471854 0.638679 0.471854 0.639367 0.471137 0.639711 0.471137 0.639711 0.470778 0.639367 0.47042 0.639711 0.470061 0.640055 0.470061 0.640743 0.469344 0.641087 0.469344 0.641776 0.468627 0.64212 0.468627 0.641776 0.468268 0.64212 0.46791 0.642464 0.46791 0.643152 0.467193 0.643496 0.467551 0.64384 0.467193 0.644184 0.467193 0.644873 0.466475 0.645217 0.466475 0.645561 0.466117 0.646249 0.466117 0.646593 0.465758 0.646937 0.465758 0.646937 0.4654 0.647626 0.464683 0.64797 0.464683 0.648314 0.465041 0.648658 0.464683 0.649002 0.464683 0.649346 0.464324 0.649346 0.463248 0.649002 0.46289 0.649346 0.462531 0.650379 0.462531 0.651067 0.461814 0.651411 0.461814 0.652099 0.461097 0.652443 0.461097 0.653131 0.46038 0.653476 0.46038 0.65382 0.460022 0.65382 0.459663 0.654508 0.458946 0.654852 0.458946 0.655196 0.458587 0.65554 0.458587 0.656228 0.45787 0.656573 0.45787 0.657261 0.457153 0.657605 0.457153 0.658293 0.456436 0.658637 0.456436 0.659326 0.455719 0.65967 0.455719 0.660358 0.455002 0.660702 0.455002 0.66139 0.454285 0.662423 0.454285 0.663455 0.453209 0.663799 0.453209 0.664143 0.45285 0.664487 0.45285 0.664831 0.452492 0.664831 0.452133 0.66552 0.451416 0.665864 0.451416 0.666552 0.450699 0.666896 0.450699 0.667584 0.449982 0.667928 0.449982 0.668617 0.449265 0.668961 0.449265 0.668961 0.448906 0.669649 0.448189 0.669993 0.448189 0.669649 0.447831 0.669993 0.447472 0.670337 0.447472 0.670681 0.447114 0.671025 0.447472 0.671714 0.446755 0.672058 0.446755 0.672402 0.446397 0.672746 0.446755 0.672746 0.446397 0.67309 0.446038 0.672746 0.445679 0.67309 0.445321 0.673434 0.445321 0.673778 0.445679 0.673778 0.446038 0.674123 0.445679 0.674123 0.445321 0.674811 0.444604 0.675843 0.444604 0.676531 0.443887 0.676875 0.443887 0.676875 0.443528 0.676531 0.44317 0.676875 0.442811 0.67722 0.442811 0.67722 0.442452 0.677564 0.442094 0.677908 0.442452 0.677908 0.442811 0.678252 0.442811 0.678596 0.442452 0.67894 0.442452 0.67894 0.442094 0.678252 0.441377 0.678252 0.44066 0.678596 0.440301 0.678596 0.439943 0.67894 0.439584 0.679972 0.439584 0.680661 0.440301 0.681005 0.439943 0.681349 0.439943 0.681693 0.439584 0.682037 0.439584 0.682381 0.439943 0.682725 0.439584 0.68307 0.439584 0.683758 0.438867 0.68479 0.438867 0.685478 0.43815 0.685822 0.438508 0.686167 0.43815 0.686167 0.437791 0.686511 0.437433 0.687543 0.437433 0.687887 0.437074 0.688575 0.437074 0.688919 0.436716 0.689264 0.437074 0.689952 0.436357 0.690296 0.436357 0.690984 0.43564 0.691328 0.43564 0.690984 0.435281 0.691328 0.434923 0.691672 0.434923 0.691672 0.434564 0.692017 0.434206 0.692017 0.433847 0.692705 0.43313 0.693049 0.43313 0.693393 0.433489 0.693049 0.433847 0.693049 0.434206 0.693393 0.434206 0.694425 0.43313 0.694769 0.43313 0.695114 0.432772 0.695458 0.432772 0.695802 0.432413 0.695802 0.432054 0.696146 0.431696 0.69649 0.431696 0.696834 0.431337 0.696834 0.43062 0.697522 0.429903 0.697866 0.429903 0.697522 0.429545 0.697866 0.429186 0.698211 0.429186 0.698899 0.428469 0.699243 0.428469 0.699931 0.427752 0.700275 0.427752 0.700964 0.427035 0.701308 0.427035 0.701996 0.426318 0.70234 0.426318 0.703028 0.425601 0.703372 0.425601 0.704061 0.424883 0.704405 0.424883 0.704405 0.424525 0.705093 0.423808 0.705437 0.423808 0.706125 0.423091 0.706469 0.423091 0.707158 0.422374 0.707502 0.422374 0.707846 0.422732 0.707846 0.423091 0.70819 0.423449 0.708534 0.423091 0.708878 0.423091 0.709222 0.422732 0.709222 0.422374 0.709566 0.422015 0.709911 0.422015 0.709222 0.421298 0.709566 0.420939 0.710255 0.420939 0.710255 0.420581 0.711287 0.419505 0.711631 0.419505 0.712319 0.418788 0.712663 0.418788 0.713352 0.418071 0.714384 0.418071 0.714384 0.417712 0.714728 0.417354 0.714728 0.416995 0.715416 0.416278 0.71576 0.416278 0.716105 0.416637 0.716449 0.416637 0.717137 0.41592 0.716793 0.415561 0.716449 0.415561 0.716105 0.415203 0.716105 0.414844 0.716793 0.414127 0.716449 0.413768 0.717137 0.413051 0.717481 0.41341 0.718169 0.412693 0.718513 0.412693 0.719202 0.411976 0.719546 0.411976 0.720234 0.411259 0.720578 0.411259 0.720922 0.4109 0.720922 0.410541 0.721266 0.410183 0.721266 0.409824 0.72161 0.409466 0.721955 0.409824 0.722299 0.409466 0.722643 0.409824 0.722987 0.409466 0.722987 0.409107 0.723675 0.40839 0.724708 0.40839 0.725396 0.407673 0.725396 0.407314 0.72574 0.406956 0.726084 0.406956 0.726428 0.406597 0.726772 0.406597 0.72746 0.40588 0.727805 0.40588 0.728149 0.405522 0.728837 0.405522 0.729525 0.404805 0.729525 0.404087 0.729869 0.403729 0.730213 0.403729 0.730902 0.403012 0.731246 0.40337 0.73159 0.403012 0.731934 0.403012 0.732622 0.402295 0.732966 0.402653 0.73331 0.402295 0.733655 0.402295 0.733999 0.401936 0.733999 0.401578 0.736063 0.399426 0.736407 0.399426 0.736752 0.399068 0.737096 0.399068 0.73744 0.398709 0.738128 0.398709 0.738472 0.398351 0.738128 0.397992 0.738472 0.397634 0.73916 0.397634 0.739504 0.397992 0.739849 0.397992 0.740193 0.397634 0.740193 0.396558 0.740537 0.396199 0.740881 0.396558 0.741225 0.396558 0.741913 0.395841 0.742257 0.395841 0.742257 0.395124 0.742602 0.394765 0.742602 0.394407 0.742257 0.394048 0.742602 0.393689 0.742602 0.393331 0.742946 0.392972 0.74329 0.392972 0.743634 0.392614 0.744666 0.392614 0.74501 0.392972 0.745354 0.392614 0.745699 0.392614 0.745699 0.391897 0.746731 0.390821 0.747075 0.390821 0.747763 0.390104 0.748107 0.390104 0.748796 0.389387 0.74914 0.389387 0.749828 0.38867 0.750172 0.38867 0.750516 0.388311 0.75086 0.388311 0.751549 0.387594 0.751893 0.387594 0.752237 0.387236 0.752237 0.386877 0.752925 0.38616 0.753269 0.38616 0.753957 0.385443 0.754301 0.385443 0.75499 0.384726 0.755334 0.384726 0.756022 0.384009 0.756366 0.384009 0.757054 0.383292 0.757398 0.383292 0.758087 0.382574 0.758431 0.382574 0.759119 0.381857 0.759463 0.381857 0.760151 0.38114 0.760496 0.38114 0.76084 0.380782 0.761184 0.380782 0.761872 0.380065 0.762216 0.380065 0.762904 0.379347 0.763248 0.379347 0.763937 0.37863 0.764281 0.37863 0.764969 0.377913 0.765313 0.377913 0.766001 0.377196 0.766345 0.377196 0.767034 0.376479 0.767378 0.376479 0.767378 0.37612 0.767722 0.375762 0.76841 0.375762 0.769098 0.375045 0.769443 0.375045 0.770131 0.374328 0.770475 0.374328 0.771507 0.373252 0.771851 0.373252 0.772195 0.372894 0.77254 0.372894 0.77254 0.372535 0.772884 0.372176 0.772884 0.371818 0.773228 0.371459 0.773572 0.371818 0.773916 0.371818 0.774948 0.370742 0.775637 0.370742 0.776325 0.370025 0.776669 0.370025 0.777013 0.369667 0.777357 0.369667 0.778045 0.368949 0.77839 0.368949 0.779078 0.368232 0.779422 0.368232 0.78011 0.367515 0.780454 0.367515 0.781142 0.366798 0.781487 0.366798 0.781831 0.36644 0.781487 0.366081 0.781831 0.365722 0.782175 0.365722 0.782519 0.365364 0.782863 0.365722 0.783207 0.365364 0.783551 0.365364 0.78424 0.364647 0.784584 0.364647 0.785272 0.36393 0.785616 0.36393 0.786304 0.363213 0.786648 0.363213 0.787337 0.362496 0.787681 0.362496 0.788369 0.361778 0.788713 0.361778 0.789401 0.361061 0.789745 0.361061 0.790778 0.359986 0.791122 0.359986 0.791466 0.359627 0.79181 0.359627 0.792498 0.35891 0.792842 0.35891 0.792842 0.358551 0.793531 0.357834 0.793875 0.358193 0.794219 0.357834 0.794563 0.357834 0.794563 0.357117 0.794219 0.357117 0.793875 0.356759 0.793531 0.356759 0.793187 0.3564 0.793187 0.355683 0.792842 0.355683 0.792498 0.356042 0.792154 0.355683 0.792154 0.355324 0.791466 0.354607 0.79181 0.354249 0.791466 0.35389 0.79181 0.353532 0.791466 0.353173 0.791466 0.352815 0.791122 0.352456 0.79181 0.351739 0.792154 0.351739 0.792842 0.351022 0.792842 0.350305 0.793187 0.349946 0.793875 0.349946 0.794219 0.350305 0.794563 0.349946 0.794563 0.349229 0.793875 0.348512 0.793875 0.348153 0.793187 0.347436 0.793187 0.347078 0.792842 0.347078 0.792154 0.346361 0.79181 0.346719 0.790778 0.345644 0.790778 0.345285 0.790089 0.344568 0.790089 0.344209 0.789401 0.343492 0.789401 0.343134 0.788713 0.342417 0.788713 0.342058 0.788025 0.341341 0.788025 0.340982 0.787337 0.340265 0.787337 0.339907 0.786648 0.33919 0.786648 0.338831 0.78596 0.338114 0.78596 0.337755 0.785272 0.337038 0.785272 0.33668 0.784928 0.336321 0.784928 0.335963 0.78424 0.335246 0.78424 0.334887 0.783551 0.33417 0.783551 0.333811 0.782863 0.333094 0.782863 0.332736 0.782175 0.332019 0.782175 0.33166 0.781487 0.330943 0.781487 0.330584 0.780798 0.329867 0.780798 0.329509 0.78011 0.328792 0.78011 0.327716 0.780454 0.327357 0.780454 0.32664 0.781831 0.325206 0.781831 0.324848 0.782519 0.324131 0.782863 0.324131 0.783551 0.323413 0.783895 0.323413 0.784584 0.322696 0.784928 0.322696 0.785616 0.321979 0.78596 0.321979 0.786648 0.321262 0.786992 0.321262 0.787681 0.320545 0.787681 0.320186 0.787337 0.319828 0.787337 0.319111 0.786992 0.318752 0.786992 0.318394 0.786648 0.318394 0.786304 0.318035 0.78596 0.318394 0.785616 0.318035 0.785616 0.317677 0.785272 0.317677 0.784584 0.316959 0.784584 0.316601 0.783895 0.315884 0.783895 0.315525 0.783207 0.314808 0.783551 0.31445 0.783895 0.31445 0.783551 0.314091 0.783551 0.313733 0.783207 0.313374 0.782519 0.313374 0.782175 0.313015 0.781831 0.313015 0.781142 0.312298 0.781142 0.31194 0.780798 0.31194 0.780454 0.311581 0.779766 0.311581 0.779422 0.311223 0.778734 0.31194 0.77839 0.311581 0.778045 0.31194 0.777701 0.311581 0.777357 0.31194 0.777013 0.31194 0.776669 0.311581 0.775981 0.311581 0.775637 0.311223 0.775292 0.311223 0.774948 0.310864 0.774948 0.310506 0.77426 0.309788 0.77426 0.30943 0.773916 0.309071 0.773572 0.309071 0.77254 0.307996 0.772195 0.307996 0.771507 0.308713 0.771163 0.308713 0.770819 0.308354 0.770819 0.307996 0.770475 0.307637 0.770475 0.30692 0.770131 0.306561 0.770131 0.306203 0.769443 0.305486 0.769443 0.305127 0.768754 0.30441 0.768754 0.304052 0.768066 0.303335 0.768066 0.302976 0.767378 0.302259 0.767378 0.3019 0.76669 0.301183 0.767034 0.300825 0.767378 0.300825 0.767378 0.300466 0.76669 0.299749 0.766001 0.300466 0.765657 0.300108 0.765657 0.299749 0.765313 0.300108 0.764969 0.299749 0.764625 0.300108 0.764281 0.300108 0.763593 0.300825 0.762904 0.300825 0.761528 0.29939 0.761528 0.299032 0.76084 0.298315 0.76084 0.297956 0.760151 0.297239 0.760151 0.296881 0.759463 0.296163 0.759463 0.295446 0.759119 0.295088 0.759119 0.294012 0.758775 0.293654 0.758431 0.293654 0.757743 0.292937 0.757743 0.292578 0.757398 0.292219 0.757398 0.291861 0.757054 0.291502 0.757054 0.290785 0.75671 0.290427 0.756366 0.290427 0.756022 0.290068 0.756022 0.289351 0.755678 0.288992 0.755678 0.288634 0.75499 0.287917 0.75499 0.287558 0.754301 0.286841 0.754301 0.285766 0.753613 0.285048 0.753613 0.28469 0.752925 0.283973 0.752925 0.283614 0.752237 0.282897 0.752237 0.282539 0.751549 0.281821 0.751549 0.281463 0.75086 0.280746 0.75086 0.280387 0.750172 0.27967 0.750172 0.279312 0.749828 0.278953 0.749828 0.278594 0.74914 0.277877 0.74914 0.277519 0.748451 0.276802 0.748451 0.276085 0.748107 0.275726 0.748107 0.275368 0.747419 0.27465 0.747419 0.274292 0.746731 0.273575 0.746731 0.273216 0.746043 0.272499 0.746043 0.271423 0.74501 0.270348 0.74501 0.269989 0.743634 0.268555 0.743634 0.268196 0.742946 0.267479 0.74329 0.267121 0.74329 0.266762 0.743634 0.266404 0.74329 0.266045 0.743634 0.265687 0.743634 0.26497 0.742946 0.264252 0.742946 0.263535 0.743634 0.262818 0.743978 0.262818 0.744666 0.262101 0.74501 0.262101 0.745699 0.261384 0.746043 0.261384 0.746731 0.260667 0.747075 0.260667 0.747763 0.25995 0.747419 0.259591 0.747419 0.259233 0.747075 0.259233 0.746731 0.259591 0.746387 0.259591 0.746043 0.259233 0.746387 0.258874 0.745354 0.257798 0.745354 0.25744 0.74501 0.257081 0.74501 0.256723 0.744666 0.256364 0.744322 0.256364 0.743634 0.255647 0.743634 0.254572 0.74329 0.254213 0.742946 0.254213 0.742946 0.254572 0.742602 0.25493 0.741913 0.254213 0.741913 0.253496 0.742257 0.253137 0.742602 0.253137 0.742257 0.252779 0.742257 0.25242 0.741913 0.252062 0.741569 0.252062 0.741225 0.251703 0.741225 0.251345 0.741913 0.250627 0.741225 0.24991 0.741225 0.249552 0.740193 0.248476 0.739849 0.248835 0.739504 0.248476 0.739504 0.248118 0.738816 0.247401 0.738816 0.247042 0.739504 0.246325 0.739849 0.246325 0.740537 0.245608 0.740881 0.245608 0.740881 0.245249 0.741569 0.244532 0.741913 0.244532 0.742602 0.243815 0.742602 0.243456 0.742946 0.243098 0.74329 0.243098 0.742946 0.242739 0.74329 0.242381 0.743634 0.242381 0.743978 0.242022 0.745354 0.242022 0.745699 0.241664 0.746043 0.241664 0.746387 0.241305 0.746387 0.240947 0.746731 0.240588 0.746731 0.240229 0.747419 0.239512 0.747763 0.239512 0.748107 0.239154 0.748796 0.239154 0.74914 0.239512 0.749484 0.239154 0.749484 0.238437 0.749828 0.238078 0.750172 0.238078 0.750516 0.238437 0.75086 0.238078 0.751204 0.238078 0.751204 0.236644 0.751549 0.236285 0.751893 0.236285 0.752581 0.235568 0.752925 0.235568 0.752581 0.23521 0.752581 0.234134 0.752237 0.233776 0.752581 0.233417 0.752925 0.233417 0.753613 0.2327 0.753957 0.2327 0.754301 0.232341 0.754646 0.232341 0.755334 0.231624 0.755678 0.231624 0.756366 0.230907 0.75671 0.230907 0.757398 0.23019 0.757743 0.23019 0.758087 0.229831 0.758087 0.229473 0.757743 0.229114 0.757743 0.228756 0.757054 0.228039 0.757054 0.22768 0.756366 0.226963 0.756366 0.226605 0.756022 0.226246 0.756022 0.225887 0.755334 0.22517 0.755334 0.224812 0.754646 0.224095 0.754646 0.223736 0.753957 0.223019 0.754301 0.22266 0.753613 0.221943 0.753613 0.221585 0.752925 0.220868 0.752925 0.220509 0.753269 0.220151 0.753269 0.219792 0.752925 0.219433 0.752925 0.218716 0.752581 0.218358 0.752581 0.217999 0.751893 0.217999 0.75086 0.216924 0.75086 0.216565 0.750516 0.216207 0.750516 0.215489 0.750172 0.215131 0.750172 0.214772 0.749484 0.214055 0.749484 0.213697 0.748796 0.21298 0.74914 0.212621 0.748796 0.212262 0.748796 0.211904 0.748107 0.211187 0.748107 0.210828 0.747763 0.211187 0.747419 0.210828 0.747419 0.21047 0.747075 0.210111 0.747419 0.209753 0.746731 0.209035 0.746731 0.208677 0.746043 0.20796 0.746043 0.206884 0.745699 0.206526 0.745699 0.205809 0.74501 0.205091 0.74501 0.204733 0.744322 0.204016 0.744322 0.203657 0.743634 0.20294 0.743634 0.202582 0.742946 0.201864 0.742946 0.201506 0.742602 0.201147 0.742257 0.201147 0.741913 0.200789 0.741913 0.20043 0.741225 0.199713 0.740881 0.200072 0.740537 0.200072 0.740193 0.20043 0.739849 0.200072 0.739504 0.200072 0.73916 0.199713 0.73916 0.199355 0.738816 0.199355
