0 0.364 0.844385 0.363692 0.844652 0.363385 0.844652 0.363077 0.84492 0.363077 0.845187 0.363385 0.845455 0.364 0.845455 0.364615 0.84492
0 0.484308 0.807487 0.483692 0.808021 0.483385 0.808021 0.483385 0.808289 0.483692 0.808556 0.484 0.808556 0.484615 0.808021 0.484615 0.807754
0 0.344308 0.640642 0.344 0.640909 0.344 0.641176 0.344615 0.641711 0.344923 0.641711 0.345231 0.641444 0.344615 0.640909 0.344615 0.640642
0 0.335692 0.629679 0.335385 0.629947 0.335385 0.630214 0.336 0.630749 0.336308 0.630481 0.336308 0.630214 0.336 0.629947 0.336 0.629679
0 0.333538 0.627005 0.333231 0.627273 0.333231 0.62754 0.333846 0.628075 0.334154 0.628075 0.334462 0.627807 0.333846 0.627273 0.333846 0.627005
0 0.330769 0.624064 0.330154 0.624599 0.329846 0.624599 0.330462 0.625134 0.331077 0.624599 0.331385 0.624599 0.331692 0.624332 0.331385 0.624064
0 0.312 0.602139 0.311692 0.602406 0.312 0.602674 0.312 0.602941 0.312308 0.603209 0.312615 0.603209 0.312923 0.602941 0.313231 0.602941 0.312923 0.602674 0.312923 0.602406 0.312615 0.602139
0 0.311692 0.599465 0.311077 0.6 0.310769 0.6 0.310462 0.600267 0.310462 0.600535 0.310769 0.600802 0.311077 0.600802 0.311385 0.60107 0.311692 0.600802 0.312 0.60107 0.312615 0.600535 0.312923 0.600535 0.312308 0.6 0.312308 0.599733 0.312 0.599465
0 0.160615 0.580749 0.160308 0.581016 0.16 0.581016 0.159692 0.581283 0.159692 0.581551 0.16 0.581818 0.16 0.582086 0.160615 0.582086 0.161231 0.581551 0.160615 0.581016
0 0.291385 0.575668 0.291077 0.575936 0.290769 0.575936 0.290769 0.576203 0.291692 0.577005 0.292 0.577005 0.292 0.576471 0.291385 0.575936
0 0.174769 0.572193 0.174154 0.572727 0.173846 0.57246 0.173538 0.572727 0.173231 0.572727 0.173538 0.572995 0.173538 0.573262 0.173846 0.573529 0.174154 0.573262 0.174462 0.573262 0.175077 0.572727 0.174769 0.57246
0 0.290462 0.463904 0.288923 0.465241 0.288615 0.465241 0.288308 0.465508 0.287692 0.465508 0.287385 0.465775 0.287385 0.466043 0.287077 0.46631 0.286769 0.466043 0.286154 0.466578 0.285846 0.466578 0.285846 0.467647 0.285538 0.467914 0.285231 0.467914 0.284923 0.467647 0.284615 0.467647 0.284308 0.467914 0.283692 0.467914 0.283692 0.468449 0.284308 0.468984 0.284615 0.468717 0.284923 0.468984 0.285538 0.468449 0.285846 0.468449 0.286462 0.467914 0.286769 0.467914 0.286769 0.467647 0.287077 0.46738 0.287077 0.467112 0.287385 0.466845 0.287077 0.466578 0.287077 0.46631 0.287385 0.466043 0.288 0.466578 0.288308 0.466578 0.288615 0.46631 0.288923 0.46631 0.289538 0.465775 0.289846 0.465775 0.290462 0.465241 0.290769 0.465241 0.291385 0.464706 0.290769 0.464171 0.290769 0.463904
0 0.294462 0.461497 0.293846 0.462032 0.293538 0.462032 0.293538 0.462299 0.292615 0.463102 0.292308 0.462834 0.292 0.463102 0.291692 0.463102 0.291385 0.463369 0.291385 0.463636 0.291692 0.463904 0.292 0.463904 0.292308 0.464171 0.292615 0.463904 0.292923 0.463904 0.293538 0.463369 0.293846 0.463369 0.294462 0.462834 0.294769 0.462834 0.295077 0.462567 0.295077 0.461765 0.294769 0.461497
0 0.297538 0.459626 0.296923 0.46016 0.296615 0.46016 0.296 0.460695 0.295692 0.460695 0.295692 0.460963 0.296308 0.461497 0.296615 0.46123 0.296923 0.46123 0.297846 0.460428 0.298154 0.460428 0.298462 0.46016 0.298462 0.459893 0.298154 0.459626
0 0.443692 0.410695 0.443077 0.41123 0.443385 0.411497 0.443385 0.411765 0.443692 0.412032 0.444 0.412032 0.444615 0.411497 0.444615 0.41123 0.444308 0.410963 0.444308 0.410695
0 0.407692 0.370588 0.407385 0.370856 0.407077 0.370856 0.406769 0.371123 0.407692 0.371925 0.408308 0.371925 0.408615 0.371658 0.408615 0.37139 0.408308 0.371123 0.408308 0.370856 0.408 0.370588
0 0.416615 0.365508 0.416 0.366043 0.415692 0.366043 0.415077 0.366578 0.414769 0.366578 0.414462 0.366845 0.414462 0.367112 0.413846 0.367647 0.414462 0.368182 0.414462 0.368449 0.413846 0.368984 0.413538 0.368984 0.413231 0.369251 0.413231 0.369519 0.412923 0.369786 0.412615 0.369519 0.412615 0.369251 0.412 0.368717 0.411692 0.368984 0.411385 0.368984 0.411077 0.369251 0.411385 0.369519 0.411385 0.369786 0.411692 0.370053 0.411077 0.370588 0.410769 0.370588 0.410769 0.370856 0.411077 0.371123 0.411077 0.37139 0.411385 0.371658 0.411077 0.371925 0.410769 0.371925 0.410462 0.372193 0.410154 0.371925 0.409846 0.371925 0.409538 0.372193 0.409231 0.371925 0.408615 0.37246 0.407692 0.37246 0.407077 0.372995 0.406462 0.37246 0.406462 0.372193 0.406154 0.372193 0.405846 0.37246 0.405538 0.37246 0.404923 0.372995 0.404308 0.372995 0.404 0.372727 0.403385 0.373262 0.403077 0.373262 0.402462 0.373797 0.402154 0.373797 0.401846 0.374064 0.401846 0.374332 0.401231 0.374866 0.401231 0.375134 0.400923 0.375401 0.400308 0.375401 0.4 0.375134 0.399385 0.375668 0.399077 0.375668 0.398462 0.376203 0.398154 0.376203 0.398154 0.376471 0.397231 0.377273 0.396615 0.377273 0.396308 0.37754 0.396 0.37754 0.394154 0.379144 0.393846 0.379144 0.393538 0.379412 0.393231 0.379144 0.392615 0.379679 0.392308 0.379679 0.391692 0.380214 0.391385 0.380214 0.390462 0.381016 0.390154 0.381016 0.389538 0.381551 0.389231 0.381551 0.388615 0.382086 0.388308 0.382086 0.387692 0.38262 0.387385 0.38262 0.386769 0.383155 0.386462 0.383155 0.385538 0.383957 0.385231 0.383957 0.384615 0.384492 0.384308 0.384492 0.383692 0.385027 0.383385 0.385027 0.382769 0.385561 0.382462 0.385561 0.382462 0.385829 0.381846 0.386364 0.381538 0.386096 0.380615 0.386898 0.380308 0.386898 0.379692 0.387433 0.379385 0.387433 0.378769 0.387968 0.378462 0.387968 0.377846 0.388503 0.377538 0.388503 0.376923 0.389037 0.376615 0.389037 0.375692 0.38984 0.375385 0.38984 0.374769 0.390374 0.374462 0.390374 0.373846 0.390909 0.373538 0.390909 0.372923 0.391444 0.372615 0.391444 0.372 0.391979 0.371692 0.391979 0.370769 0.392781 0.370462 0.392781 0.369846 0.393316 0.369538 0.393316 0.368923 0.39385 0.368615 0.39385 0.368 0.394385 0.367692 0.394385 0.367077 0.39492 0.366769 0.39492 0.365846 0.395722 0.365538 0.395722 0.364923 0.396257 0.364615 0.396257 0.364 0.396791 0.363692 0.396791 0.363077 0.397326 0.362769 0.397326 0.362154 0.397861 0.361846 0.397861 0.361231 0.398396 0.360923 0.398396 0.36 0.399198 0.359692 0.399198 0.359077 0.399733 0.358769 0.399733 0.358154 0.400267 0.357846 0.400267 0.357231 0.400802 0.356923 0.400802 0.356308 0.401337 0.356 0.401337 0.355077 0.402139 0.354769 0.402139 0.354154 0.402674 0.353846 0.402674 0.353231 0.403209 0.352923 0.403209 0.352308 0.403743 0.352 0.403743 0.351385 0.404278 0.351077 0.404278 0.351077 0.404545 0.351385 0.404813 0.350769 0.405348 0.349538 0.405348 0.349231 0.405615 0.348923 0.405615 0.348615 0.405882 0.348615 0.40615 0.348923 0.406417 0.349538 0.406417 0.350462 0.407219 0.350462 0.407487 0.350769 0.407754 0.350462 0.408021 0.350462 0.408289 0.350769 0.408556 0.350769 0.409358 0.351385 0.409893 0.351385 0.41016 0.352308 0.410963 0.352308 0.41123 0.352923 0.411765 0.352923 0.412032 0.353538 0.412567 0.353538 0.412834 0.354154 0.413369 0.354154 0.413636 0.354769 0.414171 0.354769 0.414439 0.355692 0.415241 0.355692 0.415508 0.356308 0.416043 0.356308 0.41631 0.356923 0.416845 0.356923 0.417112 0.357538 0.417647 0.357538 0.417914 0.358154 0.418449 0.358154 0.418717 0.359077 0.419519 0.359077 0.419786 0.359692 0.420321 0.359692 0.420588 0.360308 0.421123 0.360308 0.42139 0.360923 0.421925 0.360615 0.422193 0.360308 0.422193 0.359692 0.422727 0.359385 0.422727 0.358769 0.423262 0.358462 0.423262 0.357846 0.423797 0.357538 0.423797 0.356923 0.424332 0.356615 0.424332 0.355692 0.425134 0.355385 0.425134 0.354769 0.425668 0.354462 0.425668 0.353846 0.426203 0.353538 0.426203 0.352923 0.426738 0.352615 0.426738 0.352 0.427273 0.351692 0.427273 0.350769 0.428075 0.350462 0.428075 0.349846 0.42861 0.349538 0.42861 0.348923 0.429144 0.348615 0.429144 0.348 0.429679 0.347692 0.429679 0.347077 0.430214 0.346769 0.430214 0.345846 0.431016 0.345538 0.431016 0.344923 0.431551 0.344615 0.431551 0.344 0.432086 0.343692 0.432086 0.343077 0.43262 0.342769 0.43262 0.342154 0.433155 0.341846 0.433155 0.340923 0.433957 0.340615 0.433957 0.34 0.434492 0.339692 0.434492 0.339692 0.434759 0.338769 0.435561 0.338462 0.435561 0.337846 0.436096 0.337538 0.436096 0.336923 0.436631 0.336615 0.436631 0.336 0.437166 0.335692 0.437166 0.335077 0.437701 0.334769 0.437701 0.334462 0.437968 0.334462 0.438235 0.334769 0.438503 0.334462 0.43877 0.334154 0.43877 0.333538 0.439305 0.333231 0.439305 0.332615 0.43984 0.332308 0.43984 0.331692 0.440374 0.331385 0.440374 0.330769 0.440909 0.330462 0.440909 0.329538 0.441711 0.329231 0.441711 0.328615 0.442246 0.328308 0.442246 0.327692 0.442781 0.327385 0.442781 0.326769 0.443316 0.326462 0.443316 0.325846 0.44385 0.325538 0.44385 0.324923 0.444385 0.324615 0.444118 0.324615 0.44385 0.324 0.44385 0.323385 0.444385 0.323077 0.444385 0.322462 0.44492 0.322154 0.44492 0.321538 0.445455 0.321538 0.446257 0.320923 0.446791 0.320615 0.446791 0.32 0.447326 0.32 0.447594 0.319692 0.447861 0.319385 0.447861 0.318769 0.448396 0.318462 0.448396 0.317538 0.449198 0.317231 0.449198 0.316615 0.449733 0.316308 0.449733 0.315692 0.450267 0.315385 0.450267 0.314769 0.450802 0.314462 0.450802 0.313846 0.451337 0.313538 0.451337 0.312615 0.452139 0.312308 0.452139 0.311692 0.452674 0.311385 0.452674 0.310769 0.453209 0.310462 0.453209 0.309846 0.453743 0.309538 0.453743 0.309231 0.454011 0.308923 0.453743 0.308923 0.453476 0.308615 0.453209 0.308308 0.453209 0.307692 0.453743 0.307385 0.453743 0.307077 0.454011 0.307385 0.454278 0.307385 0.454545 0.308 0.454545 0.308308 0.454813 0.307692 0.455348 0.307385 0.455348 0.306462 0.45615 0.306154 0.45615 0.305846 0.455882 0.306154 0.455615 0.306154 0.45508 0.305846 0.454813 0.305538 0.454813 0.304615 0.455615 0.304308 0.455615 0.304 0.455882 0.304 0.456417 0.304308 0.456684 0.304615 0.456417 0.304923 0.456417 0.305231 0.456684 0.304615 0.457219 0.304308 0.457219 0.303692 0.457754 0.303385 0.457754 0.302769 0.458289 0.302462 0.458289 0.301846 0.458824 0.301538 0.458824 0.300615 0.459626 0.300308 0.459626 0.299692 0.46016 0.299385 0.46016 0.298769 0.460695 0.299077 0.460963 0.298462 0.461497 0.298154 0.461497 0.297231 0.462299 0.296923 0.462299 0.296308 0.462834 0.296 0.462834 0.295385 0.463369 0.295077 0.463369 0.294462 0.463904 0.294154 0.463904 0.293538 0.464439 0.293231 0.464439 0.292308 0.465241 0.292 0.465241 0.291385 0.465775 0.291077 0.465775 0.290462 0.46631 0.290154 0.46631 0.289538 0.466845 0.289231 0.466845 0.288615 0.46738 0.288308 0.46738 0.286462 0.468984 0.286154 0.468984 0.285231 0.469786 0.284923 0.469786 0.284308 0.470321 0.284 0.470321 0.283385 0.470856 0.283077 0.470856 0.282462 0.47139 0.282154 0.47139 0.281538 0.471925 0.281231 0.471925 0.280308 0.472727 0.28 0.472727 0.279385 0.473262 0.279077 0.473262 0.278462 0.473797 0.278154 0.473797 0.277538 0.474332 0.277231 0.474332 0.276615 0.474866 0.276308 0.474866 0.275692 0.475401 0.275692 0.475668 0.275385 0.475936 0.275077 0.475936 0.274462 0.476471 0.274154 0.476471 0.273538 0.475936 0.273538 0.475401 0.273846 0.475134 0.274154 0.475134 0.274769 0.474599 0.274769 0.474332 0.275077 0.474064 0.275385 0.474064 0.275692 0.474332 0.276 0.474332 0.276615 0.473797 0.276923 0.473797 0.277538 0.473262 0.277846 0.473262 0.278154 0.472995 0.278154 0.472727 0.278769 0.472193 0.279077 0.472193 0.279692 0.471658 0.280308 0.471658 0.280615 0.47139 0.280923 0.47139 0.281538 0.470856 0.281846 0.470856 0.282462 0.470321 0.282769 0.470321 0.283385 0.469786 0.283385 0.469251 0.282769 0.468717 0.282769 0.468449 0.282462 0.468717 0.282462 0.469251 0.282769 0.469519 0.282462 0.469786 0.281846 0.469786 0.281538 0.469519 0.280923 0.470053 0.280308 0.470053 0.28 0.470321 0.279692 0.470321 0.279077 0.470856 0.278769 0.470856 0.278462 0.471123 0.278462 0.47139 0.277846 0.471925 0.277538 0.471925 0.276923 0.47246 0.276615 0.47246 0.276308 0.472727 0.276308 0.472995 0.276 0.473262 0.275692 0.472995 0.275692 0.472727 0.275077 0.473262 0.274769 0.473262 0.274154 0.473797 0.273846 0.473797 0.273538 0.474064 0.273538 0.474332 0.272923 0.474866 0.272615 0.474866 0.272 0.475401 0.271692 0.475401 0.272 0.475668 0.272 0.475936 0.271692 0.476203 0.271385 0.476203 0.271077 0.475936 0.270769 0.475936 0.270154 0.476471 0.269846 0.476471 0.269231 0.477005 0.268923 0.477005 0.268 0.477807 0.268 0.478342 0.267692 0.47861 0.267077 0.478075 0.266769 0.478075 0.266462 0.478342 0.266462 0.47861 0.266769 0.478877 0.266769 0.479144 0.267692 0.479947 0.268 0.479679 0.268308 0.479679 0.268615 0.479947 0.268923 0.479947 0.269231 0.480214 0.269231 0.480749 0.268615 0.481283 0.268308 0.481283 0.267692 0.481818 0.267385 0.481818 0.267385 0.482353 0.268 0.482888 0.268 0.483155 0.268615 0.48369 0.268615 0.483957 0.269538 0.484759 0.269538 0.485027 0.270154 0.485561 0.270154 0.485829 0.270769 0.486364 0.270769 0.486631 0.271385 0.487166 0.271385 0.487433 0.272 0.487968 0.272 0.488235 0.272923 0.489037 0.272923 0.489305 0.273538 0.48984 0.273538 0.490107 0.274154 0.490642 0.274154 0.490909 0.274769 0.491444 0.274769 0.491711 0.275385 0.492246 0.275385 0.492513 0.276308 0.493316 0.276308 0.493583 0.276923 0.494118 0.276923 0.494385 0.277538 0.49492 0.277538 0.495187 0.278154 0.495722 0.278154 0.495989 0.278769 0.496524 0.278769 0.496791 0.279692 0.497594 0.279692 0.497861 0.280308 0.498396 0.280308 0.498663 0.280923 0.499198 0.280923 0.499465 0.281538 0.5 0.281538 0.500267 0.282154 0.500802 0.282154 0.50107 0.283077 0.501872 0.283077 0.502139 0.283692 0.502674 0.283692 0.502941 0.284308 0.503476 0.284308 0.503743 0.284923 0.504278 0.284923 0.504545 0.285538 0.50508 0.285538 0.505348 0.286462 0.50615 0.286462 0.506417 0.287077 0.506952 0.287077 0.507219 0.287692 0.507754 0.287692 0.508021 0.288308 0.508556 0.288308 0.508824 0.288923 0.509358 0.288923 0.509626 0.289846 0.510428 0.289846 0.510695 0.290462 0.51123 0.290462 0.511497 0.291077 0.512032 0.291077 0.512299 0.291692 0.512834 0.291692 0.513102 0.292308 0.513636 0.292308 0.513904 0.292923 0.514439 0.292923 0.514973 0.292308 0.515508 0.292 0.515508 0.291385 0.516043 0.291077 0.516043 0.290462 0.516578 0.290154 0.516578 0.289846 0.516845 0.289538 0.516845 0.289231 0.516578 0.289231 0.51631 0.288615 0.515775 0.288615 0.515508 0.288 0.514973 0.288 0.514706 0.287385 0.514171 0.287385 0.513904 0.286769 0.513369 0.286769 0.513102 0.286154 0.512567 0.286154 0.512299 0.285231 0.511497 0.285231 0.51123 0.284615 0.510695 0.284615 0.510428 0.284 0.509893 0.284 0.509626 0.283385 0.509091 0.283385 0.508824 0.282769 0.508289 0.282769 0.508021 0.281846 0.507219 0.281846 0.506952 0.281231 0.506417 0.281231 0.50615 0.280615 0.505615 0.280615 0.505348 0.28 0.504813 0.28 0.504545 0.279385 0.504011 0.279385 0.503743 0.278462 0.502941 0.278462 0.502674 0.277846 0.502139 0.277846 0.501872 0.277231 0.501337 0.277231 0.50107 0.276615 0.500535 0.276615 0.500267 0.276 0.499733 0.276 0.499465 0.275077 0.498663 0.275077 0.498396 0.274462 0.497861 0.274462 0.497594 0.273846 0.497059 0.273846 0.496791 0.273231 0.496257 0.273231 0.495989 0.272615 0.495455 0.272615 0.495187 0.271692 0.494385 0.271692 0.494118 0.271077 0.493583 0.271077 0.493316 0.270462 0.492781 0.270462 0.492513 0.269846 0.491979 0.269846 0.491711 0.269231 0.491176 0.269231 0.490909 0.268308 0.490107 0.268308 0.48984 0.267692 0.489305 0.267692 0.489037 0.267077 0.488503 0.267077 0.488235 0.266462 0.487701 0.266462 0.487433 0.265846 0.486898 0.265846 0.486631 0.264923 0.485829 0.264923 0.485561 0.264308 0.485027 0.264308 0.484759 0.263692 0.484225 0.263692 0.483957 0.263077 0.483422 0.263077 0.483155 0.262462 0.48262 0.262462 0.482353 0.261846 0.481818 0.261846 0.481551 0.260923 0.480749 0.260923 0.480481 0.260308 0.479947 0.260308 0.479679 0.259692 0.479144 0.259692 0.478877 0.259077 0.478342 0.259077 0.478075 0.258462 0.47754 0.258462 0.477273 0.257538 0.476471 0.257538 0.476203 0.256923 0.475668 0.256923 0.475401 0.256308 0.474866 0.256308 0.474599 0.255692 0.474064 0.255692 0.473797 0.255385 0.473797 0.255077 0.474064 0.254462 0.473529 0.254462 0.473262 0.254154 0.472995 0.253846 0.473262 0.252923 0.47246 0.253231 0.472193 0.253231 0.471925 0.253538 0.471658 0.253846 0.471658 0.253538 0.47139 0.253538 0.471123 0.252923 0.470588 0.252923 0.470321 0.252308 0.469786 0.251692 0.470321 0.251385 0.470321 0.250769 0.470856 0.250462 0.470856 0.249846 0.47139 0.249538 0.47139 0.249231 0.471658 0.249846 0.472193 0.249231 0.472727 0.248615 0.472193 0.248308 0.472193 0.247692 0.472727 0.247385 0.472727 0.246769 0.473262 0.246462 0.473262 0.245846 0.473797 0.245538 0.473797 0.245538 0.474064 0.244615 0.474866 0.244308 0.474866 0.244308 0.475401 0.244 0.475668 0.243385 0.475134 0.242769 0.475668 0.242462 0.475668 0.241846 0.476203 0.241538 0.476203 0.240923 0.476738 0.240615 0.476738 0.24 0.477273 0.239692 0.477273 0.239692 0.47754 0.240308 0.478075 0.240308 0.47861 0.239692 0.479144 0.239692 0.479412 0.239385 0.479679 0.239077 0.479412 0.238769 0.479679 0.238462 0.479679 0.237846 0.480214 0.237538 0.480214 0.237231 0.480481 0.237538 0.480749 0.236615 0.481551 0.237538 0.482353 0.237538 0.48262 0.237846 0.482888 0.237846 0.483155 0.238154 0.483422 0.238154 0.484492 0.238769 0.485027 0.238769 0.485294 0.239077 0.485561 0.238769 0.485829 0.239385 0.486364 0.239692 0.486096 0.240308 0.486631 0.24 0.486898 0.24 0.487166 0.240308 0.487433 0.240308 0.487701 0.24 0.487968 0.239385 0.487433 0.239077 0.487433 0.238462 0.487968 0.238154 0.487968 0.238154 0.488235 0.238769 0.48877 0.239385 0.488235 0.239692 0.488235 0.240308 0.487701 0.240615 0.487968 0.240615 0.488235 0.240308 0.488503 0.240308 0.48877 0.24 0.489037 0.24 0.489305 0.240615 0.48984 0.240923 0.489572 0.241231 0.489572 0.241538 0.489305 0.242154 0.48984 0.242154 0.490107 0.242769 0.490642 0.242769 0.490909 0.244308 0.492246 0.244308 0.492781 0.244923 0.493316 0.244923 0.493583 0.244 0.494385 0.243692 0.494385 0.243692 0.49492 0.244308 0.495455 0.244615 0.495187 0.244923 0.495187 0.245231 0.49492 0.245231 0.494652 0.244923 0.494385 0.245231 0.494118 0.245538 0.494118 0.245846 0.49385 0.246462 0.494385 0.246154 0.494652 0.246769 0.495187 0.246769 0.495455 0.247385 0.495989 0.247077 0.496257 0.247077 0.496524 0.246769 0.496791 0.247077 0.497059 0.248 0.497059 0.248308 0.497326 0.248308 0.497861 0.248 0.498128 0.248 0.498396 0.248308 0.498663 0.248 0.49893 0.248615 0.499465 0.248615 0.5 0.248308 0.500267 0.248 0.500267 0.248 0.500802 0.248615 0.501337 0.249231 0.500802 0.249538 0.500802 0.249538 0.500535 0.249231 0.500267 0.249538 0.5 0.249846 0.5 0.251077 0.50107 0.250769 0.501337 0.250462 0.501337 0.250462 0.502139 0.250154 0.502406 0.249846 0.502406 0.249538 0.502674 0.250154 0.503209 0.250154 0.503476 0.250769 0.504011 0.250769 0.504278 0.251385 0.503743 0.251385 0.502941 0.251692 0.502674 0.252 0.502941 0.252 0.504011 0.252615 0.504545 0.252923 0.504545 0.253231 0.504813 0.253231 0.50508 0.253846 0.505615 0.253538 0.505882 0.254154 0.506417 0.253846 0.506684 0.254154 0.506952 0.254154 0.507219 0.255385 0.508289 0.255385 0.508824 0.254769 0.509358 0.255385 0.509893 0.255385 0.51016 0.256 0.510695 0.256 0.510963 0.256923 0.511765 0.256923 0.512032 0.257231 0.512032 0.257538 0.511765 0.257846 0.511765 0.258154 0.511497 0.258462 0.511497 0.258769 0.511765 0.258769 0.512032 0.259077 0.512299 0.259692 0.512299 0.260308 0.512834 0.260308 0.513102 0.26 0.513369 0.26 0.513636 0.260615 0.514171 0.260615 0.514439 0.260923 0.514439 0.261231 0.514706 0.261231 0.514973 0.260308 0.515775 0.26 0.515775 0.260308 0.516043 0.260308 0.51631 0.260923 0.516845 0.260923 0.517112 0.261231 0.517112 0.261846 0.517647 0.262462 0.517647 0.262769 0.51738 0.263077 0.51738 0.263385 0.517647 0.262769 0.518182 0.262462 0.518182 0.262154 0.518449 0.262154 0.518717 0.262769 0.519251 0.262462 0.519519 0.263077 0.520053 0.262769 0.520321 0.262154 0.520321 0.261538 0.520856 0.261231 0.520856 0.260615 0.52139 0.260308 0.52139 0.259385 0.522193 0.259385 0.52246 0.259077 0.522727 0.258154 0.522727 0.257538 0.523262 0.257231 0.523262 0.256615 0.523797 0.256615 0.524064 0.256308 0.524332 0.256 0.524332 0.255385 0.524866 0.255385 0.525401 0.255077 0.525668 0.254769 0.525401 0.254769 0.525134 0.254462 0.525401 0.254154 0.525401 0.253231 0.526203 0.252923 0.525936 0.252923 0.525668 0.252615 0.525401 0.252 0.525936 0.252 0.526203 0.251692 0.526471 0.251385 0.526471 0.250769 0.527005 0.250462 0.526738 0.250154 0.527005 0.249846 0.527005 0.249538 0.527273 0.249846 0.52754 0.250154 0.52754 0.250462 0.527807 0.251077 0.527273 0.251385 0.527273 0.251692 0.52754 0.251385 0.527807 0.251385 0.528075 0.251692 0.528342 0.251385 0.52861 0.250769 0.52861 0.250462 0.528342 0.250154 0.52861 0.249846 0.52861 0.248923 0.529412 0.248615 0.529412 0.248 0.529947 0.247692 0.529947 0.247077 0.530481 0.246769 0.530481 0.246154 0.531016 0.245846 0.530749 0.245846 0.529679 0.245538 0.529679 0.245231 0.529947 0.244923 0.529947 0.244923 0.530214 0.244615 0.530481 0.244615 0.530749 0.243692 0.531551 0.243692 0.531818 0.243385 0.532086 0.243692 0.532353 0.243692 0.532888 0.243385 0.533155 0.243385 0.53369 0.244 0.534225 0.244 0.534492 0.244308 0.534759 0.244923 0.534759 0.245846 0.535561 0.245846 0.535829 0.245231 0.536364 0.245538 0.536631 0.245538 0.536898 0.245846 0.537166 0.245231 0.537701 0.245538 0.537968 0.245538 0.538235 0.246154 0.53877 0.245846 0.539037 0.246154 0.539305 0.245846 0.539572 0.245846 0.53984 0.245538 0.540107 0.244923 0.540107 0.244615 0.540374 0.244308 0.540374 0.243692 0.540909 0.243385 0.540909 0.242769 0.541444 0.242769 0.541711 0.242462 0.541979 0.242154 0.541979 0.241538 0.542513 0.241231 0.542513 0.240308 0.543316 0.24 0.543316 0.239385 0.54385 0.239077 0.54385 0.238462 0.544385 0.238154 0.544385 0.237231 0.545187 0.236923 0.545187 0.236615 0.545455 0.236308 0.545455 0.235385 0.546257 0.235077 0.546257 0.234462 0.546791 0.234154 0.546791 0.233538 0.547326 0.233538 0.547594 0.233846 0.547861 0.233231 0.548396 0.232923 0.548396 0.232308 0.547861 0.231692 0.548396 0.231385 0.548396 0.230462 0.549198 0.230154 0.549198 0.229846 0.549465 0.229538 0.549198 0.229538 0.54893 0.228923 0.54893 0.228615 0.549198 0.228308 0.54893 0.228 0.54893 0.227692 0.548663 0.227077 0.549198 0.226462 0.549198 0.226154 0.54893 0.226154 0.548396 0.225846 0.548128 0.225538 0.548128 0.225231 0.547861 0.224923 0.547861 0.224615 0.547594 0.224308 0.547594 0.224 0.547861 0.223385 0.547326 0.223077 0.547326 0.222769 0.547594 0.222154 0.547594 0.221846 0.547326 0.222769 0.546524 0.222154 0.545989 0.221846 0.545989 0.221538 0.546257 0.220923 0.546257 0.220615 0.546524 0.220615 0.546791 0.220923 0.547059 0.220923 0.547326 0.220615 0.547594 0.220308 0.547594 0.219692 0.548128 0.219385 0.548128 0.218769 0.548663 0.218462 0.548663 0.218154 0.548396 0.218154 0.548128 0.217846 0.548128 0.216 0.549733 0.216 0.550267 0.215692 0.550535 0.215385 0.550535 0.214769 0.55107 0.214462 0.55107 0.213846 0.551604 0.213231 0.551604 0.212923 0.551337 0.212308 0.551872 0.212 0.551872 0.211692 0.552139 0.211077 0.552139 0.210462 0.552674 0.210154 0.552674 0.209538 0.553209 0.209231 0.553209 0.208923 0.553476 0.208923 0.553743 0.209231 0.554011 0.209231 0.554278 0.208923 0.554545 0.208308 0.554545 0.208 0.554278 0.207385 0.554278 0.206462 0.55508 0.206154 0.55508 0.206769 0.555615 0.206154 0.55615 0.206154 0.556417 0.205846 0.556684 0.205538 0.556684 0.204615 0.557487 0.204308 0.557487 0.204 0.557754 0.203385 0.557754 0.203077 0.558021 0.202769 0.558021 0.201846 0.558824 0.201538 0.558556 0.201538 0.558289 0.201231 0.558289 0.200308 0.559091 0.200308 0.559626 0.2 0.559893 0.199692 0.559893 0.199077 0.560428 0.198769 0.560428 0.198154 0.560963 0.197846 0.560963 0.197231 0.561497 0.196923 0.561497 0.196308 0.562032 0.196308 0.562299 0.196 0.562567 0.195692 0.562567 0.195385 0.562834 0.194769 0.562834 0.194462 0.563102 0.194154 0.563102 0.193538 0.562567 0.192615 0.563369 0.192923 0.563636 0.192923 0.563904 0.192615 0.564171 0.192615 0.564439 0.192 0.564973 0.191692 0.564973 0.191077 0.565508 0.190769 0.565241 0.190154 0.565775 0.189846 0.565775 0.189846 0.566043 0.188923 0.566845 0.188615 0.566845 0.188615 0.567112 0.187692 0.567914 0.187385 0.567647 0.186769 0.567647 0.186154 0.568182 0.185846 0.568182 0.185846 0.568449 0.185231 0.568984 0.184923 0.568984 0.184 0.569786 0.183077 0.569786 0.182462 0.570321 0.182462 0.570588 0.182154 0.570856 0.181846 0.570856 0.181231 0.57139 0.180923 0.57139 0.180308 0.571925 0.18 0.571925 0.179385 0.57246 0.179077 0.572193 0.178462 0.572727 0.178154 0.572727 0.177538 0.572193 0.176923 0.572727 0.176615 0.572727 0.176615 0.572995 0.177538 0.573797 0.176923 0.574332 0.176615 0.574332 0.176 0.574866 0.174769 0.574866 0.174462 0.575134 0.174154 0.575134 0.173846 0.574866 0.173538 0.574866 0.173231 0.574599 0.172923 0.574599 0.172615 0.574332 0.172923 0.574064 0.172923 0.573797 0.172615 0.573529 0.172615 0.573262 0.172308 0.573529 0.172 0.573529 0.172 0.573797 0.171385 0.574332 0.171077 0.574332 0.170462 0.574866 0.169846 0.574866 0.169538 0.575134 0.169231 0.575134 0.169231 0.575401 0.169538 0.575668 0.168923 0.576203 0.168 0.576203 0.167385 0.576738 0.167077 0.576738 0.166462 0.577273 0.166154 0.577273 0.165231 0.578075 0.164923 0.578075 0.164615 0.578342 0.164308 0.578075 0.163692 0.57861 0.163692 0.578877 0.163385 0.579144 0.163077 0.579144 0.162769 0.579412 0.162769 0.579679 0.162462 0.579947 0.162462 0.580214 0.162154 0.580481 0.162154 0.581551 0.161538 0.582086 0.161846 0.582353 0.161538 0.58262 0.161846 0.582888 0.161538 0.583155 0.161538 0.583422 0.161846 0.58369 0.160923 0.584492 0.160615 0.584492 0.160308 0.584759 0.160615 0.585027 0.160615 0.585294 0.160923 0.585561 0.161846 0.584759 0.162154 0.585027 0.162154 0.585829 0.162462 0.585829 0.162769 0.585561 0.163077 0.585829 0.163077 0.586364 0.162769 0.586631 0.162462 0.586364 0.162154 0.586631 0.162154 0.586898 0.161846 0.587166 0.161846 0.587433 0.161538 0.587701 0.161846 0.587968 0.161538 0.588235 0.161846 0.588503 0.161846 0.58877 0.162462 0.589305 0.162154 0.589572 0.161846 0.589572 0.161846 0.590107 0.162462 0.590107 0.162769 0.58984 0.163077 0.58984 0.163692 0.590374 0.163385 0.590642 0.164 0.591176 0.164 0.591444 0.164308 0.591444 0.165231 0.592246 0.165231 0.592513 0.165846 0.593048 0.165846 0.593583 0.166154 0.59385 0.166154 0.594118 0.166769 0.594652 0.166769 0.59492 0.167385 0.595455 0.167385 0.595722 0.168 0.596257 0.168 0.596524 0.168615 0.595989 0.168923 0.595989 0.168615 0.595722 0.168923 0.595455 0.169231 0.595455 0.169538 0.595187 0.170462 0.595989 0.170462 0.596257 0.171077 0.596791 0.171077 0.597059 0.171692 0.597594 0.171692 0.597861 0.172308 0.598396 0.172308 0.598663 0.172923 0.599198 0.172923 0.599465 0.173538 0.6 0.173538 0.600267 0.174462 0.60107 0.174462 0.601337 0.175077 0.601872 0.175077 0.602139 0.175692 0.602674 0.175692 0.602941 0.176308 0.603476 0.176308 0.603743 0.176923 0.604278 0.176923 0.604545 0.177846 0.605348 0.177231 0.605882 0.177231 0.60615 0.176923 0.606417 0.176923 0.606684 0.176615 0.606952 0.176308 0.606952 0.175692 0.607487 0.176 0.607754 0.175385 0.608289 0.175077 0.608289 0.174462 0.608824 0.174154 0.608824 0.173231 0.609626 0.172923 0.609626 0.172308 0.61016 0.172 0.61016 0.171385 0.610695 0.171077 0.610695 0.170462 0.61123 0.170154 0.61123 0.169538 0.611765 0.169231 0.611765 0.168615 0.612299 0.168615 0.612567 0.168308 0.612834 0.168 0.612834 0.167385 0.613369 0.167385 0.613904 0.167077 0.614171 0.167077 0.614439 0.166769 0.614706 0.166769 0.615241 0.167077 0.615508 0.167692 0.615508 0.168 0.615775 0.167385 0.61631 0.167077 0.61631 0.166769 0.616578 0.166769 0.616845 0.166462 0.617112 0.166769 0.61738 0.166769 0.617647 0.167077 0.617647 0.167385 0.617914 0.167385 0.618182 0.167077 0.618449 0.167385 0.618717 0.167077 0.618984 0.167692 0.619519 0.167692 0.619786 0.168615 0.620588 0.168615 0.620856 0.169231 0.62139 0.169231 0.621658 0.169846 0.622193 0.169846 0.62246 0.170462 0.622995 0.170462 0.623262 0.171077 0.623797 0.171077 0.624064 0.172 0.624866 0.172 0.625134 0.172615 0.625668 0.172615 0.625936 0.173231 0.626471 0.173231 0.626738 0.173846 0.627273 0.173846 0.62754 0.174462 0.628075 0.174462 0.628342 0.175077 0.628877 0.175385 0.628877 0.175692 0.629144 0.175385 0.629412 0.176 0.629947 0.176 0.630214 0.176308 0.630481 0.176923 0.629947 0.177231 0.630214 0.177538 0.629947 0.178462 0.630749 0.178462 0.631016 0.178769 0.631283 0.178462 0.631551 0.178154 0.631551 0.177538 0.632086 0.177846 0.632353 0.177846 0.63262 0.178154 0.632888 0.178462 0.63262 0.178769 0.63262 0.179077 0.632888 0.179077 0.633155 0.179385 0.633422 0.179692 0.633155 0.18 0.633155 0.180615 0.63262 0.180923 0.63262 0.181538 0.632086 0.181846 0.632086 0.182462 0.631551 0.182769 0.631551 0.183385 0.631016 0.183692 0.631016 0.184615 0.630214 0.185231 0.630749 0.185231 0.631016 0.185846 0.631551 0.185846 0.631818 0.186462 0.632353 0.186462 0.63262 0.187077 0.633155 0.187077 0.633422 0.187692 0.633957 0.187692 0.634225 0.188615 0.635027 0.188615 0.635294 0.189231 0.635829 0.189231 0.636096 0.189846 0.636631 0.189846 0.636898 0.190462 0.637433 0.190462 0.637701 0.191077 0.638235 0.191077 0.638503 0.192 0.639305 0.192 0.639572 0.192615 0.640107 0.192615 0.640374 0.193231 0.640909 0.193231 0.641176 0.193846 0.641711 0.193846 0.641979 0.194462 0.642513 0.194462 0.642781 0.195385 0.643583 0.195385 0.64385 0.196 0.644385 0.196 0.644652 0.196615 0.645187 0.196615 0.645455 0.197231 0.645989 0.197231 0.646257 0.197846 0.646791 0.197846 0.647059 0.198769 0.647861 0.198769 0.648128 0.199385 0.648663 0.199385 0.64893 0.2 0.649465 0.2 0.649733 0.200308 0.65 0.200615 0.65 0.200923 0.650267 0.201231 0.650267 0.201538 0.650535 0.201231 0.650802 0.201231 0.651337 0.201538 0.651337 0.201846 0.65107 0.201846 0.650535 0.202154 0.650267 0.202769 0.650267 0.203077 0.650535 0.203077 0.650802 0.203692 0.650802 0.204615 0.651604 0.204308 0.651872 0.204308 0.652406 0.204 0.652674 0.203692 0.652406 0.203692 0.652139 0.203385 0.651872 0.202769 0.651872 0.202462 0.652139 0.202154 0.652139 0.202154 0.652406 0.202769 0.652941 0.202769 0.653209 0.203385 0.653743 0.203385 0.654011 0.204 0.654545 0.204 0.654813 0.204615 0.655348 0.204615 0.655615 0.204923 0.655882 0.205538 0.655882 0.206462 0.656684 0.206462 0.656952 0.207077 0.657487 0.207077 0.657754 0.207692 0.658289 0.207692 0.658556 0.208615 0.659358 0.208615 0.659626 0.209231 0.66016 0.209231 0.660428 0.209846 0.660963 0.209846 0.66123 0.210462 0.661765 0.210462 0.662032 0.211077 0.662567 0.211077 0.662834 0.211692 0.663369 0.212 0.663369 0.212308 0.663636 0.212 0.663904 0.212615 0.664439 0.212615 0.664706 0.213231 0.665241 0.213231 0.665508 0.213846 0.666043 0.213846 0.66631 0.214462 0.666845 0.214462 0.667112 0.215077 0.667647 0.215077 0.667914 0.216 0.668717 0.216 0.668984 0.216615 0.669519 0.216615 0.669786 0.217231 0.670321 0.217231 0.670588 0.217846 0.671123 0.217846 0.67139 0.218462 0.671925 0.218462 0.672193 0.219385 0.672995 0.219385 0.673262 0.22 0.673797 0.22 0.674064 0.220615 0.674599 0.220615 0.674866 0.221231 0.675401 0.221231 0.675668 0.221846 0.676203 0.221846 0.676471 0.222769 0.677273 0.222769 0.67754 0.223385 0.678075 0.223385 0.678342 0.224308 0.679144 0.224308 0.679412 0.224615 0.679679 0.224615 0.679947 0.225231 0.680481 0.225231 0.680749 0.226154 0.681551 0.226154 0.681818 0.226769 0.682353 0.226769 0.68262 0.227385 0.683155 0.227385 0.683422 0.228 0.683957 0.228 0.684225 0.228615 0.684759 0.228615 0.685027 0.229231 0.685561 0.229231 0.685829 0.230154 0.686631 0.230154 0.686898 0.230769 0.687433 0.230769 0.687701 0.231385 0.688235 0.231385 0.688503 0.232 0.689037 0.232 0.689305 0.232615 0.68984 0.232615 0.690107 0.233538 0.690909 0.233538 0.691176 0.234154 0.691711 0.234154 0.691979 0.234769 0.692513 0.234769 0.692781 0.235385 0.693316 0.235385 0.693583 0.235692 0.69385 0.236 0.69385 0.236308 0.693583 0.236615 0.693583 0.236923 0.69385 0.236923 0.694385 0.236615 0.694652 0.236615 0.69492 0.236923 0.695187 0.236923 0.695455 0.237538 0.695989 0.237846 0.695989 0.238462 0.695455 0.238769 0.695722 0.238769 0.695989 0.239077 0.696257 0.239077 0.696791 0.238462 0.697326 0.238769 0.697594 0.238769 0.697861 0.239692 0.698663 0.24 0.698396 0.240308 0.698396 0.240615 0.698128 0.240923 0.698396 0.240923 0.698663 0.241231 0.69893 0.241231 0.699198 0.240615 0.699733 0.240615 0.7 0.240923 0.700267 0.240923 0.700535 0.241538 0.70107 0.241538 0.701337 0.241846 0.701337 0.242154 0.70107 0.242462 0.701337 0.242462 0.701604 0.243077 0.702139 0.242769 0.702406 0.242462 0.702406 0.242769 0.702674 0.242769 0.702941 0.243077 0.703209 0.244 0.703209 0.244615 0.703743 0.244615 0.704278 0.244923 0.704545 0.244923 0.704813 0.244615 0.70508 0.244923 0.705348 0.244923 0.705615 0.245538 0.70615 0.245538 0.706417 0.245846 0.706417 0.246154 0.70615 0.246769 0.706684 0.246769 0.706952 0.247385 0.707487 0.247077 0.707754 0.247077 0.708289 0.247692 0.708824 0.247692 0.709091 0.248308 0.709626 0.248308 0.709893 0.248923 0.710428 0.248923 0.710695 0.249538 0.71123 0.249538 0.711497 0.249846 0.711765 0.250462 0.711765 0.251385 0.712567 0.251077 0.712834 0.251077 0.713369 0.251692 0.713904 0.251692 0.714171 0.252 0.713904 0.252308 0.713904 0.252615 0.714171 0.252615 0.714439 0.252923 0.714706 0.252615 0.714973 0.252615 0.715241 0.252923 0.715508 0.252923 0.715775 0.253538 0.71631 0.253538 0.716578 0.253846 0.716845 0.254154 0.716578 0.254462 0.716578 0.255077 0.716043 0.255385 0.716043 0.256 0.716578 0.256 0.716845 0.256308 0.717112 0.256615 0.717112 0.257231 0.717647 0.257231 0.718182 0.257538 0.718449 0.257538 0.718717 0.258154 0.719251 0.258154 0.719519 0.258769 0.720053 0.258769 0.720321 0.259385 0.720856 0.259385 0.721123 0.260308 0.721925 0.260308 0.722193 0.260923 0.722727 0.260923 0.722995 0.261538 0.723529 0.261538 0.723797 0.262154 0.724332 0.262154 0.724599 0.262769 0.725134 0.262769 0.725401 0.263692 0.726203 0.263692 0.726471 0.264308 0.727005 0.264308 0.727273 0.264923 0.727807 0.264923 0.728075 0.265538 0.72861 0.265538 0.728877 0.266154 0.729412 0.266154 0.729679 0.266769 0.730214 0.266769 0.730481 0.267692 0.731283 0.267692 0.731551 0.268308 0.732086 0.268308 0.732353 0.268615 0.73262 0.268923 0.73262 0.269231 0.732888 0.268923 0.733155 0.269538 0.73369 0.269538 0.733957 0.270154 0.734492 0.270154 0.734759 0.270769 0.735294 0.271077 0.735294 0.271385 0.735561 0.271385 0.736096 0.271692 0.736364 0.271692 0.736631 0.272308 0.737166 0.272308 0.737433 0.273231 0.738235 0.273231 0.738503 0.273538 0.73877 0.273538 0.739037 0.274462 0.73984 0.274462 0.740107 0.275077 0.740642 0.275077 0.740909 0.275692 0.741444 0.275692 0.741711 0.276308 0.742246 0.276308 0.742513 0.276923 0.743048 0.276923 0.743316 0.277846 0.744118 0.277846 0.744385 0.278462 0.74492 0.278462 0.745187 0.279077 0.745722 0.279077 0.745989 0.279692 0.746524 0.279692 0.746791 0.28 0.747059 0.280308 0.747059 0.280923 0.747594 0.281231 0.747594 0.281538 0.747861 0.281538 0.748663 0.282154 0.749198 0.282154 0.749733 0.282462 0.75 0.282462 0.750267 0.283077 0.750802 0.283077 0.75107 0.283692 0.751604 0.283692 0.751872 0.284308 0.752406 0.284615 0.752406 0.285231 0.751872 0.285538 0.752139 0.285538 0.752941 0.285231 0.753209 0.285231 0.753743 0.285846 0.754278 0.285846 0.754545 0.286462 0.75508 0.286462 0.755348 0.286769 0.755348 0.287077 0.75508 0.287385 0.755348 0.287385 0.756417 0.287692 0.756684 0.287692 0.756952 0.288615 0.757754 0.288615 0.758021 0.288923 0.757754 0.289231 0.757754 0.289538 0.758021 0.289231 0.758289 0.289231 0.758824 0.289846 0.759358 0.289846 0.759626 0.290462 0.76016 0.290462 0.760428 0.290769 0.760695 0.291385 0.760695 0.292308 0.761497 0.292308 0.761765 0.292615 0.762032 0.292923 0.762032 0.293538 0.762567 0.293538 0.762834 0.293846 0.763102 0.294462 0.763102 0.295077 0.763636 0.295385 0.763636 0.295692 0.763904 0.295692 0.764706 0.296 0.764973 0.296308 0.764973 0.296923 0.765508 0.296923 0.765775 0.297846 0.766578 0.297846 0.766845 0.298462 0.76738 0.298462 0.767647 0.298769 0.767647 0.299692 0.768449 0.299692 0.768717 0.300308 0.769251 0.300308 0.769519 0.300923 0.770053 0.300923 0.770321 0.301538 0.770856 0.301538 0.771123 0.301846 0.77139 0.302154 0.77139 0.302462 0.771123 0.302769 0.77139 0.302769 0.771658 0.303385 0.772193 0.303385 0.77246 0.304 0.772995 0.304 0.773262 0.304615 0.773797 0.304615 0.774064 0.305231 0.774599 0.305231 0.774866 0.306154 0.775668 0.306154 0.775936 0.306769 0.776471 0.306769 0.776738 0.307385 0.777273 0.307385 0.77754 0.308 0.778075 0.308 0.778342 0.308615 0.778877 0.308615 0.779144 0.309231 0.779679 0.309231 0.779947 0.310154 0.780749 0.310154 0.781016 0.310769 0.781551 0.310769 0.782086 0.310462 0.782353 0.311077 0.782888 0.311077 0.783155 0.311692 0.78369 0.311692 0.783957 0.312308 0.784492 0.312308 0.784759 0.312923 0.785294 0.312923 0.785561 0.313846 0.786364 0.313846 0.786631 0.314154 0.786898 0.314154 0.787433 0.314462 0.787701 0.314462 0.787968 0.315385 0.78877 0.315385 0.789037 0.316 0.789572 0.316 0.78984 0.316615 0.790374 0.316615 0.790642 0.318154 0.791979 0.318154 0.792513 0.318769 0.793048 0.318769 0.793316 0.319385 0.79385 0.319385 0.794118 0.319692 0.794385 0.32 0.794385 0.320308 0.794652 0.320923 0.794652 0.321231 0.79492 0.321846 0.79492 0.322154 0.795187 0.322462 0.79492 0.322769 0.79492 0.323077 0.795187 0.324308 0.795187 0.324615 0.79492 0.324923 0.79492 0.325231 0.795187 0.325846 0.795187 0.326154 0.79492 0.326769 0.79492 0.327077 0.795187 0.327385 0.79492 0.327692 0.795187 0.328 0.795187 0.328308 0.79492 0.328615 0.795187 0.328615 0.795455 0.328923 0.795187 0.329231 0.795187 0.329846 0.794652 0.330154 0.794652 0.330769 0.794118 0.331077 0.794118 0.331385 0.794385 0.331385 0.794652 0.332 0.795187 0.332 0.795455 0.332615 0.795989 0.332615 0.796257 0.333231 0.796791 0.333231 0.797059 0.333846 0.797594 0.333846 0.797861 0.334769 0.798663 0.334769 0.79893 0.335385 0.799465 0.335385 0.799733 0.336 0.800267 0.336 0.800535 0.336615 0.80107 0.336615 0.801337 0.337231 0.801872 0.337231 0.802139 0.338154 0.802941 0.338154 0.803209 0.338769 0.803743 0.338769 0.804011 0.339385 0.804545 0.339385 0.804813 0.34 0.805348 0.34 0.805615 0.340615 0.80615 0.340615 0.806417 0.341538 0.807219 0.341538 0.807487 0.342154 0.808021 0.342154 0.808289 0.342769 0.808824 0.342769 0.809091 0.343385 0.809626 0.343385 0.809893 0.344 0.810428 0.344 0.810695 0.344923 0.811497 0.344923 0.811765 0.345538 0.812299 0.345538 0.812567 0.346154 0.813102 0.346154 0.813369 0.346769 0.813904 0.346769 0.814171 0.347385 0.814706 0.347385 0.814973 0.348308 0.815775 0.348308 0.816043 0.348923 0.816578 0.348923 0.816845 0.349538 0.81738 0.349538 0.817647 0.350154 0.818182 0.350154 0.818449 0.350769 0.818984 0.350769 0.819251 0.351692 0.820053 0.351692 0.820321 0.352308 0.820856 0.352308 0.821123 0.352923 0.821658 0.352923 0.821925 0.353538 0.82246 0.353538 0.822727 0.354154 0.823262 0.354154 0.823529 0.355077 0.824332 0.355077 0.824599 0.355692 0.825134 0.355692 0.825401 0.356308 0.825936 0.356308 0.826203 0.356923 0.826738 0.356923 0.827005 0.357538 0.82754 0.357538 0.827807 0.358154 0.828342 0.358154 0.82861 0.359077 0.829412 0.359077 0.829679 0.359692 0.830214 0.359692 0.830481 0.360308 0.831016 0.360308 0.831283 0.360923 0.831818 0.360923 0.832086 0.361538 0.83262 0.361538 0.832888 0.362462 0.83369 0.362462 0.833957 0.363077 0.834492 0.363077 0.834759 0.363692 0.835294 0.363692 0.835561 0.364308 0.836096 0.364308 0.836364 0.364923 0.836898 0.364923 0.837166 0.365846 0.837968 0.365846 0.838235 0.366462 0.83877 0.366462 0.839037 0.367077 0.839572 0.367077 0.83984 0.367692 0.840374 0.367692 0.840642 0.368308 0.841176 0.368308 0.841711 0.367692 0.842246 0.367385 0.842246 0.366769 0.842781 0.366462 0.842781 0.365846 0.843316 0.365538 0.843316 0.365231 0.843583 0.365231 0.844118 0.365846 0.844652 0.365846 0.845187 0.365538 0.845455 0.365231 0.845455 0.365231 0.846524 0.366769 0.847861 0.366769 0.848396 0.366462 0.848663 0.366462 0.84893 0.367077 0.849465 0.367077 0.849733 0.367692 0.849733 0.368615 0.850535 0.368615 0.850802 0.368923 0.850802 0.369538 0.851337 0.369538 0.851872 0.370154 0.852406 0.370154 0.852674 0.370769 0.853209 0.370462 0.853476 0.370462 0.854011 0.371077 0.854545 0.371077 0.854813 0.371692 0.855348 0.372 0.85508 0.372615 0.855615 0.372308 0.855882 0.372308 0.856417 0.373231 0.857219 0.373231 0.857487 0.373846 0.858021 0.373846 0.858289 0.374462 0.858824 0.374462 0.859091 0.375077 0.859626 0.375077 0.859893 0.375692 0.860428 0.375692 0.860695 0.376 0.860695 0.376308 0.860963 0.376308 0.86123 0.376615 0.861497 0.376615 0.861765 0.377231 0.862299 0.377231 0.862567 0.377846 0.863102 0.377846 0.863369 0.378154 0.863102 0.378462 0.863102 0.378769 0.863369 0.378462 0.863636 0.378462 0.864171 0.379077 0.864706 0.379077 0.864973 0.379385 0.865241 0.379692 0.865241 0.38 0.864973 0.380308 0.864973 0.380615 0.865241 0.380615 0.865775 0.380308 0.866043 0.380308 0.86631 0.380615 0.866578 0.380615 0.866845 0.381231 0.86738 0.381231 0.867647 0.381538 0.867914 0.382154 0.867914 0.382462 0.868182 0.382154 0.868449 0.382154 0.868717 0.382462 0.868984 0.382462 0.869251 0.383077 0.869786 0.383077 0.870053 0.384 0.870856 0.384 0.871123 0.384308 0.87139 0.384 0.871658 0.384615 0.872193 0.384615 0.87246 0.385538 0.873262 0.385538 0.873529 0.386154 0.874064 0.386154 0.874332 0.386769 0.874866 0.386769 0.875134 0.387385 0.875668 0.387385 0.875936 0.388 0.875401 0.388308 0.875401 0.388615 0.875668 0.388615 0.875936 0.388923 0.876203 0.388615 0.876471 0.388308 0.876471 0.388 0.876738 0.388923 0.87754 0.388923 0.877807 0.389231 0.878075 0.389846 0.878075 0.390154 0.877807 0.390462 0.877807 0.390769 0.878075 0.390769 0.878342 0.391077 0.87861 0.390154 0.879412 0.390769 0.879947 0.390769 0.880214 0.391077 0.880214 0.391692 0.879679 0.392308 0.879679 0.392615 0.879947 0.392615 0.880214 0.393538 0.881016 0.392615 0.881818 0.392615 0.882086 0.393538 0.882888 0.393846 0.88262 0.394462 0.883155 0.394462 0.883422 0.394154 0.88369 0.394154 0.884492 0.394769 0.885027 0.394769 0.885294 0.395077 0.885561 0.395385 0.885294 0.396 0.885294 0.396308 0.885561 0.396308 0.885829 0.396923 0.886364 0.396615 0.886631 0.396308 0.886631 0.396308 0.887166 0.396923 0.887701 0.396923 0.887968 0.397231 0.888235 0.397846 0.887701 0.398462 0.888235 0.398462 0.888503 0.398769 0.88877 0.398462 0.889037 0.398154 0.889037 0.398154 0.889572 0.398769 0.890107 0.398769 0.890374 0.399077 0.890642 0.399692 0.890642 0.4 0.890374 0.400308 0.890642 0.400308 0.890909 0.400615 0.891176 0.400308 0.891444 0.400308 0.892246 0.400923 0.892781 0.400923 0.893048 0.401231 0.892781 0.402154 0.892781 0.402462 0.893048 0.402462 0.89385 0.402154 0.894118 0.402462 0.894385 0.402154 0.894652 0.403077 0.895455 0.403077 0.895722 0.403385 0.895455 0.403692 0.895722 0.403692 0.895989 0.404308 0.896524 0.404 0.896791 0.404308 0.897059 0.404308 0.897326 0.404923 0.897861 0.404923 0.898128 0.405538 0.898128 0.405846 0.897861 0.406462 0.898396 0.406462 0.898663 0.406769 0.89893 0.406769 0.899198 0.406462 0.899465 0.406462 0.9 0.407077 0.900535 0.407077 0.900802 0.407692 0.900267 0.408 0.900267 0.408308 0.900535 0.408308 0.900802 0.408615 0.90107 0.408615 0.901604 0.408308 0.901872 0.408308 0.902406 0.408923 0.902941 0.408923 0.903209 0.409538 0.903209 0.409846 0.902941 0.410462 0.903476 0.410462 0.903743 0.410769 0.904011 0.410769 0.904278 0.410462 0.904545 0.410462 0.90508 0.411077 0.905615 0.411692 0.90508 0.412 0.90508 0.412308 0.905348 0.412 0.905615 0.412615 0.90615 0.412615 0.906417 0.412308 0.906684 0.412308 0.907487 0.412923 0.908021 0.413231 0.908021 0.413538 0.908289 0.413538 0.908824 0.413846 0.909091 0.413846 0.909358 0.414462 0.909893 0.414462 0.91016 0.415077 0.910695 0.415385 0.910695 0.415692 0.910963 0.415385 0.91123 0.415692 0.911497 0.415692 0.911765 0.416308 0.912299 0.416308 0.912567 0.416923 0.913102 0.417538 0.912567 0.417538 0.912299 0.417846 0.912032 0.417846 0.911497 0.418154 0.91123 0.419077 0.912032 0.418769 0.912299 0.419077 0.912567 0.418462 0.913102 0.418154 0.913102 0.417846 0.913369 0.417846 0.913636 0.417538 0.913904 0.417846 0.914171 0.417846 0.914439 0.418462 0.914973 0.418462 0.915241 0.419077 0.915775 0.419385 0.915775 0.419692 0.915508 0.420308 0.915508 0.420615 0.915775 0.42 0.91631 0.42 0.917112 0.420615 0.917647 0.420615 0.917914 0.420923 0.918182 0.421538 0.917647 0.421846 0.917647 0.422154 0.917914 0.421538 0.918449 0.421538 0.918984 0.421846 0.919251 0.421846 0.919519 0.422462 0.920053 0.422462 0.920321 0.422769 0.920588 0.423385 0.920588 0.424 0.920053 0.424 0.919519 0.423692 0.919251 0.424308 0.918717 0.424615 0.918984 0.424615 0.919251 0.425231 0.919786 0.425231 0.920321 0.424615 0.920856 0.424308 0.920856 0.423692 0.92139 0.423385 0.92139 0.424 0.921925 0.424 0.922193 0.424615 0.922727 0.424615 0.922995 0.425231 0.923529 0.425538 0.923529 0.425846 0.923262 0.426462 0.923797 0.426154 0.924064 0.426154 0.924332 0.426462 0.924599 0.426462 0.925401 0.427077 0.925936 0.427385 0.925936 0.427692 0.926203 0.427385 0.926471 0.428 0.927005 0.428 0.927273 0.428615 0.927807 0.428615 0.928075 0.428923 0.928342 0.429538 0.927807 0.429846 0.927807 0.430154 0.928075 0.430154 0.92861 0.429846 0.928877 0.429846 0.929679 0.430769 0.930481 0.430769 0.930749 0.431385 0.930749 0.432 0.930214 0.432308 0.930214 0.432615 0.930481 0.432308 0.930749 0.432308 0.931283 0.432 0.931551 0.432 0.931818 0.432308 0.932086 0.432923 0.932086 0.433538 0.931551 0.433846 0.931551 0.434462 0.931016 0.435077 0.931016 0.435692 0.931551 0.435692 0.931818 0.436308 0.932353 0.436923 0.931818 0.437231 0.932086 0.437231 0.932888 0.436923 0.933155 0.436923 0.933422 0.437538 0.933957 0.437538 0.934225 0.437846 0.934492 0.438154 0.934492 0.438769 0.933957 0.439077 0.933957 0.439385 0.934225 0.438769 0.934759 0.439385 0.935294 0.439385 0.935829 0.439077 0.936096 0.439692 0.936631 0.439692 0.936898 0.44 0.937166 0.440615 0.937166 0.441231 0.937701 0.440923 0.937968 0.440923 0.938503 0.441846 0.939305 0.441846 0.939572 0.442462 0.940107 0.442462 0.940374 0.443077 0.940909 0.443077 0.941176 0.443692 0.941711 0.443692 0.941979 0.444308 0.942513 0.444308 0.942781 0.445231 0.943583 0.445231 0.94385 0.445846 0.944385 0.445846 0.944652 0.446154 0.94492 0.446462 0.94492 0.447077 0.945455 0.447077 0.946257 0.447692 0.946791 0.447692 0.947059 0.448615 0.947861 0.448615 0.948128 0.449231 0.948663 0.449231 0.94893 0.449846 0.949465 0.449846 0.949733 0.450462 0.950267 0.450462 0.950535 0.451077 0.95107 0.451077 0.951337 0.452 0.952139 0.452 0.952406 0.452615 0.952941 0.452615 0.953209 0.453231 0.953743 0.453231 0.954011 0.453846 0.954545 0.453846 0.954813 0.454154 0.954813 0.454462 0.95508 0.454462 0.955615 0.455077 0.95615 0.455077 0.956417 0.456 0.957219 0.456615 0.956684 0.456923 0.956952 0.456923 0.958021 0.456615 0.958289 0.457231 0.958824 0.457231 0.959091 0.458462 0.96016 0.458462 0.960695 0.459385 0.961497 0.459385 0.961765 0.46 0.962299 0.46 0.962567 0.460308 0.962834 0.460615 0.962834 0.461231 0.963369 0.461231 0.963636 0.461846 0.964171 0.461846 0.964439 0.462462 0.964439 0.462769 0.964706 0.462769 0.964973 0.463077 0.965241 0.462769 0.965508 0.463077 0.965775 0.462769 0.966043 0.463385 0.966578 0.463385 0.966845 0.464 0.96738 0.464 0.967647 0.464308 0.96738 0.464615 0.967647 0.464615 0.967914 0.465231 0.968449 0.465231 0.968717 0.465846 0.969251 0.465846 0.969519 0.466154 0.969786 0.466154 0.970321 0.466769 0.970856 0.466769 0.971123 0.467385 0.971658 0.467385 0.971925 0.468 0.97246 0.468 0.972727 0.468615 0.973262 0.468615 0.973529 0.469538 0.974332 0.469846 0.974332 0.470462 0.973797 0.470769 0.973797 0.471385 0.974332 0.471385 0.974599 0.470462 0.975401 0.470462 0.975668 0.470769 0.975936 0.470769 0.976203 0.471385 0.976738 0.471692 0.976738 0.472 0.976471 0.472 0.976203 0.472308 0.975936 0.472615 0.976203 0.472923 0.975936 0.473231 0.976203 0.473231 0.976471 0.473538 0.976738 0.472615 0.97754 0.472923 0.977807 0.472615 0.978075 0.472615 0.978342 0.472923 0.97861 0.472923 0.978877 0.473231 0.979144 0.473538 0.979144 0.473846 0.978877 0.474154 0.978877 0.474769 0.978342 0.475077 0.97861 0.475077 0.979412 0.474769 0.979679 0.474769 0.979947 0.474462 0.980214 0.474769 0.980481 0.474769 0.980749 0.475385 0.981283 0.475692 0.981016 0.476 0.981016 0.476308 0.980749 0.476615 0.981016 0.476923 0.981016 0.477231 0.981283 0.477538 0.981283 0.477846 0.981551 0.477846 0.981818 0.478154 0.982086 0.477538 0.98262 0.477231 0.98262 0.476923 0.982888 0.477231 0.983155 0.477231 0.983422 0.477846 0.983422 0.478154 0.983155 0.478462 0.983155 0.479077 0.98262 0.48 0.983422 0.48 0.98369 0.480308 0.983422 0.480615 0.983422 0.481231 0.983957 0.481231 0.984225 0.481846 0.984759 0.482154 0.984759 0.482769 0.984225 0.483077 0.984225 0.483692 0.98369 0.484 0.98369 0.484615 0.983155 0.484923 0.983155 0.485538 0.98262 0.485846 0.98262 0.486462 0.982086 0.486769 0.982086 0.487692 0.981283 0.488 0.981283 0.488615 0.980749 0.488923 0.980749 0.489538 0.980214 0.489846 0.980214 0.490462 0.979679 0.490769 0.979679 0.491385 0.979144 0.491692 0.979144 0.492615 0.978342 0.492923 0.978342 0.493538 0.977807 0.493846 0.977807 0.494462 0.977273 0.494769 0.977273 0.495385 0.976738 0.495692 0.976738 0.496308 0.976203 0.496615 0.976203 0.497538 0.975401 0.497846 0.975401 0.498462 0.974866 0.498769 0.974866 0.499385 0.974332 0.499692 0.974332 0.500308 0.973797 0.500615 0.973797 0.501231 0.973262 0.501538 0.973262 0.502154 0.972727 0.502462 0.972727 0.503385 0.971925 0.503692 0.971925 0.504308 0.97139 0.504615 0.97139 0.505231 0.970856 0.505538 0.970856 0.506154 0.970321 0.506462 0.970321 0.507077 0.969786 0.507385 0.969786 0.508308 0.968984 0.508615 0.968984 0.509231 0.968449 0.509538 0.968449 0.510154 0.967914 0.510462 0.967914 0.511077 0.96738 0.511385 0.96738 0.512 0.966845 0.512308 0.966845 0.513231 0.966043 0.513538 0.966043 0.514154 0.965508 0.514462 0.965508 0.515077 0.964973 0.515385 0.964973 0.516 0.964439 0.516308 0.964439 0.516923 0.963904 0.517231 0.963904 0.518154 0.963102 0.518462 0.963102 0.519077 0.962567 0.519385 0.962567 0.52 0.962032 0.520308 0.962032 0.520923 0.961497 0.521231 0.961497 0.521846 0.960963 0.522154 0.960963 0.523077 0.96016 0.523385 0.96016 0.524 0.959626 0.524308 0.959626 0.524923 0.959091 0.525231 0.959091 0.525846 0.958556 0.526154 0.958556 0.526769 0.958021 0.527077 0.958021 0.528 0.957219 0.528308 0.957219 0.528923 0.956684 0.529231 0.956684 0.529846 0.95615 0.530154 0.95615 0.530769 0.955615 0.531077 0.955615 0.531692 0.95508 0.532 0.95508 0.532923 0.954278 0.533231 0.954278 0.533846 0.953743 0.534154 0.953743 0.534769 0.953209 0.535077 0.953209 0.535692 0.952674 0.536 0.952674 0.536615 0.952139 0.536923 0.952139 0.537538 0.951604 0.537846 0.951604 0.538769 0.950802 0.539077 0.950802 0.539692 0.950267 0.54 0.950267 0.540615 0.949733 0.540923 0.949733 0.541538 0.949198 0.541846 0.949198 0.542462 0.948663 0.542769 0.948663 0.543692 0.947861 0.544 0.947861 0.544615 0.947326 0.544923 0.947326 0.545538 0.946791 0.545846 0.946791 0.546462 0.946257 0.546769 0.946257 0.547385 0.945722 0.547692 0.945722 0.548615 0.94492 0.548923 0.94492 0.549538 0.944385 0.549846 0.944385 0.550462 0.94385 0.550769 0.94385 0.551385 0.943316 0.551692 0.943316 0.552308 0.942781 0.552615 0.942781 0.553538 0.941979 0.553846 0.941979 0.554462 0.941444 0.554769 0.941444 0.555385 0.940909 0.555692 0.940909 0.556308 0.940374 0.556615 0.940374 0.557231 0.93984 0.557538 0.93984 0.558462 0.939037 0.558769 0.939037 0.559385 0.938503 0.559692 0.938503 0.560308 0.937968 0.560615 0.937968 0.561231 0.937433 0.561538 0.937433 0.562154 0.936898 0.562462 0.936898 0.563385 0.936096 0.563692 0.936096 0.564308 0.935561 0.564615 0.935561 0.565231 0.935027 0.565538 0.935027 0.566154 0.934492 0.566462 0.934492 0.567077 0.933957 0.567385 0.933957 0.568308 0.933155 0.568615 0.933155 0.569231 0.93262 0.569538 0.93262 0.570154 0.932086 0.570462 0.932086 0.571077 0.931551 0.571385 0.931551 0.571692 0.931283 0.571385 0.931016 0.571385 0.930749 0.570462 0.929947 0.570462 0.929679 0.569846 0.929144 0.569846 0.928877 0.569231 0.928342 0.569231 0.928075 0.568615 0.92754 0.568615 0.927273 0.568 0.926738 0.568 0.926471 0.567077 0.925668 0.567077 0.925401 0.566462 0.924866 0.566462 0.924599 0.565846 0.924064 0.565846 0.923797 0.565231 0.923262 0.565231 0.922995 0.564615 0.92246 0.564615 0.922193 0.564 0.921658 0.564 0.92139 0.563077 0.920588 0.563077 0.920321 0.562462 0.919786 0.562462 0.919519 0.561846 0.918984 0.561846 0.918717 0.561231 0.918182 0.561231 0.917914 0.560615 0.91738 0.560615 0.917112 0.559692 0.91631 0.559692 0.916043 0.559077 0.915508 0.559077 0.915241 0.558462 0.914706 0.558462 0.914439 0.557846 0.913904 0.557846 0.913636 0.557231 0.913102 0.557231 0.912834 0.556308 0.912032 0.556308 0.911765 0.555692 0.91123 0.555692 0.910963 0.555077 0.910428 0.555077 0.91016 0.554462 0.909626 0.554462 0.909358 0.553846 0.908824 0.553846 0.908556 0.552923 0.907754 0.552923 0.907487 0.552308 0.906952 0.552308 0.906684 0.551692 0.90615 0.551692 0.905882 0.551385 0.90615 0.551077 0.90615 0.550769 0.905882 0.550769 0.905615 0.549846 0.904813 0.549846 0.904545 0.549231 0.904011 0.549231 0.903743 0.548615 0.903209 0.548615 0.902941 0.548 0.902406 0.548 0.902139 0.547385 0.901604 0.547385 0.901337 0.546462 0.900535 0.546462 0.900267 0.546769 0.9 0.546769 0.899733 0.546462 0.899465 0.546769 0.899198 0.546462 0.89893 0.547077 0.898396 0.547077 0.897594 0.548308 0.896524 0.548308 0.896257 0.548615 0.895989 0.548923 0.895989 0.548923 0.895722 0.548615 0.895455 0.548923 0.895187 0.548923 0.89492 0.549231 0.894652 0.549231 0.894385 0.548923 0.894118 0.549231 0.89385 0.548923 0.893583 0.548923 0.893048 0.548615 0.892781 0.548615 0.892513 0.548308 0.892246 0.548308 0.891979 0.548615 0.891711 0.548308 0.891444 0.548308 0.891176 0.547692 0.890642 0.547692 0.890374 0.546769 0.889572 0.546769 0.889305 0.546462 0.889037 0.546462 0.888503 0.546154 0.888235 0.546154 0.887968 0.545231 0.887166 0.545231 0.886898 0.544615 0.886364 0.544615 0.886096 0.544 0.885561 0.544 0.885294 0.543385 0.884759 0.543385 0.884492 0.542769 0.883957 0.542769 0.88369 0.541846 0.882888 0.541846 0.88262 0.541231 0.882086 0.541231 0.881818 0.540615 0.881283 0.540615 0.881016 0.54 0.880481 0.54 0.880214 0.539385 0.879679 0.539385 0.879412 0.538769 0.878877 0.538769 0.87861 0.537846 0.877807 0.537846 0.87754 0.537231 0.877005 0.537231 0.876738 0.536615 0.876203 0.536615 0.875936 0.536 0.875401 0.535692 0.875401 0.535385 0.875134 0.535385 0.874866 0.534769 0.874332 0.534769 0.874064 0.534154 0.873529 0.534154 0.873262 0.533231 0.87246 0.533231 0.872193 0.532923 0.871925 0.532615 0.872193 0.532308 0.871925 0.532 0.871925 0.531077 0.871123 0.531385 0.870856 0.531077 0.870588 0.531077 0.870321 0.530462 0.869786 0.530462 0.869519 0.529846 0.868984 0.529538 0.868984 0.529231 0.868717 0.529231 0.868182 0.528923 0.867914 0.528923 0.867647 0.528308 0.867112 0.528308 0.866845 0.528 0.866845 0.527077 0.866043 0.527077 0.865775 0.526462 0.865241 0.526462 0.864973 0.526154 0.864706 0.526154 0.864171 0.525538 0.863636 0.525538 0.863369 0.524923 0.862834 0.524923 0.862567 0.524308 0.862032 0.524 0.862032 0.523692 0.861765 0.523692 0.861497 0.523077 0.860963 0.523077 0.860695 0.522462 0.86016 0.522462 0.859893 0.521846 0.859358 0.521538 0.859358 0.521231 0.859091 0.521231 0.858556 0.520923 0.858289 0.520923 0.858021 0.520308 0.857487 0.520308 0.857219 0.519692 0.856684 0.519692 0.856417 0.519077 0.855882 0.519077 0.855615 0.518462 0.85508 0.518462 0.854813 0.516308 0.852941 0.516308 0.852674 0.515692 0.852674 0.514769 0.851872 0.514769 0.851604 0.514154 0.85107 0.514154 0.850802 0.513538 0.850267 0.513538 0.85 0.513846 0.849733 0.513846 0.849465 0.513538 0.849198 0.513538 0.848663 0.512615 0.847861 0.512923 0.847594 0.512615 0.847326 0.512615 0.847059 0.512308 0.847059 0.511692 0.846524 0.512 0.846257 0.511385 0.845722 0.511692 0.845455 0.511692 0.84492 0.511077 0.844385 0.511385 0.844118 0.511077 0.84385 0.511077 0.843583 0.510154 0.842781 0.510154 0.841979 0.509538 0.841444 0.509538 0.841176 0.508615 0.840374 0.508615 0.840107 0.508 0.839572 0.508 0.839305 0.508308 0.839037 0.508308 0.83877 0.507692 0.838235 0.507692 0.837968 0.507077 0.837433 0.507077 0.837166 0.506462 0.836631 0.506462 0.836364 0.506154 0.836096 0.506154 0.835561 0.505538 0.835027 0.505538 0.834759 0.504923 0.834225 0.504923 0.833957 0.504308 0.833422 0.504308 0.833155 0.503692 0.83262 0.503692 0.832353 0.502769 0.831551 0.502769 0.831283 0.502154 0.830749 0.502154 0.830481 0.501538 0.829947 0.501846 0.829679 0.501231 0.829144 0.501231 0.828877 0.500615 0.828342 0.500615 0.828075 0.5 0.82754 0.5 0.827273 0.499385 0.826738 0.499385 0.826471 0.498769 0.825936 0.498769 0.825668 0.497846 0.824866 0.497846 0.824599 0.497231 0.824064 0.497231 0.823797 0.496615 0.823262 0.496615 0.822995 0.496 0.82246 0.496 0.822193 0.495385 0.821658 0.495385 0.82139 0.494769 0.820856 0.494769 0.820588 0.493846 0.819786 0.493846 0.819519 0.493231 0.818984 0.493231 0.818717 0.492615 0.818182 0.492615 0.817914 0.492 0.81738 0.492 0.817112 0.491385 0.816578 0.491385 0.81631 0.490462 0.815508 0.490462 0.815241 0.489846 0.814706 0.489231 0.814706 0.488923 0.814439 0.488923 0.813369 0.488615 0.813102 0.488615 0.812834 0.488308 0.812567 0.488 0.812834 0.487692 0.812834 0.487385 0.812567 0.487692 0.812299 0.487385 0.812032 0.487385 0.811497 0.487077 0.81123 0.487077 0.810963 0.486462 0.810428 0.486462 0.81016 0.486154 0.81016 0.485846 0.809893 0.485538 0.81016 0.485231 0.809893 0.485231 0.809091 0.484923 0.808824 0.484615 0.809091 0.484308 0.809091 0.484 0.809358 0.483385 0.809358 0.483077 0.809626 0.482462 0.809091 0.482462 0.808824 0.482154 0.808556 0.482154 0.808289 0.482462 0.808021 0.482462 0.806952 0.482154 0.806684 0.482154 0.806417 0.482769 0.805882 0.482769 0.805615 0.482462 0.805348 0.482462 0.80508 0.481846 0.804545 0.481846 0.804278 0.481538 0.804011 0.481231 0.804011 0.480923 0.803743 0.480615 0.804011 0.480308 0.804011 0.479692 0.804545 0.479385 0.804545 0.478462 0.805348 0.478154 0.805348 0.477538 0.804813 0.477538 0.804545 0.476923 0.804011 0.476923 0.803743 0.476615 0.803743 0.475692 0.802941 0.475692 0.802139 0.474769 0.801337 0.474769 0.80107 0.474154 0.800535 0.474154 0.800267 0.473538 0.799733 0.473538 0.799465 0.472923 0.79893 0.472923 0.798663 0.472615 0.798396 0.472308 0.798396 0.471692 0.797861 0.471692 0.797326 0.471385 0.797059 0.471385 0.796791 0.470769 0.796257 0.470769 0.795989 0.470154 0.795455 0.470154 0.795187 0.469538 0.794652 0.469538 0.794385 0.468923 0.79385 0.468923 0.793583 0.468615 0.793583 0.468308 0.79385 0.467692 0.793316 0.467692 0.792246 0.467385 0.791979 0.467385 0.791711 0.466769 0.791176 0.466769 0.790909 0.466154 0.790374 0.466154 0.790107 0.465846 0.790374 0.465538 0.790374 0.465231 0.790107 0.465538 0.78984 0.465538 0.789305 0.464923 0.78877 0.464923 0.788503 0.464 0.787701 0.464 0.787433 0.463385 0.786898 0.463385 0.786631 0.462769 0.786096 0.462769 0.785829 0.462462 0.785829 0.462154 0.786096 0.461538 0.785561 0.461538 0.785027 0.461846 0.784759 0.461538 0.784492 0.461538 0.784225 0.460615 0.783422 0.460308 0.78369 0.46 0.78369 0.459692 0.783422 0.46 0.783155 0.46 0.782353 0.459385 0.781818 0.459385 0.781551 0.458769 0.781016 0.458462 0.781016 0.458154 0.780749 0.458154 0.779947 0.457231 0.779144 0.457231 0.778877 0.456308 0.778075 0.456308 0.777807 0.456 0.77754 0.456 0.777273 0.455385 0.776738 0.455385 0.776471 0.454769 0.775936 0.454462 0.776203 0.454154 0.776203 0.454154 0.776471 0.453846 0.776738 0.453231 0.776203 0.453538 0.775936 0.453538 0.775134 0.453846 0.774866 0.453846 0.774599 0.453231 0.774064 0.453231 0.773797 0.452923 0.773529 0.452615 0.773529 0.452308 0.773797 0.452 0.773797 0.451692 0.773529 0.452 0.773262 0.451692 0.772995 0.451692 0.772727 0.451385 0.77246 0.451385 0.772193 0.451692 0.771925 0.451385 0.771658 0.451385 0.77139 0.450462 0.770588 0.450462 0.770321 0.450154 0.770321 0.449846 0.770053 0.449846 0.769519 0.449231 0.768984 0.449231 0.768717 0.448615 0.768182 0.448615 0.767914 0.448308 0.767647 0.448 0.767647 0.447692 0.76738 0.447385 0.76738 0.447077 0.767112 0.447385 0.766845 0.447385 0.766578 0.447077 0.76631 0.446769 0.76631 0.446462 0.766578 0.446154 0.76631 0.445846 0.76631 0.445538 0.766578 0.445231 0.76631 0.445231 0.766043 0.445538 0.765775 0.445846 0.765775 0.446154 0.765508 0.446154 0.764973 0.445846 0.764706 0.445846 0.764439 0.445538 0.764171 0.445231 0.764439 0.444923 0.764171 0.444923 0.763904 0.444615 0.763636 0.444615 0.763369 0.444 0.762834 0.444 0.762032 0.443692 0.761765 0.443077 0.761765 0.442769 0.762032 0.442462 0.762032 0.441846 0.762567 0.441231 0.762032 0.441538 0.761765 0.441538 0.761497 0.441846 0.76123 0.442154 0.761497 0.442769 0.760963 0.443077 0.760963 0.442462 0.760428 0.442462 0.76016 0.441846 0.759626 0.441846 0.759358 0.441231 0.758824 0.440615 0.758824 0.440308 0.758556 0.440308 0.758289 0.440615 0.758021 0.440615 0.757754 0.44 0.757219 0.439692 0.757219 0.439385 0.757487 0.439077 0.757487 0.438769 0.757219 0.438462 0.757487 0.438154 0.757487 0.437846 0.757219 0.437846 0.756684 0.438154 0.756417 0.438154 0.75615 0.437538 0.755615 0.437538 0.755348 0.436923 0.754813 0.436615 0.75508 0.436308 0.75508 0.435692 0.755615 0.435385 0.755615 0.435077 0.755348 0.435385 0.75508 0.435385 0.754545 0.435077 0.754278 0.434769 0.754545 0.433846 0.753743 0.433846 0.753476 0.433538 0.753209 0.433231 0.753209 0.432923 0.752941 0.433231 0.752674 0.432308 0.751872 0.432308 0.751604 0.431692 0.75107 0.431692 0.750802 0.431077 0.750267 0.431077 0.75 0.430462 0.749465 0.430462 0.749198 0.429846 0.748663 0.429846 0.748396 0.429538 0.748396 0.428923 0.747861 0.428923 0.747326 0.428308 0.746791 0.428308 0.746524 0.427692 0.745989 0.427385 0.745989 0.427077 0.745722 0.427385 0.745455 0.427077 0.745187 0.427077 0.74492 0.426462 0.744385 0.426462 0.744118 0.425846 0.743583 0.425538 0.743583 0.425231 0.743316 0.425231 0.742781 0.424923 0.742513 0.424923 0.742246 0.424308 0.741711 0.424308 0.741444 0.423692 0.740909 0.423385 0.740909 0.423077 0.740642 0.423077 0.73984 0.422462 0.739305 0.422462 0.739037 0.421846 0.738503 0.421538 0.738503 0.421231 0.738235 0.421538 0.737968 0.420923 0.737433 0.420923 0.737166 0.420308 0.736631 0.420308 0.736364 0.42 0.736096 0.419692 0.736096 0.419077 0.735561 0.419385 0.735294 0.419077 0.735027 0.419077 0.734759 0.418154 0.733957 0.418154 0.73369 0.417846 0.73369 0.417538 0.733422 0.417538 0.732888 0.416923 0.732353 0.416923 0.732086 0.416308 0.731551 0.416308 0.731283 0.415385 0.730481 0.415385 0.730214 0.414769 0.729679 0.414769 0.729412 0.414154 0.728877 0.414154 0.72861 0.413846 0.728342 0.413538 0.728342 0.413231 0.728075 0.413538 0.727807 0.412923 0.727273 0.412923 0.727005 0.412308 0.726471 0.412308 0.726203 0.411385 0.725401 0.411385 0.725134 0.410769 0.724599 0.410769 0.724332 0.410154 0.723797 0.410154 0.723529 0.409538 0.722995 0.409538 0.722727 0.408923 0.722193 0.408923 0.721925 0.408615 0.721658 0.408308 0.721925 0.408 0.721658 0.408 0.72139 0.407692 0.721123 0.408 0.720856 0.407385 0.720321 0.407385 0.720053 0.406769 0.719519 0.406769 0.719251 0.406154 0.718717 0.406154 0.718449 0.405538 0.717914 0.405538 0.717647 0.404615 0.716845 0.404615 0.716578 0.404 0.716578 0.403692 0.716845 0.403385 0.716845 0.402769 0.71631 0.402769 0.716043 0.403077 0.715775 0.403077 0.715508 0.402462 0.714973 0.402462 0.714706 0.401846 0.714171 0.401538 0.714171 0.401231 0.713904 0.401846 0.713369 0.402154 0.713369 0.401538 0.712834 0.401538 0.712567 0.400615 0.711765 0.400615 0.711497 0.4 0.712032 0.399692 0.712032 0.399077 0.711497 0.399077 0.71123 0.399385 0.710963 0.399077 0.710695 0.399077 0.71016 0.398769 0.709893 0.398769 0.709626 0.398462 0.709358 0.398154 0.709358 0.397846 0.709091 0.397538 0.709091 0.397231 0.708824 0.397846 0.708289 0.397846 0.708021 0.397231 0.707487 0.397231 0.707219 0.396615 0.706684 0.396615 0.706417 0.396308 0.706684 0.395385 0.705882 0.395385 0.705615 0.395692 0.705348 0.395385 0.70508 0.395385 0.704813 0.395077 0.704545 0.394769 0.704545 0.394154 0.704011 0.394154 0.703743 0.393846 0.704011 0.393538 0.703743 0.393538 0.702941 0.393231 0.702674 0.393231 0.702139 0.392615 0.701604 0.392 0.701604 0.391692 0.701337 0.391385 0.701604 0.390462 0.700802 0.390769 0.700535 0.391077 0.700535 0.391385 0.700267 0.390769 0.699733 0.390769 0.699465 0.390462 0.699198 0.390154 0.699198 0.389538 0.699733 0.389231 0.699465 0.389231 0.69893 0.388615 0.698396 0.388615 0.698128 0.388308 0.697861 0.388 0.697861 0.387385 0.697326 0.387385 0.697059 0.386769 0.696524 0.387077 0.696257 0.386462 0.695722 0.386462 0.695455 0.386154 0.695455 0.385846 0.695722 0.385538 0.695455 0.385538 0.695187 0.384923 0.694652 0.385231 0.694385 0.384923 0.694118 0.385538 0.693583 0.385846 0.69385 0.386462 0.69385 0.386462 0.693583 0.385846 0.693048 0.385846 0.692781 0.385538 0.693048 0.385231 0.693048 0.384923 0.692781 0.385231 0.692513 0.385231 0.691979 0.384615 0.691444 0.384615 0.691176 0.383692 0.691176 0.383385 0.690909 0.383385 0.690642 0.382769 0.690107 0.382769 0.68984 0.382462 0.68984 0.382154 0.690107 0.381846 0.690107 0.381231 0.689572 0.381538 0.689305 0.381231 0.689037 0.381231 0.68877 0.381538 0.688503 0.381538 0.688235 0.380923 0.687701 0.38 0.687701 0.379692 0.687433 0.379692 0.687166 0.38 0.686898 0.38 0.686364 0.379385 0.685829 0.378769 0.686364 0.378462 0.686096 0.378462 0.685829 0.377846 0.685294 0.377846 0.685027 0.377538 0.684759 0.377538 0.684492 0.377846 0.684225 0.378154 0.684225 0.378154 0.683957 0.377538 0.683422 0.377231 0.683422 0.376923 0.68369 0.375692 0.68262 0.375692 0.682353 0.376 0.682086 0.376615 0.682086 0.376923 0.681818 0.377231 0.681818 0.376308 0.681016 0.376308 0.680749 0.376 0.680749 0.375385 0.680214 0.375077 0.680214 0.374769 0.679947 0.374769 0.679679 0.374462 0.679412 0.373846 0.679412 0.372923 0.67861 0.373538 0.678075 0.373846 0.678075 0.373846 0.67754 0.373231 0.677005 0.372923 0.677273 0.372615 0.677273 0.372 0.677807 0.371692 0.677807 0.371385 0.67754 0.371692 0.677273 0.371385 0.677005 0.372308 0.676203 0.371692 0.675668 0.371692 0.675401 0.371077 0.674866 0.371077 0.674599 0.370769 0.674332 0.370462 0.674332 0.370154 0.674599 0.369846 0.674599 0.369538 0.674332 0.369538 0.673797 0.369846 0.673529 0.369538 0.673262 0.369538 0.672193 0.369231 0.671925 0.368615 0.671925 0.368308 0.672193 0.368 0.672193 0.367692 0.67246 0.367385 0.672193 0.367385 0.671925 0.367692 0.671658 0.367385 0.67139 0.367692 0.671123 0.368 0.671123 0.368308 0.670856 0.368308 0.670588 0.368 0.670321 0.367385 0.670321 0.366769 0.669786 0.365846 0.669786 0.365231 0.669251 0.365538 0.668984 0.365538 0.668717 0.365846 0.668449 0.365231 0.667914 0.365231 0.667647 0.364923 0.66738 0.364615 0.667647 0.364308 0.667647 0.363692 0.668182 0.363385 0.667914 0.363385 0.66738 0.363692 0.667112 0.363692 0.666845 0.363385 0.666578 0.363385 0.66631 0.363692 0.666043 0.364 0.66631 0.364308 0.666043 0.364308 0.665508 0.363692 0.664973 0.363692 0.664706 0.363077 0.664171 0.362462 0.664706 0.362154 0.664706 0.361538 0.665241 0.361231 0.664973 0.361231 0.664439 0.361538 0.664171 0.361538 0.663904 0.360923 0.663369 0.361538 0.662834 0.361846 0.662834 0.361846 0.662567 0.361538 0.662299 0.361538 0.662032 0.361231 0.661765 0.360615 0.661765 0.360308 0.662032 0.36 0.662032 0.359692 0.661765 0.359692 0.661497 0.36 0.66123 0.359692 0.660963 0.359692 0.660695 0.359385 0.660963 0.358462 0.660963 0.358154 0.660695 0.357846 0.660695 0.357231 0.66016 0.357231 0.659893 0.356923 0.659626 0.356923 0.658824 0.357231 0.658556 0.357538 0.658556 0.357846 0.658289 0.357846 0.658021 0.357538 0.657754 0.357538 0.656952 0.356923 0.656417 0.356923 0.65615 0.356308 0.65615 0.355692 0.656684 0.355385 0.656417 0.355385 0.65615 0.355077 0.656417 0.354462 0.655882 0.353231 0.655882 0.352923 0.655615 0.353231 0.655348 0.353231 0.65508 0.353846 0.654545 0.353846 0.654278 0.353538 0.654011 0.353538 0.653743 0.352615 0.652941 0.352615 0.652406 0.353231 0.651872 0.353538 0.651872 0.352923 0.651337 0.352923 0.65107 0.352 0.650267 0.352 0.65 0.351385 0.650535 0.351077 0.650535 0.350769 0.650802 0.350462 0.650535 0.350154 0.650802 0.349538 0.650802 0.349231 0.650535 0.349538 0.650267 0.349538 0.65 0.350154 0.649465 0.350462 0.649733 0.350769 0.649465 0.351077 0.649465 0.351385 0.649198 0.350769 0.648663 0.350769 0.648396 0.350462 0.648128 0.350154 0.648128 0.349538 0.647594 0.349538 0.646791 0.348923 0.646257 0.348308 0.646257 0.347692 0.645722 0.347692 0.645455 0.347077 0.645989 0.346462 0.645455 0.346154 0.645455 0.345846 0.645722 0.345538 0.645455 0.345538 0.645187 0.345231 0.64492 0.345231 0.644118 0.345538 0.64385 0.345846 0.64385 0.346154 0.643583 0.346154 0.643048 0.345538 0.642513 0.344923 0.643048 0.344308 0.643048 0.344 0.642781 0.343692 0.642781 0.343385 0.642513 0.343385 0.641979 0.343077 0.641711 0.343077 0.641176 0.342769 0.640909 0.342769 0.640642 0.342462 0.640374 0.342462 0.63984 0.341846 0.639305 0.341538 0.639572 0.341231 0.639572 0.340923 0.639305 0.340615 0.639305 0.340308 0.639572 0.34 0.639305 0.34 0.63877 0.340308 0.638503 0.340615 0.638503 0.340923 0.638235 0.340923 0.637968 0.340615 0.637701 0.340615 0.637166 0.340923 0.636898 0.340308 0.636364 0.340615 0.636096 0.340923 0.636096 0.340615 0.635829 0.340615 0.635561 0.34 0.635027 0.34 0.634759 0.339692 0.634759 0.339385 0.634492 0.338769 0.635027 0.338462 0.635027 0.337846 0.635561 0.337538 0.635561 0.337231 0.635829 0.336615 0.635294 0.336615 0.635027 0.337231 0.634492 0.337231 0.634225 0.337538 0.633957 0.337538 0.633422 0.337846 0.633155 0.338154 0.633155 0.338462 0.632888 0.337846 0.632353 0.337846 0.632086 0.337538 0.632086 0.337231 0.632353 0.336615 0.632353 0.336308 0.63262 0.336 0.632353 0.336 0.632086 0.335692 0.631818 0.335385 0.632086 0.334769 0.631551 0.334462 0.631551 0.334154 0.631818 0.333846 0.631818 0.333538 0.631551 0.333538 0.631016 0.333231 0.630749 0.333231 0.630481 0.332923 0.630214 0.333231 0.629947 0.333231 0.629679 0.332923 0.629412 0.332923 0.629144 0.332615 0.628877 0.332308 0.629144 0.331692 0.629144 0.331385 0.628877 0.331385 0.628075 0.330462 0.627273 0.330462 0.627005 0.329846 0.626471 0.329846 0.626203 0.329231 0.625668 0.329231 0.625401 0.328615 0.624866 0.328615 0.624599 0.328 0.624064 0.327692 0.624064 0.327385 0.623797 0.327385 0.623262 0.327077 0.622995 0.327077 0.622727 0.327385 0.62246 0.327692 0.62246 0.328 0.622727 0.328923 0.622727 0.329538 0.622193 0.329231 0.621925 0.329231 0.621658 0.328615 0.621123 0.328308 0.621123 0.328 0.620856 0.327385 0.62139 0.326769 0.62139 0.326462 0.621123 0.325846 0.621658 0.325231 0.621123 0.325231 0.620856 0.325846 0.620321 0.325538 0.620053 0.325538 0.619786 0.325231 0.619519 0.325231 0.618984 0.324615 0.618449 0.324615 0.618182 0.323385 0.618182 0.323077 0.617914 0.323385 0.617647 0.323385 0.617112 0.322769 0.616578 0.322769 0.61631 0.323077 0.616043 0.323077 0.615775 0.322462 0.615241 0.322154 0.615241 0.321538 0.615775 0.321231 0.615775 0.320923 0.615508 0.320923 0.615241 0.321538 0.614706 0.320923 0.614171 0.320923 0.613636 0.320615 0.613369 0.320615 0.613102 0.32 0.612567 0.32 0.612299 0.319692 0.612032 0.320308 0.611497 0.320615 0.611497 0.320923 0.61123 0.320615 0.610963 0.320615 0.610428 0.320308 0.61016 0.320308 0.609893 0.32 0.609893 0.319692 0.609626 0.319077 0.61016 0.318769 0.61016 0.317538 0.609091 0.317538 0.608289 0.316923 0.607754 0.316923 0.607487 0.316615 0.607487 0.315692 0.608289 0.315385 0.608289 0.315385 0.608556 0.315692 0.608824 0.315692 0.609091 0.316308 0.609626 0.316308 0.609893 0.315692 0.610428 0.315385 0.610428 0.315077 0.61016 0.315077 0.609358 0.314462 0.608824 0.314462 0.608556 0.313538 0.607754 0.313538 0.607487 0.313231 0.607219 0.313538 0.606952 0.313538 0.606684 0.313231 0.606417 0.313231 0.60615 0.313538 0.605882 0.314154 0.606417 0.314462 0.606417 0.315077 0.605882 0.315077 0.605615 0.315385 0.605348 0.316 0.605882 0.316308 0.605882 0.316615 0.605615 0.316615 0.605348 0.316308 0.60508 0.316308 0.604813 0.315692 0.605348 0.315385 0.605348 0.315077 0.605615 0.314462 0.60508 0.314154 0.60508 0.313538 0.605615 0.313538 0.605882 0.313231 0.60615 0.312615 0.605615 0.312923 0.605348 0.312615 0.60508 0.312615 0.604813 0.312308 0.604545 0.312 0.604545 0.311692 0.604278 0.311385 0.604545 0.310769 0.604011 0.311077 0.603743 0.311077 0.603476 0.310769 0.603209 0.311077 0.602941 0.310769 0.602674 0.310769 0.602139 0.310462 0.601872 0.310462 0.601604 0.310154 0.601604 0.309846 0.601872 0.309538 0.601872 0.309231 0.601604 0.309231 0.600535 0.308308 0.599733 0.308308 0.599465 0.308 0.599198 0.307385 0.599198 0.307077 0.599465 0.306769 0.599198 0.306769 0.59893 0.306462 0.598663 0.307385 0.597861 0.307692 0.597861 0.307692 0.597594 0.308 0.597326 0.308308 0.597326 0.308615 0.597594 0.308308 0.597861 0.308615 0.598128 0.308615 0.598663 0.309231 0.599198 0.309846 0.598663 0.309538 0.598396 0.309846 0.598128 0.309846 0.597594 0.309231 0.597059 0.309231 0.596791 0.308923 0.597059 0.308615 0.597059 0.308308 0.597326 0.308 0.597326 0.307692 0.597059 0.307692 0.596257 0.307077 0.595722 0.306462 0.595722 0.305846 0.596257 0.305846 0.596524 0.305538 0.596791 0.304923 0.596257 0.305231 0.595989 0.304615 0.595455 0.304923 0.595187 0.304615 0.59492 0.305231 0.594385 0.305231 0.594118 0.304923 0.59385 0.305231 0.593583 0.304923 0.593316 0.304615 0.593316 0.304 0.59385 0.303692 0.59385 0.303077 0.594385 0.302769 0.594118 0.302769 0.593583 0.303077 0.593316 0.303077 0.593048 0.303385 0.592781 0.303692 0.592781 0.303692 0.592246 0.303385 0.591979 0.303385 0.591711 0.303077 0.591444 0.302769 0.591444 0.302462 0.591711 0.302154 0.591711 0.301538 0.591176 0.301538 0.590909 0.300923 0.590374 0.300923 0.590107 0.301231 0.58984 0.301538 0.58984 0.302154 0.590374 0.302769 0.590374 0.303385 0.58984 0.303692 0.58984 0.303692 0.589305 0.303385 0.589037 0.302462 0.589037 0.302154 0.589305 0.301846 0.589305 0.301231 0.58877 0.301538 0.588503 0.300923 0.587968 0.300615 0.587968 0.300308 0.588235 0.299385 0.588235 0.299077 0.587968 0.299077 0.587701 0.298462 0.587166 0.298769 0.586898 0.298462 0.586631 0.298462 0.586364 0.298769 0.586096 0.298462 0.585829 0.298462 0.585561 0.297846 0.585561 0.297538 0.585294 0.297231 0.585561 0.296923 0.585294 0.296923 0.585027 0.296615 0.584759 0.296615 0.584225 0.296 0.58369 0.296308 0.583422 0.296308 0.582888 0.296615 0.58262 0.296615 0.582353 0.296308 0.582086 0.296308 0.581818 0.296 0.582086 0.295692 0.581818 0.295385 0.582086 0.295077 0.582086 0.294769 0.582353 0.294154 0.581818 0.294462 0.581551 0.294154 0.581283 0.294154 0.581016 0.293538 0.580481 0.293538 0.580214 0.293231 0.579947 0.294154 0.579144 0.293538 0.57861 0.293538 0.578342 0.293231 0.578075 0.292923 0.578075 0.292615 0.577807 0.291692 0.577807 0.291385 0.57754 0.291077 0.577807 0.290769 0.57754 0.290769 0.577273 0.290462 0.577005 0.289538 0.577005 0.289231 0.577273 0.288923 0.577273 0.288308 0.576738 0.288308 0.576203 0.288 0.575936 0.288 0.575134 0.288308 0.574866 0.288308 0.574599 0.288 0.574332 0.287077 0.574332 0.286154 0.573529 0.286154 0.573262 0.285846 0.573529 0.285538 0.573529 0.285231 0.573797 0.284923 0.573797 0.284615 0.573529 0.284615 0.573262 0.284 0.572727 0.284 0.57246 0.283385 0.571925 0.283385 0.571658 0.282769 0.571123 0.282769 0.570856 0.282462 0.570588 0.282154 0.570588 0.281846 0.570321 0.282154 0.570053 0.281231 0.569251 0.281231 0.568984 0.280923 0.568717 0.280615 0.568717 0.280308 0.568449 0.280308 0.568182 0.28 0.567914 0.28 0.56738 0.279385 0.566845 0.279385 0.566578 0.279077 0.56631 0.278769 0.56631 0.278154 0.565775 0.278154 0.565241 0.277846 0.564973 0.277846 0.564706 0.277231 0.564171 0.277231 0.563904 0.276615 0.563369 0.276615 0.563102 0.276 0.562567 0.276 0.562299 0.275385 0.561765 0.275385 0.561497 0.274462 0.560695 0.274462 0.560428 0.273846 0.559893 0.273846 0.559626 0.273231 0.559091 0.274154 0.558289 0.274462 0.558289 0.275077 0.557754 0.275385 0.557754 0.276 0.557219 0.276308 0.557219 0.276923 0.556684 0.277231 0.556684 0.277846 0.55615 0.277231 0.555615 0.277231 0.555348 0.277846 0.554813 0.278154 0.554813 0.278769 0.554278 0.279077 0.554278 0.28 0.553476 0.280308 0.553476 0.280923 0.552941 0.281231 0.552941 0.281846 0.552406 0.282154 0.552406 0.282769 0.551872 0.283077 0.551872 0.283692 0.551337 0.284 0.551337 0.284923 0.550535 0.285231 0.550535 0.285846 0.55 0.286154 0.55 0.286769 0.549465 0.287077 0.549465 0.287692 0.54893 0.288 0.54893 0.288615 0.548396 0.288923 0.548396 0.289538 0.547861 0.289846 0.547861 0.290769 0.547059 0.291077 0.547059 0.291692 0.546524 0.292 0.546524 0.292615 0.545989 0.292923 0.545989 0.293538 0.545455 0.293846 0.545455 0.294462 0.54492 0.294769 0.54492 0.295692 0.544118 0.296 0.544118 0.296615 0.543583 0.296923 0.543583 0.297538 0.543048 0.297846 0.543048 0.298462 0.542513 0.298769 0.542513 0.299385 0.541979 0.299692 0.541979 0.300615 0.541176 0.300923 0.541176 0.301538 0.540642 0.301846 0.540642 0.302462 0.540107 0.302769 0.540107 0.303385 0.539572 0.303692 0.539572 0.304308 0.539037 0.304615 0.539037 0.305538 0.538235 0.305846 0.538235 0.306462 0.537701 0.306769 0.537701 0.307385 0.537166 0.307692 0.537166 0.308308 0.536631 0.308615 0.536631 0.309231 0.536096 0.309538 0.536096 0.310462 0.535294 0.310769 0.535294 0.311385 0.534759 0.311692 0.534759 0.312308 0.534225 0.312615 0.534225 0.313231 0.53369 0.313538 0.53369 0.314154 0.533155 0.314462 0.533155 0.315385 0.532353 0.315692 0.532353 0.316308 0.531818 0.316615 0.531818 0.317231 0.531283 0.317538 0.531283 0.318154 0.530749 0.318462 0.530749 0.319077 0.530214 0.319385 0.530214 0.320308 0.529412 0.320615 0.529412 0.321231 0.528877 0.321538 0.528877 0.322154 0.528342 0.322462 0.528342 0.323077 0.527807 0.323385 0.527807 0.324 0.527273 0.324308 0.527273 0.324923 0.526738 0.325231 0.526738 0.326154 0.525936 0.326462 0.525936 0.327077 0.525401 0.327385 0.525401 0.328 0.524866 0.328308 0.524866 0.328923 0.524332 0.329231 0.524332 0.329846 0.523797 0.330154 0.523797 0.331077 0.522995 0.331385 0.522995 0.332 0.52246 0.332308 0.52246 0.332923 0.521925 0.333231 0.521925 0.333846 0.52139 0.334154 0.52139 0.334769 0.520856 0.335077 0.520856 0.336 0.520053 0.336308 0.520053 0.336923 0.519519 0.337231 0.519519 0.337846 0.518984 0.338154 0.518984 0.338769 0.518449 0.339077 0.518449 0.339692 0.517914 0.34 0.517914 0.340923 0.517112 0.341231 0.517112 0.341846 0.516578 0.342154 0.516578 0.342769 0.516043 0.343077 0.516043 0.343692 0.515508 0.344 0.515508 0.344615 0.514973 0.344923 0.514973 0.345846 0.514171 0.346154 0.514171 0.346769 0.513636 0.347077 0.513636 0.347692 0.513102 0.348 0.513102 0.348615 0.512567 0.348923 0.512567 0.349538 0.512032 0.349846 0.512032 0.350769 0.51123 0.351077 0.51123 0.351692 0.510695 0.352 0.510695 0.352615 0.51016 0.352923 0.51016 0.352923 0.509893 0.353231 0.509626 0.353846 0.509626 0.354462 0.509091 0.354769 0.509091 0.355692 0.508289 0.356 0.508289 0.356615 0.507754 0.356923 0.507754 0.357538 0.507219 0.357846 0.507219 0.358462 0.506684 0.358769 0.506684 0.359385 0.50615 0.359692 0.50615 0.360308 0.505615 0.360615 0.505615 0.361538 0.504813 0.361846 0.504813 0.362462 0.504278 0.362769 0.504278 0.362769 0.504011 0.363077 0.503743 0.363692 0.503743 0.364308 0.503209 0.364615 0.503209 0.364923 0.502941 0.364923 0.502674 0.365231 0.502406 0.365846 0.502406 0.366462 0.501872 0.366769 0.501872 0.366769 0.501604 0.366462 0.501337 0.366462 0.50107 0.366769 0.500802 0.367385 0.501337 0.367692 0.501337 0.368308 0.500802 0.368615 0.500802 0.368923 0.500535 0.368923 0.500267 0.369231 0.5 0.369846 0.5 0.370154 0.499733 0.370462 0.499733 0.371385 0.49893 0.371692 0.49893 0.372308 0.498396 0.372615 0.498396 0.372923 0.498128 0.372615 0.497861 0.372615 0.497594 0.372923 0.497326 0.373538 0.497861 0.374154 0.497326 0.374462 0.497326 0.375077 0.496791 0.375385 0.496791 0.376308 0.495989 0.376615 0.495989 0.377231 0.495455 0.377538 0.495455 0.378154 0.49492 0.378462 0.49492 0.379077 0.494385 0.379385 0.494385 0.38 0.49385 0.380308 0.49385 0.381231 0.493048 0.381538 0.493048 0.382154 0.492513 0.382462 0.492513 0.382462 0.492246 0.382154 0.491979 0.382154 0.491711 0.381846 0.491444 0.381846 0.491176 0.382154 0.490909 0.382462 0.490909 0.382462 0.490642 0.382769 0.490374 0.383077 0.490642 0.383077 0.491176 0.383385 0.491444 0.383385 0.491711 0.383692 0.491711 0.384 0.491444 0.384308 0.491444 0.384923 0.490909 0.385231 0.490909 0.385231 0.490374 0.384615 0.48984 0.384615 0.489572 0.384923 0.489305 0.384923 0.489037 0.384308 0.488503 0.384308 0.488235 0.383692 0.487701 0.383692 0.487433 0.383385 0.487166 0.384308 0.486364 0.384615 0.486364 0.385231 0.485829 0.385538 0.485829 0.386154 0.485294 0.386462 0.485294 0.387077 0.484759 0.387385 0.484759 0.388308 0.483957 0.388615 0.483957 0.389231 0.483422 0.389538 0.483422 0.390154 0.482888 0.390462 0.482888 0.391077 0.482353 0.391385 0.482353 0.392 0.481818 0.392308 0.481818 0.393231 0.481016 0.393538 0.481016 0.394154 0.480481 0.394462 0.480481 0.395077 0.479947 0.395385 0.479947 0.396 0.479412 0.396308 0.479412 0.396923 0.478877 0.397231 0.478877 0.397846 0.478342 0.398154 0.478342 0.399077 0.47754 0.399385 0.47754 0.4 0.477005 0.400308 0.477005 0.400923 0.476471 0.401231 0.476471 0.401846 0.475936 0.402154 0.475936 0.402769 0.475401 0.403077 0.475401 0.404 0.474599 0.404308 0.474599 0.404923 0.474064 0.405231 0.474064 0.405846 0.473529 0.406154 0.473529 0.406769 0.472995 0.407077 0.472995 0.407692 0.47246 0.408 0.47246 0.408923 0.471658 0.409231 0.471658 0.409846 0.471123 0.410154 0.471123 0.410769 0.470588 0.411077 0.470588 0.411692 0.470053 0.412 0.470053 0.412615 0.469519 0.412923 0.469519 0.413846 0.468717 0.414154 0.468717 0.414769 0.468182 0.415077 0.468182 0.415692 0.467647 0.416 0.467647 0.416615 0.467112 0.416923 0.467112 0.417538 0.466578 0.417846 0.466578 0.418769 0.465775 0.419077 0.465775 0.419692 0.465241 0.42 0.465241 0.420615 0.464706 0.420923 0.464706 0.421538 0.464171 0.421846 0.464171 0.422462 0.463636 0.422769 0.463636 0.423692 0.462834 0.424 0.462834 0.424615 0.462299 0.424923 0.462299 0.425538 0.461765 0.425846 0.461765 0.426462 0.46123 0.426769 0.46123 0.427385 0.460695 0.427692 0.460695 0.428615 0.459893 0.428923 0.459893 0.429538 0.459358 0.429846 0.459358 0.430462 0.458824 0.430769 0.458824 0.431385 0.458289 0.431692 0.458289 0.432308 0.457754 0.432615 0.457754 0.433231 0.457219 0.433538 0.457219 0.434462 0.456417 0.434769 0.456417 0.435385 0.455882 0.435692 0.455882 0.436308 0.455348 0.436615 0.455348 0.437231 0.454813 0.437538 0.454813 0.438154 0.454278 0.438462 0.454278 0.439385 0.453476 0.439692 0.453476 0.440308 0.452941 0.440615 0.452941 0.441231 0.452406 0.441538 0.452406 0.442154 0.451872 0.442462 0.451872 0.443077 0.451337 0.443385 0.451337 0.444308 0.450535 0.444615 0.450535 0.445231 0.45 0.445538 0.45 0.446154 0.449465 0.446462 0.449465 0.447077 0.44893 0.447385 0.44893 0.448 0.448396 0.448308 0.448396 0.449231 0.447594 0.449538 0.447594 0.450154 0.447059 0.450462 0.447059 0.451077 0.446524 0.451385 0.446524 0.452 0.445989 0.452308 0.445989 0.452923 0.445455 0.453231 0.445455 0.454154 0.444652 0.454462 0.444652 0.455077 0.444118 0.455385 0.444118 0.456 0.443583 0.456308 0.443583 0.456923 0.443048 0.457231 0.443048 0.457846 0.442513 0.458154 0.442513 0.459077 0.441711 0.459385 0.441711 0.459692 0.441444 0.459692 0.440642 0.459385 0.440374 0.459692 0.440107 0.459077 0.439572 0.459077 0.439305 0.458462 0.43877 0.458462 0.438503 0.457846 0.437968 0.457846 0.437701 0.457538 0.437433 0.456923 0.437433 0.456615 0.437166 0.456615 0.436631 0.456 0.436096 0.456 0.435829 0.455385 0.435294 0.455385 0.435027 0.454462 0.434225 0.454462 0.433957 0.453846 0.433422 0.453846 0.433155 0.453231 0.43262 0.453231 0.432353 0.452615 0.431818 0.452615 0.431551 0.452 0.431016 0.452 0.430749 0.451077 0.429947 0.451077 0.429679 0.450462 0.429144 0.450462 0.428877 0.449846 0.428342 0.449846 0.428075 0.449231 0.42754 0.449231 0.427273 0.448615 0.426738 0.448615 0.426471 0.448308 0.426203 0.448 0.426203 0.447385 0.425668 0.447385 0.425401 0.446462 0.424599 0.446462 0.424332 0.445846 0.423797 0.445846 0.423529 0.445231 0.422995 0.445231 0.422727 0.444615 0.422193 0.444615 0.421658 0.444308 0.42139 0.444308 0.421123 0.444 0.420856 0.444308 0.420588 0.443692 0.420053 0.443692 0.419786 0.443385 0.420053 0.443077 0.420053 0.442462 0.419519 0.442462 0.419251 0.441846 0.418717 0.441846 0.418449 0.441538 0.418449 0.441231 0.418182 0.441231 0.417914 0.441538 0.417647 0.441231 0.41738 0.441231 0.417112 0.440615 0.416578 0.440923 0.41631 0.440308 0.415775 0.440308 0.415508 0.44 0.415241 0.440308 0.414973 0.440615 0.414973 0.441231 0.414439 0.441538 0.414439 0.441846 0.414171 0.441846 0.413904 0.441538 0.413636 0.441538 0.412567 0.441846 0.412299 0.441846 0.410963 0.441538 0.410695 0.441538 0.410428 0.442154 0.409893 0.442154 0.409091 0.442462 0.408824 0.442462 0.408021 0.442154 0.407754 0.442154 0.407487 0.442462 0.407219 0.442462 0.406684 0.442769 0.406417 0.442462 0.40615 0.442769 0.405882 0.442769 0.405615 0.443077 0.405348 0.443077 0.40508 0.443385 0.404813 0.443077 0.404545 0.443385 0.404278 0.443385 0.404011 0.443692 0.403743 0.443385 0.403476 0.443692 0.403209 0.444 0.403209 0.444 0.402406 0.443692 0.402139 0.443692 0.401872 0.443385 0.401604 0.443385 0.40107 0.443077 0.400802 0.443385 0.400535 0.442769 0.4 0.442769 0.399733 0.443077 0.399465 0.443385 0.399465 0.444 0.4 0.444615 0.4 0.444923 0.400267 0.444615 0.400535 0.444615 0.40107 0.445538 0.401872 0.445538 0.402139 0.446154 0.402674 0.446154 0.402941 0.446769 0.403476 0.446769 0.403743 0.447385 0.404278 0.446769 0.404813 0.446462 0.404813 0.446154 0.40508 0.446154 0.405348 0.446769 0.405882 0.447077 0.405882 0.447385 0.405615 0.447692 0.405615 0.448 0.405348 0.448923 0.40615 0.448923 0.406417 0.449538 0.406952 0.449538 0.407219 0.450154 0.407754 0.450154 0.408021 0.450769 0.408556 0.450769 0.408824 0.451077 0.408556 0.451385 0.408556 0.451385 0.408289 0.450769 0.407754 0.450769 0.407487 0.450154 0.406952 0.450154 0.406684 0.449231 0.405882 0.449231 0.405615 0.448615 0.40508 0.448615 0.404813 0.448 0.404278 0.448 0.404011 0.447385 0.403476 0.447385 0.403209 0.446769 0.402674 0.446769 0.402406 0.445846 0.401604 0.445846 0.401337 0.445231 0.400802 0.445231 0.400535 0.444615 0.4 0.444615 0.399733 0.444 0.399198 0.444 0.39893 0.443385 0.398396 0.443385 0.398128 0.442462 0.397326 0.442462 0.397059 0.441846 0.396524 0.441846 0.396257 0.441231 0.395722 0.441231 0.395455 0.440615 0.39492 0.440615 0.394652 0.44 0.394118 0.44 0.39385 0.439077 0.393048 0.439077 0.392781 0.438462 0.392246 0.438462 0.391979 0.437846 0.391444 0.437846 0.391176 0.437231 0.390642 0.437231 0.390374 0.436615 0.38984 0.436615 0.389572 0.435692 0.38877 0.435692 0.388503 0.435077 0.387968 0.435077 0.387701 0.434462 0.387166 0.434462 0.386898 0.433846 0.386364 0.433846 0.386096 0.433231 0.385561 0.433231 0.385294 0.432615 0.384759 0.432615 0.384492 0.431692 0.38369 0.431692 0.383422 0.431077 0.382888 0.431077 0.38262 0.430462 0.382086 0.430462 0.381818 0.429846 0.381283 0.429846 0.381016 0.429231 0.380481 0.429231 0.380214 0.428308 0.379412 0.428308 0.379144 0.427692 0.37861 0.427692 0.378342 0.427077 0.377807 0.427077 0.37754 0.426462 0.377005 0.426462 0.376738 0.425846 0.376203 0.425846 0.375936 0.424923 0.375134 0.424923 0.374866 0.424308 0.374332 0.424308 0.374064 0.423692 0.373529 0.423692 0.373262 0.423385 0.373262 0.423077 0.373529 0.422462 0.372995 0.422462 0.372727 0.422769 0.37246 0.422769 0.372193 0.422462 0.371925 0.422462 0.371658 0.421538 0.370856 0.421538 0.370588 0.421231 0.370321 0.420923 0.370321 0.420615 0.370053 0.420615 0.369519 0.420308 0.369251 0.420308 0.368984 0.419692 0.368449 0.419385 0.368449 0.419077 0.368717 0.418154 0.367914 0.417846 0.368182 0.417231 0.368182 0.416923 0.368449 0.416615 0.368449 0.416308 0.368717 0.416 0.368717 0.415385 0.368182 0.415385 0.367647 0.415692 0.36738 0.416 0.36738 0.416615 0.366845 0.416923 0.366845 0.417231 0.366578 0.417231 0.366043
