0 0.390684 0.779801 0.390684 0.780234 0.390264 0.780668 0.390684 0.781101 0.391523 0.781101 0.391943 0.780668 0.391523 0.780234 0.391104 0.780234
0 0.361729 0.764196 0.361309 0.764629 0.361309 0.765063 0.361729 0.765496 0.361729 0.765063 0.362149 0.764629
0 0.357952 0.762462 0.357533 0.762896 0.357952 0.763329 0.358372 0.763329 0.358791 0.762896 0.358372 0.762462
0 0.344943 0.757261 0.344524 0.757694 0.344524 0.758127 0.344943 0.758561 0.345783 0.757694 0.345363 0.757261
0 0.292069 0.726918 0.291649 0.727352 0.292069 0.727785 0.292488 0.727785 0.292908 0.727352 0.292488 0.726918
0 0.289551 0.72345 0.289131 0.723884 0.289131 0.724317 0.289551 0.724317 0.289971 0.724751 0.289971 0.724317 0.29039 0.723884 0.289971 0.72345
0 0.277381 0.712614 0.277381 0.713047 0.276962 0.713481 0.277381 0.713914 0.277801 0.713914 0.278221 0.713481 0.278221 0.712614
0 0.519513 0.711313 0.519513 0.71218 0.519933 0.71218 0.520352 0.712614 0.520772 0.71218 0.520772 0.711747 0.520352 0.711747 0.519933 0.711313
0 0.273185 0.707412 0.272765 0.707846 0.272765 0.708279 0.273185 0.708279 0.274024 0.709146 0.274444 0.709146 0.274864 0.708713 0.274864 0.707846 0.274444 0.707846 0.274024 0.707412
0 0.262694 0.706112 0.262694 0.706545 0.262274 0.706979 0.262694 0.707412 0.263114 0.707412 0.263533 0.706979 0.263533 0.706545 0.263114 0.706112
0 0.269408 0.705245 0.269408 0.705678 0.270248 0.706545 0.270667 0.706545 0.271087 0.706979 0.271087 0.706545 0.271507 0.706112 0.271087 0.705678 0.270667 0.705678 0.270248 0.705245
0 0.265212 0.704811 0.265212 0.705678 0.266051 0.705678 0.266051 0.704811
0 0.256399 0.70091 0.256399 0.701344 0.25598 0.701777 0.256399 0.702211 0.257239 0.702211 0.257658 0.701777 0.257239 0.701344 0.256819 0.701344
0 0.253882 0.700477 0.253882 0.701344 0.254301 0.701344 0.254721 0.70091 0.254721 0.700477
0 0.258498 0.698743 0.258498 0.699176 0.258917 0.69961 0.259757 0.69961 0.259757 0.699176 0.259337 0.698743
0 0.254721 0.696576 0.254721 0.697443 0.255141 0.697443 0.25556 0.697876 0.25598 0.697443 0.25598 0.697009 0.25556 0.696576
0 0.574486 0.693975 0.574066 0.694408 0.574066 0.694842 0.573647 0.695275 0.574066 0.695709 0.574486 0.695709 0.574486 0.695275 0.575325 0.694408 0.574906 0.693975
0 0.575745 0.690941 0.575745 0.691808 0.576584 0.691808 0.576584 0.690941
0 0.241712 0.690507 0.241292 0.690941 0.241292 0.691374 0.242132 0.691374 0.242132 0.690941
0 0.230802 0.687906 0.230802 0.68834 0.230382 0.688773 0.230802 0.689207 0.231221 0.689207 0.231221 0.688773 0.231641 0.68834 0.231221 0.687906
0 0.227025 0.687906 0.227025 0.68834 0.227864 0.68834 0.227444 0.687906
0 0.207302 0.680104 0.206882 0.680537 0.206882 0.680971 0.207302 0.681404 0.207721 0.681404 0.207721 0.680971 0.208141 0.680537 0.207721 0.680537
0 0.203525 0.678804 0.203525 0.679237 0.203105 0.679671 0.203105 0.680104 0.203525 0.680104 0.203945 0.680537 0.204364 0.680537 0.204364 0.680104 0.204784 0.679671 0.204784 0.679237 0.204364 0.679237 0.203945 0.678804
0 0.182963 0.6658 0.182543 0.666233 0.182543 0.6671 0.182963 0.667534 0.183382 0.667534 0.183382 0.6671 0.183802 0.666667 0.183802 0.666233 0.183382 0.666233
0 0.171213 0.661899 0.170793 0.662332 0.170793 0.662765 0.171213 0.662765 0.171632 0.663199 0.172472 0.663199 0.173311 0.664066 0.173731 0.664066 0.17415 0.664499 0.17457 0.664499 0.17499 0.664933 0.175829 0.664066 0.176248 0.664066 0.176248 0.663632 0.176668 0.663199 0.176668 0.662765 0.176248 0.662765 0.175829 0.662332 0.175409 0.662332 0.175409 0.662765 0.17457 0.663632 0.17415 0.663199 0.173731 0.663199 0.173311 0.662765 0.173311 0.663199 0.172891 0.663632 0.172472 0.663199 0.172472 0.662332 0.172052 0.662332 0.171632 0.661899
0 0.158624 0.65453 0.158624 0.654963 0.158204 0.655397 0.158624 0.65583 0.159463 0.65583 0.159463 0.655397 0.159883 0.654963 0.159463 0.654963 0.159043 0.65453
0 0.160302 0.653229 0.160302 0.654096 0.160722 0.65453 0.161141 0.65453 0.161141 0.654096 0.161561 0.653663 0.161141 0.653229
0 0.155266 0.651929 0.154847 0.652362 0.154847 0.653229 0.155266 0.653663 0.155266 0.654096 0.155686 0.654096 0.156106 0.65453 0.156945 0.653663 0.156945 0.653229 0.156106 0.652362 0.155686 0.652362
0 0.141418 0.643693 0.140999 0.644127 0.140999 0.64456 0.140579 0.644993 0.140999 0.644993 0.141418 0.645427 0.141838 0.644993 0.141838 0.64456 0.142258 0.644127 0.141838 0.644127
0 0.114142 0.628955 0.114142 0.629389 0.113722 0.629822 0.113722 0.630689 0.114142 0.631123 0.114561 0.631123 0.114981 0.630689 0.114981 0.629822
0 0.107847 0.626788 0.107428 0.627221 0.108267 0.628088 0.109106 0.628088 0.109106 0.627221 0.108687 0.627221 0.108267 0.626788
0 0.096517 0.619419 0.096097 0.619853 0.096097 0.62072 0.096517 0.62072 0.096937 0.621153 0.097356 0.62072 0.097356 0.619853 0.096937 0.619419
0 0.073856 0.608149 0.073437 0.608583 0.073856 0.609016 0.074696 0.609016 0.074696 0.608583 0.074276 0.608583
0 0.060008 0.574772 0.060008 0.575206 0.059589 0.575639 0.060008 0.576073 0.060428 0.576073 0.060428 0.575639 0.060848 0.575206 0.060428 0.574772
0 0.101972 0.495882 0.101553 0.496316 0.100713 0.496316 0.100713 0.496749 0.100294 0.497182 0.099874 0.497182 0.099874 0.497616 0.099035 0.498483 0.099035 0.498916 0.098615 0.49935 0.098615 0.499783 0.098196 0.500217 0.098196 0.50065 0.097776 0.501084 0.097776 0.501517 0.097356 0.501951 0.097356 0.502384 0.096937 0.502818 0.096937 0.503251 0.096097 0.504118 0.096097 0.504551 0.095678 0.504985 0.095678 0.505418 0.095258 0.505852 0.095258 0.506285 0.094838 0.506719 0.094838 0.507152 0.094419 0.507586 0.094419 0.508019 0.093999 0.508453 0.093999 0.508886 0.09358 0.509319 0.09358 0.509753 0.09274 0.51062 0.09274 0.511053 0.092321 0.511487 0.092321 0.51192 0.091901 0.512354 0.091901 0.512787 0.091481 0.513221 0.091481 0.513654 0.091062 0.514088 0.091062 0.514521 0.090642 0.514954 0.090642 0.515388 0.089803 0.516255 0.089803 0.516688 0.089383 0.517122 0.089383 0.517555 0.088963 0.517989 0.088963 0.518422 0.088544 0.518856 0.088544 0.519289 0.088124 0.519723 0.088124 0.520156 0.087705 0.52059 0.087705 0.521023 0.086865 0.52189 0.086865 0.522323 0.086446 0.522757 0.086446 0.52319 0.086026 0.523624 0.086026 0.524057 0.085606 0.524491 0.085606 0.524924 0.085187 0.525358 0.085187 0.525791 0.084767 0.526225 0.084767 0.526658 0.084347 0.527091 0.084347 0.527525 0.083508 0.528392 0.083508 0.528825 0.083089 0.529259 0.083089 0.529692 0.082669 0.530126 0.082669 0.530559 0.082249 0.530993 0.082249 0.531426 0.08183 0.53186 0.08183 0.532293 0.08141 0.532726 0.08141 0.53316 0.080571 0.534027 0.080571 0.53446 0.080151 0.534894 0.080151 0.535327 0.079731 0.535761 0.079731 0.537061 0.079312 0.537495 0.079312 0.538362 0.079731 0.538795 0.079312 0.539228 0.079731 0.539662 0.079312 0.540095 0.079731 0.540529 0.079731 0.541829 0.079312 0.542263 0.079312 0.542696 0.078473 0.543563 0.078473 0.543997 0.078053 0.54443 0.078053 0.544863 0.077633 0.545297 0.077633 0.54573 0.077214 0.546164 0.077214 0.546597 0.076794 0.547031 0.076794 0.547464 0.076374 0.547898 0.076794 0.548331 0.076374 0.548765 0.076374 0.549198 0.075955 0.549632 0.075955 0.550065 0.075115 0.550932 0.075115 0.551365 0.074696 0.551799 0.074696 0.552232 0.074276 0.552666 0.074276 0.553099 0.073856 0.553533 0.073856 0.553966 0.073437 0.5544 0.073437 0.554833 0.073017 0.555267 0.073017 0.5557 0.072178 0.556567 0.072178 0.557 0.071758 0.557434 0.071758 0.557867 0.071339 0.558301 0.070919 0.557867 0.070919 0.557 0.070499 0.556567 0.07008 0.557 0.07008 0.557434 0.070499 0.557867 0.070919 0.557867 0.071339 0.558301 0.071339 0.558734 0.070919 0.559168 0.070919 0.559601 0.070499 0.560035 0.070499 0.560468 0.07008 0.560902 0.07008 0.561335 0.06924 0.562202 0.06924 0.562635 0.068821 0.563069 0.068821 0.563502 0.068401 0.563936 0.068401 0.564369 0.067982 0.564803 0.067982 0.565236 0.067562 0.56567 0.067562 0.566103 0.067142 0.566537 0.067142 0.56697 0.066723 0.567404 0.066723 0.567837 0.065883 0.568704 0.065464 0.56827 0.065464 0.567837 0.065044 0.567404 0.064205 0.56827 0.064205 0.569137 0.065044 0.569137 0.065464 0.569571 0.065464 0.570004 0.065044 0.570438 0.065044 0.570871 0.064624 0.571305 0.064624 0.571738 0.064205 0.572172 0.064205 0.572605 0.063785 0.573039 0.063785 0.573472 0.062946 0.574339 0.062526 0.573906 0.062526 0.573472 0.062107 0.573039 0.061267 0.573906 0.061267 0.574339 0.061687 0.574339 0.062526 0.575206 0.062526 0.575639 0.062107 0.576073 0.062107 0.576506 0.061687 0.57694 0.061687 0.577373 0.061267 0.577807 0.061267 0.57824 0.060848 0.578674 0.060848 0.579107 0.060428 0.579541 0.060428 0.579974 0.059589 0.580841 0.059589 0.581274 0.059169 0.581708 0.059169 0.582141 0.058749 0.582575 0.05833 0.582141 0.05833 0.581708 0.05791 0.581274 0.057491 0.581274 0.057491 0.581708 0.057071 0.582141 0.057071 0.582575 0.056651 0.583008 0.057071 0.583442 0.057491 0.583442 0.05791 0.583008 0.05791 0.582575 0.05833 0.582141 0.058749 0.582575 0.058749 0.583875 0.05833 0.584309 0.05833 0.584742 0.05791 0.585176 0.05791 0.585609 0.057491 0.586042 0.057491 0.586476 0.057071 0.586909 0.057071 0.587343 0.056232 0.58821 0.056232 0.588643 0.055812 0.589077 0.055812 0.58951 0.055392 0.589944 0.055392 0.591244 0.054973 0.591678 0.054973 0.592544 0.055392 0.592544 0.055812 0.592978 0.055812 0.593845 0.056232 0.594278 0.056651 0.594278 0.057071 0.594712 0.057491 0.594712 0.05791 0.595145 0.05791 0.595579 0.05833 0.596012 0.05833 0.596446 0.058749 0.596446 0.059169 0.596879 0.059589 0.596446 0.060008 0.596879 0.060428 0.596879 0.060848 0.597313 0.061267 0.597313 0.061687 0.597746 0.062107 0.597746 0.062526 0.598179 0.062946 0.598179 0.063366 0.598613 0.063785 0.598613 0.064624 0.59948 0.065044 0.59948 0.065464 0.599913 0.065883 0.599913 0.066303 0.600347 0.066723 0.600347 0.067142 0.60078 0.066723 0.601214 0.066723 0.602514 0.067142 0.602514 0.067562 0.602948 0.067562 0.602514 0.067982 0.602081 0.067982 0.601647 0.068401 0.601214 0.068821 0.601647 0.06924 0.601647 0.07008 0.602514 0.070499 0.602514 0.070919 0.602948 0.071339 0.602948 0.071758 0.603381 0.072178 0.603381 0.072598 0.603814 0.073017 0.603814 0.073437 0.604248 0.073856 0.604248 0.074276 0.604681 0.074696 0.604681 0.075535 0.605548 0.075955 0.605548 0.076374 0.605982 0.077633 0.605982 0.078053 0.606415 0.078473 0.606415 0.078892 0.606849 0.079312 0.606849 0.079731 0.607282 0.080151 0.607282 0.080571 0.607716 0.08099 0.607716 0.08141 0.608149 0.08183 0.608149 0.082249 0.608583 0.082669 0.608583 0.083508 0.60945 0.083928 0.60945 0.084347 0.609883 0.084347 0.610316 0.084767 0.610316 0.085187 0.61075 0.085606 0.61075 0.086026 0.611183 0.086446 0.611183 0.086865 0.611617 0.087285 0.611183 0.087705 0.611617 0.088124 0.611617 0.088963 0.612484 0.089383 0.612484 0.089803 0.612917 0.090222 0.612917 0.090642 0.613351 0.091062 0.613351 0.091481 0.613784 0.091901 0.613784 0.092321 0.614218 0.09274 0.614218 0.09316 0.614651 0.09358 0.614651 0.094419 0.615518 0.094838 0.615518 0.095258 0.615951 0.095678 0.615951 0.096097 0.616385 0.096517 0.616385 0.096937 0.616818 0.097356 0.616818 0.097776 0.617252 0.098196 0.617252 0.098615 0.617685 0.099035 0.617685 0.099454 0.618119 0.099874 0.618119 0.100713 0.618986 0.101133 0.618986 0.101553 0.619419 0.101972 0.619419 0.102392 0.619853 0.102392 0.620286 0.102812 0.620286 0.103231 0.62072 0.103651 0.62072 0.10449 0.621586 0.10491 0.621586 0.105329 0.62202 0.105749 0.62202 0.106169 0.622453 0.106588 0.622453 0.107008 0.622887 0.107428 0.622887 0.107847 0.62332 0.108267 0.62332 0.108687 0.623754 0.109106 0.623754 0.109526 0.624187 0.109945 0.624187 0.110785 0.625054 0.111204 0.625054 0.111624 0.625488 0.112044 0.625488 0.112463 0.625921 0.112883 0.625921 0.113303 0.626355 0.113722 0.626355 0.114142 0.626788 0.114561 0.626788 0.114981 0.627221 0.115401 0.627221 0.11624 0.628088 0.11666 0.628088 0.117079 0.628522 0.117499 0.628522 0.117919 0.628955 0.118338 0.628955 0.118758 0.629389 0.119178 0.629389 0.119597 0.629822 0.120017 0.629822 0.120436 0.630256 0.120856 0.630256 0.121695 0.631123 0.122115 0.631123 0.122535 0.631556 0.122954 0.631556 0.123374 0.63199 0.123794 0.63199 0.124213 0.632423 0.124633 0.632423 0.125052 0.632857 0.125472 0.632857 0.125892 0.63329 0.126311 0.63329 0.126731 0.633723 0.127151 0.633723 0.12799 0.63459 0.12841 0.63459 0.128829 0.635024 0.129249 0.635024 0.129668 0.635457 0.130088 0.635457 0.130508 0.635891 0.130927 0.635891 0.131347 0.636324 0.131767 0.636324 0.132186 0.636758 0.132606 0.636758 0.133445 0.637625 0.133865 0.637625 0.134285 0.638058 0.134704 0.638058 0.135124 0.638492 0.135543 0.638492 0.135963 0.638925 0.136383 0.638925 0.136802 0.639358 0.137222 0.639358 0.137642 0.639792 0.138061 0.639792 0.138901 0.640659 0.13932 0.640225 0.13974 0.640225 0.140579 0.641092 0.140999 0.641092 0.141418 0.641526 0.141838 0.641526 0.142258 0.641959 0.142677 0.641959 0.143097 0.642393 0.143517 0.642393 0.143936 0.642826 0.144356 0.642826 0.144775 0.64326 0.145195 0.64326 0.145615 0.643693 0.146034 0.643693 0.146874 0.64456 0.147293 0.64456 0.147713 0.644993 0.148133 0.644993 0.148552 0.645427 0.148972 0.645427 0.149392 0.64586 0.149811 0.64586 0.150231 0.646294 0.15065 0.646294 0.15107 0.646727 0.15149 0.646727 0.152329 0.647594 0.152749 0.647594 0.153168 0.648028 0.153588 0.648028 0.154008 0.648461 0.154427 0.648461 0.154847 0.648895 0.155266 0.648895 0.155686 0.649328 0.156106 0.649328 0.156525 0.649762 0.156945 0.649762 0.157784 0.650629 0.158204 0.650629 0.158624 0.651062 0.159043 0.651062 0.159463 0.651495 0.159883 0.651495 0.160302 0.651929 0.160722 0.651929 0.161141 0.652362 0.161561 0.652362 0.161981 0.652796 0.1624 0.652796 0.16282 0.653229 0.16324 0.653229 0.164079 0.654096 0.164499 0.654096 0.164918 0.65453 0.164499 0.654963 0.163659 0.654963 0.16324 0.655397 0.16324 0.65583 0.16282 0.656264 0.161561 0.656264 0.161141 0.656697 0.161141 0.65713 0.161561 0.657564 0.161981 0.657564 0.1624 0.657997 0.163659 0.656697 0.164079 0.656697 0.164499 0.65713 0.164079 0.657564 0.164079 0.658431 0.164918 0.659298 0.165338 0.659298 0.165757 0.659731 0.166597 0.658864 0.165757 0.657997 0.166177 0.657564 0.166597 0.657564 0.167436 0.658431 0.168275 0.658431 0.168275 0.657997 0.168695 0.657564 0.168275 0.65713 0.167856 0.65713 0.167016 0.656264 0.167436 0.65583 0.167856 0.65583 0.168275 0.656264 0.168695 0.656264 0.169534 0.65713 0.169954 0.65713 0.170373 0.657564 0.170793 0.657564 0.171213 0.657997 0.171632 0.657997 0.172052 0.658431 0.172472 0.658431 0.172891 0.658864 0.173311 0.658864 0.173731 0.659298 0.17415 0.659298 0.17499 0.660165 0.175409 0.660165 0.175829 0.660598 0.176248 0.660598 0.176668 0.661032 0.177088 0.661032 0.177507 0.661465 0.177927 0.661465 0.178347 0.661899 0.178766 0.661899 0.179186 0.662332 0.179606 0.662332 0.180025 0.662765 0.180445 0.662765 0.181284 0.663632 0.181704 0.663632 0.182123 0.664066 0.182123 0.664499 0.182543 0.664499 0.182963 0.664933 0.183382 0.664933 0.183802 0.665366 0.184222 0.665366 0.185061 0.666233 0.18548 0.666233 0.1859 0.666667 0.18548 0.6671 0.185061 0.6671 0.184641 0.667534 0.184641 0.667967 0.184222 0.668401 0.184641 0.668834 0.185061 0.668834 0.18548 0.669267 0.18548 0.668834 0.1859 0.668401 0.1859 0.667967 0.186739 0.6671 0.187159 0.6671 0.187579 0.667534 0.187998 0.667534 0.188418 0.667967 0.188838 0.667967 0.189257 0.668401 0.189677 0.668401 0.190516 0.669267 0.190936 0.669267 0.191355 0.669701 0.191775 0.669701 0.192195 0.670134 0.192614 0.670134 0.193034 0.670568 0.193454 0.670568 0.193873 0.671001 0.194293 0.671001 0.194713 0.671435 0.195132 0.671435 0.195552 0.671868 0.195971 0.671868 0.196811 0.672735 0.19723 0.672735 0.19765 0.673169 0.19807 0.673169 0.198489 0.673602 0.19765 0.674469 0.19765 0.674902 0.19807 0.675336 0.19765 0.675769 0.19723 0.675769 0.196811 0.676203 0.196811 0.676636 0.19723 0.676636 0.19765 0.67707 0.19807 0.67707 0.19807 0.676636 0.198489 0.676203 0.19807 0.676203 0.19765 0.675769 0.19807 0.675336 0.198909 0.675336 0.198909 0.674902 0.199748 0.674036 0.200168 0.674469 0.200168 0.674902 0.200587 0.675336 0.203105 0.675336 0.203945 0.676203 0.204784 0.676203 0.205204 0.675769 0.205623 0.675769 0.206043 0.676203 0.206462 0.676203 0.206882 0.676636 0.207302 0.676636 0.207721 0.67707 0.208141 0.67707 0.208561 0.677503 0.20898 0.677503 0.20982 0.67837 0.210239 0.67837 0.210659 0.678804 0.211078 0.678804 0.211498 0.679237 0.211918 0.679237 0.212337 0.679671 0.212757 0.679671 0.213177 0.680104 0.213596 0.680104 0.214016 0.680537 0.214436 0.680537 0.215275 0.681404 0.215695 0.681404 0.216114 0.681838 0.216534 0.681838 0.216953 0.682271 0.217373 0.682271 0.217793 0.682705 0.218212 0.682705 0.218632 0.683138 0.219471 0.683138 0.219891 0.683572 0.220311 0.683572 0.22073 0.684005 0.22115 0.684005 0.221569 0.684439 0.221989 0.684439 0.222409 0.684872 0.222828 0.684439 0.223248 0.684872 0.223668 0.684439 0.224507 0.684439 0.224927 0.684005 0.225346 0.684005 0.225766 0.683572 0.226185 0.683572 0.226185 0.683138 0.226605 0.682705 0.227025 0.682705 0.227025 0.682271 0.227444 0.681838 0.227864 0.681838 0.228284 0.681404 0.229123 0.681404 0.229962 0.682271 0.230382 0.682271 0.230802 0.682705 0.231221 0.682705 0.231641 0.683138 0.23206 0.683138 0.23248 0.683572 0.23248 0.684439 0.233739 0.685739 0.234159 0.685739 0.234578 0.686173 0.234159 0.686606 0.233739 0.686606 0.233739 0.687039 0.233319 0.687473 0.233319 0.687906 0.233739 0.687906 0.234159 0.68834 0.234578 0.68834 0.234578 0.687906 0.234998 0.687473 0.234159 0.686606 0.234578 0.686173 0.235837 0.686173 0.236257 0.686606 0.236676 0.686606 0.237096 0.687039 0.237516 0.687039 0.238355 0.687906 0.238355 0.68834 0.237935 0.688773 0.237935 0.689207 0.237516 0.68964 0.237935 0.690074 0.238355 0.690074 0.238355 0.68964 0.239614 0.68834 0.240034 0.688773 0.240453 0.688773 0.240873 0.689207 0.241292 0.689207 0.241712 0.68964 0.242132 0.68964 0.242551 0.690074 0.242971 0.690074 0.243391 0.690507 0.24381 0.690507 0.24465 0.691374 0.245069 0.691374 0.245489 0.691808 0.246328 0.691808 0.247167 0.692674 0.246328 0.693541 0.246328 0.693975 0.245909 0.694408 0.246328 0.694408 0.246748 0.694842 0.247167 0.694842 0.247587 0.695275 0.248007 0.695275 0.248426 0.694842 0.248426 0.694408 0.248007 0.693975 0.248426 0.693541 0.249266 0.693541 0.249685 0.693975 0.250525 0.693975 0.251364 0.693108 0.251783 0.693108 0.252203 0.693541 0.252623 0.693541 0.253042 0.693975 0.253462 0.693975 0.253882 0.694408 0.254301 0.694408 0.254721 0.694842 0.255141 0.694842 0.25556 0.695275 0.25598 0.695275 0.256819 0.696142 0.257239 0.696142 0.257658 0.696576 0.258078 0.696576 0.258498 0.697009 0.258917 0.697009 0.259337 0.697443 0.259757 0.697443 0.260176 0.697876 0.260596 0.697876 0.261016 0.698309 0.261435 0.698309 0.262274 0.699176 0.262694 0.699176 0.263114 0.69961 0.263533 0.69961 0.263953 0.700043 0.264373 0.700043 0.264792 0.700477 0.265212 0.700477 0.265632 0.70091 0.266051 0.70091 0.266471 0.701344 0.26689 0.701344 0.26773 0.702211 0.268149 0.702211 0.268569 0.702644 0.268989 0.702644 0.269408 0.703078 0.269828 0.703078 0.270248 0.703511 0.270667 0.703511 0.271087 0.703945 0.271507 0.703945 0.271926 0.704378 0.272346 0.704378 0.272765 0.704811 0.273185 0.704811 0.274024 0.705678 0.274444 0.705678 0.275283 0.706545 0.275283 0.706979 0.276123 0.707846 0.276542 0.707846 0.276962 0.708279 0.277801 0.707412 0.278221 0.707846 0.27864 0.707846 0.27948 0.708713 0.279899 0.708713 0.280319 0.709146 0.280739 0.709146 0.281158 0.70958 0.281578 0.70958 0.281997 0.710013 0.282417 0.710013 0.282837 0.710446 0.283256 0.710446 0.283676 0.71088 0.284096 0.71088 0.284935 0.711747 0.285355 0.711747 0.285774 0.71218 0.285774 0.713047 0.286194 0.713481 0.286194 0.714348 0.286614 0.714348 0.287033 0.714781 0.286614 0.715215 0.287033 0.715648 0.286614 0.716081 0.286614 0.718682 0.287453 0.719549 0.287453 0.719983 0.289551 0.72215 0.289971 0.72215 0.29123 0.72345 0.291649 0.72345 0.292069 0.723884 0.292069 0.724317 0.291649 0.724751 0.292069 0.724751 0.292488 0.725184 0.292908 0.724751 0.293747 0.724751 0.294167 0.725184 0.294587 0.725184 0.295426 0.726051 0.295006 0.726485 0.295006 0.726918 0.295426 0.727352 0.296265 0.727352 0.296265 0.726918 0.296685 0.726485 0.297104 0.726485 0.297524 0.726918 0.297524 0.727352 0.297104 0.727785 0.297104 0.728652 0.297524 0.728652 0.297944 0.729085 0.298783 0.728218 0.299203 0.728218 0.299622 0.728652 0.300042 0.728652 0.300462 0.729085 0.300881 0.729085 0.301301 0.729519 0.301721 0.729519 0.30214 0.729952 0.30256 0.729952 0.303399 0.730819 0.302979 0.731253 0.302979 0.731686 0.30256 0.73212 0.302979 0.732553 0.303399 0.732553 0.303819 0.73212 0.303819 0.731686 0.304238 0.731253 0.304658 0.731253 0.305078 0.731686 0.305497 0.731686 0.305917 0.73212 0.306337 0.73212 0.306756 0.732553 0.307176 0.732553 0.307595 0.732987 0.308015 0.732987 0.308854 0.733853 0.308435 0.734287 0.307595 0.734287 0.307595 0.735587 0.308015 0.735587 0.308435 0.736021 0.308435 0.735587 0.308854 0.735154 0.308854 0.73472 0.308435 0.734287 0.308854 0.733853 0.309274 0.733853 0.309694 0.734287 0.310113 0.733853 0.310533 0.734287 0.311372 0.734287 0.311792 0.73472 0.312211 0.73472 0.313051 0.735587 0.31347 0.735587 0.31389 0.736021 0.31431 0.736021 0.314729 0.736454 0.315149 0.736454 0.315569 0.736888 0.315988 0.736888 0.316408 0.737321 0.316828 0.737321 0.317247 0.737755 0.317667 0.737755 0.318086 0.738188 0.318506 0.738188 0.319345 0.739055 0.319765 0.739055 0.320185 0.739489 0.320604 0.739489 0.321024 0.739922 0.321444 0.739922 0.322283 0.740789 0.322702 0.740789 0.323122 0.741222 0.323542 0.741222 0.323961 0.741656 0.324381 0.741656 0.324801 0.742089 0.32522 0.742089 0.32564 0.742523 0.32606 0.742523 0.326479 0.742956 0.326899 0.742956 0.328158 0.744257 0.328158 0.74469 0.328577 0.745124 0.328997 0.745124 0.329417 0.74469 0.329836 0.74469 0.330256 0.745124 0.329836 0.745557 0.330676 0.746424 0.331095 0.746424 0.331515 0.746857 0.332354 0.746857 0.332774 0.746424 0.333193 0.746857 0.333613 0.746857 0.334033 0.747291 0.334452 0.747291 0.334872 0.747724 0.334872 0.748158 0.334452 0.748591 0.334452 0.749025 0.334872 0.749025 0.335711 0.748158 0.336131 0.748158 0.336551 0.748591 0.336551 0.749458 0.33697 0.749892 0.33739 0.749892 0.337809 0.750325 0.338649 0.749458 0.339488 0.750325 0.339908 0.750325 0.340327 0.750759 0.339488 0.751625 0.339908 0.751625 0.340747 0.752492 0.341167 0.752492 0.342006 0.751625 0.342426 0.751625 0.342845 0.752059 0.343265 0.752059 0.343684 0.752492 0.343684 0.753359 0.343265 0.753793 0.343684 0.754226 0.344104 0.754226 0.344104 0.753793 0.344524 0.753359 0.345363 0.753359 0.345783 0.753793 0.346202 0.753793 0.346622 0.754226 0.347042 0.754226 0.347461 0.75466 0.346622 0.755527 0.346622 0.75596 0.347042 0.756394 0.347461 0.75596 0.347461 0.755527 0.347042 0.755093 0.347461 0.75466 0.347881 0.75466 0.3483 0.755093 0.34872 0.755093 0.34914 0.755527 0.349559 0.755527 0.349979 0.75596 0.350399 0.75596 0.351238 0.756827 0.351658 0.756827 0.352077 0.757261 0.352497 0.757261 0.353336 0.758127 0.353336 0.758994 0.353756 0.758994 0.354175 0.759428 0.354595 0.759428 0.355015 0.758994 0.355854 0.758994 0.356274 0.759428 0.356274 0.760295 0.356693 0.760728 0.356693 0.761162 0.357113 0.761162 0.357533 0.761595 0.357952 0.761595 0.358791 0.760728 0.359211 0.761162 0.359631 0.761162 0.36005 0.761595 0.36047 0.761595 0.36089 0.762029 0.361309 0.762029 0.362149 0.762896 0.362568 0.762896 0.362988 0.763329 0.363407 0.763329 0.363827 0.763762 0.364247 0.763762 0.364666 0.764196 0.364247 0.764629 0.364666 0.765063 0.365086 0.765063 0.365925 0.76593 0.366765 0.765063 0.367604 0.76593 0.367184 0.766363 0.367184 0.766797 0.367604 0.76723 0.368443 0.766363 0.368863 0.766363 0.369282 0.766797 0.369702 0.766797 0.370122 0.76723 0.370541 0.76723 0.370961 0.767664 0.370541 0.768097 0.370122 0.768097 0.370122 0.768531 0.369702 0.768964 0.370122 0.768964 0.370541 0.769397 0.370541 0.768964 0.370961 0.768531 0.370541 0.768097 0.370961 0.767664 0.371381 0.767664 0.3718 0.768097 0.37222 0.768097 0.37264 0.768531 0.373059 0.768531 0.373479 0.768964 0.373059 0.769397 0.37264 0.769397 0.37264 0.769831 0.373059 0.770264 0.373479 0.770264 0.373479 0.769831 0.373898 0.769397 0.374318 0.769397 0.374738 0.769831 0.374738 0.770264 0.374318 0.770698 0.375157 0.771565 0.375157 0.771131 0.375997 0.770264 0.376416 0.770698 0.376836 0.770698 0.377256 0.771131 0.377675 0.771131 0.378095 0.771565 0.378095 0.772432 0.378514 0.772865 0.378934 0.772432 0.379773 0.772432 0.380193 0.772865 0.380613 0.772865 0.381032 0.773299 0.381452 0.773299 0.381872 0.773732 0.382291 0.773732 0.382711 0.774166 0.383131 0.774166 0.38355 0.774599 0.38397 0.774599 0.384389 0.775033 0.38355 0.775899 0.38355 0.776333 0.38397 0.776766 0.385229 0.776766 0.385229 0.776333 0.385648 0.775899 0.386068 0.775899 0.386488 0.776333 0.386907 0.776333 0.387327 0.776766 0.387747 0.776766 0.388166 0.7772 0.388586 0.7772 0.389425 0.778067 0.389005 0.7785 0.389005 0.778934 0.389425 0.779367 0.389845 0.779367 0.390684 0.7785 0.391104 0.778934 0.391523 0.778934 0.391943 0.779367 0.392363 0.779367 0.393202 0.780234 0.393202 0.780668 0.394041 0.781534 0.39488 0.780668 0.3953 0.781101 0.39572 0.781101 0.396139 0.781534 0.396139 0.781968 0.396559 0.782401 0.396979 0.782401 0.397398 0.782835 0.397818 0.782401 0.398238 0.782835 0.398657 0.782835 0.399916 0.784135 0.400336 0.784135 0.401175 0.785002 0.401175 0.785436 0.401595 0.785436 0.402014 0.785869 0.402434 0.785436 0.402854 0.785869 0.403273 0.785869 0.403693 0.786303 0.404112 0.786303 0.404532 0.786736 0.405791 0.786736 0.406211 0.787169 0.40663 0.787169 0.40747 0.788036 0.40705 0.78847 0.40705 0.788903 0.40663 0.789337 0.40663 0.78977 0.40705 0.790204 0.40747 0.790204 0.40747 0.78977 0.407889 0.789337 0.407889 0.788903 0.408309 0.78847 0.408728 0.78847 0.409148 0.788903 0.409568 0.788903 0.409987 0.789337 0.410407 0.789337 0.410827 0.78977 0.411246 0.78977 0.411666 0.790204 0.411666 0.791071 0.412086 0.791504 0.412925 0.791504 0.413764 0.792371 0.414184 0.792371 0.414603 0.791938 0.415023 0.791938 0.415443 0.792371 0.415443 0.793238 0.416282 0.793238 0.416702 0.793671 0.416702 0.794105 0.416282 0.794538 0.416702 0.794972 0.417121 0.794972 0.417541 0.794538 0.417541 0.794105 0.417961 0.793671 0.41838 0.793671 0.4188 0.794105 0.419219 0.794105 0.419639 0.794538 0.421318 0.794538 0.421318 0.794105 0.420478 0.793238 0.421318 0.792371 0.422157 0.793238 0.422157 0.793671 0.422996 0.794538 0.422996 0.795405 0.423416 0.794972 0.424255 0.794972 0.424675 0.795405 0.425094 0.795405 0.425934 0.796272 0.426353 0.796272 0.426773 0.796706 0.426773 0.797139 0.427193 0.797139 0.427612 0.797573 0.428871 0.797573 0.429291 0.798006 0.42971 0.798006 0.43013 0.79844 0.43013 0.798873 0.43055 0.799306 0.430969 0.799306 0.431389 0.79974 0.431809 0.799306 0.431809 0.798873 0.432228 0.79844 0.432648 0.798873 0.433068 0.798873 0.433487 0.799306 0.433907 0.799306 0.434746 0.800173 0.434326 0.800607 0.433907 0.800607 0.433487 0.800173 0.433068 0.800607 0.433068 0.80104 0.433487 0.80104 0.433907 0.801474 0.433907 0.80104 0.434746 0.800173 0.435166 0.800173 0.435585 0.800607 0.436005 0.800607 0.436425 0.80104 0.436844 0.80104 0.437264 0.801474 0.437684 0.801474 0.438103 0.801907 0.438523 0.801907 0.438943 0.802341 0.439362 0.802341 0.439782 0.802774 0.439362 0.803208 0.439362 0.804075 0.439782 0.804075 0.440201 0.804508 0.44146 0.804508 0.44188 0.804075 0.4423 0.804075 0.442719 0.804508 0.443139 0.804508 0.443559 0.804941 0.443978 0.804941 0.444398 0.805375 0.444817 0.805375 0.445657 0.806242 0.445237 0.806675 0.445657 0.807109 0.445657 0.807976 0.446076 0.807976 0.446496 0.807542 0.446916 0.807542 0.447335 0.807976 0.447755 0.807976 0.448175 0.808409 0.448594 0.808409 0.449433 0.809276 0.449853 0.809276 0.450273 0.80971 0.450692 0.80971 0.451112 0.810143 0.451532 0.810143 0.451951 0.810577 0.452371 0.810577 0.452791 0.81101 0.45321 0.81101 0.45363 0.811443 0.454889 0.811443 0.455308 0.811877 0.455728 0.811877 0.456148 0.81231 0.456148 0.812744 0.455728 0.813177 0.455728 0.813611 0.456148 0.813611 0.456567 0.814044 0.457407 0.814044 0.457407 0.813611 0.456987 0.813177 0.456987 0.812744 0.457407 0.81231 0.458246 0.813177 0.458666 0.813177 0.459085 0.813611 0.459505 0.813611 0.459924 0.814044 0.460344 0.814044 0.460764 0.814478 0.461183 0.814478 0.461603 0.814911 0.462023 0.814911 0.462442 0.815345 0.462862 0.815345 0.463701 0.816212 0.464121 0.816212 0.46454 0.816645 0.46496 0.816645 0.46538 0.817078 0.465799 0.817078 0.466219 0.817512 0.466639 0.817512 0.467058 0.817945 0.467478 0.817945 0.467898 0.818379 0.468317 0.818379 0.469157 0.819246 0.469576 0.819246 0.469996 0.819679 0.470415 0.819679 0.470835 0.820113 0.470835 0.821413 0.471255 0.821847 0.471674 0.821847 0.472094 0.82228 0.472514 0.82228 0.472933 0.822713 0.473773 0.822713 0.474192 0.82228 0.474612 0.822713 0.475031 0.822713 0.475451 0.823147 0.475871 0.822713 0.47629 0.823147 0.47671 0.823147 0.47713 0.82358 0.47713 0.824014 0.477549 0.824014 0.477969 0.824447 0.479228 0.824447 0.480067 0.825314 0.479648 0.825748 0.480067 0.826181 0.479648 0.826615 0.478808 0.826615 0.478389 0.827048 0.478389 0.827482 0.478808 0.827915 0.479648 0.827915 0.480067 0.827482 0.480487 0.827915 0.482585 0.827915 0.483005 0.828349 0.483005 0.829649 0.483424 0.830082 0.484683 0.830082 0.485103 0.829649 0.485522 0.830082 0.485942 0.830082 0.486362 0.830516 0.485942 0.830949 0.485942 0.831816 0.486781 0.831816 0.487201 0.83225 0.487201 0.832683 0.486781 0.833117 0.486362 0.833117 0.486362 0.83485 0.486781 0.835284 0.487201 0.835284 0.487621 0.835717 0.48804 0.835284 0.48846 0.835717 0.48846 0.836151 0.48888 0.836151 0.489719 0.837018 0.489719 0.837451 0.490138 0.837451 0.490558 0.837885 0.490558 0.838318 0.490138 0.838752 0.490138 0.839185 0.490558 0.839185 0.490978 0.839619 0.491397 0.839619 0.491817 0.840052 0.492237 0.840052 0.492656 0.840485 0.492656 0.840919 0.493076 0.840919 0.493915 0.841786 0.494335 0.841786 0.494755 0.842219 0.495174 0.842219 0.495594 0.842653 0.496013 0.842653 0.496433 0.843086 0.496853 0.843086 0.497272 0.84352 0.497692 0.84352 0.498112 0.843953 0.498531 0.843953 0.499371 0.84482 0.49979 0.84482 0.50021 0.845254 0.502308 0.845254 0.502728 0.84482 0.503147 0.845254 0.503567 0.84482 0.503987 0.845254 0.504406 0.84482 0.505665 0.84482 0.506085 0.844387 0.506924 0.844387 0.507344 0.843953 0.507763 0.843953 0.508183 0.84352 0.508603 0.84352 0.509022 0.843086 0.509442 0.843086 0.51154 0.840919 0.51154 0.840485 0.51196 0.840052 0.51196 0.839619 0.512379 0.839185 0.512379 0.838752 0.513219 0.837885 0.513638 0.838318 0.514478 0.838318 0.515317 0.837451 0.515317 0.837018 0.515736 0.836584 0.516156 0.836584 0.516156 0.836151 0.516995 0.835284 0.517415 0.835284 0.517835 0.835717 0.517835 0.836151 0.517415 0.836584 0.517415 0.837451 0.517835 0.837451 0.518254 0.837885 0.518674 0.837885 0.519094 0.837451 0.519094 0.837018 0.519513 0.836584 0.519933 0.837018 0.520352 0.836584 0.521611 0.837885 0.522031 0.837885 0.522451 0.838318 0.52287 0.838318 0.52329 0.838752 0.52371 0.838752 0.524129 0.839185 0.524549 0.839185 0.524969 0.839619 0.524969 0.840052 0.525388 0.840485 0.526647 0.840485 0.527067 0.840919 0.527486 0.840485 0.528745 0.841786 0.528745 0.842219 0.529165 0.842653 0.529585 0.842653 0.530004 0.842219 0.531683 0.842219 0.532102 0.842653 0.532102 0.843086 0.532522 0.84352 0.532942 0.84352 0.533361 0.843953 0.53462 0.843953 0.53504 0.844387 0.53546 0.844387 0.535879 0.84482 0.536299 0.844387 0.536718 0.84482 0.537138 0.84482 0.537558 0.845254 0.537977 0.845254 0.538397 0.845687 0.538817 0.845687 0.539236 0.846121 0.539656 0.845687 0.540076 0.846121 0.540495 0.845687 0.540915 0.846121 0.541334 0.845687 0.541754 0.846121 0.542593 0.845254 0.543013 0.845687 0.543852 0.845687 0.544272 0.845254 0.544692 0.845254 0.545111 0.84482 0.545531 0.84482 0.54595 0.844387 0.54637 0.844387 0.54637 0.843953 0.54679 0.84352 0.547209 0.84352 0.548468 0.842219 0.548468 0.841786 0.548888 0.841352 0.548888 0.840919 0.549727 0.840052 0.550147 0.840052 0.550147 0.839619 0.550567 0.839185 0.550567 0.837451 0.550147 0.837018 0.550147 0.835717 0.550567 0.835284 0.550567 0.83485 0.551406 0.833984 0.550986 0.833984 0.550147 0.833117 0.550147 0.832683 0.549308 0.831816 0.550986 0.830082 0.550986 0.829649 0.551406 0.829215 0.551406 0.828782 0.551825 0.828349 0.551825 0.827915 0.552245 0.827482 0.552245 0.827048 0.553084 0.826181 0.553084 0.825748 0.553504 0.825314 0.553504 0.824881 0.553924 0.824447 0.553924 0.824014 0.554343 0.82358 0.554343 0.823147 0.554763 0.822713 0.554763 0.82228 0.555183 0.821847 0.555183 0.821413 0.556022 0.820546 0.556022 0.820113 0.556441 0.819679 0.556441 0.819246 0.556861 0.818812 0.556861 0.818379 0.557281 0.817945 0.557281 0.817512 0.5577 0.817078 0.5577 0.816645 0.55812 0.816212 0.55812 0.815778 0.55854 0.815345 0.55854 0.814911 0.559379 0.814044 0.559379 0.813611 0.559799 0.813177 0.559799 0.812744 0.560218 0.81231 0.560218 0.811877 0.560638 0.811443 0.560638 0.81101 0.561057 0.810577 0.561057 0.810143 0.561477 0.80971 0.561477 0.809276 0.562316 0.808409 0.562316 0.807976 0.562736 0.807542 0.562736 0.807109 0.563156 0.806675 0.563156 0.806242 0.563575 0.805808 0.563575 0.805375 0.563995 0.804941 0.563995 0.804508 0.564415 0.804075 0.564415 0.803641 0.565254 0.802774 0.565254 0.802341 0.565674 0.801907 0.565674 0.801474 0.566093 0.80104 0.566093 0.800607 0.566513 0.800173 0.566513 0.79974 0.566932 0.799306 0.566932 0.798873 0.567352 0.79844 0.567352 0.798006 0.567772 0.797573 0.567772 0.797139 0.568611 0.796272 0.568611 0.795839 0.569031 0.795405 0.569031 0.794105 0.56945 0.793671 0.56945 0.793238 0.56987 0.792805 0.56987 0.792371 0.57029 0.791938 0.57029 0.791504 0.570709 0.791071 0.570709 0.790637 0.571129 0.790204 0.571129 0.78977 0.571968 0.788903 0.571968 0.78847 0.572388 0.788036 0.572388 0.787603 0.572807 0.787169 0.572807 0.786736 0.573227 0.786303 0.573227 0.785869 0.573647 0.785436 0.573647 0.785002 0.574066 0.784569 0.574066 0.784135 0.574906 0.783268 0.574486 0.782835 0.574486 0.782401 0.574906 0.781968 0.574906 0.780234 0.574486 0.779801 0.574486 0.779367 0.572388 0.7772 0.572388 0.776333 0.571968 0.775899 0.571548 0.775899 0.570709 0.775033 0.570709 0.773299 0.571129 0.772865 0.571129 0.772432 0.571548 0.771998 0.571548 0.771565 0.572388 0.770698 0.572388 0.770264 0.572807 0.769831 0.572807 0.769397 0.573227 0.768964 0.573227 0.768531 0.573647 0.768097 0.573647 0.767664 0.574066 0.76723 0.574066 0.766797 0.574486 0.766363 0.574486 0.76593 0.574906 0.765496 0.574906 0.765063 0.575745 0.764196 0.575745 0.763762 0.576164 0.763329 0.576164 0.762896 0.576584 0.762462 0.576584 0.762029 0.577004 0.761595 0.577004 0.761162 0.577423 0.760728 0.577423 0.760295 0.577843 0.759861 0.577843 0.759428 0.578682 0.758561 0.578682 0.758127 0.579102 0.757694 0.579522 0.757694 0.579522 0.757261 0.579941 0.756827 0.58162 0.756827 0.582039 0.756394 0.582039 0.75596 0.582879 0.755093 0.583718 0.755093 0.584138 0.75466 0.584977 0.755527 0.585397 0.755527 0.585816 0.755093 0.586655 0.75596 0.587495 0.755093 0.588334 0.755093 0.588754 0.75466 0.589173 0.75466 0.589173 0.754226 0.589593 0.753793 0.589593 0.753359 0.590013 0.752926 0.590013 0.752492 0.590852 0.751625 0.590852 0.751192 0.591272 0.750759 0.591272 0.750325 0.591691 0.749892 0.591691 0.749458 0.592111 0.749025 0.592111 0.748591 0.59253 0.748158 0.59253 0.747724 0.59295 0.747291 0.59295 0.746857 0.593789 0.74599 0.593789 0.745557 0.594209 0.745124 0.594209 0.74469 0.594629 0.744257 0.594629 0.743823 0.595048 0.74339 0.595048 0.742956 0.595468 0.742523 0.595468 0.742089 0.595888 0.741656 0.595888 0.741222 0.596727 0.740355 0.596727 0.739922 0.597146 0.739489 0.597146 0.739055 0.597566 0.738622 0.597986 0.739055 0.598825 0.739055 0.598825 0.738622 0.599245 0.738188 0.599245 0.737755 0.599664 0.737321 0.599664 0.736454 0.598825 0.735587 0.599245 0.735154 0.600084 0.735154 0.600923 0.736021 0.600923 0.736454 0.600504 0.736888 0.600923 0.737321 0.601343 0.737321 0.601762 0.736888 0.601762 0.736454 0.602182 0.736021 0.602182 0.735587 0.601343 0.735587 0.600923 0.735154 0.601762 0.734287 0.603021 0.734287 0.603441 0.73472 0.603441 0.736454 0.603861 0.736888 0.6047 0.736888 0.6047 0.736454 0.60512 0.736021 0.605539 0.736021 0.606379 0.736888 0.606798 0.736888 0.607218 0.737321 0.607637 0.737321 0.608057 0.737755 0.608477 0.737321 0.608896 0.737755 0.609316 0.737755 0.609736 0.738188 0.609736 0.738622 0.610155 0.738622 0.610575 0.739055 0.610575 0.739489 0.612673 0.739489 0.613512 0.740355 0.613932 0.740355 0.614352 0.740789 0.614771 0.740789 0.615191 0.741222 0.616869 0.741222 0.617289 0.740789 0.617709 0.740789 0.618968 0.742089 0.618968 0.742523 0.619387 0.742956 0.619807 0.742956 0.620227 0.742523 0.620227 0.742089 0.620646 0.741656 0.621066 0.741656 0.621486 0.742089 0.621486 0.742523 0.621905 0.742956 0.622325 0.742956 0.622744 0.74339 0.624003 0.74339 0.624423 0.743823 0.624843 0.74339 0.625262 0.743823 0.625682 0.743823 0.626102 0.744257 0.626521 0.744257 0.626941 0.74469 0.62736 0.74469 0.62778 0.745124 0.6282 0.745124 0.629039 0.74599 0.629459 0.74599 0.629878 0.746424 0.630298 0.746424 0.630718 0.746857 0.631137 0.746857 0.631557 0.747291 0.631977 0.747291 0.632396 0.747724 0.632816 0.747724 0.633235 0.748158 0.633655 0.748158 0.634075 0.748591 0.634494 0.748591 0.635334 0.749458 0.635753 0.749458 0.636173 0.749892 0.636593 0.749892 0.637012 0.750325 0.637432 0.750325 0.637851 0.750759 0.638271 0.750759 0.638691 0.751192 0.63911 0.751192 0.63953 0.751625 0.63995 0.751625 0.640789 0.752492 0.641209 0.752492 0.641628 0.752926 0.642048 0.752926 0.642467 0.753359 0.643726 0.753359 0.644146 0.753793 0.644985 0.753793 0.645825 0.752926 0.646244 0.752926 0.646244 0.752492 0.646664 0.752059 0.647084 0.752059 0.647503 0.751625 0.647503 0.751192 0.647923 0.750759 0.648342 0.750759 0.648342 0.750325 0.648762 0.749892 0.648762 0.749458 0.649182 0.749025 0.649182 0.748591 0.650021 0.747724 0.650021 0.747291 0.650441 0.746857 0.650441 0.746424 0.65086 0.74599 0.65086 0.745557 0.65128 0.745124 0.65128 0.74469 0.6517 0.744257 0.6517 0.743823 0.652119 0.74339 0.652119 0.742956 0.652958 0.742089 0.652958 0.741656 0.652539 0.741222 0.653378 0.740355 0.652958 0.739922 0.652958 0.738622 0.653378 0.738188 0.652958 0.737755 0.652958 0.736888 0.652539 0.736454 0.652119 0.736454 0.6517 0.736021 0.65128 0.736021 0.65086 0.735587 0.650441 0.735587 0.650021 0.735154 0.649601 0.735154 0.649182 0.73472 0.648762 0.73472 0.648342 0.734287 0.647923 0.734287 0.647084 0.73342 0.646664 0.73342 0.646244 0.732987 0.645825 0.732987 0.645405 0.732553 0.644985 0.732553 0.644566 0.73212 0.644146 0.73212 0.643726 0.731686 0.643307 0.731686 0.642887 0.731253 0.642467 0.731253 0.641628 0.730386 0.641209 0.730386 0.640789 0.729952 0.640369 0.729952 0.63995 0.729519 0.63953 0.729519 0.63911 0.729085 0.638691 0.729085 0.638271 0.728652 0.637851 0.728652 0.637432 0.728218 0.637012 0.728218 0.636593 0.727785 0.636173 0.727785 0.635334 0.726918 0.634914 0.726918 0.634494 0.726485 0.634075 0.726485 0.633655 0.726051 0.633235 0.726051 0.632816 0.725618 0.632396 0.725618 0.631977 0.725184 0.631557 0.725184 0.631137 0.724751 0.630718 0.724751 0.629878 0.723884 0.629459 0.723884 0.629039 0.72345 0.628619 0.72345 0.6282 0.723017 0.62778 0.723017 0.62736 0.722583 0.626941 0.722583 0.626521 0.72215 0.626102 0.72215 0.625682 0.721717 0.625262 0.721717 0.624423 0.72085 0.624003 0.72085 0.623584 0.720416 0.623164 0.720416 0.622744 0.719983 0.622325 0.719983 0.621905 0.719549 0.621486 0.719549 0.621066 0.719116 0.620646 0.719116 0.620227 0.718682 0.619807 0.718682 0.619387 0.718249 0.618968 0.718249 0.618128 0.717382 0.617709 0.717382 0.617289 0.716948 0.616869 0.716948 0.61645 0.716515 0.61603 0.716515 0.615611 0.716081 0.615191 0.716081 0.614771 0.715648 0.614352 0.715648 0.613932 0.715215 0.613512 0.715215 0.612673 0.714348 0.612253 0.714348 0.611834 0.713914 0.611414 0.713914 0.610995 0.713481 0.610575 0.713481 0.610155 0.713047 0.609736 0.713047 0.609316 0.712614 0.608896 0.712614 0.608477 0.71218 0.608057 0.71218 0.607218 0.711313 0.606798 0.711313 0.606379 0.71088 0.605959 0.71088 0.605539 0.710446 0.60512 0.710446 0.603861 0.709146 0.603441 0.709146 0.602602 0.708279 0.602182 0.708713 0.601762 0.708279 0.601762 0.707846 0.601343 0.707846 0.600923 0.707412 0.600504 0.707412 0.600084 0.706979 0.600504 0.706545 0.602182 0.706545 0.602602 0.706979 0.60428 0.706979 0.6047 0.706545 0.60512 0.706545 0.605959 0.707412 0.605539 0.707846 0.605539 0.708713 0.605959 0.708713 0.606379 0.709146 0.607218 0.708279 0.608057 0.709146 0.610155 0.709146 0.610575 0.70958 0.611834 0.70958 0.612253 0.710013 0.612673 0.70958 0.613512 0.70958 0.613932 0.710013 0.613932 0.710446 0.614352 0.71088 0.614352 0.711313 0.614771 0.711313 0.615191 0.71088 0.615611 0.711313 0.615611 0.71088 0.61603 0.710446 0.61645 0.71088 0.61645 0.711313 0.616869 0.711747 0.616869 0.71218 0.617289 0.71218 0.617709 0.712614 0.617709 0.713481 0.618128 0.713481 0.618548 0.713914 0.619387 0.713047 0.619807 0.713047 0.620227 0.713481 0.620227 0.713914 0.620646 0.713914 0.621066 0.714348 0.621486 0.714348 0.621905 0.714781 0.622325 0.714781 0.623164 0.715648 0.623584 0.715648 0.624003 0.716081 0.624423 0.716081 0.624843 0.716515 0.625682 0.716515 0.626941 0.717815 0.626941 0.718249 0.62736 0.718249 0.62778 0.718682 0.628619 0.717815 0.629459 0.718682 0.629878 0.718682 0.630298 0.719116 0.630718 0.719116 0.631137 0.719549 0.631557 0.719116 0.632816 0.720416 0.633235 0.720416 0.633655 0.72085 0.634075 0.72085 0.634494 0.721283 0.634914 0.72085 0.635334 0.721283 0.635334 0.721717 0.635753 0.72215 0.637851 0.72215 0.638271 0.721717 0.638691 0.72215 0.63911 0.721717 0.63953 0.72215 0.640369 0.72215 0.640789 0.721717 0.641209 0.72215 0.641628 0.721717 0.642467 0.721717 0.642467 0.721283 0.642887 0.72085 0.643307 0.72085 0.644566 0.719549 0.644566 0.719116 0.644985 0.718682 0.644985 0.718249 0.645405 0.717815 0.645405 0.717382 0.646244 0.716515 0.646244 0.716081 0.646664 0.715648 0.646664 0.715215 0.647084 0.714781 0.647084 0.714348 0.647503 0.713914 0.647503 0.713481 0.647923 0.713047 0.647923 0.712614 0.648342 0.71218 0.648342 0.711747 0.649182 0.71088 0.649182 0.710446 0.649601 0.710013 0.649601 0.70958 0.650021 0.709146 0.650021 0.708713 0.650441 0.708279 0.650441 0.707846 0.65086 0.707412 0.65086 0.706979 0.65128 0.706545 0.65128 0.706112 0.6517 0.705678 0.6517 0.705245 0.652539 0.704378 0.652539 0.703945 0.652958 0.703511 0.652958 0.703078 0.653378 0.702644 0.653378 0.702211 0.653798 0.701777 0.653798 0.701344 0.654217 0.70091 0.654217 0.700477 0.654637 0.700043 0.654637 0.69961 0.655476 0.698743 0.655476 0.698309 0.655896 0.697876 0.655896 0.697443 0.656316 0.697009 0.656316 0.696576 0.656735 0.696142 0.656735 0.695709 0.657155 0.695275 0.657155 0.694842 0.657574 0.694408 0.657574 0.693975 0.657994 0.693541 0.657994 0.693108 0.658833 0.692241 0.658833 0.691808 0.659253 0.691374 0.659253 0.690941 0.659673 0.690507 0.659673 0.690074 0.660092 0.68964 0.660092 0.689207 0.660512 0.688773 0.660512 0.68834 0.660932 0.687906 0.660932 0.687473 0.661771 0.686606 0.661771 0.686173 0.662191 0.685739 0.662191 0.685306 0.66261 0.684872 0.66261 0.684439 0.66303 0.684005 0.66303 0.683572 0.663449 0.683138 0.663449 0.682705 0.663869 0.682271 0.663869 0.681838 0.664708 0.680971 0.664708 0.680537 0.665128 0.680104 0.665128 0.679671 0.665548 0.679237 0.665548 0.678804 0.665967 0.67837 0.665967 0.677937 0.666387 0.677503 0.666387 0.67707 0.666807 0.676636 0.666807 0.676203 0.667226 0.675769 0.667226 0.675336 0.668065 0.674469 0.668065 0.674036 0.668485 0.673602 0.668485 0.673169 0.668905 0.672735 0.668905 0.672302 0.669324 0.671868 0.669324 0.671435 0.669744 0.671001 0.669744 0.670568 0.670164 0.670134 0.670164 0.669701 0.671003 0.668834 0.671003 0.668401 0.671423 0.667967 0.671423 0.667534 0.671842 0.6671 0.671842 0.666667 0.672262 0.666233 0.672262 0.6658 0.672681 0.665366 0.672681 0.664933 0.673101 0.664499 0.673101 0.664066 0.67394 0.663199 0.67394 0.662765 0.67436 0.662332 0.67436 0.661899 0.67478 0.661465 0.67478 0.661032 0.675199 0.660598 0.675199 0.660165 0.675619 0.659731 0.675619 0.659298 0.676039 0.658864 0.676039 0.658431 0.676458 0.657997 0.676458 0.657564 0.677298 0.656697 0.677298 0.656264 0.677717 0.65583 0.677717 0.655397 0.678137 0.654963 0.678137 0.65453 0.678556 0.654096 0.678556 0.653663 0.678976 0.653229 0.678976 0.652796 0.679396 0.652362 0.679396 0.651929 0.680235 0.651062 0.680235 0.650629 0.680655 0.650195 0.680655 0.649762 0.681074 0.649328 0.681074 0.648895 0.681494 0.648461 0.681494 0.648028 0.681914 0.647594 0.681914 0.647161 0.682333 0.646727 0.682333 0.646294 0.683172 0.645427 0.683172 0.644993 0.683592 0.64456 0.683592 0.644127 0.684012 0.643693 0.684012 0.64326 0.684431 0.642826 0.684431 0.642393 0.684851 0.641959 0.684851 0.641526 0.685271 0.641092 0.685271 0.640659 0.68569 0.640225 0.68569 0.639792 0.68653 0.638925 0.68653 0.638492 0.686949 0.638058 0.686949 0.637625 0.687369 0.637191 0.687369 0.636758 0.687789 0.636324 0.687789 0.635891 0.688208 0.635457 0.688208 0.635024 0.688628 0.63459 0.688628 0.634157 0.689467 0.63329 0.689467 0.632857 0.689887 0.632423 0.689887 0.63199 0.690306 0.631556 0.690306 0.631123 0.690726 0.630689 0.690726 0.630256 0.691146 0.629822 0.691146 0.629389 0.691565 0.628955 0.691565 0.628522 0.691985 0.628088 0.692405 0.628088 0.692824 0.627655 0.692824 0.627221 0.693244 0.626788 0.693244 0.625488 0.693663 0.625054 0.693663 0.624621 0.694083 0.624187 0.694922 0.625054 0.695342 0.625054 0.695762 0.625488 0.695762 0.625054 0.696181 0.624621 0.696181 0.624187 0.696601 0.623754 0.696181 0.623754 0.695342 0.622887 0.695342 0.622453 0.696181 0.621586 0.696601 0.62202 0.696601 0.622453 0.697021 0.622453 0.69786 0.62332 0.69744 0.623754 0.69744 0.624187 0.697021 0.624621 0.697021 0.625054 0.69744 0.625488 0.69786 0.625054 0.69786 0.624621 0.698699 0.623754 0.699119 0.623754 0.699538 0.624187 0.699958 0.624187 0.700378 0.624621 0.700797 0.624187 0.700797 0.623754 0.701217 0.62332 0.701637 0.623754 0.702056 0.623754 0.702476 0.624187 0.702896 0.624187 0.703735 0.625054 0.704154 0.625054 0.704574 0.625488 0.704994 0.625488 0.705413 0.625921 0.705833 0.625921 0.706253 0.626355 0.706672 0.626355 0.707092 0.626788 0.707512 0.626788 0.707931 0.627221 0.708351 0.627221 0.70877 0.627655 0.70919 0.627221 0.70961 0.627655 0.710029 0.627655 0.710869 0.628522 0.711288 0.628522 0.711708 0.628955 0.712967 0.628955 0.713386 0.629389 0.713806 0.628955 0.714226 0.629389 0.714645 0.628955 0.715485 0.628955 0.715485 0.628522 0.715904 0.628088 0.716324 0.628088 0.716324 0.627655 0.716744 0.627221 0.716744 0.626788 0.717163 0.626355 0.717163 0.625921 0.718003 0.625054 0.718003 0.624621 0.718422 0.624187 0.718422 0.623754 0.718842 0.62332 0.718842 0.622887 0.719261 0.622453 0.719261 0.62202 0.719681 0.621586 0.719681 0.621153 0.720101 0.62072 0.720101 0.620286 0.72094 0.619419 0.72094 0.618986 0.72136 0.618552 0.72136 0.618119 0.721779 0.617685 0.721779 0.617252 0.722199 0.616818 0.722199 0.616385 0.722619 0.615951 0.722619 0.615518 0.723038 0.615085 0.723038 0.614651 0.723877 0.613784 0.723877 0.613351 0.724297 0.612917 0.724297 0.612484 0.724717 0.61205 0.724717 0.611617 0.725136 0.611183 0.725136 0.61075 0.725556 0.610316 0.725556 0.609883 0.725976 0.60945 0.725976 0.609016 0.726395 0.608583 0.726395 0.608149 0.727235 0.607282 0.727235 0.606849 0.727654 0.606415 0.727654 0.605982 0.728074 0.605548 0.728074 0.605115 0.728493 0.604681 0.728493 0.604248 0.728913 0.603814 0.728913 0.603381 0.729333 0.602948 0.729333 0.602514 0.730172 0.601647 0.730172 0.601214 0.730592 0.60078 0.730592 0.59948 0.731011 0.599046 0.730592 0.598613 0.730592 0.597746 0.730172 0.597313 0.730172 0.596879 0.729752 0.596446 0.729752 0.596012 0.729333 0.595579 0.729333 0.595145 0.728493 0.594278 0.728493 0.593845 0.728074 0.593411 0.728074 0.592978 0.727235 0.592111 0.727654 0.591678 0.727235 0.591244 0.727654 0.590811 0.727235 0.590377 0.727235 0.58951 0.726815 0.589077 0.727235 0.588643 0.727235 0.587343 0.728074 0.586476 0.728074 0.585609 0.727654 0.585609 0.727235 0.585176 0.727235 0.584742 0.727654 0.584309 0.727654 0.583875 0.728074 0.583442 0.728074 0.583008 0.728493 0.582575 0.728493 0.582141 0.729333 0.581274 0.729333 0.580841 0.729752 0.580407 0.730172 0.580407 0.730172 0.579974 0.730592 0.579541 0.731011 0.579541 0.731431 0.579107 0.731851 0.579107 0.731851 0.578674 0.73227 0.57824 0.73269 0.57824 0.733529 0.577373 0.733949 0.577807 0.733949 0.577373 0.734368 0.57694 0.735208 0.57694 0.735627 0.576506 0.736047 0.576506 0.736886 0.575639 0.737726 0.575639 0.738145 0.575206 0.738145 0.574772 0.738565 0.574339 0.738565 0.573906 0.738984 0.573472 0.738984 0.573039 0.739404 0.572605 0.739404 0.572172 0.739824 0.571738 0.739824 0.571305 0.740243 0.570871 0.740243 0.570438 0.741083 0.569571 0.741083 0.569137 0.741502 0.568704 0.741502 0.56827 0.741922 0.567837 0.741922 0.567404 0.742342 0.56697 0.742342 0.566537 0.742761 0.566103 0.742761 0.564803 0.743181 0.564369 0.743181 0.563069 0.743601 0.562635 0.743181 0.562202 0.743601 0.561769 0.743181 0.561335 0.743601 0.560902 0.743181 0.560468 0.743601 0.560035 0.743181 0.559601 0.743181 0.559168 0.742761 0.558734 0.742761 0.557867 0.742342 0.557434 0.742342 0.556134 0.741922 0.5557 0.741922 0.554833 0.741502 0.5544 0.741502 0.553966 0.741083 0.553533 0.741083 0.553099 0.740663 0.552666 0.740663 0.552232 0.739404 0.550932 0.738984 0.550932 0.738565 0.550498 0.738145 0.550498 0.737726 0.550065 0.737306 0.550065 0.736886 0.549632 0.736467 0.549632 0.736047 0.549198 0.735627 0.549198 0.735208 0.548765 0.734788 0.548765 0.733949 0.547898 0.733529 0.547898 0.73311 0.547464 0.73269 0.547464 0.73227 0.547031 0.731851 0.547031 0.731431 0.546597 0.731011 0.546597 0.730592 0.546164 0.730172 0.546164 0.729752 0.54573 0.729333 0.54573 0.728493 0.544863 0.728074 0.544863 0.727654 0.54443 0.727235 0.54443 0.726815 0.543997 0.726395 0.543997 0.725976 0.543563 0.725556 0.543563 0.725136 0.54313 0.724717 0.54313 0.724297 0.542696 0.723877 0.542696 0.723458 0.542263 0.723038 0.542263 0.722199 0.541396 0.721779 0.541396 0.72136 0.540962 0.72094 0.540962 0.72052 0.540529 0.720101 0.540529 0.719681 0.540095 0.719261 0.540095 0.718842 0.539662 0.718422 0.539662 0.718003 0.539228 0.717583 0.539228 0.717163 0.538795 0.716744 0.538795 0.716324 0.538362 0.715904 0.538795 0.715485 0.538362 0.714226 0.538362 0.713806 0.537928 0.713386 0.538362 0.712967 0.537928 0.712547 0.538362 0.712128 0.537928 0.70961 0.537928 0.70919 0.538362 0.708351 0.538362 0.708351 0.538795 0.707931 0.539228 0.707092 0.539228 0.706672 0.538795 0.706253 0.539228 0.705833 0.538795 0.705413 0.539228 0.704994 0.538795 0.703735 0.538795 0.703315 0.539228 0.702896 0.539228 0.702476 0.539662 0.702056 0.539662 0.701637 0.540095 0.700797 0.540095 0.700378 0.540529 0.699958 0.540529 0.699538 0.540962 0.699119 0.540529 0.69786 0.540529 0.69744 0.540962 0.696601 0.540962 0.696601 0.541396 0.696181 0.541829 0.695762 0.541829 0.695342 0.541396 0.695342 0.541829 0.694922 0.542263 0.694083 0.542263 0.694083 0.542696 0.693663 0.54313 0.693244 0.542696 0.691985 0.542696 0.691565 0.542263 0.691146 0.542263 0.690726 0.541829 0.690306 0.541829 0.689467 0.540962 0.689047 0.540962 0.688628 0.540529 0.688208 0.540529 0.687789 0.540095 0.687369 0.540529 0.686949 0.540095 0.68653 0.540095 0.68611 0.539662 0.68569 0.539662 0.685271 0.539228 0.684851 0.539228 0.684431 0.538795 0.684012 0.538795 0.683592 0.538362 0.683172 0.538362 0.682333 0.537495 0.681914 0.537495 0.681494 0.537061 0.681074 0.537061 0.680655 0.536628 0.680235 0.536628 0.679815 0.536194 0.679396 0.536194 0.678976 0.535761 0.678556 0.535761 0.678137 0.535327 0.677717 0.535327 0.676878 0.53446 0.676458 0.53446 0.676039 0.534027 0.675619 0.534027 0.675199 0.533593 0.67478 0.533593 0.67436 0.53316 0.67394 0.53316 0.673521 0.532726 0.673101 0.532726 0.672681 0.532293 0.672262 0.532726 0.671842 0.532293 0.671423 0.532293 0.671003 0.53186 0.670583 0.53186 0.670164 0.531426 0.669744 0.531426 0.668905 0.530559 0.668905 0.530126 0.668485 0.530126 0.668065 0.529692 0.667646 0.529692 0.667226 0.529259 0.666807 0.529259 0.666387 0.528825 0.665128 0.528825 0.664708 0.528392 0.664289 0.528825 0.663869 0.528825 0.663449 0.529259 0.66261 0.529259 0.66261 0.529692 0.662191 0.530126 0.662191 0.530559 0.661771 0.530993 0.661771 0.531426 0.661351 0.53186 0.660932 0.53186 0.660932 0.532293 0.660092 0.53316 0.660092 0.533593 0.659673 0.534027 0.659673 0.53446 0.659253 0.534894 0.659253 0.535327 0.658833 0.535761 0.658833 0.536194 0.658414 0.536628 0.658414 0.537061 0.657994 0.537495 0.657994 0.537928 0.657155 0.538795 0.657155 0.539228 0.656735 0.539662 0.656735 0.540095 0.656316 0.540529 0.656316 0.540962 0.655896 0.541396 0.655896 0.541829 0.655476 0.542263 0.655476 0.542696 0.655057 0.54313 0.655057 0.543563 0.654217 0.54443 0.654217 0.544863 0.653798 0.545297 0.653798 0.54573 0.653378 0.546164 0.653378 0.546597 0.652958 0.547031 0.652958 0.547464 0.652539 0.547898 0.652539 0.548331 0.652119 0.548765 0.652119 0.549198 0.6517 0.549632 0.6517 0.550065 0.65086 0.550932 0.65086 0.551365 0.650441 0.551799 0.650441 0.552232 0.650021 0.552666 0.650021 0.553099 0.649601 0.553533 0.649601 0.553966 0.649182 0.5544 0.649182 0.554833 0.648762 0.555267 0.648762 0.5557 0.647923 0.556567 0.647923 0.557 0.647503 0.557434 0.647503 0.557867 0.647084 0.558301 0.647084 0.558734 0.646664 0.559168 0.646664 0.559601 0.646244 0.560035 0.646244 0.560468 0.645825 0.560902 0.645825 0.561335 0.644985 0.562202 0.644985 0.562635 0.644566 0.563069 0.644566 0.563502 0.644146 0.563936 0.644146 0.564369 0.643726 0.564803 0.643726 0.565236 0.643307 0.56567 0.643307 0.566103 0.642887 0.566537 0.642887 0.56697 0.642467 0.567404 0.642467 0.567837 0.641628 0.568704 0.641628 0.569137 0.641209 0.569571 0.641209 0.570004 0.640789 0.570438 0.640789 0.570871 0.640369 0.571305 0.640369 0.571738 0.63995 0.572172 0.63995 0.572605 0.63953 0.573039 0.63953 0.573472 0.638691 0.574339 0.638691 0.574772 0.638271 0.575206 0.638271 0.575639 0.637851 0.576073 0.637851 0.576506 0.637432 0.57694 0.637432 0.577373 0.637012 0.577807 0.637012 0.579107 0.636593 0.579541 0.636593 0.579974 0.636173 0.580407 0.636173 0.580841 0.635334 0.581708 0.635334 0.582141 0.634914 0.582575 0.634914 0.583008 0.634494 0.583442 0.634494 0.583875 0.634075 0.584309 0.634075 0.584742 0.633655 0.585176 0.633655 0.585609 0.633235 0.586042 0.633235 0.586476 0.632816 0.586909 0.632816 0.587343 0.631977 0.58821 0.631977 0.588643 0.631557 0.589077 0.631557 0.58951 0.631137 0.589944 0.631137 0.590377 0.630718 0.590811 0.630718 0.591244 0.630298 0.591678 0.630298 0.592111 0.629878 0.592544 0.629878 0.592978 0.629039 0.593845 0.629039 0.594278 0.628619 0.594712 0.628619 0.595145 0.6282 0.595579 0.6282 0.596012 0.62778 0.596446 0.62778 0.596879 0.62736 0.597313 0.62736 0.597746 0.626941 0.598179 0.626941 0.598613 0.626102 0.59948 0.626102 0.599913 0.625682 0.600347 0.625682 0.60078 0.625262 0.601214 0.625262 0.601647 0.624843 0.602081 0.624843 0.602514 0.624423 0.602948 0.624423 0.603381 0.624003 0.603814 0.624003 0.604248 0.623584 0.604681 0.623584 0.605115 0.622744 0.605982 0.622744 0.606415 0.622325 0.606849 0.622325 0.607282 0.621905 0.607716 0.621905 0.608149 0.621486 0.608583 0.621486 0.609016 0.621066 0.60945 0.621066 0.609883 0.620646 0.610316 0.620646 0.61075 0.619807 0.611617 0.619807 0.61205 0.618548 0.613351 0.618548 0.613784 0.618128 0.614218 0.618128 0.614651 0.617709 0.615085 0.617709 0.615518 0.617289 0.615951 0.616869 0.615518 0.616869 0.615951 0.61645 0.616385 0.61603 0.615951 0.61603 0.615085 0.615611 0.614651 0.615191 0.615085 0.615191 0.615518 0.614771 0.615951 0.615191 0.615951 0.615611 0.616385 0.61603 0.615951 0.61645 0.616385 0.61645 0.616818 0.61603 0.617252 0.61603 0.617685 0.615611 0.618119 0.615611 0.618552 0.615191 0.618986 0.615191 0.619419 0.614352 0.620286 0.614352 0.62072 0.613932 0.621153 0.613932 0.621586 0.613512 0.62202 0.613512 0.622453 0.613093 0.622887 0.613093 0.62332 0.612673 0.623754 0.612673 0.624187 0.612253 0.624621 0.612253 0.625054 0.611414 0.625921 0.611414 0.626355 0.610995 0.626788 0.610995 0.627221 0.610575 0.627655 0.610575 0.628088 0.610155 0.628522 0.610155 0.628955 0.609736 0.629389 0.609736 0.629822 0.609316 0.630256 0.609316 0.630689 0.608896 0.631123 0.608896 0.631556 0.608057 0.632423 0.608057 0.632857 0.607637 0.63329 0.607637 0.633723 0.607218 0.634157 0.607218 0.63459 0.606798 0.635024 0.606798 0.635457 0.606379 0.635891 0.606379 0.636324 0.605959 0.636758 0.605959 0.637191 0.60512 0.638058 0.60512 0.638492 0.6047 0.638925 0.6047 0.640225 0.60428 0.640659 0.60428 0.641092 0.603861 0.641526 0.603861 0.641959 0.603441 0.642393 0.603441 0.642826 0.603021 0.64326 0.603021 0.643693 0.602602 0.644127 0.602602 0.64456 0.601762 0.645427 0.601762 0.64586 0.601343 0.646294 0.601343 0.646727 0.600923 0.647161 0.600923 0.647594 0.600504 0.648028 0.600504 0.648461 0.600084 0.648895 0.600084 0.649328 0.599664 0.649762 0.599664 0.650195 0.599245 0.650629 0.599245 0.651062 0.598405 0.651929 0.598405 0.652362 0.597986 0.652796 0.597986 0.653229 0.597566 0.653663 0.597566 0.654096 0.597146 0.65453 0.597146 0.654963 0.596727 0.655397 0.596727 0.65583 0.596307 0.656264 0.596307 0.656697 0.595468 0.657564 0.595468 0.657997 0.595048 0.658431 0.595048 0.658864 0.594629 0.659298 0.594629 0.659731 0.594209 0.660165 0.594209 0.660598 0.593789 0.661032 0.593789 0.661465 0.59337 0.661899 0.59337 0.662332 0.59253 0.663199 0.59253 0.663632 0.592111 0.664066 0.592111 0.664499 0.591691 0.664933 0.591691 0.665366 0.591272 0.6658 0.591272 0.666233 0.590852 0.666667 0.590852 0.6671 0.590432 0.667534 0.590432 0.667967 0.590013 0.668401 0.590013 0.668834 0.589173 0.669701 0.589173 0.670134 0.588754 0.670568 0.588754 0.671001 0.588334 0.671435 0.588334 0.671868 0.587914 0.672302 0.587914 0.672735 0.587495 0.673169 0.587495 0.673602 0.587075 0.674036 0.587075 0.674469 0.586236 0.675336 0.586236 0.675769 0.585816 0.676203 0.585816 0.676636 0.585397 0.67707 0.585397 0.677503 0.584977 0.677937 0.584977 0.67837 0.584557 0.678804 0.584557 0.679237 0.584138 0.679671 0.584138 0.680104 0.583298 0.680971 0.583298 0.681404 0.582879 0.681838 0.582879 0.682271 0.582459 0.682705 0.582459 0.683138 0.582039 0.683572 0.582039 0.684005 0.58162 0.684439 0.58162 0.684872 0.5812 0.685306 0.5812 0.685739 0.580781 0.686173 0.580781 0.686606 0.579941 0.687473 0.579941 0.687906 0.579522 0.68834 0.579522 0.688773 0.579102 0.689207 0.579102 0.68964 0.578682 0.690074 0.578682 0.690507 0.578263 0.690941 0.578263 0.691374 0.577843 0.691808 0.577843 0.692241 0.577004 0.693108 0.577004 0.693541 0.576584 0.693975 0.576584 0.694408 0.576164 0.694842 0.576164 0.695275 0.575745 0.695709 0.575745 0.696142 0.575325 0.696576 0.575325 0.697009 0.574906 0.697443 0.574906 0.697876 0.574486 0.698309 0.574486 0.698743 0.573647 0.69961 0.573647 0.700043 0.573227 0.700477 0.573227 0.70091 0.572807 0.701344 0.572807 0.701777 0.572388 0.702211 0.572388 0.702644 0.571968 0.703078 0.571968 0.703511 0.571548 0.703945 0.571548 0.704378 0.570709 0.705245 0.570709 0.705678 0.57029 0.706112 0.57029 0.706545 0.56987 0.706979 0.56987 0.707412 0.56945 0.707846 0.56945 0.708279 0.569031 0.708713 0.569031 0.710013 0.568611 0.710446 0.568611 0.71088 0.568191 0.711313 0.568191 0.711747 0.567352 0.712614 0.567352 0.713047 0.566932 0.713481 0.566932 0.713914 0.566513 0.714348 0.566513 0.714781 0.566093 0.715215 0.566093 0.715648 0.565674 0.716081 0.565674 0.716515 0.565254 0.716948 0.565254 0.717382 0.564415 0.718249 0.564415 0.718682 0.563995 0.719116 0.563995 0.719549 0.563575 0.719983 0.563575 0.720416 0.563156 0.72085 0.563156 0.721283 0.562736 0.721717 0.562736 0.72215 0.562316 0.722583 0.562316 0.723017 0.561897 0.72345 0.561897 0.723884 0.561057 0.724751 0.561057 0.725184 0.560638 0.725618 0.560638 0.726051 0.560218 0.726485 0.560218 0.726918 0.559799 0.727352 0.559799 0.727785 0.559379 0.728218 0.559379 0.728652 0.558959 0.729085 0.558959 0.729519 0.55812 0.730386 0.55812 0.730819 0.5577 0.731253 0.556861 0.731253 0.556441 0.731686 0.556022 0.731253 0.556022 0.730819 0.556441 0.730386 0.556022 0.729952 0.555602 0.729952 0.555602 0.730386 0.555183 0.730819 0.555183 0.731253 0.555602 0.731686 0.555602 0.73212 0.555183 0.732553 0.554763 0.73212 0.554343 0.73212 0.553504 0.731253 0.553084 0.731253 0.552665 0.730819 0.552245 0.730819 0.551825 0.730386 0.551406 0.730386 0.550986 0.729952 0.550567 0.729952 0.550147 0.729519 0.549727 0.729519 0.549308 0.729085 0.548888 0.729085 0.548049 0.728218 0.547629 0.728218 0.547209 0.727785 0.54679 0.727785 0.54637 0.727352 0.54595 0.727352 0.545531 0.726918 0.545111 0.726918 0.544692 0.726485 0.544272 0.726485 0.543852 0.726051 0.543433 0.726051 0.542593 0.725184 0.542174 0.725184 0.541754 0.724751 0.541334 0.724751 0.540915 0.724317 0.540495 0.724317 0.540076 0.723884 0.539656 0.724317 0.539236 0.723884 0.538817 0.723884 0.538397 0.72345 0.537977 0.72345 0.537558 0.723017 0.537138 0.723017 0.536718 0.722583 0.536299 0.722583 0.535879 0.72215 0.53546 0.72215 0.53462 0.721283 0.534201 0.721283 0.533781 0.72085 0.533781 0.720416 0.533361 0.720416 0.532942 0.719983 0.532522 0.719983 0.532102 0.719549 0.530843 0.719549 0.530424 0.719116 0.530004 0.719549 0.529585 0.719116 0.529165 0.719116 0.528326 0.718249 0.528326 0.717815 0.527906 0.717815 0.527486 0.717382 0.527067 0.717382 0.526647 0.717815 0.526647 0.718249 0.526227 0.718682 0.525808 0.718682 0.525388 0.718249 0.524969 0.718249 0.524549 0.717815 0.524129 0.717815 0.52329 0.716948 0.52287 0.716948 0.522451 0.716515 0.522031 0.716515 0.521611 0.716081 0.521192 0.716081 0.520772 0.715648 0.520352 0.715648 0.519933 0.715215 0.519513 0.715215 0.519094 0.714781 0.518674 0.714781 0.518254 0.714348 0.517835 0.714348 0.516995 0.713481 0.516576 0.713481 0.516156 0.713047 0.515736 0.713047 0.515317 0.712614 0.515317 0.711747 0.514058 0.710446 0.514058 0.70958 0.513638 0.709146 0.513219 0.709146 0.512799 0.708713 0.512379 0.708713 0.51196 0.708279 0.51154 0.708279 0.51112 0.707846 0.510701 0.707846 0.510281 0.707412 0.509862 0.707412 0.509442 0.706979 0.509022 0.707412 0.508603 0.706979 0.508183 0.706979 0.507763 0.706545 0.507344 0.706545 0.506924 0.706112 0.506924 0.706545 0.506504 0.706979 0.506504 0.707412 0.506085 0.707846 0.505245 0.707846 0.504406 0.706979 0.503987 0.706979 0.503567 0.706545 0.503147 0.706545 0.502728 0.706112 0.502308 0.706112 0.501888 0.705678 0.501469 0.705678 0.501049 0.705245 0.500629 0.705245 0.50021 0.704811 0.49979 0.704811 0.499371 0.704378 0.499371 0.703945 0.498951 0.703511 0.498531 0.703511 0.498112 0.703078 0.497692 0.703078 0.497272 0.702644 0.496853 0.702644 0.496433 0.702211 0.496433 0.701344 0.494755 0.69961 0.494755 0.699176 0.493915 0.698309 0.492656 0.698309 0.492237 0.697876 0.491817 0.697876 0.491397 0.697443 0.490138 0.697443 0.489719 0.697009 0.489719 0.696576 0.490138 0.696142 0.490138 0.695709 0.489719 0.695709 0.489299 0.695275 0.48888 0.695275 0.48846 0.694842 0.48804 0.694842 0.48804 0.695275 0.487621 0.695709 0.487201 0.695709 0.486781 0.695275 0.486362 0.695275 0.485103 0.693975 0.485103 0.693541 0.484683 0.693108 0.483424 0.693108 0.483005 0.693541 0.481326 0.693541 0.480906 0.693108 0.479648 0.693108 0.479228 0.692674 0.477969 0.692674 0.477549 0.692241 0.47713 0.692241 0.47671 0.691808 0.47629 0.691808 0.475451 0.690941 0.475031 0.690941 0.474612 0.690507 0.474612 0.690074 0.474192 0.68964 0.474612 0.689207 0.474192 0.688773 0.473773 0.688773 0.473353 0.68834 0.472933 0.688773 0.472514 0.68834 0.472094 0.68834 0.471674 0.687906 0.471255 0.687906 0.470835 0.687473 0.470415 0.687473 0.469996 0.687039 0.469576 0.687039 0.469157 0.686606 0.468737 0.686606 0.468317 0.686173 0.467898 0.686173 0.467058 0.685306 0.466639 0.685306 0.466219 0.684872 0.465799 0.684872 0.46538 0.684439 0.46496 0.684439 0.46454 0.684005 0.464121 0.684005 0.463701 0.683572 0.463282 0.683572 0.462862 0.683138 0.462442 0.683138 0.461603 0.682271 0.461183 0.682271 0.460764 0.681838 0.460344 0.681838 0.459924 0.681404 0.459505 0.681404 0.459085 0.680971 0.458666 0.680971 0.458246 0.680537 0.457826 0.680537 0.457407 0.680104 0.456987 0.680104 0.456567 0.679671 0.456148 0.679671 0.455308 0.678804 0.454889 0.678804 0.454469 0.67837 0.45405 0.67837 0.45363 0.677937 0.45321 0.677937 0.452791 0.677503 0.452371 0.677937 0.451951 0.677503 0.451532 0.677503 0.451112 0.67707 0.450692 0.67707 0.450273 0.676636 0.449853 0.676636 0.449433 0.676203 0.449014 0.676203 0.448175 0.675336 0.447755 0.675336 0.447335 0.674902 0.446916 0.674902 0.446496 0.674469 0.446076 0.674469 0.445657 0.674036 0.445237 0.674036 0.444817 0.673602 0.444398 0.673602 0.443978 0.673169 0.443559 0.673169 0.442719 0.672302 0.4423 0.672302 0.44188 0.671868 0.44146 0.671868 0.441041 0.671435 0.440621 0.671435 0.440201 0.671001 0.439782 0.671001 0.439362 0.670568 0.438943 0.670568 0.438523 0.670134 0.438103 0.670134 0.437684 0.669701 0.437264 0.669701 0.436425 0.668834 0.436005 0.668834 0.435585 0.668401 0.435166 0.668401 0.434746 0.667967 0.434326 0.667967 0.433907 0.667534 0.433487 0.667534 0.433068 0.6671 0.432648 0.6671 0.432228 0.666667 0.431809 0.666667 0.430969 0.6658 0.43055 0.6658 0.43013 0.665366 0.42971 0.665366 0.429291 0.664933 0.428871 0.664933 0.428452 0.664499 0.428032 0.664499 0.427612 0.664066 0.427193 0.664066 0.426773 0.663632 0.426353 0.663632 0.425514 0.662765 0.425094 0.662765 0.424675 0.662332 0.424255 0.662332 0.423836 0.661899 0.423416 0.661899 0.422996 0.661465 0.422577 0.661465 0.422157 0.661032 0.421737 0.661032 0.421318 0.660598 0.420898 0.660598 0.420478 0.660165 0.420059 0.660165 0.419219 0.659298 0.4188 0.659298 0.41838 0.658864 0.417961 0.658864 0.417541 0.658431 0.417121 0.658431 0.416702 0.657997 0.416282 0.657997 0.415862 0.657564 0.415443 0.657564 0.415023 0.65713 0.414603 0.65713 0.413764 0.656264 0.413345 0.656264 0.412925 0.65583 0.412505 0.65583 0.412086 0.655397 0.411666 0.655397 0.411246 0.654963 0.410827 0.654963 0.410407 0.65453 0.409987 0.65453 0.409568 0.654096 0.409148 0.654096 0.408309 0.653229 0.407889 0.653229 0.40747 0.652796 0.40705 0.652796 0.40663 0.652362 0.406211 0.652362 0.405791 0.651929 0.405371 0.651929 0.404952 0.651495 0.404532 0.651495 0.404112 0.651062 0.403693 0.651062 0.403273 0.650629 0.402854 0.650629 0.402014 0.649762 0.401595 0.649762 0.401175 0.649328 0.400755 0.649328 0.400336 0.648895 0.399916 0.648895 0.399496 0.648461 0.399077 0.648461 0.398657 0.648028 0.398238 0.648028 0.397818 0.647594 0.397398 0.647594 0.396559 0.646727 0.396139 0.646727 0.39572 0.646294 0.3953 0.646294 0.39488 0.64586 0.394461 0.64586 0.394041 0.645427 0.393621 0.645427 0.393202 0.644993 0.392782 0.644993 0.392363 0.64456 0.391943 0.64456 0.391104 0.643693 0.390684 0.643693 0.390264 0.64326 0.389845 0.64326 0.389425 0.642826 0.389005 0.642826 0.388586 0.642393 0.388166 0.642393 0.387747 0.641959 0.387327 0.641959 0.386907 0.641526 0.386488 0.641526 0.386068 0.641092 0.385648 0.641092 0.384809 0.640225 0.384389 0.640225 0.38397 0.639792 0.38355 0.639792 0.383131 0.639358 0.382711 0.639358 0.382291 0.638925 0.381872 0.638925 0.381452 0.638492 0.381032 0.638492 0.380193 0.637625 0.380193 0.637191 0.379773 0.637191 0.378514 0.635891 0.378095 0.635891 0.377675 0.635457 0.377256 0.635457 0.376416 0.63459 0.375997 0.63459 0.375577 0.634157 0.374318 0.634157 0.373059 0.632857 0.37264 0.632857 0.37222 0.632423 0.370961 0.632423 0.370541 0.63199 0.370122 0.63199 0.369282 0.631123 0.368863 0.631123 0.368443 0.630689 0.368023 0.630689 0.367604 0.630256 0.366345 0.630256 0.365925 0.630689 0.365086 0.630689 0.364247 0.629822 0.364247 0.629389 0.363827 0.629389 0.363407 0.628955 0.362988 0.628955 0.362568 0.628522 0.362149 0.628522 0.361729 0.628088 0.361309 0.628088 0.36047 0.627221 0.36005 0.627221 0.359631 0.626788 0.359211 0.626788 0.358791 0.626355 0.358372 0.626355 0.357952 0.625921 0.357533 0.625921 0.357113 0.625488 0.356693 0.625488 0.356274 0.625054 0.355854 0.625054 0.355015 0.624187 0.354595 0.624187 0.354175 0.623754 0.353756 0.623754 0.353336 0.62332 0.352916 0.62332 0.352497 0.622887 0.352497 0.622453 0.352077 0.622453 0.351658 0.62202 0.352077 0.621586 0.351658 0.621586 0.351238 0.621153 0.350818 0.621153 0.350399 0.62072 0.349979 0.62072 0.349559 0.620286 0.34914 0.620286 0.34872 0.619853 0.3483 0.619853 0.347881 0.619419 0.347461 0.619419 0.347042 0.618986 0.345783 0.618986 0.344943 0.618119 0.344524 0.618119 0.344104 0.617685 0.343684 0.617685 0.343265 0.617252 0.342845 0.617252 0.342426 0.616818 0.342006 0.616818 0.341586 0.616385 0.341167 0.616385 0.340747 0.615951 0.340327 0.615951 0.339908 0.615518 0.339488 0.615518 0.338649 0.614651 0.338229 0.614651 0.337809 0.614218 0.33739 0.614218 0.33697 0.613784 0.336551 0.613784 0.336131 0.613351 0.335711 0.613351 0.335292 0.612917 0.334872 0.612917 0.334452 0.612484 0.334033 0.612484 0.333193 0.611617 0.332774 0.611617 0.332354 0.611183 0.331935 0.611183 0.331515 0.61075 0.331095 0.61075 0.330676 0.610316 0.330256 0.610316 0.329836 0.609883 0.329417 0.609883 0.328997 0.60945 0.328577 0.60945 0.327738 0.608583 0.327319 0.608583 0.326899 0.608149 0.326479 0.608149 0.32606 0.607716 0.32564 0.607716 0.32522 0.607282 0.324801 0.607282 0.324381 0.606849 0.323961 0.606849 0.323542 0.606415 0.323122 0.606415 0.322702 0.605982 0.322283 0.605982 0.321444 0.605115 0.321024 0.605115 0.320604 0.604681 0.320185 0.604681 0.319765 0.604248 0.319345 0.604248 0.318926 0.603814 0.318506 0.603814 0.318086 0.603381 0.317667 0.603381 0.317247 0.602948 0.316828 0.602948 0.315988 0.602081 0.315569 0.602081 0.315149 0.601647 0.314729 0.601647 0.31431 0.601214 0.31389 0.601214 0.31347 0.60078 0.313051 0.60078 0.312631 0.600347 0.312211 0.600347 0.311792 0.599913 0.311372 0.599913 0.310533 0.599046 0.310113 0.599046 0.309694 0.598613 0.309274 0.598613 0.308854 0.598179 0.308435 0.598179 0.308015 0.597746 0.307595 0.597746 0.307176 0.597313 0.305917 0.597313 0.305497 0.596879 0.305078 0.596879 0.304658 0.596446 0.304238 0.596446 0.303819 0.596012 0.303399 0.596012 0.30256 0.595145 0.30214 0.595145 0.301721 0.594712 0.301301 0.594712 0.300881 0.594278 0.300462 0.594278 0.300042 0.593845 0.299622 0.593845 0.299203 0.593411 0.298783 0.593411 0.298363 0.592978 0.297944 0.592978 0.297104 0.592111 0.296685 0.592111 0.296265 0.591678 0.295846 0.591678 0.295426 0.591244 0.295006 0.591244 0.294587 0.590811 0.294167 0.590811 0.293747 0.590377 0.293328 0.590377 0.292908 0.589944 0.292488 0.589944 0.291649 0.589077 0.29123 0.589077 0.29081 0.588643 0.29039 0.588643 0.289971 0.58821 0.289551 0.58821 0.289131 0.587776 0.288712 0.587776 0.288292 0.587343 0.287872 0.587343 0.287453 0.586909 0.287033 0.586909 0.286194 0.586042 0.286194 0.585609 0.285774 0.585609 0.285355 0.585176 0.284935 0.585176 0.284515 0.584742 0.284096 0.584742 0.283676 0.584309 0.283256 0.584309 0.282837 0.583875 0.282417 0.583875 0.281578 0.583008 0.281158 0.583008 0.280739 0.582575 0.280319 0.582575 0.279899 0.582141 0.27948 0.582141 0.27906 0.581708 0.27864 0.581708 0.278221 0.581274 0.277801 0.581274 0.277381 0.580841 0.276962 0.580841 0.276542 0.580407 0.276123 0.580407 0.275283 0.579541 0.274864 0.579541 0.274444 0.579107 0.274024 0.579107 0.273605 0.578674 0.273185 0.578674 0.272765 0.57824 0.272346 0.57824 0.271926 0.577807 0.271507 0.577807 0.271087 0.577373 0.269828 0.577373 0.269408 0.57694 0.269408 0.576506 0.268989 0.576073 0.268569 0.576073 0.268149 0.575639 0.26773 0.575639 0.26731 0.575206 0.26689 0.575206 0.266471 0.574772 0.266051 0.574772 0.265632 0.574339 0.265212 0.574339 0.264373 0.573472 0.263953 0.573472 0.263533 0.573039 0.263114 0.573039 0.262694 0.572605 0.262274 0.572605 0.261855 0.572172 0.261435 0.572172 0.261016 0.571738 0.260596 0.571738 0.260176 0.571305 0.259757 0.571305 0.259337 0.570871 0.258917 0.570871 0.258078 0.570004 0.257658 0.570004 0.257239 0.569571 0.256819 0.569571 0.256399 0.569137 0.25598 0.569137 0.25556 0.568704 0.255141 0.568704 0.254721 0.56827 0.253462 0.56827 0.253042 0.567837 0.252623 0.567837 0.252203 0.567404 0.251783 0.567404 0.250105 0.56567 0.249685 0.56567 0.249266 0.565236 0.248846 0.565236 0.248426 0.564803 0.248007 0.564803 0.247167 0.563936 0.246748 0.563936 0.246328 0.563502 0.245909 0.563502 0.245489 0.563069 0.245069 0.563069 0.24465 0.562635 0.24423 0.562635 0.24381 0.562202 0.243391 0.562202 0.242971 0.561769 0.242551 0.561769 0.242132 0.561335 0.241712 0.561335 0.240873 0.560468 0.240453 0.560468 0.240034 0.560035 0.239614 0.560035 0.239194 0.559601 0.238775 0.559601 0.238355 0.559168 0.237935 0.559168 0.237516 0.558734 0.236257 0.558734 0.235837 0.558301 0.235418 0.558301 0.234998 0.557867 0.234998 0.557434 0.234578 0.557 0.234159 0.557 0.233739 0.556567 0.233319 0.556567 0.2329 0.556134 0.23248 0.556134 0.23206 0.5557 0.231641 0.5557 0.231221 0.555267 0.230802 0.555267 0.229962 0.5544 0.229543 0.5544 0.229123 0.553966 0.228703 0.553966 0.228284 0.553533 0.227864 0.553533 0.227444 0.553099 0.227025 0.553099 0.226605 0.552666 0.226185 0.552666 0.225766 0.552232 0.225346 0.552232 0.224927 0.551799 0.224507 0.552232 0.224087 0.551799 0.223668 0.551799 0.223248 0.551365 0.222828 0.551365 0.221989 0.550498 0.221569 0.550498 0.22115 0.550065 0.22073 0.550065 0.220311 0.549632 0.219891 0.549632 0.219471 0.549198 0.219052 0.549198 0.218632 0.548765 0.218212 0.548765 0.217793 0.548331 0.217373 0.548331 0.216534 0.547464 0.216114 0.547464 0.215695 0.547031 0.215275 0.547031 0.214855 0.546597 0.214436 0.546597 0.214016 0.546164 0.213596 0.546164 0.213177 0.54573 0.212757 0.54573 0.212337 0.545297 0.211918 0.545297 0.211078 0.54443 0.210659 0.54443 0.210239 0.543997 0.20982 0.543997 0.2094 0.543563 0.20898 0.543563 0.208561 0.54313 0.208141 0.54313 0.207721 0.542696 0.207302 0.542696 0.206882 0.542263 0.206462 0.542263 0.206043 0.541829 0.205623 0.541829 0.204784 0.540962 0.204364 0.540962 0.203945 0.540529 0.203525 0.540529 0.203105 0.540095 0.202686 0.540095 0.202266 0.539662 0.201846 0.539662 0.201427 0.539228 0.201007 0.539228 0.200587 0.538795 0.200168 0.538795 0.199329 0.537928 0.198909 0.537928 0.198489 0.537495 0.19807 0.537495 0.19765 0.537061 0.19723 0.537061 0.196811 0.536628 0.196391 0.536628 0.195971 0.536194 0.195552 0.536194 0.195132 0.535761 0.194713 0.535761 0.193873 0.534894 0.193454 0.534894 0.193034 0.53446 0.192614 0.53446 0.192195 0.534027 0.191775 0.534027 0.191355 0.533593 0.190936 0.533593 0.190516 0.53316 0.190097 0.53316 0.189677 0.532726 0.189257 0.532726 0.188838 0.532293 0.188418 0.532293 0.187579 0.531426 0.187159 0.531426 0.186739 0.530993 0.18632 0.530993 0.1859 0.530559 0.18548 0.530559 0.185061 0.530126 0.184641 0.530126 0.184222 0.529692 0.183802 0.529692 0.183382 0.529259 0.182963 0.529259 0.182123 0.528392 0.181704 0.528392 0.181284 0.527958 0.180864 0.527958 0.180445 0.527525 0.180025 0.527525 0.179606 0.527091 0.179186 0.527091 0.178766 0.526658 0.178347 0.526658 0.177927 0.526225 0.177507 0.526225 0.177088 0.525791 0.176668 0.525791 0.175829 0.524924 0.17457 0.524924 0.17415 0.524491 0.17415 0.524057 0.173731 0.524057 0.173311 0.523624 0.172891 0.524057 0.172472 0.523624 0.172472 0.52319 0.172052 0.52319 0.171632 0.522757 0.171213 0.522757 0.170373 0.52189 0.169954 0.52189 0.169534 0.521456 0.169115 0.521456 0.168695 0.521023 0.168275 0.521023 0.167856 0.52059 0.167436 0.52059 0.167016 0.520156 0.166597 0.520156 0.166177 0.519723 0.165757 0.519723 0.164918 0.518856 0.164499 0.518856 0.164079 0.518422 0.163659 0.518422 0.16324 0.517989 0.16282 0.517989 0.1624 0.517555 0.161981 0.517555 0.161561 0.517122 0.161141 0.517122 0.160722 0.516688 0.160302 0.516688 0.159463 0.515821 0.158624 0.515821 0.158204 0.516255 0.157784 0.516255 0.157365 0.515821 0.156945 0.515821 0.156106 0.514954 0.154847 0.514954 0.154427 0.514521 0.154008 0.514521 0.153588 0.514088 0.153168 0.514088 0.152749 0.513654 0.152329 0.513654 0.151909 0.513221 0.15065 0.513221 0.150231 0.512787 0.150231 0.512354 0.149811 0.512354 0.148972 0.511487 0.148552 0.511487 0.148133 0.51192 0.147713 0.511487 0.147293 0.51192 0.146034 0.51192 0.145615 0.512354 0.145615 0.512787 0.144356 0.514088 0.144356 0.514521 0.143517 0.515388 0.142677 0.515388 0.142258 0.515821 0.140999 0.515821 0.140579 0.515388 0.140159 0.515388 0.13932 0.514521 0.138901 0.514521 0.138481 0.514088 0.138061 0.514088 0.137642 0.513654 0.136383 0.513654 0.135963 0.513221 0.135543 0.513221 0.135124 0.512787 0.134704 0.512787 0.134285 0.512354 0.133865 0.512354 0.133445 0.51192 0.133026 0.51192 0.132186 0.511053 0.131767 0.511053 0.131347 0.51062 0.130927 0.51062 0.130508 0.510186 0.130088 0.510186 0.129668 0.509753 0.129249 0.509753 0.128829 0.509319 0.12841 0.509319 0.12799 0.508886 0.12757 0.508886 0.126731 0.508019 0.126311 0.508019 0.125892 0.507586 0.125472 0.507586 0.125052 0.507152 0.124633 0.507152 0.124213 0.506719 0.123794 0.506719 0.123374 0.506285 0.122954 0.506285 0.122535 0.505852 0.122115 0.505852 0.121695 0.505418 0.121276 0.505418 0.120436 0.504551 0.120017 0.504551 0.119597 0.504118 0.119178 0.504118 0.118758 0.503684 0.118338 0.503684 0.117919 0.503251 0.117499 0.503251 0.117079 0.502818 0.11666 0.502818 0.11624 0.502384 0.114981 0.502384 0.114561 0.501951 0.114142 0.501951 0.113303 0.501084 0.112883 0.501084 0.112463 0.50065 0.112044 0.50065 0.111624 0.500217 0.111204 0.500217 0.110785 0.499783 0.110365 0.499783 0.109945 0.49935 0.109526 0.49935 0.109106 0.498916 0.108687 0.498916 0.107847 0.498049 0.107428 0.498049 0.107008 0.497616 0.106588 0.497616 0.106169 0.497182 0.105749 0.497182 0.105329 0.496749 0.10491 0.496749 0.10449 0.496316 0.103231 0.496316 0.102812 0.495882 0.102392 0.496316
0 0.404532 0.446034 0.404532 0.446467 0.404112 0.446901 0.404532 0.447334 0.405371 0.447334 0.405371 0.446901 0.405791 0.446467 0.405371 0.446034
0 0.32564 0.416992 0.32564 0.417425 0.32522 0.417859 0.32522 0.418726 0.32564 0.418726 0.32606 0.419159 0.326479 0.419159 0.326899 0.419593 0.327319 0.419159 0.327319 0.418726 0.327738 0.418292 0.327738 0.417859 0.327319 0.417859 0.326899 0.417425 0.326479 0.417425 0.32606 0.416992
