0 0.382595 0.486508 0.382595 0.487037 0.383625 0.487037 0.383625 0.486508
0 0.25103 0.473545 0.25103 0.474868 0.251287 0.474868 0.251545 0.475132 0.25103 0.475661 0.25103 0.475926 0.251287 0.475926 0.251545 0.47619 0.25206 0.47619 0.25206 0.475661 0.252317 0.475397 0.252575 0.475661 0.252575 0.47619 0.253347 0.47619 0.253605 0.476455 0.254119 0.476455 0.254377 0.47672 0.254634 0.47672 0.254634 0.476455 0.254119 0.476455 0.253347 0.475661 0.253605 0.475397 0.253605 0.475132 0.253347 0.474868 0.252832 0.474868 0.252575 0.474603 0.251802 0.474603 0.251287 0.474074 0.251287 0.473545
0 0.341916 0.465873 0.341916 0.466138 0.341658 0.466402 0.341658 0.466667 0.342173 0.466667 0.342173 0.466402 0.34243 0.466138 0.34243 0.465873
0 0.342688 0.45582 0.34243 0.456085 0.34243 0.456614 0.342688 0.456878 0.343203 0.456878 0.343203 0.45582
0 0.254634 0.434656 0.254634 0.437037 0.254892 0.437037 0.254892 0.434656
0 0.361483 0.292063 0.361226 0.292328 0.361226 0.292857 0.36174 0.292857 0.361998 0.293122 0.362513 0.293122 0.362513 0.292328 0.361998 0.292328 0.36174 0.292063
0 0.361998 0.284921 0.361998 0.285714 0.362513 0.286243 0.362513 0.286508 0.363028 0.286508 0.363028 0.285714 0.363285 0.28545 0.363028 0.285185 0.362255 0.285185
0 0.361998 0.283069 0.361998 0.283333 0.362255 0.283333 0.362513 0.283598 0.362513 0.283862 0.363285 0.283862 0.363285 0.283069
0 0.363028 0.27619 0.363028 0.27672 0.363543 0.277249 0.363543 0.277513 0.362513 0.278571 0.362255 0.278307 0.362255 0.279101 0.362513 0.279365 0.36277 0.279365 0.363028 0.27963 0.3638 0.27963 0.3638 0.277513 0.364058 0.277249 0.364058 0.27619
0 0.363285 0.274603 0.363028 0.274868 0.363028 0.275132 0.363285 0.275132 0.363543 0.275397 0.364058 0.275397 0.364058 0.274868 0.364315 0.274603
0 0.3638 0.272751 0.3638 0.273545 0.364315 0.273545 0.364315 0.272751
0 0.36586 0.250529 0.365602 0.250794 0.365602 0.251323 0.366375 0.251323 0.366375 0.250794 0.366117 0.250529
0 0.367405 0.23254 0.367405 0.233598 0.367662 0.233862 0.36792 0.233862 0.36792 0.233598 0.368177 0.233333 0.368177 0.23254
0 0.367662 0.230952 0.367405 0.231217 0.367405 0.231481 0.367662 0.231746 0.368177 0.231746 0.368177 0.230952
0 0.367662 0.228571 0.367662 0.229365 0.368435 0.229365 0.368435 0.228571
0 0.280896 0.226455 0.280639 0.22672 0.280639 0.226984 0.280896 0.226984 0.280896 0.22672 0.281153 0.226455
0 0.368692 0.216667 0.368692 0.21746 0.36895 0.217725 0.369464 0.217725 0.369464 0.217196 0.369722 0.216931 0.369722 0.216667
0 0.36895 0.210582 0.36895 0.211111 0.369207 0.211376 0.369207 0.211905 0.369464 0.212169 0.369464 0.212434 0.369979 0.212434 0.369979 0.211905 0.370237 0.21164 0.370237 0.210582
0 0.370237 0.20582 0.369722 0.206349 0.369722 0.206614 0.370494 0.206614 0.370494 0.206349 0.370752 0.206085 0.370752 0.20582
0 0.373069 0.174339 0.373069 0.175132 0.373584 0.175132 0.373584 0.174339
0 0.3293 0.110053 0.3293 0.110582 0.329042 0.110847 0.329815 0.110847 0.330072 0.110582 0.329815 0.110317 0.329815 0.110053
0 0.356591 0.106085 0.356076 0.106614 0.355561 0.106614 0.355304 0.106878 0.354789 0.106878 0.354531 0.107143 0.354274 0.106878 0.354016 0.106878 0.353759 0.107143 0.351442 0.107143 0.351184 0.107407 0.350154 0.107407 0.349897 0.107672 0.347837 0.107672 0.34758 0.107937 0.347065 0.107937 0.346807 0.108201 0.345778 0.108201 0.34552 0.107937 0.34552 0.107672 0.345263 0.107407 0.343718 0.107407 0.34346 0.107143 0.343203 0.107143 0.343203 0.107937 0.342945 0.108201 0.342688 0.108201 0.34243 0.107937 0.342173 0.107937 0.341916 0.108201 0.341916 0.108466 0.341658 0.10873 0.341658 0.108995 0.341143 0.109524 0.340886 0.109524 0.340628 0.109788 0.340628 0.110053 0.340113 0.110582 0.340113 0.110847 0.339598 0.111376 0.339598 0.111905 0.339341 0.112169 0.339341 0.112434 0.339083 0.112698 0.339083 0.11455 0.339341 0.114815 0.339341 0.115608 0.339598 0.115873 0.339598 0.116402 0.339856 0.116667 0.339598 0.116931 0.339856 0.117196 0.339856 0.11746 0.340113 0.11746 0.340628 0.117989 0.340628 0.118254 0.340886 0.118254 0.341916 0.119312 0.341916 0.119577 0.342173 0.119841 0.342173 0.120106 0.342688 0.120635 0.342688 0.120899 0.342945 0.121164 0.342945 0.122222 0.342688 0.122487 0.342688 0.124074 0.342173 0.124603 0.342173 0.124868 0.341401 0.125661 0.341401 0.125926 0.341143 0.12619 0.341143 0.126455 0.340886 0.12672 0.340886 0.127513 0.340628 0.127778 0.340628 0.130423 0.340371 0.130688 0.340371 0.133069 0.340113 0.133333 0.340113 0.133862 0.340371 0.134127 0.340371 0.134392 0.340628 0.134656 0.340628 0.134921 0.340886 0.135185 0.340886 0.135979 0.340371 0.136508 0.340371 0.137037 0.340113 0.137302 0.340113 0.137566 0.339856 0.137831 0.339598 0.137831 0.339341 0.138095 0.339341 0.13836 0.338311 0.139418 0.338311 0.139683 0.337539 0.140476 0.337539 0.140741 0.337281 0.141005 0.337281 0.14127 0.337024 0.141534 0.336509 0.141534 0.335994 0.142063 0.335994 0.142857 0.335736 0.143122 0.335479 0.143122 0.335221 0.143386 0.335221 0.143915 0.333934 0.145238 0.333677 0.145238 0.333677 0.145503 0.333419 0.145767 0.333162 0.145767 0.332904 0.146032 0.332904 0.146296 0.332389 0.146825 0.332132 0.146825 0.331874 0.14709 0.331617 0.14709 0.331102 0.147619 0.330844 0.147619 0.329815 0.148677 0.329815 0.148942 0.329557 0.149206 0.3293 0.149206 0.328527 0.15 0.327755 0.15 0.326982 0.150794 0.32621 0.150794 0.325953 0.151058 0.325695 0.151058 0.325438 0.150794 0.324923 0.150794 0.324665 0.151058 0.323635 0.151058 0.323378 0.151323 0.322863 0.151323 0.322606 0.151587 0.320288 0.151587 0.320031 0.151323 0.319258 0.151323 0.319001 0.151587 0.317199 0.151587 0.316941 0.151323 0.316941 0.151058 0.315911 0.151058 0.315654 0.151323 0.314367 0.151323 0.314109 0.151587 0.313594 0.151587 0.313337 0.151323 0.312307 0.151323 0.312049 0.151058 0.312049 0.150794 0.307158 0.150794 0.306643 0.150265 0.306643 0.149735 0.305098 0.148148 0.305098 0.147884 0.30484 0.147619 0.304583 0.147619 0.304068 0.14709 0.304068 0.146825 0.303811 0.146561 0.303553 0.146561 0.303296 0.146296 0.303038 0.146296 0.302781 0.146032 0.302266 0.146032 0.302008 0.145767 0.301751 0.145767 0.301493 0.145503 0.301236 0.145503 0.300978 0.145238 0.299176 0.145238 0.298919 0.144974 0.296601 0.144974 0.296344 0.144709 0.296087 0.144974 0.294799 0.144974 0.294542 0.145238 0.292225 0.145238 0.292225 0.145767 0.291967 0.146032 0.291452 0.146032 0.291452 0.146561 0.291195 0.146825 0.291195 0.147354 0.291967 0.147354 0.292225 0.147619 0.291967 0.147884 0.29171 0.147884 0.29171 0.149206 0.291452 0.149471 0.291195 0.149206 0.291195 0.148677 0.290937 0.148677 0.29068 0.148413 0.29068 0.148677 0.290422 0.148942 0.290422 0.149471 0.29068 0.149471 0.290937 0.149735 0.291195 0.149735 0.291452 0.15 0.291195 0.150265 0.291195 0.151323 0.290937 0.151587 0.290937 0.152646 0.290422 0.153175 0.290422 0.154233 0.29068 0.154497 0.29068 0.154762 0.290422 0.155026 0.290165 0.154762 0.289907 0.154762 0.289907 0.155291 0.28965 0.155556 0.28965 0.158201 0.289392 0.158466 0.289392 0.160847 0.289135 0.161111 0.289135 0.162963 0.289392 0.163228 0.289392 0.163492 0.289135 0.163757 0.289135 0.166402 0.288877 0.166667 0.288877 0.169048 0.28862 0.169312 0.28862 0.171693 0.288363 0.171958 0.288363 0.177249 0.288105 0.177513 0.288105 0.180159 0.287848 0.180423 0.287848 0.182804 0.28759 0.183069 0.28759 0.18545 0.287333 0.185714 0.287333 0.18836 0.287075 0.188624 0.287075 0.191005 0.286818 0.19127 0.286818 0.193651 0.28656 0.193915 0.28656 0.196561 0.286303 0.196825 0.286303 0.199206 0.286045 0.199471 0.286045 0.201852 0.28553 0.202381 0.28553 0.203704 0.285273 0.203968 0.285273 0.204233 0.284501 0.205026 0.284243 0.205026 0.283986 0.205291 0.283471 0.205291 0.283213 0.205556 0.282956 0.205556 0.282698 0.205291 0.282183 0.205291 0.281926 0.205026 0.281411 0.205026 0.281153 0.205291 0.279866 0.205291 0.279866 0.20582 0.280124 0.206085 0.280124 0.206349 0.279866 0.206614 0.279866 0.207143 0.279609 0.207407 0.279609 0.209259 0.279866 0.209524 0.279866 0.209788 0.279609 0.210053 0.279609 0.210582 0.279351 0.210847 0.279351 0.212698 0.279094 0.212963 0.279094 0.213228 0.279351 0.213492 0.279351 0.213757 0.279094 0.214021 0.279094 0.215344 0.278836 0.215608 0.278836 0.216667 0.279094 0.216931 0.279094 0.217989 0.278579 0.218519 0.278579 0.220899 0.278321 0.221164 0.278321 0.221429 0.278836 0.221958 0.278836 0.223016 0.278579 0.22328 0.278321 0.22328 0.278321 0.223545 0.278064 0.22381 0.278064 0.225397 0.278321 0.225397 0.278579 0.225661 0.278579 0.225926 0.279094 0.225926 0.279351 0.22619 0.279609 0.22619 0.279866 0.225926 0.281411 0.225926 0.281411 0.225661 0.281668 0.225397 0.281926 0.225397 0.282183 0.225661 0.282183 0.225926 0.281926 0.22619 0.281926 0.228042 0.282183 0.228307 0.282183 0.228836 0.282441 0.229101 0.282441 0.230952 0.282183 0.231217 0.281668 0.231217 0.281668 0.232804 0.281926 0.232804 0.282183 0.233069 0.281926 0.233333 0.281411 0.233333 0.281411 0.234127 0.281926 0.234656 0.281668 0.234921 0.281411 0.234921 0.281411 0.235185 0.281668 0.23545 0.281668 0.235979 0.281926 0.236243 0.281926 0.240212 0.281668 0.240476 0.281668 0.243122 0.281411 0.243386 0.281411 0.243651 0.281153 0.243915 0.281153 0.245767 0.280896 0.246032 0.280896 0.248413 0.280639 0.248677 0.280639 0.249471 0.280381 0.249735 0.280381 0.251323 0.280124 0.251587 0.280124 0.253968 0.279866 0.254233 0.279866 0.256085 0.279609 0.256349 0.279351 0.256349 0.279351 0.256614 0.279094 0.256878 0.279094 0.257937 0.278579 0.258466 0.278579 0.259259 0.278064 0.259788 0.278064 0.260317 0.277806 0.260582 0.277806 0.261111 0.278064 0.261376 0.278064 0.26164 0.278321 0.26164 0.278579 0.261905 0.278836 0.261905 0.279094 0.262169 0.278836 0.262434 0.278836 0.264021 0.278579 0.264286 0.278579 0.264815 0.278321 0.265079 0.278321 0.265608 0.278579 0.265873 0.278579 0.266138 0.278836 0.266402 0.278836 0.266931 0.279351 0.266931 0.279609 0.267196 0.279609 0.26746 0.279094 0.267989 0.279094 0.268519 0.279351 0.268783 0.279351 0.27037 0.279094 0.270635 0.279094 0.270899 0.279351 0.271164 0.279351 0.271693 0.279094 0.271958 0.279094 0.27328 0.278579 0.27381 0.278579 0.274868 0.278321 0.275132 0.278321 0.275926 0.278064 0.27619 0.278064 0.278571 0.277806 0.278836 0.277806 0.280952 0.278064 0.281217 0.278064 0.281481 0.277806 0.281746 0.277806 0.283333 0.278064 0.283598 0.278064 0.284127 0.277806 0.284392 0.277806 0.286772 0.277549 0.287037 0.277549 0.287831 0.277806 0.288095 0.277806 0.289683 0.277549 0.289947 0.277549 0.290212 0.277291 0.290476 0.277291 0.292328 0.277034 0.292593 0.277034 0.292857 0.276777 0.293122 0.276777 0.293915 0.276519 0.29418 0.276519 0.294709 0.275489 0.295767 0.275489 0.296032 0.274459 0.29709 0.274459 0.297354 0.274202 0.297619 0.274202 0.298148 0.273944 0.298413 0.273944 0.298942 0.274202 0.298942 0.274459 0.299206 0.273944 0.299735 0.273944 0.300794 0.274202 0.301058 0.273944 0.301323 0.273687 0.301323 0.273687 0.303175 0.273944 0.303175 0.274202 0.303439 0.274202 0.304497 0.273944 0.304762 0.273687 0.304497 0.273687 0.303968 0.273429 0.303968 0.273429 0.305556 0.273687 0.305556 0.273944 0.30582 0.273687 0.306085 0.273172 0.306085 0.273172 0.307672 0.273687 0.308201 0.273429 0.308466 0.273172 0.308466 0.273172 0.30873 0.272915 0.308995 0.273172 0.308995 0.273429 0.309259 0.273429 0.309524 0.273172 0.309788 0.272915 0.309788 0.272915 0.311376 0.272657 0.31164 0.272657 0.314021 0.2724 0.314286 0.2724 0.31455 0.272657 0.314815 0.2724 0.315079 0.2724 0.316931 0.272142 0.317196 0.272142 0.319048 0.2724 0.319312 0.2724 0.319841 0.272142 0.320106 0.271885 0.319841 0.271885 0.322222 0.271627 0.322487 0.271627 0.325132 0.27137 0.325397 0.27137 0.325661 0.270855 0.32619 0.269825 0.32619 0.269825 0.327778 0.269567 0.328042 0.269567 0.330423 0.26931 0.330688 0.269567 0.330952 0.269567 0.333333 0.26931 0.333598 0.269053 0.333598 0.269053 0.336243 0.26931 0.336243 0.270082 0.337037 0.269825 0.337302 0.268795 0.337302 0.268795 0.338624 0.268538 0.338889 0.268538 0.340741 0.268795 0.341005 0.268795 0.341534 0.268538 0.341799 0.268538 0.342857 0.268795 0.343122 0.268795 0.343386 0.268538 0.343651 0.26828 0.343651 0.26828 0.34418 0.268023 0.344444 0.268023 0.346825 0.267765 0.34709 0.267765 0.349735 0.267508 0.35 0.267508 0.350529 0.267765 0.350794 0.267765 0.351058 0.267508 0.351323 0.267508 0.352381 0.26725 0.352646 0.26725 0.355026 0.266993 0.355291 0.266993 0.357937 0.266735 0.358201 0.266735 0.360582 0.266478 0.360847 0.266478 0.363228 0.26622 0.363492 0.26622 0.366138 0.265963 0.366402 0.265963 0.368783 0.265705 0.369048 0.265705 0.371429 0.265448 0.371693 0.265448 0.374339 0.265191 0.374603 0.265191 0.376984 0.264933 0.377249 0.264933 0.379894 0.264676 0.380159 0.264676 0.38254 0.264418 0.382804 0.264418 0.385185 0.264161 0.38545 0.264161 0.388095 0.263903 0.38836 0.263903 0.390741 0.263646 0.391005 0.263646 0.393386 0.263388 0.393651 0.263388 0.396296 0.263131 0.396561 0.263131 0.398942 0.262873 0.399206 0.262873 0.401587 0.262616 0.401852 0.262616 0.404497 0.262358 0.404762 0.262358 0.407143 0.262101 0.407407 0.262101 0.408466 0.262358 0.40873 0.262616 0.40873 0.262873 0.408995 0.263388 0.408995 0.263646 0.409259 0.263646 0.410053 0.263388 0.410317 0.263388 0.412698 0.263131 0.412963 0.263131 0.415608 0.262873 0.415873 0.262873 0.418254 0.262616 0.418519 0.262616 0.420899 0.262358 0.421164 0.262358 0.42381 0.262101 0.424074 0.262101 0.426455 0.261843 0.42672 0.261843 0.428307 0.261586 0.428571 0.260299 0.428571 0.260299 0.429101 0.261329 0.429101 0.261586 0.429365 0.261586 0.429894 0.260814 0.430688 0.260556 0.430688 0.260299 0.430952 0.260041 0.430688 0.259011 0.430688 0.259011 0.430952 0.258754 0.431217 0.258496 0.431217 0.257467 0.432275 0.257467 0.433069 0.257209 0.433333 0.257209 0.434392 0.256952 0.434656 0.256952 0.435979 0.257209 0.436243 0.257209 0.436508 0.257467 0.436508 0.257724 0.436772 0.257467 0.437037 0.256694 0.437037 0.256437 0.437302 0.256437 0.437566 0.257467 0.437566 0.257467 0.437037 0.257724 0.436772 0.258496 0.436772 0.258754 0.437037 0.259269 0.437037 0.259526 0.437302 0.260041 0.437302 0.260299 0.437566 0.260299 0.437831 0.260814 0.437831 0.261071 0.437566 0.261329 0.437566 0.261586 0.437831 0.262101 0.437831 0.262358 0.438095 0.262616 0.438095 0.262873 0.43836 0.263388 0.43836 0.263903 0.438889 0.263903 0.439153 0.264161 0.439418 0.264161 0.439947 0.264418 0.440212 0.264161 0.440476 0.264161 0.442063 0.262616 0.443651 0.262358 0.443651 0.262101 0.443915 0.261071 0.443915 0.260814 0.443651 0.258496 0.443651 0.258239 0.443386 0.257981 0.443651 0.257467 0.443651 0.257209 0.443915 0.255664 0.443915 0.255407 0.443651 0.255407 0.443386 0.254377 0.443386 0.254119 0.443122 0.253862 0.443122 0.253862 0.445238 0.253605 0.445503 0.253605 0.447884 0.253347 0.448148 0.253347 0.450794 0.25309 0.451058 0.25309 0.453439 0.252832 0.453704 0.252832 0.456349 0.252575 0.456614 0.252575 0.458995 0.252317 0.459259 0.252317 0.461111 0.252575 0.461376 0.252575 0.461905 0.252317 0.462169 0.25206 0.462169 0.25206 0.462698 0.252317 0.462963 0.25206 0.463228 0.25206 0.46455 0.251802 0.464815 0.251802 0.466931 0.25206 0.467196 0.251802 0.46746 0.251545 0.46746 0.251545 0.469577 0.25206 0.470106 0.251802 0.47037 0.251545 0.47037 0.251545 0.471164 0.251287 0.471429 0.251287 0.472751 0.25103 0.473016 0.251287 0.473016 0.251287 0.472751 0.25206 0.471958 0.25206 0.471164 0.252317 0.470899 0.252575 0.470899 0.252832 0.470635 0.253347 0.470635 0.253605 0.470899 0.253605 0.471429 0.254377 0.471429 0.255149 0.470635 0.255407 0.470899 0.255407 0.471958 0.255664 0.472222 0.255664 0.472751 0.255407 0.473016 0.255407 0.474868 0.256179 0.475661 0.256179 0.475926 0.256437 0.475926 0.256952 0.476455 0.258496 0.476455 0.258754 0.47672 0.259269 0.47672 0.259526 0.476984 0.262101 0.476984 0.262358 0.477249 0.264676 0.477249 0.264933 0.477513 0.26725 0.477513 0.267508 0.477778 0.269567 0.477778 0.269825 0.478042 0.270082 0.478042 0.27034 0.478307 0.272657 0.478307 0.272915 0.478571 0.275232 0.478571 0.275489 0.478836 0.278064 0.478836 0.278321 0.479101 0.280639 0.479101 0.280896 0.479365 0.283471 0.479365 0.283728 0.47963 0.286045 0.47963 0.286303 0.479894 0.28862 0.479894 0.288877 0.480159 0.291452 0.480159 0.29171 0.480423 0.294027 0.480423 0.294284 0.480688 0.296601 0.480688 0.296859 0.480952 0.299434 0.480952 0.299691 0.481217 0.299691 0.481746 0.299949 0.481746 0.300721 0.48254 0.300978 0.48254 0.301493 0.483069 0.301493 0.483862 0.302781 0.485185 0.302781 0.48545 0.303296 0.485979 0.303553 0.485979 0.303811 0.486243 0.303811 0.486772 0.304325 0.487302 0.304325 0.489153 0.304068 0.489418 0.304068 0.491799 0.303811 0.492063 0.303811 0.494444 0.303553 0.494709 0.303553 0.497354 0.303296 0.497619 0.303296 0.5 0.303038 0.500265 0.303038 0.502646 0.302781 0.50291 0.302781 0.505556 0.302523 0.50582 0.302523 0.508201 0.302266 0.508466 0.302266 0.510847 0.302008 0.511111 0.302008 0.513757 0.301751 0.514021 0.301751 0.516402 0.301493 0.516667 0.301493 0.519048 0.301236 0.519312 0.301236 0.521958 0.300978 0.522222 0.300978 0.524603 0.300721 0.524868 0.300721 0.525926 0.300978 0.52619 0.300721 0.526455 0.300721 0.526984 0.300978 0.526984 0.300978 0.526455 0.301236 0.52619 0.301493 0.526455 0.301493 0.526984 0.302523 0.526984 0.302781 0.527249 0.305355 0.527249 0.305355 0.526984 0.305613 0.52672 0.306128 0.52672 0.306128 0.525661 0.306385 0.525397 0.307415 0.525397 0.307673 0.525132 0.30793 0.525132 0.308187 0.525397 0.308187 0.525661 0.30793 0.525926 0.30793 0.527249 0.308187 0.527513 0.308187 0.527778 0.310505 0.527778 0.310762 0.528042 0.312049 0.528042 0.312307 0.528307 0.312307 0.530159 0.313079 0.530159 0.313337 0.530423 0.315654 0.530423 0.315911 0.530688 0.315911 0.530952 0.315654 0.531217 0.315654 0.533598 0.315396 0.533862 0.315654 0.533862 0.315911 0.534127 0.317456 0.534127 0.317714 0.534392 0.318229 0.534392 0.318486 0.534656 0.320803 0.534656 0.321061 0.534921 0.323635 0.534921 0.323893 0.535185 0.32621 0.535185 0.326468 0.53545 0.329042 0.53545 0.3293 0.535714 0.331617 0.535714 0.331874 0.535979 0.334192 0.535979 0.334449 0.536243 0.337024 0.536243 0.337281 0.536508 0.339598 0.536508 0.339856 0.536772 0.342173 0.536772 0.34243 0.537037 0.345005 0.537037 0.345263 0.537302 0.34758 0.537302 0.347837 0.537566 0.347837 0.537302 0.348095 0.537037 0.348352 0.537302 0.349125 0.537302 0.349382 0.537566 0.350669 0.537566 0.350927 0.537831 0.351442 0.537831 0.351442 0.537302 0.351699 0.537037 0.351699 0.535979 0.351957 0.535714 0.352987 0.535714 0.353502 0.536243 0.353502 0.53836 0.353244 0.538624 0.353244 0.541005 0.352987 0.54127 0.352987 0.543651 0.352729 0.543915 0.352729 0.546561 0.352472 0.546825 0.352472 0.549206 0.352214 0.549471 0.352472 0.549471 0.352729 0.549735 0.355046 0.549735 0.355304 0.55 0.357621 0.55 0.357878 0.550265 0.360453 0.550265 0.360711 0.550529 0.363028 0.550529 0.363285 0.550794 0.365602 0.550794 0.36586 0.551058 0.368435 0.551058 0.368692 0.551323 0.371009 0.551323 0.371267 0.551587 0.373584 0.551587 0.373841 0.551852 0.376416 0.551852 0.376674 0.552116 0.378991 0.552116 0.379248 0.552381 0.381565 0.552381 0.381823 0.552646 0.382853 0.552646 0.382853 0.552381 0.382595 0.552381 0.382338 0.552116 0.382338 0.550794 0.382595 0.550529 0.382595 0.550265 0.382853 0.55 0.382853 0.549735 0.38311 0.549471 0.38311 0.548148 0.383368 0.547884 0.383368 0.546032 0.38311 0.545767 0.38311 0.545503 0.383368 0.545238 0.383368 0.542593 0.383625 0.542328 0.383625 0.539947 0.383883 0.539683 0.38414 0.539683 0.38414 0.537302 0.384398 0.537037 0.384398 0.534392 0.384655 0.534127 0.384655 0.531746 0.384912 0.531481 0.384912 0.530688 0.38517 0.530423 0.38517 0.529894 0.385427 0.52963 0.385685 0.529894 0.385942 0.529894 0.3862 0.530159 0.38723 0.530159 0.387487 0.530423 0.388002 0.530423 0.38826 0.530688 0.389804 0.530688 0.390062 0.530423 0.390834 0.530423 0.391092 0.530688 0.391607 0.530688 0.391864 0.530952 0.392379 0.530952 0.392636 0.531217 0.393151 0.531217 0.393409 0.530952 0.393666 0.531217 0.393666 0.531481 0.395726 0.531481 0.395984 0.531217 0.396241 0.531481 0.396498 0.531481 0.396756 0.531217 0.397013 0.531481 0.397013 0.531746 0.398816 0.531746 0.399073 0.532011 0.400618 0.532011 0.400875 0.531746 0.40139 0.531746 0.401648 0.532011 0.404222 0.532011 0.40448 0.532275 0.404995 0.532275 0.405252 0.53254 0.406797 0.53254 0.407312 0.533069 0.40757 0.533069 0.407827 0.533333 0.407827 0.533862 0.40757 0.534127 0.40757 0.53545 0.407312 0.535714 0.407312 0.537831 0.40757 0.538095 0.407312 0.53836 0.40757 0.538624 0.408084 0.538624 0.408599 0.539153 0.409114 0.539153 0.409372 0.539418 0.411689 0.539418 0.411946 0.539683 0.414521 0.539683 0.414779 0.539947 0.417096 0.539947 0.417353 0.540212 0.417353 0.540741 0.418383 0.540741 0.418383 0.540476 0.418641 0.540212 0.41967 0.540212 0.419928 0.540476 0.422503 0.540476 0.42276 0.540741 0.425077 0.540741 0.425335 0.541005 0.427137 0.541005 0.427394 0.54127 0.427394 0.541534 0.427652 0.541534 0.427909 0.541799 0.430484 0.541799 0.430484 0.539418 0.430742 0.539153 0.430742 0.536772 0.430999 0.536508 0.430999 0.534127 0.431256 0.533862 0.431256 0.531217 0.431514 0.530952 0.431514 0.528571 0.431771 0.528307 0.431771 0.525926 0.432029 0.525661 0.432029 0.525397 0.431771 0.525397 0.431771 0.525661 0.431256 0.52619 0.430999 0.525926 0.430999 0.525132 0.430742 0.524868 0.430742 0.524339 0.430484 0.524074 0.430484 0.523016 0.430742 0.522751 0.430742 0.522222 0.430999 0.521958 0.431256 0.522222 0.431256 0.522487 0.431514 0.522751 0.431256 0.523016 0.431771 0.523545 0.431771 0.524339 0.432029 0.524339 0.432029 0.522222 0.432286 0.521958 0.432286 0.52037 0.432544 0.520106 0.432544 0.517725 0.432801 0.51746 0.432801 0.516931 0.432544 0.516931 0.432544 0.517196 0.432029 0.517725 0.432029 0.518254 0.431771 0.518519 0.431771 0.520106 0.432029 0.52037 0.432029 0.520635 0.431771 0.520899 0.431514 0.520899 0.431256 0.520635 0.430999 0.520899 0.430742 0.520635 0.430742 0.52037 0.430999 0.520106 0.430999 0.519312 0.431256 0.519048 0.431256 0.51746 0.431514 0.517196 0.431771 0.517196 0.431771 0.514815 0.432029 0.51455 0.432544 0.515079 0.432544 0.516138 0.432801 0.516138 0.432801 0.514815 0.433059 0.51455 0.433059 0.513757 0.432801 0.513492 0.432801 0.512963 0.432286 0.512434 0.432544 0.512169 0.433059 0.512169 0.433316 0.511905 0.433316 0.510847 0.433059 0.510847 0.433059 0.511111 0.432544 0.51164 0.432286 0.51164 0.432029 0.511376 0.432029 0.509788 0.432286 0.509524 0.432544 0.509524 0.433059 0.510053 0.433059 0.510317 0.433316 0.510317 0.433316 0.509259 0.433574 0.508995 0.433574 0.507937 0.433316 0.507937 0.433059 0.508201 0.432801 0.508201 0.432544 0.508466 0.432286 0.508201 0.432286 0.506614 0.432544 0.506349 0.432544 0.503968 0.432801 0.503704 0.432801 0.503439 0.433059 0.503175 0.434089 0.503175 0.434089 0.502646 0.433831 0.502381 0.434089 0.502116 0.434089 0.501058 0.434346 0.500794 0.434346 0.498413 0.434604 0.498148 0.434604 0.496296 0.434346 0.496032 0.434089 0.496032 0.433831 0.495767 0.434089 0.495503 0.434089 0.495238 0.433831 0.494974 0.433831 0.494709 0.433574 0.494444 0.432801 0.494444 0.432544 0.49418 0.432029 0.494709 0.431514 0.494709 0.431256 0.494444 0.430484 0.494444 0.430227 0.49418 0.430227 0.493915 0.429969 0.493915 0.429712 0.493651 0.429454 0.493915 0.427394 0.493915 0.427137 0.493651 0.42585 0.493651 0.425592 0.493386 0.424562 0.493386 0.424305 0.493122 0.423018 0.493122 0.42276 0.492857 0.422245 0.492857 0.421988 0.492593 0.419413 0.492593 0.419156 0.492328 0.416838 0.492328 0.416581 0.492063 0.415294 0.492063 0.415036 0.491799 0.414264 0.491799 0.414006 0.491534 0.413749 0.491534 0.413491 0.491799 0.411432 0.491799 0.411174 0.491534 0.410659 0.491534 0.410402 0.49127 0.409629 0.49127 0.409629 0.491534 0.409372 0.491799 0.408857 0.491799 0.408599 0.491534 0.406282 0.491534 0.406025 0.49127 0.40345 0.49127 0.403193 0.491005 0.400875 0.491005 0.400618 0.490741 0.399331 0.490741 0.399073 0.490476 0.398301 0.490476 0.398043 0.490212 0.395469 0.490212 0.395211 0.489947 0.395211 0.489683 0.394954 0.489683 0.394696 0.489418 0.394439 0.489418 0.394181 0.489153 0.393151 0.489153 0.392636 0.488624 0.390319 0.488624 0.390062 0.48836 0.387487 0.48836 0.38723 0.488095 0.386972 0.488095 0.386715 0.487831 0.384912 0.487831 0.384655 0.487566 0.382338 0.487566 0.38208 0.487302 0.379506 0.487302 0.379248 0.487037 0.379248 0.486772 0.378218 0.486772 0.376674 0.485185 0.376674 0.484656 0.376416 0.484392 0.375129 0.484392 0.374871 0.484127 0.374356 0.484127 0.374099 0.483862 0.371782 0.483862 0.371524 0.483598 0.370494 0.483598 0.370237 0.483333 0.36895 0.483333 0.368692 0.483069 0.366375 0.483069 0.366117 0.482804 0.365345 0.482804 0.365088 0.48254 0.3638 0.48254 0.363543 0.482275 0.360968 0.482275 0.360711 0.482011 0.358393 0.482011 0.358136 0.481746 0.355819 0.481746 0.355561 0.481481 0.352987 0.481481 0.352729 0.481217 0.350412 0.481217 0.350154 0.480952 0.347837 0.480952 0.34758 0.480688 0.345005 0.480688 0.344748 0.480423 0.344748 0.480159 0.34243 0.480159 0.342173 0.479894 0.341401 0.479894 0.341143 0.47963 0.340628 0.47963 0.340113 0.479101 0.340113 0.478836 0.340628 0.478307 0.341143 0.478307 0.341143 0.477513 0.340628 0.477513 0.340371 0.477249 0.340628 0.476984 0.341401 0.476984 0.341401 0.475132 0.340886 0.475132 0.340628 0.474868 0.340628 0.47328 0.340886 0.473016 0.341143 0.47328 0.341143 0.473545 0.341658 0.473545 0.341658 0.472751 0.341401 0.472487 0.341401 0.472222 0.341143 0.471958 0.340886 0.471958 0.340886 0.473016 0.340628 0.47328 0.340113 0.47328 0.339856 0.473016 0.339856 0.471693 0.340113 0.471429 0.340371 0.471429 0.340628 0.471164 0.340886 0.471429 0.341401 0.471429 0.341658 0.471164 0.341658 0.470899 0.341916 0.470635 0.341916 0.469048 0.342173 0.468783 0.342173 0.468519 0.341916 0.468254 0.341401 0.468254 0.341143 0.467989 0.341143 0.467725 0.340886 0.467725 0.340628 0.46746 0.340628 0.466667 0.340371 0.466402 0.340371 0.466138 0.340628 0.465873 0.340886 0.465873 0.341143 0.465608 0.341143 0.464815 0.340886 0.46455 0.340886 0.463492 0.341143 0.463228 0.341143 0.460847 0.341401 0.460582 0.341401 0.460317 0.341658 0.460053 0.341916 0.460053 0.342173 0.460317 0.342173 0.460582 0.341658 0.461111 0.341658 0.46164 0.342688 0.46164 0.342688 0.460847 0.342945 0.460582 0.342945 0.460053 0.342688 0.459788 0.342688 0.459259 0.341916 0.459259 0.341658 0.459524 0.341401 0.459259 0.341401 0.458995 0.341658 0.45873 0.342945 0.45873 0.342945 0.458466 0.34243 0.458466 0.342173 0.458201 0.342173 0.457407 0.341916 0.457407 0.341658 0.457143 0.341658 0.455291 0.341916 0.455026 0.341916 0.453968 0.342173 0.453704 0.34243 0.453704 0.34243 0.452646 0.342688 0.452381 0.342688 0.451852 0.342945 0.451587 0.343718 0.451587 0.343718 0.451323 0.34346 0.451058 0.34346 0.450794 0.343203 0.450794 0.342688 0.450265 0.342688 0.449735 0.342945 0.449471 0.342945 0.449206 0.343203 0.448942 0.343718 0.448942 0.343975 0.449206 0.343975 0.448677 0.343718 0.448413 0.34346 0.448413 0.343203 0.448148 0.343203 0.447884 0.342945 0.447619 0.342945 0.44709 0.343203 0.446825 0.343203 0.444444 0.34346 0.44418 0.34346 0.442857 0.343718 0.442593 0.343975 0.442593 0.344233 0.442857 0.34449 0.442857 0.34449 0.442063 0.343718 0.44127 0.343718 0.438889 0.343975 0.438624 0.343975 0.437831 0.344233 0.437566 0.344748 0.438095 0.345005 0.438095 0.345005 0.437302 0.34449 0.437302 0.344233 0.437037 0.344233 0.436243 0.34449 0.435979 0.345263 0.435979 0.345263 0.435185 0.345005 0.434921 0.345005 0.434656 0.345263 0.434392 0.345263 0.433598 0.34552 0.433333 0.34552 0.430688 0.345778 0.430423 0.345778 0.428571 0.34552 0.428571 0.345263 0.428307 0.345263 0.428042 0.345778 0.427513 0.346035 0.427513 0.346035 0.42672 0.345778 0.426455 0.345778 0.425661 0.346292 0.425132 0.346292 0.423016 0.346035 0.422751 0.346035 0.422487 0.34655 0.421958 0.34655 0.419841 0.346807 0.419577 0.346807 0.416931 0.347065 0.416667 0.347065 0.414286 0.347322 0.414021 0.347322 0.41164 0.34758 0.411376 0.34758 0.40873 0.347837 0.408466 0.347837 0.406085 0.348095 0.40582 0.348095 0.403439 0.348352 0.403175 0.348352 0.400529 0.34861 0.400265 0.34861 0.398942 0.348867 0.398677 0.350154 0.398677 0.350154 0.397884 0.350412 0.397619 0.350412 0.39709 0.350154 0.39709 0.349897 0.396825 0.349382 0.396825 0.349125 0.396561 0.349125 0.396296 0.349382 0.396032 0.349382 0.395238 0.34964 0.394974 0.34964 0.394444 0.349382 0.39418 0.349382 0.393386 0.34964 0.393122 0.350154 0.393122 0.350154 0.392857 0.350412 0.392593 0.350669 0.392593 0.350927 0.392328 0.350927 0.389683 0.351184 0.389418 0.351184 0.389153 0.350669 0.389153 0.350412 0.388889 0.350412 0.388624 0.350669 0.38836 0.350669 0.387831 0.350927 0.387566 0.350927 0.387037 0.351184 0.386772 0.351184 0.386508 0.350927 0.386508 0.350412 0.385979 0.350669 0.385714 0.351442 0.385714 0.351442 0.384656 0.350669 0.384656 0.350412 0.384392 0.350669 0.384127 0.350927 0.384127 0.351184 0.383862 0.351442 0.383862 0.351699 0.383598 0.351699 0.381217 0.350669 0.381217 0.350412 0.380952 0.350669 0.380688 0.350669 0.380423 0.350927 0.380159 0.350927 0.378836 0.351184 0.378571 0.351442 0.378836 0.351442 0.379101 0.351957 0.379101 0.351957 0.378836 0.351442 0.378836 0.351184 0.378571 0.351699 0.378042 0.351699 0.376984 0.351442 0.37672 0.350927 0.37672 0.350669 0.376455 0.350669 0.37619 0.350927 0.375926 0.351699 0.375926 0.352214 0.375397 0.352214 0.37381 0.352472 0.373545 0.352472 0.37328 0.352729 0.373016 0.352729 0.370899 0.352472 0.370635 0.352472 0.369312 0.351957 0.368783 0.351957 0.368519 0.351699 0.368254 0.351699 0.367989 0.352472 0.367196 0.352729 0.36746 0.353244 0.36746 0.353244 0.365608 0.352729 0.365079 0.353244 0.36455 0.353502 0.36455 0.353502 0.362963 0.353244 0.362698 0.353244 0.362434 0.353759 0.361905 0.353759 0.359524 0.354016 0.359259 0.354016 0.356878 0.354274 0.356614 0.354274 0.354762 0.354016 0.354762 0.353759 0.354497 0.353759 0.354233 0.354016 0.353968 0.354016 0.352646 0.354274 0.352381 0.354531 0.352381 0.354531 0.351323 0.354789 0.351058 0.354789 0.350529 0.354274 0.350529 0.354016 0.350265 0.354016 0.35 0.354274 0.349735 0.354274 0.348677 0.354531 0.348413 0.354531 0.347884 0.355046 0.347354 0.355046 0.346825 0.354789 0.346561 0.354789 0.346296 0.355304 0.345767 0.355304 0.344444 0.354789 0.344444 0.354531 0.34418 0.354789 0.343915 0.354789 0.343122 0.355046 0.342857 0.355046 0.34127 0.354789 0.34127 0.354531 0.341005 0.354789 0.340741 0.354789 0.340476 0.355046 0.340212 0.355046 0.339683 0.354789 0.339418 0.354789 0.337566 0.355046 0.337302 0.355046 0.336243 0.354789 0.335979 0.354789 0.334921 0.355046 0.334656 0.355046 0.332275 0.355304 0.332011 0.355304 0.329365 0.355561 0.329101 0.355561 0.32672 0.355819 0.326455 0.355819 0.32381 0.356076 0.323545 0.356076 0.321164 0.356334 0.320899 0.355046 0.319577 0.355046 0.319312 0.354016 0.318254 0.354016 0.317989 0.353502 0.31746 0.353244 0.31746 0.352987 0.317196 0.352729 0.317196 0.352214 0.316667 0.351957 0.316667 0.351442 0.316138 0.351184 0.316138 0.350927 0.315873 0.350669 0.315873 0.350154 0.315344 0.350412 0.315079 0.350154 0.314815 0.350154 0.313492 0.350412 0.313228 0.350412 0.312963 0.350927 0.312434 0.351184 0.312434 0.351442 0.312169 0.351957 0.312169 0.352472 0.31164 0.354274 0.31164 0.354531 0.311376 0.355819 0.311376 0.356591 0.310582 0.356591 0.310317 0.356849 0.310053 0.357106 0.310053 0.357106 0.309259 0.357364 0.308995 0.357364 0.307672 0.357878 0.307143 0.357878 0.306614 0.358136 0.306349 0.358136 0.304762 0.358393 0.304497 0.358393 0.302381 0.358651 0.302116 0.358908 0.302381 0.359166 0.302381 0.359166 0.302116 0.359681 0.301587 0.359938 0.301587 0.359938 0.300794 0.359681 0.300529 0.359166 0.300529 0.358908 0.300265 0.358908 0.299206 0.359166 0.298942 0.358908 0.298677 0.358908 0.297619 0.359423 0.29709 0.359681 0.29709 0.359681 0.296561 0.359423 0.296296 0.359423 0.295503 0.359166 0.295238 0.359166 0.29418 0.359423 0.293915 0.359681 0.293915 0.359938 0.293651 0.360196 0.293915 0.360453 0.293915 0.360711 0.29418 0.360711 0.295238 0.361483 0.295238 0.36174 0.295503 0.361998 0.295238 0.361998 0.294709 0.362255 0.294444 0.362255 0.293915 0.362513 0.293651 0.361226 0.293651 0.360968 0.293386 0.359681 0.293386 0.359423 0.293122 0.359681 0.292857 0.359681 0.292063 0.359938 0.291799 0.360968 0.291799 0.360968 0.29127 0.361226 0.291005 0.361226 0.290741 0.360968 0.290476 0.360968 0.28836 0.361226 0.288095 0.361226 0.287566 0.361483 0.287302 0.361998 0.287302 0.361998 0.287037 0.36174 0.286772 0.361483 0.286772 0.361226 0.286508 0.361226 0.28545 0.361483 0.285185 0.361483 0.284392 0.360711 0.284392 0.360453 0.284127 0.360453 0.283862 0.360711 0.283598 0.361226 0.283598 0.361226 0.283069 0.360711 0.283069 0.360453 0.282804 0.360711 0.28254 0.360711 0.281481 0.360968 0.281217 0.360968 0.280952 0.361226 0.280688 0.361483 0.280952 0.362255 0.280952 0.362255 0.280159 0.361998 0.280159 0.36174 0.280423 0.361483 0.280423 0.361226 0.280159 0.361226 0.277513 0.361483 0.277249 0.361483 0.274603 0.36174 0.274339 0.36174 0.271958 0.361998 0.271693 0.361998 0.269312 0.362255 0.269048 0.362255 0.26746 0.362513 0.267196 0.363028 0.267196 0.363285 0.26746 0.363285 0.266402 0.3638 0.265873 0.364315 0.265873 0.364573 0.266138 0.365088 0.266138 0.365088 0.26455 0.3638 0.26455 0.363285 0.265079 0.363285 0.265608 0.363028 0.265873 0.36277 0.265608 0.36277 0.264286 0.362513 0.264021 0.362513 0.263757 0.363028 0.263228 0.363028 0.262169 0.363285 0.261905 0.363543 0.261905 0.3638 0.262169 0.3638 0.262698 0.364573 0.262698 0.36483 0.262963 0.365345 0.262963 0.365345 0.26164 0.364315 0.26164 0.364058 0.261905 0.3638 0.26164 0.3638 0.260847 0.364058 0.260582 0.364058 0.258201 0.364315 0.257937 0.364315 0.256349 0.364573 0.256085 0.365088 0.256085 0.365345 0.256349 0.365345 0.256878 0.36586 0.256878 0.36586 0.256349 0.365602 0.256085 0.36586 0.25582 0.36586 0.255291 0.366117 0.255026 0.366117 0.254497 0.365602 0.254497 0.365345 0.254762 0.36483 0.254762 0.364573 0.255026 0.364573 0.255291 0.364058 0.25582 0.3638 0.25582 0.363543 0.255556 0.3638 0.255291 0.363543 0.255026 0.3638 0.254762 0.3638 0.254497 0.364058 0.254233 0.364573 0.254233 0.364573 0.252646 0.364058 0.252646 0.3638 0.252381 0.3638 0.251323 0.364058 0.251058 0.364058 0.25 0.364315 0.249735 0.364315 0.247354 0.364573 0.24709 0.364573 0.245503 0.365088 0.244974 0.365088 0.244709 0.365345 0.244444 0.366117 0.244444 0.366117 0.243651 0.365602 0.243651 0.365088 0.243122 0.365088 0.241799 0.365345 0.241534 0.365345 0.240741 0.365088 0.240476 0.365088 0.239947 0.365345 0.239683 0.36586 0.239683 0.36586 0.239418 0.366117 0.239153 0.366632 0.239153 0.36689 0.238889 0.367147 0.238889 0.367147 0.238095 0.36689 0.237831 0.366632 0.237831 0.366375 0.237566 0.366375 0.237302 0.366632 0.237037 0.36689 0.237037 0.367147 0.237302 0.367662 0.237302 0.367662 0.237037 0.367405 0.236772 0.367147 0.236772 0.36689 0.236508 0.366632 0.236508 0.366117 0.237037 0.36586 0.237037 0.365602 0.236772 0.365602 0.236243 0.36586 0.235979 0.36586 0.233862 0.366375 0.233333 0.366117 0.233069 0.366117 0.232275 0.366375 0.232011 0.366375 0.230423 0.36689 0.229894 0.36689 0.229365 0.366632 0.229101 0.366632 0.226984 0.36689 0.22672 0.367147 0.22672 0.367147 0.225661 0.36689 0.225397 0.367147 0.225132 0.367147 0.224603 0.367405 0.224339 0.367662 0.224339 0.36792 0.224603 0.36895 0.224603 0.36895 0.22381 0.368435 0.22381 0.368177 0.224074 0.36792 0.224074 0.367662 0.22381 0.367405 0.22381 0.367147 0.223545 0.367662 0.223016 0.367662 0.222751 0.36792 0.222487 0.36792 0.222222 0.367662 0.221958 0.367662 0.221693 0.367405 0.221693 0.367147 0.221429 0.367147 0.221164 0.367405 0.220899 0.367662 0.220899 0.36792 0.221164 0.368177 0.221164 0.368435 0.221429 0.369207 0.221429 0.369207 0.22037 0.368435 0.22037 0.368177 0.220635 0.36792 0.220635 0.367662 0.22037 0.367405 0.220635 0.367147 0.22037 0.367147 0.219841 0.367405 0.219577 0.367405 0.219048 0.367662 0.218783 0.367662 0.217196 0.36792 0.216931 0.36792 0.21455 0.368177 0.214286 0.368177 0.21164 0.368435 0.211376 0.368435 0.208995 0.368692 0.20873 0.368692 0.207407 0.36895 0.207143 0.36895 0.206085 0.369207 0.20582 0.369207 0.204762 0.369722 0.204233 0.369722 0.203704 0.369464 0.203439 0.369722 0.203175 0.369722 0.202646 0.369464 0.202381 0.369464 0.201323 0.369722 0.201058 0.369979 0.201058 0.369979 0.200794 0.370237 0.200529 0.370237 0.200265 0.369979 0.2 0.369979 0.199206 0.370237 0.198942 0.370494 0.199206 0.371267 0.199206 0.371267 0.197884 0.370752 0.197884 0.370494 0.197619 0.370494 0.195767 0.370237 0.195503 0.370237 0.195238 0.370494 0.194974 0.370494 0.194444 0.370752 0.19418 0.371782 0.19418 0.371782 0.192328 0.371524 0.192328 0.371267 0.192593 0.371267 0.193386 0.371009 0.193651 0.370752 0.193651 0.370494 0.193386 0.370494 0.192593 0.370752 0.192328 0.370494 0.192063 0.370494 0.189683 0.370752 0.189418 0.370752 0.187037 0.371009 0.186772 0.371009 0.186508 0.371524 0.185979 0.372039 0.185979 0.372297 0.186243 0.372297 0.185185 0.372039 0.184921 0.371524 0.184921 0.371267 0.184656 0.371267 0.181481 0.371524 0.181217 0.371524 0.178836 0.371782 0.178571 0.371782 0.177513 0.372039 0.177249 0.372554 0.177249 0.372812 0.177513 0.372812 0.178307 0.373326 0.178307 0.373326 0.176984 0.373069 0.17672 0.373069 0.176455 0.373584 0.175926 0.373584 0.175661 0.373069 0.175661 0.372812 0.175926 0.372297 0.175397 0.372297 0.174339 0.372554 0.174074 0.372554 0.171958 0.372297 0.171693 0.372297 0.171429 0.372554 0.171164 0.372554 0.170635 0.373069 0.170106 0.373326 0.170106 0.373584 0.17037 0.374099 0.17037 0.374099 0.169312 0.373069 0.169312 0.372812 0.169048 0.372812 0.167989 0.373069 0.167725 0.373069 0.165079 0.373326 0.164815 0.373326 0.16455 0.373584 0.164286 0.373841 0.164286 0.373841 0.163492 0.374099 0.163228 0.374614 0.163228 0.374614 0.162434 0.374871 0.162169 0.373841 0.162169 0.373584 0.161905 0.373584 0.159788 0.373841 0.159524 0.373841 0.159259 0.374099 0.158995 0.374099 0.157937 0.374356 0.157672 0.374356 0.156878 0.374614 0.156614 0.374614 0.154762 0.374871 0.154497 0.374871 0.154233 0.375129 0.153968 0.375129 0.151587 0.375386 0.151323 0.375386 0.150265 0.375129 0.15 0.375129 0.149471 0.375386 0.149206 0.375901 0.149206 0.375901 0.148942 0.376159 0.148677 0.376159 0.147884 0.375901 0.147884 0.375644 0.147619 0.375644 0.146032 0.375901 0.145767 0.376159 0.145767 0.376159 0.144974 0.375644 0.144444 0.375644 0.14418 0.375386 0.143915 0.375386 0.143386 0.375644 0.143122 0.375644 0.140476 0.375901 0.140212 0.375901 0.137831 0.376159 0.137566 0.376159 0.135979 0.376416 0.135714 0.376416 0.135185 0.376674 0.134921 0.376674 0.132275 0.376931 0.132011 0.376931 0.12963 0.377703 0.128836 0.377961 0.128836 0.377961 0.126984 0.378218 0.12672 0.378218 0.126455 0.377703 0.125926 0.378218 0.125397 0.378218 0.124074 0.378476 0.12381 0.378476 0.121429 0.378733 0.121164 0.378733 0.120635 0.378218 0.120106 0.378218 0.118783 0.378476 0.118519 0.378476 0.115873 0.378733 0.115608 0.378991 0.115608 0.378991 0.113228 0.379248 0.112963 0.379506 0.112963 0.379506 0.111905 0.379248 0.11164 0.379248 0.110582 0.378991 0.110317 0.379248 0.110053 0.379248 0.109524 0.379506 0.109259 0.379763 0.109259 0.379763 0.108201 0.378733 0.108201 0.378476 0.107937 0.375901 0.107937 0.375644 0.107672 0.373069 0.107672 0.372812 0.107407 0.369722 0.107407 0.369464 0.107143 0.36792 0.107143 0.367662 0.106878 0.365345 0.106878 0.365088 0.106614 0.362513 0.106614 0.362255 0.106349 0.359938 0.106349 0.359681 0.106085
0 0.339856 0.105291 0.339856 0.105556 0.339598 0.10582 0.339598 0.106349 0.340113 0.106349 0.340113 0.10582 0.340371 0.105556 0.340371 0.105291
0 0.330844 0.104233 0.330587 0.104497 0.330587 0.105026 0.33033 0.105291 0.330587 0.105556 0.331102 0.105556 0.331102 0.105291 0.331359 0.105026 0.331359 0.104233
