0 0.443531 0.409145 0.443098 0.409442 0.443531 0.409739 0.443531 0.410036 0.443964 0.410333 0.443964 0.410629 0.444396 0.410629 0.444396 0.410036 0.443964 0.409739 0.443964 0.409442
0 0.430117 0.390143 0.43055 0.390439 0.43055 0.390736 0.430982 0.391033 0.430982 0.391627 0.431415 0.391924 0.431415 0.392221 0.431848 0.392518 0.431848 0.392815 0.43228 0.393112 0.43228 0.393409 0.432713 0.393705 0.432713 0.394002 0.433146 0.394299 0.433146 0.394596 0.433579 0.394893 0.433579 0.39519 0.434011 0.395487 0.434011 0.396081 0.434444 0.396378 0.434444 0.396675 0.434877 0.396675 0.434877 0.396081 0.434444 0.395784 0.434444 0.395487 0.434011 0.39519 0.434011 0.394893 0.433579 0.394596 0.433579 0.394299 0.433146 0.394002 0.433146 0.393705 0.432713 0.393409 0.432713 0.393112 0.43228 0.392815 0.43228 0.392221 0.431848 0.391924 0.431848 0.391627 0.431415 0.39133 0.431415 0.391033 0.430982 0.390736 0.430982 0.390439 0.43055 0.390143
0 0.446993 0.287708 0.44656 0.288005 0.446993 0.288302 0.447425 0.288005 0.447858 0.288005 0.447425 0.287708
0 0.438338 0.282363 0.437906 0.28266 0.437906 0.282957 0.438338 0.28266
0 0.433146 0.275831 0.433146 0.276128 0.433579 0.276128 0.433579 0.275831
0 0.43055 0.273159 0.43055 0.273456 0.430982 0.273159
0 0.436608 0.272862 0.436608 0.273159 0.43704 0.272862
0 0.430982 0.269596 0.430982 0.269893 0.431415 0.269893 0.431848 0.27019 0.431848 0.270487 0.43228 0.27019 0.43228 0.269893 0.431848 0.27019 0.431415 0.269893 0.431415 0.269596
0 0.428819 0.268409 0.428819 0.268705 0.429251 0.268705 0.429251 0.268409
0 0.430117 0.266924 0.429684 0.267221 0.43055 0.267221 0.43055 0.266924
0 0.424924 0.260392 0.424924 0.260986 0.425357 0.260986 0.425357 0.260689
0 0.423193 0.25861 0.423193 0.259204 0.423626 0.258907 0.423626 0.25861
0 0.412808 0.253563 0.413241 0.25386 0.413241 0.253563
0 0.411077 0.249406 0.410645 0.249703 0.411077 0.25
0 0.404587 0.241686 0.404154 0.241983 0.404154 0.24228 0.404587 0.241983 0.405019 0.241983 0.405019 0.241686
0 0.405885 0.239608 0.405452 0.239905 0.405019 0.239905 0.404587 0.240202 0.404154 0.240202 0.403721 0.240499 0.403289 0.240499 0.402856 0.240796 0.402856 0.241093 0.402423 0.24139 0.40199 0.241093 0.401125 0.241093 0.400692 0.24139 0.40026 0.24139 0.399827 0.241686 0.399394 0.241686 0.398961 0.241983 0.398529 0.241983 0.398096 0.24228 0.397663 0.24228 0.397231 0.242577 0.396798 0.242577 0.396365 0.242874 0.395932 0.242874 0.3955 0.243171 0.394634 0.243171 0.394202 0.243468 0.393769 0.243468 0.393336 0.243765 0.392904 0.243765 0.392471 0.244062 0.392038 0.244062 0.391605 0.244359 0.391173 0.244359 0.39074 0.244656 0.390307 0.244656 0.389875 0.244952 0.389442 0.244952 0.389009 0.245249 0.388144 0.245249 0.387711 0.245546 0.387278 0.245546 0.386846 0.245843 0.386413 0.245843 0.38598 0.24614 0.385547 0.24614 0.385115 0.246437 0.384682 0.246437 0.384249 0.246734 0.383817 0.246734 0.383384 0.247031 0.382951 0.247031 0.382518 0.247328 0.381653 0.247328 0.38122 0.247625 0.380788 0.247625 0.380355 0.247922 0.379922 0.247922 0.379489 0.248219 0.379057 0.248219 0.378624 0.248515 0.378191 0.248515 0.377759 0.248812 0.377326 0.248812 0.376893 0.249109 0.376028 0.249109 0.375595 0.249406 0.375162 0.249406 0.37473 0.249703 0.374297 0.249703 0.373864 0.25 0.373431 0.25 0.372999 0.250297 0.372566 0.250297 0.372133 0.250594 0.371701 0.250594 0.371268 0.250891 0.370835 0.250891 0.370402 0.251188 0.369537 0.251188 0.369104 0.251485 0.368672 0.251485 0.368239 0.251781 0.367806 0.251781 0.367373 0.252078 0.366941 0.252078 0.366508 0.252375 0.366075 0.252375 0.365643 0.252672 0.36521 0.252672 0.364777 0.252969 0.364344 0.252969 0.363912 0.253266 0.363046 0.253266 0.362614 0.253563 0.362181 0.253563 0.361748 0.25386 0.361315 0.25386 0.360883 0.254157 0.36045 0.254157 0.360017 0.254454 0.359585 0.254454 0.359152 0.254751 0.358719 0.254751 0.358286 0.255048 0.357854 0.255048 0.357421 0.255344 0.356556 0.255344 0.356556 0.255938 0.356988 0.256235 0.356556 0.256532 0.356123 0.256532 0.35569 0.256829 0.355257 0.256829 0.354825 0.257126 0.354392 0.257126 0.353959 0.257423 0.353527 0.257423 0.353094 0.25772 0.352228 0.25772 0.352228 0.258017 0.351796 0.258314 0.351363 0.258314 0.35093 0.25861 0.350498 0.25861 0.350065 0.258907 0.349632 0.258907 0.349199 0.259204 0.348767 0.259204 0.348334 0.259501 0.347901 0.259501 0.347901 0.259798 0.347469 0.260095 0.347036 0.260095 0.346603 0.260392 0.346603 0.260689 0.34617 0.260986 0.346603 0.261283 0.346603 0.26247 0.347036 0.262767 0.347036 0.263064 0.347469 0.263361 0.347036 0.263658 0.347469 0.263955 0.347469 0.264252 0.347901 0.264549 0.347901 0.264846 0.348334 0.265143 0.348334 0.265736 0.348767 0.266033 0.348767 0.26633 0.349199 0.266627 0.349199 0.266924 0.349632 0.267221 0.349632 0.267518 0.350065 0.267815 0.350065 0.268112 0.350498 0.268409 0.350498 0.268705 0.35093 0.269002 0.35093 0.269299 0.352228 0.27019 0.352228 0.270487 0.352661 0.270784 0.352661 0.271378 0.353094 0.271675 0.353094 0.271971 0.353527 0.272268 0.353527 0.272565 0.353959 0.272862 0.353959 0.273159 0.354392 0.273456 0.354392 0.273753 0.354825 0.27405 0.354825 0.274347 0.355257 0.274644 0.355257 0.274941 0.35569 0.275238 0.35569 0.275831 0.356123 0.276128 0.356123 0.276425 0.356556 0.276722 0.356556 0.277019 0.356988 0.277316 0.356988 0.277613 0.357421 0.27791 0.357421 0.278207 0.357854 0.278207 0.358286 0.278504 0.358286 0.2788 0.358719 0.279097 0.358719 0.280285 0.359152 0.280582 0.359152 0.280879 0.359585 0.281176 0.359152 0.281473 0.359585 0.28177 0.359585 0.282067 0.360017 0.282363 0.360017 0.28266 0.36045 0.282957 0.36045 0.283254 0.360883 0.283254 0.361315 0.283551 0.361315 0.283848 0.360883 0.284145 0.361315 0.284442 0.361315 0.284739 0.361748 0.285036 0.361748 0.285333 0.362181 0.285333 0.362614 0.285629 0.362614 0.285926 0.363046 0.285926 0.364344 0.286817 0.364344 0.287114 0.364777 0.287411 0.364777 0.287708 0.36521 0.288005 0.364777 0.288302 0.36521 0.288599 0.364777 0.288895 0.364777 0.289786 0.36521 0.290083 0.36521 0.29038 0.365643 0.290677 0.365643 0.290974 0.366075 0.290974 0.366508 0.291271 0.366508 0.292162 0.366941 0.292162 0.367373 0.292458 0.367373 0.293052 0.367806 0.293349 0.367806 0.293646 0.368239 0.293943 0.368239 0.29424 0.368672 0.294537 0.368672 0.294834 0.369104 0.294834 0.369537 0.295131 0.369537 0.295428 0.36997 0.295724 0.36997 0.296021 0.370402 0.296318 0.370402 0.296615 0.370835 0.296912 0.370835 0.297209 0.371268 0.297506 0.371268 0.298694 0.371701 0.29899 0.371701 0.299881 0.372133 0.300178 0.372133 0.300772 0.372566 0.301069 0.372566 0.301366 0.372999 0.301366 0.373431 0.301663 0.373431 0.30196 0.373864 0.302257 0.373431 0.302553 0.373864 0.30285 0.373864 0.303147 0.374297 0.303444 0.374297 0.303741 0.375162 0.304335 0.375595 0.304335 0.376028 0.304632 0.376028 0.304929 0.37646 0.305226 0.37646 0.305523 0.376893 0.305819 0.376893 0.306116 0.377326 0.306413 0.377326 0.307007 0.377759 0.307304 0.377326 0.307601 0.377759 0.307898 0.377759 0.308789 0.378191 0.309086 0.378191 0.309679 0.378624 0.309976 0.378624 0.310273 0.379057 0.31057 0.379057 0.310867 0.379489 0.311164 0.379489 0.311461 0.380355 0.311461 0.380788 0.311164 0.38122 0.311461 0.38122 0.311758 0.381653 0.312055 0.381653 0.312352 0.38122 0.312648 0.38122 0.312945 0.380788 0.313242 0.38122 0.313539 0.38122 0.313836 0.382086 0.313836 0.382518 0.314133 0.382518 0.31443 0.382951 0.314727 0.382951 0.315024 0.383384 0.315321 0.383384 0.315914 0.383817 0.316211 0.383817 0.316508 0.384249 0.316805 0.383817 0.317102 0.384249 0.317399 0.384249 0.317696 0.384682 0.317993 0.384682 0.31829 0.385115 0.318587 0.385115 0.318884 0.384682 0.319181 0.385115 0.319477 0.385115 0.319774 0.385547 0.320071 0.385547 0.320368 0.38598 0.320665 0.38598 0.320962 0.386413 0.321259 0.386413 0.321556 0.386846 0.321556 0.387278 0.321853 0.387278 0.32215 0.387711 0.322447 0.387711 0.322743 0.388144 0.322743 0.388576 0.32304 0.388576 0.323337 0.389009 0.323634 0.389009 0.323931 0.389442 0.324228 0.389442 0.324822 0.389875 0.325119 0.389875 0.325416 0.390307 0.325713 0.390307 0.32601 0.39074 0.326306 0.39074 0.326603 0.391173 0.3269 0.391173 0.327197 0.391605 0.327494 0.391605 0.327791 0.392038 0.328088 0.392038 0.328682 0.392471 0.328979 0.392471 0.329276 0.392904 0.329572 0.392904 0.329869 0.393336 0.330166 0.393336 0.330463 0.393769 0.33076 0.393769 0.331057 0.394202 0.331354 0.397663 0.331354 0.398096 0.331651 0.398096 0.331948 0.398529 0.332245 0.398529 0.332542 0.398961 0.332838 0.398529 0.333135 0.398529 0.334026 0.398961 0.334323 0.398961 0.33462 0.399394 0.334917 0.399394 0.335214 0.399827 0.335214 0.40026 0.335511 0.40026 0.335808 0.401125 0.336401 0.401125 0.336995 0.401558 0.337292 0.401558 0.337589 0.402856 0.33848 0.402856 0.338777 0.403289 0.338777 0.403721 0.339074 0.403721 0.339371 0.404154 0.339667 0.404154 0.339964 0.404587 0.340261 0.404587 0.340558 0.405019 0.340855 0.405019 0.341449 0.405452 0.341746 0.405452 0.342043 0.405885 0.34234 0.405885 0.342637 0.406318 0.342933 0.406318 0.34323 0.40675 0.343527 0.40675 0.343824 0.407183 0.344121 0.407183 0.344418 0.407616 0.344715 0.407616 0.345012 0.408048 0.345309 0.408048 0.345903 0.408481 0.3462 0.408481 0.346496 0.408914 0.346793 0.408914 0.34709 0.409347 0.347387 0.409347 0.347684 0.409779 0.347981 0.409779 0.348278 0.410212 0.348575 0.410212 0.348872 0.410645 0.349169 0.410645 0.349466 0.411077 0.349762 0.411077 0.350356 0.41151 0.350653 0.411077 0.35095 0.41151 0.351247 0.41151 0.351544 0.411943 0.351841 0.411943 0.352138 0.412376 0.352435 0.412376 0.352732 0.412808 0.353029 0.412808 0.353622 0.413241 0.353919 0.413241 0.354216 0.413674 0.354513 0.413674 0.35481 0.414106 0.355107 0.414106 0.355701 0.412808 0.356591 0.412808 0.356888 0.412376 0.357185 0.412376 0.358373 0.412808 0.35867 0.412808 0.359264 0.413241 0.359561 0.413241 0.360451 0.413674 0.360748 0.413674 0.361045 0.414106 0.361342 0.414106 0.361639 0.414539 0.361936 0.414539 0.362233 0.414972 0.36253 0.414972 0.363124 0.415405 0.36342 0.415405 0.363717 0.415837 0.364014 0.415837 0.364311 0.41627 0.364608 0.41627 0.364905 0.416703 0.365202 0.416703 0.365499 0.417135 0.365796 0.417135 0.366093 0.417568 0.36639 0.417568 0.366686 0.418001 0.366983 0.418001 0.367577 0.418434 0.367874 0.418434 0.368171 0.418866 0.368468 0.418866 0.368765 0.419299 0.369062 0.419299 0.369359 0.419732 0.369656 0.419732 0.369952 0.420164 0.370249 0.420164 0.370546 0.420597 0.370843 0.420597 0.371437 0.42103 0.371734 0.42103 0.372031 0.421463 0.372328 0.421463 0.372625 0.421895 0.372922 0.421895 0.373219 0.422328 0.373515 0.422328 0.373812 0.422761 0.374109 0.422761 0.374406 0.423193 0.374703 0.423193 0.375 0.423626 0.375297 0.423626 0.375891 0.424059 0.376188 0.424059 0.376485 0.424492 0.376781 0.424492 0.377078 0.424924 0.377375 0.424924 0.377672 0.425357 0.377969 0.425357 0.378266 0.42579 0.378563 0.42579 0.37886 0.426222 0.379157 0.426222 0.379454 0.426655 0.379751 0.426655 0.380344 0.427088 0.380641 0.427088 0.380938 0.427521 0.380938 0.427953 0.381235 0.427953 0.381532 0.428386 0.381829 0.428386 0.382126 0.428819 0.382423 0.428819 0.38272 0.429251 0.383017 0.429251 0.383314 0.429684 0.38361 0.429684 0.383907 0.430117 0.384204 0.430117 0.384501 0.43055 0.384798 0.43055 0.385095 0.430982 0.385392 0.430982 0.385986 0.431415 0.386283 0.431415 0.38658 0.431848 0.386876 0.431848 0.387173 0.43228 0.38747 0.43228 0.387767 0.432713 0.388064 0.432713 0.388361 0.433146 0.388658 0.433146 0.388955 0.433579 0.389252 0.433579 0.389846 0.434011 0.390143 0.434011 0.390439 0.434444 0.390736 0.434444 0.391033 0.434877 0.39133 0.434877 0.391627 0.435309 0.391924 0.435309 0.392221 0.435742 0.392518 0.435742 0.392815 0.436175 0.393112 0.436175 0.393409 0.436608 0.393705 0.436608 0.394299 0.43704 0.394596 0.43704 0.394893 0.437473 0.39519 0.437473 0.395487 0.437906 0.395784 0.437906 0.396675 0.438338 0.396971 0.438338 0.397268 0.439637 0.398159 0.439637 0.398753 0.440069 0.39905 0.440069 0.399347 0.440502 0.399347 0.440935 0.399644 0.440935 0.399941 0.441367 0.400238 0.440935 0.400534 0.441367 0.400831 0.441367 0.401128 0.4418 0.401425 0.4418 0.401722 0.442233 0.402019 0.442233 0.402316 0.442666 0.402613 0.442666 0.403207 0.443098 0.403504 0.443098 0.4038 0.443531 0.404097 0.443531 0.404394 0.443964 0.404691 0.443964 0.404988 0.444396 0.405285 0.444396 0.405582 0.444829 0.405879 0.444829 0.406176 0.446127 0.407067 0.446127 0.407363 0.44656 0.40766 0.44656 0.408254 0.446993 0.408551 0.44656 0.408848 0.446993 0.409145 0.446993 0.409442 0.447425 0.409739 0.447425 0.410036 0.447858 0.410333 0.447858 0.410629 0.448291 0.410926 0.448291 0.411223 0.448723 0.41152 0.448723 0.412114 0.449156 0.412411 0.449156 0.412708 0.450887 0.413895 0.450454 0.414192 0.450454 0.414489 0.451752 0.41538 0.451752 0.415677 0.452185 0.415974 0.452185 0.416271 0.452618 0.416568 0.452618 0.417755 0.453051 0.418052 0.453051 0.418349 0.453483 0.418646 0.453483 0.418943 0.453916 0.41924 0.453916 0.419537 0.454349 0.419834 0.453916 0.420131 0.453916 0.420428 0.454349 0.420428 0.454781 0.420724 0.454781 0.421021 0.455214 0.421021 0.455647 0.420724 0.45608 0.421021 0.45608 0.421318 0.455647 0.421615 0.455647 0.422209 0.456512 0.422209 0.456945 0.422506 0.456945 0.422803 0.457378 0.4231 0.457378 0.423397 0.45781 0.423694 0.45781 0.42399 0.458243 0.424287 0.458243 0.424584 0.458676 0.424881 0.458676 0.425178 0.459109 0.425475 0.458676 0.425772 0.459109 0.426069 0.459109 0.426663 0.459541 0.42696 0.459541 0.427257 0.459974 0.427553 0.459974 0.42785 0.460407 0.428147 0.460407 0.429038 0.460839 0.429335 0.461272 0.429335 0.462138 0.429929 0.462138 0.430226 0.46257 0.430523 0.46257 0.431116 0.463003 0.431413 0.463003 0.43171 0.463436 0.43171 0.463868 0.432007 0.463436 0.432304 0.463868 0.432601 0.463868 0.432898 0.464301 0.433195 0.464301 0.433492 0.464734 0.433789 0.464734 0.434086 0.465167 0.434382 0.465167 0.434679 0.465599 0.434976 0.465599 0.43557 0.466032 0.43557 0.466465 0.435867 0.466032 0.436164 0.466465 0.436461 0.466465 0.436758 0.466897 0.437055 0.466465 0.437352 0.466897 0.437648 0.466897 0.437945 0.46733 0.438242 0.46733 0.438539 0.467763 0.438836 0.467763 0.439133 0.468196 0.439133 0.468628 0.43943 0.468628 0.440024 0.469061 0.440321 0.469061 0.440618 0.469494 0.440914 0.469494 0.441211 0.469926 0.441508 0.469926 0.441805 0.470359 0.442102 0.470359 0.442399 0.469494 0.442993 0.469494 0.443587 0.469061 0.443884 0.469061 0.444477 0.468196 0.445071 0.467763 0.444774 0.467763 0.444477 0.46733 0.444181 0.46733 0.443884 0.466897 0.443587 0.466897 0.44329 0.466465 0.442993 0.466465 0.442696 0.466032 0.442399 0.466032 0.442102 0.465599 0.441805 0.465599 0.441508 0.465167 0.441211 0.465167 0.440618 0.464734 0.440321 0.464734 0.440024 0.464301 0.439727 0.464301 0.43943 0.463868 0.439133 0.463868 0.438836 0.463436 0.438539 0.463436 0.438242 0.463003 0.437945 0.463003 0.437648 0.46257 0.437352 0.46257 0.437055 0.462138 0.436758 0.462138 0.436164 0.461705 0.435867 0.461705 0.43557 0.461272 0.435273 0.461272 0.434976 0.460839 0.434679 0.460839 0.434382 0.460407 0.434086 0.460407 0.433789 0.459974 0.433492 0.459974 0.433195 0.459541 0.432898 0.459541 0.432601 0.459109 0.432304 0.459109 0.43171 0.458676 0.431413 0.458676 0.431116 0.458243 0.430819 0.458243 0.430523 0.457378 0.429929 0.457378 0.430226 0.45781 0.430523 0.45781 0.431116 0.458243 0.431413 0.458243 0.43171 0.458676 0.432007 0.458676 0.432304 0.459109 0.432601 0.459109 0.432898 0.459541 0.433195 0.459541 0.433492 0.459974 0.433789 0.459974 0.434086 0.460407 0.434382 0.460407 0.434679 0.460839 0.434976 0.460839 0.43557 0.461272 0.435867 0.461272 0.436164 0.461705 0.436461 0.461705 0.436758 0.462138 0.437055 0.462138 0.437352 0.46257 0.437648 0.46257 0.437945 0.463003 0.438242 0.463003 0.438539 0.463436 0.438836 0.463436 0.43943 0.463868 0.439727 0.463868 0.440024 0.464301 0.440321 0.464301 0.440618 0.464734 0.440914 0.464734 0.441211 0.465167 0.441508 0.465167 0.441805 0.465599 0.442102 0.465599 0.442399 0.466032 0.442696 0.466032 0.442993 0.466465 0.44329 0.466465 0.443884 0.466897 0.444181 0.466897 0.444477 0.46733 0.444774 0.46733 0.445071 0.467763 0.445368 0.467763 0.445665 0.468196 0.445962 0.468196 0.446259 0.468628 0.446556 0.468628 0.446853 0.469061 0.44715 0.469061 0.447447 0.469494 0.447743 0.469494 0.448337 0.469926 0.448634 0.469926 0.448931 0.470359 0.449228 0.470359 0.449525 0.470792 0.449822 0.470792 0.450119 0.471657 0.450713 0.47209 0.450713 0.472955 0.451306 0.473388 0.451306 0.473821 0.451603 0.474254 0.451306 0.474686 0.451603 0.475984 0.451603 0.476417 0.451306 0.478148 0.451306 0.478581 0.45101 0.479013 0.45101 0.479446 0.450713 0.479879 0.450713 0.480312 0.450416 0.480744 0.450713 0.481177 0.450713 0.482042 0.451306 0.482475 0.451306 0.482908 0.451603 0.482908 0.4519 0.483341 0.452197 0.483341 0.452494 0.483773 0.452791 0.483773 0.453088 0.484206 0.453385 0.484206 0.453682 0.484639 0.453979 0.484639 0.454276 0.485071 0.454572 0.485071 0.454869 0.485504 0.455166 0.485504 0.45576 0.485937 0.456057 0.485937 0.456354 0.48637 0.456651 0.48637 0.456948 0.486802 0.457245 0.486802 0.457542 0.487235 0.457838 0.487235 0.458135 0.487668 0.458432 0.487668 0.458729 0.4881 0.459026 0.4881 0.459323 0.488533 0.45962 0.488533 0.459917 0.488966 0.459917 0.490264 0.460808 0.490697 0.460808 0.491129 0.461105 0.491562 0.461105 0.491995 0.460808 0.492428 0.461105 0.492428 0.461698 0.49286 0.461401 0.493293 0.461401 0.493726 0.461105 0.494591 0.461105 0.495024 0.460808 0.495457 0.460808 0.495889 0.460511 0.496322 0.460511 0.497187 0.459917 0.498053 0.459917 0.498486 0.45962 0.498918 0.45962 0.499351 0.459323 0.499784 0.459323 0.499351 0.459026 0.499784 0.458729 0.499784 0.458135 0.499351 0.457838 0.499784 0.457542 0.500649 0.457542 0.501082 0.457245 0.501514 0.457245 0.501947 0.456948 0.50238 0.456948 0.502813 0.456651 0.503245 0.456651 0.503678 0.456354 0.504111 0.456354 0.504543 0.456057 0.504976 0.456057 0.505409 0.45576 0.505842 0.45576 0.506274 0.455463 0.50714 0.455463 0.507572 0.455166 0.508005 0.455166 0.508438 0.454869 0.508871 0.454869 0.509303 0.454572 0.509736 0.454572 0.510169 0.454276 0.510601 0.454276 0.511034 0.453979 0.511467 0.453979 0.5119 0.453682 0.512332 0.453682 0.512765 0.453385 0.51363 0.453385 0.514063 0.453088 0.514496 0.453088 0.514929 0.452791 0.515361 0.452791 0.515794 0.452494 0.516227 0.452494 0.516659 0.452197 0.517092 0.452197 0.517525 0.4519 0.517958 0.4519 0.51839 0.451603 0.518823 0.451603 0.519256 0.451306 0.520121 0.451306 0.520554 0.45101 0.520987 0.45101 0.521419 0.450713 0.521852 0.450713 0.522285 0.450416 0.522717 0.450416 0.52315 0.450119 0.523583 0.450119 0.524016 0.449822 0.524448 0.449822 0.524881 0.449525 0.525314 0.449525 0.525746 0.449228 0.526612 0.449228 0.527045 0.448931 0.527477 0.448931 0.52791 0.448634 0.528343 0.448634 0.528775 0.448337 0.529208 0.448337 0.530074 0.447743 0.529641 0.447447 0.529208 0.447447 0.528775 0.44715 0.528775 0.446556 0.528343 0.446259 0.528343 0.445962 0.528775 0.445665 0.529208 0.445665 0.529641 0.445962 0.530074 0.445665 0.530074 0.445071 0.529641 0.445071 0.529208 0.444774 0.529641 0.444477 0.530074 0.444477 0.530506 0.444181 0.530939 0.444181 0.531372 0.443884 0.531804 0.443884 0.532237 0.443587 0.533968 0.443587 0.534401 0.44329 0.534833 0.44329 0.535266 0.442993 0.535699 0.442993 0.536132 0.442696 0.536564 0.442696 0.536997 0.442399 0.53743 0.442399 0.537862 0.442102 0.538295 0.442102 0.538728 0.441805 0.540026 0.441805 0.540459 0.442102 0.541324 0.442102 0.541757 0.442399 0.541757 0.442696 0.54219 0.442696 0.542622 0.442993 0.542622 0.44329 0.543055 0.443587 0.54392 0.443587 0.544353 0.44329 0.545219 0.44329 0.545651 0.442993 0.545651 0.442696 0.546084 0.442399 0.546517 0.442696 0.546949 0.442696 0.547382 0.442399 0.547815 0.442399 0.548248 0.442102 0.54868 0.442102 0.549113 0.441805 0.549546 0.441805 0.549978 0.441508 0.550411 0.441508 0.550844 0.441211 0.551709 0.441211 0.552142 0.440914 0.552575 0.440914 0.553007 0.440618 0.55344 0.440618 0.553873 0.440321 0.554305 0.440321 0.554738 0.440024 0.555171 0.440024 0.555604 0.439727 0.556036 0.439727 0.556469 0.43943 0.556902 0.43943 0.557334 0.439133 0.557767 0.43943 0.557767 0.439727 0.5582 0.440024 0.5582 0.440321 0.558633 0.440618 0.558633 0.440914 0.559065 0.441211 0.559065 0.441508 0.559498 0.441805 0.559498 0.442399 0.559931 0.442696 0.559931 0.442993 0.560363 0.44329 0.560363 0.443587 0.560796 0.443884 0.560796 0.444181 0.561229 0.444477 0.561229 0.444774 0.561662 0.445071 0.561662 0.445368 0.562094 0.445665 0.562094 0.445962 0.562527 0.446259 0.562527 0.446853 0.56296 0.44715 0.56296 0.44804 0.563392 0.448337 0.563392 0.448634 0.563825 0.448931 0.563825 0.449228 0.564258 0.449525 0.564258 0.449822 0.564691 0.449822 0.565123 0.450119 0.565123 0.450416 0.565556 0.450713 0.565556 0.45101 0.565989 0.45101 0.566421 0.451306 0.566421 0.451603 0.566854 0.4519 0.566854 0.452197 0.567287 0.452197 0.56772 0.452494 0.56772 0.453088 0.568152 0.453088 0.569018 0.453682 0.569018 0.453979 0.56945 0.453979 0.569883 0.454276 0.569883 0.454572 0.570316 0.454572 0.572047 0.45576 0.572479 0.45576 0.573345 0.456354 0.573778 0.456354 0.57421 0.456057 0.575076 0.456651 0.575508 0.456354 0.576807 0.456354 0.57897 0.454869 0.579403 0.454869 0.579403 0.454572 0.579836 0.454276 0.580268 0.454276 0.580268 0.453682 0.580701 0.453385 0.580701 0.452791 0.580268 0.452494 0.580268 0.452197 0.579836 0.4519 0.579836 0.451306 0.579403 0.45101 0.579403 0.450713 0.57897 0.450416 0.57897 0.450119 0.578537 0.449822 0.578537 0.449525 0.578105 0.449228 0.578105 0.448931 0.577672 0.448634 0.577672 0.448337 0.577239 0.44804 0.577239 0.447743 0.576807 0.447447 0.576807 0.446853 0.576374 0.446853 0.575941 0.446556 0.575508 0.446556 0.575076 0.446259 0.575076 0.445962 0.575508 0.445665 0.575076 0.445368 0.575076 0.445071 0.574643 0.444774 0.574643 0.444477 0.57421 0.444181 0.57421 0.443884 0.573778 0.443587 0.573778 0.44329 0.573345 0.442993 0.573345 0.442696 0.572912 0.442399 0.572912 0.441805 0.572479 0.441508 0.572479 0.441211 0.572047 0.440914 0.572047 0.440618 0.571614 0.440321 0.571614 0.440024 0.571181 0.439727 0.571181 0.43943 0.570749 0.439133 0.570749 0.438836 0.570316 0.438539 0.570316 0.438242 0.569883 0.437945 0.569883 0.437352 0.56945 0.437055 0.56945 0.436758 0.569018 0.436461 0.569018 0.436164 0.568585 0.435867 0.568585 0.43557 0.568152 0.435273 0.568152 0.434976 0.566854 0.434086 0.566854 0.433789 0.566421 0.433492 0.566421 0.433195 0.565989 0.432898 0.565989 0.43171 0.565556 0.431413 0.565556 0.431116 0.565989 0.430819 0.566421 0.430819 0.566854 0.430523 0.567287 0.430523 0.567287 0.430226 0.566854 0.429929 0.567287 0.429632 0.56772 0.429632 0.568152 0.429929 0.568152 0.431116 0.568585 0.431413 0.568585 0.43171 0.569018 0.432007 0.569018 0.432304 0.56945 0.432304 0.569883 0.432601 0.56945 0.432898 0.569883 0.433195 0.569883 0.433789 0.570316 0.434086 0.570316 0.434382 0.570749 0.434679 0.570749 0.434976 0.571181 0.435273 0.571181 0.43557 0.571614 0.435867 0.571614 0.436164 0.572047 0.436461 0.572047 0.436758 0.572479 0.437055 0.572479 0.437352 0.572912 0.437648 0.572912 0.438242 0.573345 0.438539 0.573345 0.438836 0.573778 0.439133 0.573778 0.43943 0.57421 0.439727 0.57421 0.440024 0.574643 0.440321 0.574643 0.440618 0.575076 0.440914 0.575076 0.441211 0.575508 0.441508 0.575508 0.441805 0.575941 0.442102 0.575941 0.442696 0.576374 0.442993 0.576374 0.44329 0.577672 0.444181 0.577672 0.444477 0.578537 0.444477 0.57897 0.444774 0.57897 0.445071 0.578537 0.445368 0.578105 0.445368 0.578105 0.445665 0.578537 0.445962 0.57897 0.445665 0.579403 0.445962 0.579836 0.445962 0.580268 0.445665 0.580701 0.445665 0.581134 0.445368 0.581566 0.445368 0.581999 0.445071 0.582432 0.445071 0.582865 0.444774 0.583297 0.444774 0.583297 0.444181 0.58373 0.443884 0.584163 0.443884 0.584595 0.444181 0.585461 0.444181 0.585894 0.443884 0.585894 0.44329 0.586326 0.442993 0.586759 0.442993 0.587192 0.44329 0.587192 0.443587 0.587624 0.44329 0.588057 0.44329 0.58849 0.442993 0.588057 0.442696 0.58849 0.442399 0.588923 0.442399 0.589355 0.442696 0.589788 0.442696 0.590221 0.442399 0.590653 0.442399 0.590653 0.441805 0.591086 0.441508 0.591519 0.441508 0.591952 0.441211 0.592384 0.441211 0.592817 0.440914 0.59325 0.440914 0.593682 0.440618 0.594548 0.440618 0.594981 0.440321 0.595846 0.440321 0.596279 0.440618 0.596711 0.440321 0.597144 0.440321 0.597577 0.440024 0.598442 0.440024 0.598875 0.439727 0.599308 0.439727 0.59974 0.43943 0.600173 0.43943 0.601039 0.438836 0.601904 0.438836 0.602337 0.438539 0.602769 0.438539 0.603202 0.438242 0.603635 0.438242 0.604068 0.437945 0.604933 0.437945 0.604933 0.437648 0.605366 0.437352 0.606231 0.437352 0.606664 0.437055 0.607529 0.437055 0.607962 0.436758 0.608395 0.436758 0.608827 0.436461 0.60926 0.436461 0.609693 0.436164 0.610125 0.436164 0.610558 0.435867 0.611424 0.435867 0.611856 0.43557 0.612289 0.43557 0.613154 0.434976 0.61402 0.434976 0.614453 0.434679 0.614885 0.434679 0.614885 0.434382 0.615318 0.434086 0.615751 0.434086 0.616183 0.433789 0.616616 0.433789 0.617049 0.433492 0.617482 0.433492 0.617914 0.433195 0.619645 0.433195 0.620943 0.432304 0.621376 0.432304 0.621809 0.432007 0.622241 0.432007 0.622674 0.43171 0.623107 0.43171 0.62354 0.431413 0.623972 0.431413 0.624405 0.431116 0.62527 0.431116 0.625703 0.430819 0.626136 0.430819 0.626569 0.430523 0.627001 0.430523 0.627434 0.430226 0.627867 0.430226 0.628299 0.429929 0.628732 0.429929 0.629165 0.429632 0.629598 0.429632 0.63003 0.429335 0.630463 0.429335 0.630896 0.429038 0.631761 0.429038 0.632194 0.428741 0.632627 0.428741 0.633059 0.428444 0.633492 0.428444 0.633925 0.428147 0.634357 0.428147 0.63479 0.42785 0.635223 0.42785 0.635656 0.427553 0.636088 0.42785 0.636521 0.42785 0.636954 0.427553 0.637386 0.427553 0.637819 0.427257 0.638252 0.427257 0.638685 0.42696 0.639117 0.42696 0.63955 0.426663 0.639983 0.426663 0.640415 0.42696 0.640415 0.427257 0.640848 0.427553 0.640848 0.42785 0.641281 0.428147 0.641281 0.428444 0.641714 0.428741 0.641714 0.429038 0.642146 0.429335 0.642146 0.429632 0.642579 0.429929 0.642579 0.430226 0.643012 0.430523 0.643012 0.430819 0.643444 0.431116 0.643444 0.43171 0.643877 0.432007 0.643877 0.432304 0.64431 0.432601 0.64431 0.432898 0.644743 0.432898 0.645175 0.433195 0.645175 0.433492 0.645608 0.433789 0.645608 0.434086 0.646041 0.434382 0.645608 0.434679 0.646906 0.434679 0.647339 0.434382 0.647772 0.434382 0.648204 0.434086 0.648637 0.434086 0.64907 0.433789 0.649502 0.433789 0.649935 0.433492 0.650368 0.433492 0.650801 0.433195 0.651233 0.433195 0.651666 0.432898 0.652099 0.432898 0.652531 0.432601 0.653397 0.432601 0.65383 0.432304 0.654262 0.432304 0.654695 0.432007 0.655128 0.432007 0.65556 0.43171 0.655993 0.43171 0.656426 0.431413 0.656859 0.431413 0.657291 0.431116 0.657724 0.431116 0.658157 0.430819 0.658589 0.430819 0.659022 0.430523 0.659887 0.430523 0.66032 0.430226 0.660753 0.430226 0.661186 0.429929 0.661618 0.429929 0.662051 0.429632 0.662484 0.429632 0.662916 0.429335 0.663349 0.429335 0.663782 0.429038 0.664215 0.429038 0.664647 0.428741 0.66508 0.428741 0.665513 0.428444 0.666378 0.428444 0.666811 0.428147 0.667244 0.428147 0.667676 0.42785 0.668109 0.42785 0.668542 0.427553 0.668974 0.427553 0.669407 0.427257 0.66984 0.427257 0.66984 0.42696 0.669407 0.42696 0.668974 0.427257 0.668542 0.427257 0.668109 0.427553 0.667244 0.427553 0.666811 0.42785 0.666378 0.42785 0.665945 0.428147 0.665513 0.428147 0.664647 0.427553 0.664647 0.42696 0.66508 0.426663 0.664647 0.426366 0.665513 0.425772 0.66508 0.425475 0.66508 0.425178 0.665513 0.424881 0.665945 0.424881 0.665945 0.424287 0.666378 0.42399 0.666811 0.42399 0.668109 0.4231 0.668542 0.4231 0.668974 0.423397 0.66984 0.423397 0.670273 0.4231 0.671571 0.4231 0.672869 0.422209 0.673302 0.422506 0.673302 0.422803 0.675465 0.422803 0.675898 0.422506 0.676763 0.422506 0.677196 0.422209 0.678061 0.422209 0.678927 0.421615 0.67936 0.421615 0.679792 0.421318 0.680225 0.421318 0.680658 0.421021 0.68109 0.421021 0.681523 0.420724 0.681956 0.420724 0.682389 0.420428 0.682389 0.420131 0.683687 0.41924 0.683687 0.418943 0.684119 0.418646 0.684119 0.418349 0.684552 0.418052 0.684119 0.417755 0.684985 0.417162 0.68585 0.417755 0.68585 0.418052 0.686283 0.418349 0.686283 0.418646 0.686716 0.418943 0.686716 0.419537 0.687148 0.419834 0.687148 0.420131 0.687581 0.420428 0.688014 0.420428 0.688014 0.420131 0.687581 0.419834 0.687581 0.419537 0.687148 0.41924 0.687148 0.418943 0.686716 0.418646 0.686716 0.418349 0.686283 0.418052 0.686283 0.417755 0.68585 0.417458 0.68585 0.417162 0.685418 0.416865 0.685418 0.416271 0.684985 0.415974 0.684985 0.415677 0.684552 0.41538 0.684552 0.415083 0.684119 0.414786 0.684119 0.414489 0.683687 0.414192 0.683687 0.413895 0.683254 0.413599 0.683254 0.413302 0.682821 0.413005 0.682821 0.412708 0.682389 0.412411 0.682389 0.411817 0.681956 0.41152 0.681956 0.411223 0.681523 0.410926 0.681523 0.410629 0.68109 0.410333 0.68109 0.410036 0.680658 0.409739 0.680658 0.409442 0.680225 0.409145 0.680225 0.408848 0.679792 0.408551 0.679792 0.408254 0.67936 0.407957 0.67936 0.407363 0.678927 0.407067 0.678927 0.40677 0.678494 0.406473 0.678494 0.406176 0.678061 0.405879 0.678061 0.405582 0.677629 0.405285 0.677629 0.404988 0.677196 0.404691 0.677196 0.404394 0.676763 0.404097 0.676763 0.4038 0.676331 0.403504 0.676331 0.40291 0.675898 0.402613 0.675898 0.402316 0.675465 0.402019 0.675465 0.401722 0.675032 0.401425 0.675032 0.401128 0.6746 0.400831 0.6746 0.400534 0.674167 0.400238 0.674167 0.399941 0.673734 0.399644 0.673734 0.39905 0.673302 0.398753 0.673302 0.398456 0.672869 0.398159 0.672869 0.397862 0.672436 0.397565 0.672436 0.397268 0.672003 0.396971 0.672003 0.396675 0.671571 0.396378 0.671571 0.396081 0.671138 0.395784 0.671138 0.395487 0.670705 0.39519 0.670705 0.394596 0.670273 0.394299 0.670273 0.394002 0.66984 0.393705 0.66984 0.393409 0.669407 0.393112 0.669407 0.392815 0.668974 0.392518 0.668974 0.392221 0.668542 0.391924 0.668542 0.391627 0.668109 0.39133 0.668109 0.391033 0.667676 0.390736 0.667676 0.390143 0.667244 0.389846 0.667244 0.389549 0.666811 0.389252 0.666811 0.388955 0.666378 0.388658 0.666378 0.388361 0.665945 0.388064 0.665945 0.387767 0.665513 0.38747 0.665513 0.387173 0.66508 0.386876 0.66508 0.38658 0.664647 0.386283 0.664647 0.385689 0.664215 0.385689 0.664215 0.386283 0.664647 0.38658 0.664647 0.386876 0.66508 0.387173 0.66508 0.38747 0.665513 0.387767 0.665513 0.388064 0.665945 0.388361 0.665945 0.388955 0.666378 0.389252 0.666378 0.389549 0.666811 0.389846 0.666811 0.390143 0.667244 0.390439 0.667244 0.390736 0.667676 0.391033 0.667676 0.39133 0.668109 0.391627 0.668109 0.391924 0.668542 0.392221 0.668542 0.392518 0.668974 0.392815 0.668974 0.393409 0.669407 0.393705 0.669407 0.394002 0.66984 0.394299 0.66984 0.394596 0.670273 0.394893 0.670273 0.39519 0.670705 0.395487 0.670705 0.395784 0.671138 0.396081 0.671138 0.396378 0.671571 0.396675 0.671571 0.396971 0.672003 0.397268 0.672003 0.397862 0.672436 0.398159 0.672436 0.398456 0.672869 0.398753 0.672869 0.39905 0.673302 0.399347 0.673302 0.399644 0.673734 0.399941 0.673734 0.400238 0.674167 0.400534 0.674167 0.400831 0.6746 0.401128 0.6746 0.401425 0.675032 0.401722 0.675032 0.402316 0.675465 0.402613 0.675465 0.40291 0.675032 0.403207 0.6746 0.403207 0.674167 0.40291 0.673302 0.40291 0.672436 0.402316 0.671138 0.402316 0.670705 0.402019 0.66984 0.402019 0.669407 0.401722 0.668974 0.401722 0.668542 0.401425 0.666811 0.401425 0.666378 0.401128 0.665945 0.401128 0.665513 0.400831 0.665513 0.400534 0.66508 0.400238 0.66508 0.399941 0.663782 0.39905 0.663782 0.398456 0.663349 0.398159 0.663349 0.397862 0.662916 0.397565 0.662916 0.397268 0.662484 0.396971 0.662484 0.396675 0.662051 0.396378 0.662051 0.396081 0.661618 0.395784 0.661618 0.395487 0.661186 0.39519 0.661186 0.394893 0.660753 0.394596 0.660753 0.394002 0.66032 0.393705 0.66032 0.393409 0.659887 0.393112 0.659887 0.392815 0.659455 0.392518 0.659455 0.392221 0.659022 0.391924 0.659022 0.391627 0.658589 0.39133 0.658589 0.391033 0.658157 0.390736 0.658157 0.390439 0.657724 0.390143 0.657724 0.389549 0.657291 0.389549 0.656859 0.389846 0.656426 0.389846 0.655993 0.390143 0.655128 0.390143 0.654695 0.390439 0.654262 0.390439 0.65383 0.390736 0.653397 0.390736 0.652964 0.391033 0.652531 0.391033 0.652099 0.39133 0.651666 0.39133 0.651233 0.391627 0.650801 0.391627 0.650368 0.391924 0.649935 0.391924 0.649502 0.392221 0.648637 0.392221 0.648204 0.392518 0.647772 0.392518 0.647339 0.392815 0.646906 0.392815 0.646473 0.393112 0.646041 0.393112 0.645608 0.393409 0.645175 0.393409 0.644743 0.393705 0.64431 0.393705 0.643877 0.394002 0.643444 0.394002 0.643012 0.394299 0.642146 0.394299 0.641714 0.394596 0.641281 0.394596 0.640848 0.394893 0.640415 0.394893 0.639983 0.39519 0.63955 0.39519 0.639117 0.395487 0.638685 0.395487 0.638252 0.395784 0.637819 0.395784 0.637386 0.396081 0.636954 0.396081 0.636521 0.396378 0.635656 0.396378 0.635223 0.396675 0.63479 0.396675 0.634357 0.396971 0.633925 0.396971 0.633492 0.397268 0.633059 0.397268 0.632627 0.397565 0.632194 0.397565 0.631761 0.397862 0.631328 0.397862 0.630896 0.398159 0.630463 0.398159 0.63003 0.398456 0.629165 0.398456 0.628732 0.398753 0.628299 0.398753 0.627867 0.39905 0.627434 0.39905 0.627001 0.399347 0.626569 0.399347 0.626136 0.399644 0.625703 0.399644 0.62527 0.399941 0.624838 0.399941 0.624405 0.400238 0.623972 0.400238 0.62354 0.400534 0.622674 0.400534 0.622241 0.400831 0.621809 0.400831 0.621376 0.401128 0.620943 0.401128 0.620511 0.401425 0.620078 0.401425 0.619645 0.401722 0.619212 0.401722 0.61878 0.402019 0.618347 0.402019 0.617914 0.402316 0.617482 0.402316 0.617049 0.402613 0.616183 0.402613 0.615751 0.40291 0.615318 0.40291 0.614885 0.403207 0.614453 0.403207 0.61402 0.403504 0.613587 0.403504 0.613154 0.4038 0.612722 0.4038 0.612289 0.404097 0.611856 0.404097 0.611424 0.404394 0.610558 0.404394 0.610125 0.404691 0.609693 0.404691 0.60926 0.404988 0.608827 0.404988 0.608395 0.405285 0.607962 0.405285 0.607529 0.405582 0.607096 0.405582 0.606664 0.405879 0.606231 0.405879 0.605798 0.406176 0.605366 0.406176 0.604933 0.406473 0.604068 0.406473 0.603635 0.40677 0.603202 0.40677 0.602769 0.407067 0.602337 0.407067 0.601904 0.407363 0.601471 0.407363 0.601039 0.40766 0.600606 0.40766 0.600173 0.407957 0.59974 0.407957 0.599308 0.408254 0.598875 0.408254 0.598442 0.408551 0.597577 0.408551 0.597144 0.408848 0.596711 0.408848 0.596279 0.409145 0.595846 0.409145 0.595413 0.409442 0.594981 0.409442 0.594548 0.409739 0.594115 0.409739 0.593682 0.410036 0.59325 0.410036 0.592817 0.410333 0.592384 0.410333 0.591952 0.410629 0.591086 0.410629 0.590653 0.410926 0.590221 0.410926 0.589788 0.411223 0.589355 0.411223 0.588923 0.41152 0.58849 0.41152 0.588057 0.411817 0.587624 0.411817 0.587192 0.412114 0.586759 0.412114 0.586326 0.412411 0.585894 0.412411 0.585461 0.412708 0.584595 0.412708 0.584163 0.413005 0.58373 0.413005 0.583297 0.413302 0.582865 0.413302 0.582432 0.413599 0.581999 0.413599 0.581566 0.413895 0.581134 0.413895 0.580701 0.414192 0.580268 0.414192 0.579836 0.414489 0.579403 0.414489 0.57897 0.414786 0.578105 0.414786 0.577672 0.415083 0.577239 0.415083 0.576807 0.41538 0.576374 0.41538 0.575941 0.415677 0.575508 0.415677 0.575076 0.415974 0.574643 0.415974 0.57421 0.416271 0.573778 0.416271 0.573345 0.416568 0.572912 0.416568 0.572479 0.416865 0.571614 0.416865 0.571181 0.417162 0.570749 0.417162 0.570316 0.417458 0.569883 0.417458 0.56945 0.417755 0.569018 0.417755 0.568585 0.418052 0.568152 0.418052 0.56772 0.418349 0.567287 0.418349 0.566854 0.418646 0.565989 0.418646 0.565556 0.418943 0.565123 0.418943 0.564691 0.41924 0.564258 0.41924 0.563825 0.419537 0.563392 0.419537 0.56296 0.419834 0.562527 0.419834 0.562094 0.420131 0.561662 0.420131 0.561229 0.420428 0.560796 0.420428 0.560363 0.420724 0.559498 0.420724 0.559065 0.421021 0.558633 0.421021 0.5582 0.421318 0.557767 0.421318 0.557334 0.421615 0.556902 0.421615 0.556469 0.421912 0.556036 0.421912 0.555604 0.422209 0.555171 0.422209 0.554738 0.422506 0.554305 0.422506 0.553873 0.422803 0.553007 0.422803 0.552575 0.4231 0.552142 0.4231 0.551709 0.423397 0.551277 0.423397 0.550844 0.423694 0.550411 0.423694 0.549978 0.42399 0.549546 0.42399 0.549113 0.424287 0.54868 0.424287 0.548248 0.424584 0.547815 0.424584 0.547382 0.424881 0.546517 0.424881 0.546084 0.425178 0.545651 0.425178 0.545219 0.425475 0.544786 0.425475 0.544353 0.425772 0.54392 0.425772 0.543488 0.426069 0.543055 0.426069 0.542622 0.426366 0.54219 0.426366 0.541757 0.426663 0.541324 0.426663 0.540891 0.42696 0.540026 0.42696 0.539593 0.427257 0.539161 0.427257 0.538728 0.427553 0.538295 0.427553 0.537862 0.427257 0.537862 0.42696 0.53743 0.426663 0.53743 0.426366 0.536997 0.426069 0.536564 0.426366 0.536132 0.426366 0.535699 0.426663 0.535266 0.426366 0.535266 0.426069 0.534833 0.426069 0.534401 0.425772 0.534401 0.425178 0.533968 0.424881 0.533968 0.424584 0.533535 0.424287 0.533535 0.42399 0.53267 0.423397 0.53267 0.422803 0.532237 0.422803 0.531804 0.422506 0.531804 0.422209 0.531372 0.421912 0.531372 0.421615 0.530939 0.421318 0.530939 0.421021 0.530506 0.420724 0.530506 0.420131 0.530074 0.419834 0.530074 0.419537 0.529641 0.41924 0.529641 0.418943 0.529208 0.418646 0.529641 0.418349 0.528343 0.417458 0.528343 0.416271 0.527045 0.41538 0.526612 0.41538 0.526179 0.415083 0.526179 0.414489 0.525746 0.414192 0.525746 0.413895 0.526179 0.413599 0.526179 0.413302 0.526612 0.413005 0.526179 0.412708 0.526179 0.412411 0.524881 0.41152 0.524881 0.411223 0.524448 0.410926 0.524448 0.410629 0.524016 0.410333 0.524016 0.410036 0.523583 0.409739 0.523583 0.409442 0.522285 0.408551 0.522285 0.408254 0.522717 0.407957 0.522285 0.40766 0.521852 0.40766 0.521419 0.407363 0.521419 0.407067 0.521852 0.40677 0.521419 0.406473 0.521419 0.406176 0.520987 0.405879 0.520987 0.405582 0.520554 0.405285 0.520554 0.404988 0.520121 0.404691 0.520121 0.404394 0.519688 0.404097 0.519688 0.4038 0.519256 0.4038 0.518823 0.403504 0.519256 0.403207 0.519256 0.40291 0.518823 0.402613 0.518823 0.402316 0.51839 0.402019 0.51839 0.401722 0.517958 0.401425 0.517958 0.401128 0.517525 0.400831 0.517525 0.400534 0.517092 0.400238 0.517092 0.399941 0.516659 0.399644 0.516659 0.398456 0.516227 0.398456 0.515794 0.398159 0.515794 0.397862 0.515361 0.397565 0.515361 0.397268 0.514929 0.397268 0.514496 0.396971 0.514496 0.396675 0.514063 0.396378 0.514063 0.396081 0.51363 0.395784 0.51363 0.395487 0.513198 0.39519 0.513198 0.394893 0.512765 0.394596 0.512765 0.393409 0.512332 0.393112 0.512332 0.392815 0.511034 0.391924 0.511034 0.391627 0.510601 0.39133 0.510601 0.391033 0.510169 0.390736 0.510601 0.390439 0.510601 0.390143 0.510169 0.390143 0.509736 0.389846 0.509736 0.389549 0.509303 0.389252 0.509303 0.388955 0.508871 0.388658 0.508871 0.388361 0.508438 0.388064 0.508438 0.387767 0.508005 0.38747 0.508005 0.387173 0.507572 0.386876 0.507572 0.38658 0.50714 0.386283 0.50714 0.385986 0.506707 0.385689 0.506707 0.384501 0.506274 0.384204 0.506274 0.383907 0.505842 0.38361 0.505842 0.383314 0.505409 0.383017 0.505409 0.38272 0.504976 0.382423 0.504976 0.381829 0.504543 0.381532 0.504543 0.381235 0.504111 0.380938 0.504111 0.380641 0.502813 0.379751 0.502813 0.379454 0.50238 0.379157 0.50238 0.37886 0.501947 0.378563 0.501947 0.377672 0.501082 0.377672 0.500649 0.377375 0.500649 0.376188 0.500216 0.375891 0.500216 0.375594 0.499784 0.375297 0.499784 0.375 0.499351 0.374703 0.499351 0.374406 0.498918 0.374109 0.498918 0.373812 0.498486 0.373515 0.498486 0.373219 0.498053 0.372922 0.498053 0.372625 0.49762 0.372328 0.49762 0.37114 0.497187 0.37114 0.496755 0.370843 0.496755 0.370546 0.496322 0.370249 0.496322 0.369952 0.495889 0.369656 0.495889 0.368468 0.495457 0.368171 0.495457 0.367874 0.495024 0.367577 0.495024 0.36728 0.494591 0.366983 0.494591 0.366686 0.494158 0.36639 0.494158 0.366093 0.493726 0.365796 0.493726 0.365499 0.493293 0.365499 0.491995 0.364608 0.492428 0.364311 0.491995 0.364014 0.491995 0.362827 0.491129 0.362233 0.491129 0.361639 0.490264 0.361045 0.490264 0.360451 0.489831 0.360154 0.489831 0.359857 0.489399 0.359857 0.488966 0.359561 0.489399 0.359264 0.489399 0.358967 0.4881 0.358076 0.488533 0.357779 0.4881 0.357482 0.4881 0.357185 0.487235 0.356591 0.487235 0.355998 0.486802 0.355998 0.48637 0.355701 0.486802 0.355404 0.486802 0.355107 0.48637 0.35481 0.48637 0.354513 0.485937 0.354216 0.485937 0.353919 0.485504 0.353622 0.485504 0.353325 0.485071 0.353029 0.485071 0.352732 0.484639 0.352435 0.484639 0.352138 0.484206 0.351841 0.484206 0.351544 0.483773 0.351247 0.483773 0.350653 0.483341 0.350356 0.482475 0.350356 0.482042 0.350059 0.482042 0.349762 0.482475 0.349466 0.482908 0.349466 0.482475 0.349169 0.482475 0.348872 0.482042 0.348575 0.482042 0.348278 0.48161 0.348575 0.480744 0.347981 0.480744 0.347684 0.480312 0.347387 0.480312 0.34709 0.479879 0.346793 0.479879 0.346496 0.479446 0.3462 0.479446 0.345903 0.479013 0.345606 0.479013 0.345012 0.478581 0.344715 0.478581 0.344418 0.478148 0.344121 0.478148 0.343824 0.477715 0.343527 0.477715 0.34323 0.477283 0.342933 0.477283 0.342637 0.47685 0.34234 0.47685 0.342043 0.476417 0.341746 0.476417 0.341449 0.475984 0.341152 0.475984 0.340558 0.475552 0.340261 0.475552 0.339964 0.475119 0.339667 0.475119 0.339371 0.474686 0.339074 0.474686 0.338777 0.474254 0.33848 0.474254 0.338183 0.473388 0.337589 0.473388 0.336995 0.472523 0.336401 0.472523 0.335511 0.47209 0.335214 0.47209 0.334917 0.471657 0.33462 0.471657 0.334323 0.470359 0.333432 0.470359 0.332542 0.469926 0.332245 0.469926 0.331948 0.469494 0.331948 0.469061 0.331651 0.469061 0.331057 0.468628 0.33076 0.468628 0.329869 0.46733 0.328979 0.46733 0.328682 0.466897 0.328385 0.466897 0.328088 0.466465 0.327791 0.466465 0.327494 0.466032 0.327197 0.466032 0.32601 0.465599 0.32601 0.465167 0.325713 0.465167 0.325416 0.464734 0.325119 0.464734 0.324822 0.464301 0.324525 0.464301 0.324228 0.463868 0.323931 0.463868 0.322743 0.463436 0.322743 0.463003 0.322447 0.463003 0.32215 0.46257 0.321853 0.46257 0.321556 0.462138 0.321259 0.462138 0.320962 0.461705 0.320665 0.461705 0.320368 0.461272 0.320071 0.461272 0.319181 0.460839 0.318884 0.460839 0.318587 0.460407 0.318587 0.459974 0.31829 0.459974 0.317696 0.459541 0.317399 0.459541 0.317102 0.459109 0.316805 0.459109 0.316508 0.458676 0.316211 0.458676 0.315914 0.458243 0.315618 0.458243 0.315321 0.45781 0.315024 0.45781 0.314727 0.457378 0.31443 0.457378 0.314133 0.456945 0.313836 0.456945 0.312945 0.45608 0.312352 0.456945 0.311758 0.457378 0.311758 0.456945 0.311461 0.456945 0.311164 0.456512 0.310867 0.457378 0.310273 0.457378 0.309976 0.458243 0.309382 0.458676 0.309679 0.458676 0.309976 0.459109 0.309976 0.459541 0.310273 0.459109 0.31057 0.459541 0.31057 0.459541 0.310273 0.459109 0.309976 0.459541 0.309679 0.459974 0.309679 0.459974 0.309382 0.459541 0.309382 0.458676 0.308789 0.45781 0.308789 0.457378 0.309086 0.456945 0.308789 0.456945 0.308492 0.456512 0.308789 0.45608 0.308492 0.455647 0.308492 0.455214 0.308195 0.455647 0.307898 0.455647 0.307304 0.454781 0.307304 0.454349 0.307007 0.454349 0.30671 0.455214 0.306116 0.455214 0.305819 0.455647 0.305523 0.455647 0.305226 0.455214 0.304929 0.454781 0.304929 0.454349 0.304632 0.454781 0.304335 0.454781 0.304038 0.455214 0.303741 0.454781 0.303741 0.453916 0.303147 0.453916 0.30285 0.454349 0.302553 0.454349 0.301069 0.453916 0.300772 0.453916 0.300475 0.453483 0.300178 0.453483 0.299881 0.452618 0.299881 0.452185 0.299584 0.452185 0.298397 0.452618 0.2981 0.452618 0.297803 0.452185 0.297506 0.452185 0.297209 0.451752 0.296912 0.451752 0.296615 0.45132 0.296318 0.45132 0.296021 0.450887 0.295724 0.450887 0.295428 0.450454 0.295131 0.450887 0.294834 0.450887 0.293943 0.450454 0.293646 0.450454 0.293349 0.450022 0.293052 0.450022 0.292755 0.449589 0.292458 0.449589 0.291865 0.449156 0.291568 0.449156 0.291271 0.448723 0.290974 0.449156 0.290677 0.449589 0.290677 0.449156 0.29038 0.449156 0.290083 0.448723 0.289786 0.448291 0.290083 0.447858 0.290083 0.447425 0.289786 0.447425 0.289489 0.446993 0.289192 0.446993 0.288895 0.446127 0.288895 0.444396 0.287708 0.444396 0.287114 0.443964 0.286817 0.443531 0.286817 0.443098 0.287114 0.4418 0.286223 0.4418 0.285629 0.441367 0.285629 0.440935 0.285926 0.440502 0.285629 0.440069 0.285629 0.439204 0.285036 0.438771 0.285333 0.438338 0.285036 0.438338 0.284442 0.437906 0.284442 0.437473 0.284145 0.437473 0.283848 0.43704 0.283848 0.436175 0.283254 0.436175 0.282957 0.435742 0.282957 0.435309 0.28266 0.435309 0.282067 0.434877 0.28177 0.434877 0.281473 0.434444 0.281176 0.434444 0.280879 0.434011 0.280582 0.434011 0.279691 0.432713 0.2788 0.432713 0.278504 0.431848 0.278504 0.431415 0.278207 0.43228 0.277613 0.43228 0.277019 0.431848 0.277019 0.431415 0.276722 0.431415 0.276425 0.430982 0.276128 0.431848 0.275534 0.43228 0.275534 0.43228 0.274941 0.431848 0.274941 0.431848 0.275534 0.431415 0.275831 0.430982 0.275534 0.430982 0.275238 0.43055 0.275238 0.430117 0.274941 0.430117 0.274644 0.429684 0.274347 0.429684 0.27405 0.429251 0.273753 0.429251 0.273456 0.428819 0.273456 0.428386 0.273159 0.428386 0.272862 0.428819 0.272565 0.427953 0.271971 0.427953 0.271378 0.427521 0.271081 0.427521 0.270784 0.427088 0.270487 0.427088 0.27019 0.426655 0.269893 0.426655 0.269596 0.426222 0.269299 0.426222 0.268705 0.42579 0.268409 0.425357 0.268409 0.424924 0.268112 0.425357 0.267815 0.425357 0.266924 0.424924 0.266924 0.424492 0.266627 0.424924 0.26633 0.425357 0.26633 0.42579 0.266033 0.425357 0.265736 0.42579 0.265439 0.425357 0.265143 0.425357 0.265736 0.424924 0.266033 0.424492 0.265736 0.424492 0.264846 0.423193 0.263955 0.423193 0.263658 0.422761 0.263361 0.422761 0.263064 0.421463 0.262173 0.422328 0.26158 0.421463 0.26158 0.420597 0.260986 0.420597 0.260689 0.420164 0.260392 0.420164 0.259798 0.421463 0.258907 0.420164 0.258907 0.419732 0.259204 0.418434 0.258314 0.418434 0.258017 0.418001 0.25772 0.418001 0.257423 0.417568 0.257423 0.416703 0.256829 0.41627 0.257126 0.415837 0.256829 0.415405 0.256829 0.414972 0.257126 0.414539 0.256829 0.414106 0.257126 0.413674 0.256829 0.413241 0.256829 0.412808 0.256532 0.412808 0.256235 0.412376 0.255938 0.412376 0.255344 0.411943 0.255048 0.411943 0.254751 0.41151 0.254454 0.41151 0.254157 0.411077 0.25386 0.411077 0.253563 0.41151 0.253266 0.41151 0.252969 0.411077 0.252672 0.410645 0.252969 0.410212 0.252672 0.410212 0.252375 0.409779 0.252078 0.409779 0.251781 0.409347 0.251485 0.409347 0.250891 0.408914 0.250594 0.408914 0.250297 0.407616 0.249406 0.408048 0.249109 0.408048 0.248515 0.407183 0.248515 0.40675 0.248219 0.407183 0.247922 0.40675 0.247625 0.40675 0.247328 0.406318 0.247031 0.406318 0.246734 0.40675 0.246437 0.40675 0.245843 0.405885 0.245843 0.405452 0.245546 0.405452 0.245249 0.405019 0.244952 0.405019 0.244656 0.404587 0.244359 0.404587 0.244062 0.404154 0.243765 0.404154 0.243468 0.403721 0.243171 0.403721 0.242874 0.403289 0.242874 0.402856 0.242577 0.402856 0.24228 0.403289 0.241983 0.402856 0.241686 0.402856 0.241093 0.403289 0.240796 0.403721 0.240796 0.404154 0.240499 0.404587 0.240499 0.405019 0.240202 0.405885 0.240202 0.406318 0.239905 0.40675 0.239905 0.40675 0.239608
0 0.413241 0.237233 0.412808 0.23753 0.412376 0.23753 0.411943 0.237827 0.41151 0.237827 0.411077 0.238124 0.410645 0.238124 0.410212 0.23842 0.409779 0.23842 0.409347 0.238717 0.408914 0.238717 0.409347 0.239014 0.409779 0.238717 0.410212 0.238717 0.410645 0.23842 0.411077 0.23842 0.41151 0.238124 0.412376 0.238124 0.412808 0.237827 0.413241 0.237827
