0 0.843498 0.282576 0.843498 0.283186 0.843246 0.283491 0.843246 0.283796 0.843498 0.284101 0.843498 0.283491 0.84375 0.283186 0.84375 0.282576
0 0.844002 0.279524 0.844002 0.280439 0.84375 0.280745 0.84375 0.281965 0.844002 0.281965 0.844002 0.280745 0.844254 0.280439 0.844254 0.279524
0 0.84501 0.273116 0.84501 0.273726 0.845262 0.274031 0.84501 0.274336 0.84501 0.275252 0.844758 0.275557 0.844758 0.276778 0.844506 0.277083 0.844506 0.277388 0.844758 0.277388 0.844758 0.277083 0.84501 0.276778 0.84501 0.275557 0.845262 0.275252 0.845262 0.274336 0.845514 0.274031 0.845514 0.273116
0 0.843498 0.273116 0.843498 0.273726 0.84375 0.273726 0.84375 0.273116
0 0.818548 0.27281 0.818296 0.273116 0.8188 0.273116 0.8188 0.27281
0 0.815776 0.2722 0.815776 0.272505 0.815524 0.27281 0.815776 0.273116 0.816028 0.273116 0.816028 0.27281 0.81628 0.272505 0.816028 0.272505
0 0.833417 0.27098 0.833165 0.271285 0.833165 0.27159 0.833417 0.27159
0 0.819556 0.27098 0.819556 0.271285 0.82006 0.271285 0.82006 0.27098
0 0.80746 0.270674 0.80746 0.27159 0.807712 0.271285 0.807712 0.270674
0 0.798891 0.270674 0.798891 0.271285 0.799143 0.271285 0.799143 0.270674
0 0.828629 0.269454 0.828629 0.269759 0.828881 0.269759 0.828881 0.269454
0 0.803931 0.269149 0.803931 0.269454 0.803679 0.269759 0.803931 0.269759 0.804183 0.269454 0.804435 0.269759 0.804688 0.269759 0.804688 0.269149 0.804435 0.269149 0.804183 0.269454
0 0.829637 0.268538 0.829637 0.269149 0.830141 0.269149 0.830141 0.268538
0 0.806956 0.268233 0.806956 0.268538 0.806704 0.268843 0.806956 0.268843 0.807208 0.268538 0.807208 0.268233
0 0.801663 0.265792 0.801663 0.266402 0.802167 0.266402 0.802167 0.266097 0.801915 0.265792
0 0.798639 0.265182 0.798639 0.265487 0.798891 0.265792 0.799143 0.265792 0.799395 0.265487 0.799395 0.265182
0 0.797631 0.265182 0.797631 0.265487 0.797883 0.265792 0.797883 0.265182
0 0.77999 0.265182 0.77999 0.266097 0.780242 0.266097 0.780242 0.265487
0 0.789315 0.263351 0.789315 0.263656 0.789567 0.263656 0.789567 0.263351
0 0.752772 0.254806 0.752772 0.255111 0.753276 0.255111 0.753276 0.254806
0 0.753276 0.25206 0.753276 0.252365 0.75378 0.252365 0.754032 0.25267 0.754032 0.252365 0.75378 0.25206
0 0.594254 0.189808 0.594002 0.190113 0.594002 0.190723 0.594506 0.190723 0.594758 0.190418 0.594758 0.189808
0 0.686492 0.160513 0.686492 0.160818 0.686744 0.160818 0.686996 0.161123 0.687752 0.161123 0.688004 0.161428 0.68876 0.161428 0.689012 0.161733 0.69002 0.161733 0.690272 0.162038 0.691028 0.162038 0.69128 0.162344 0.692036 0.162344 0.692288 0.162649 0.693044 0.162649 0.693296 0.162954 0.694304 0.162954 0.694556 0.163259 0.694556 0.162954 0.694304 0.162649 0.693548 0.162649 0.693296 0.162344 0.692288 0.162344 0.692036 0.162038 0.69128 0.162038 0.691028 0.161733 0.690272 0.161733 0.69002 0.161428 0.689264 0.161428 0.689012 0.161123 0.688004 0.161123 0.687752 0.160818 0.686996 0.160818 0.686744 0.160513
0 0.668851 0.15563 0.668851 0.155935 0.669607 0.155935 0.669859 0.15624 0.670363 0.15624 0.670363 0.155935 0.669859 0.155935 0.669607 0.15563
0 0.618196 0.141288 0.617944 0.141593 0.617692 0.141593 0.61744 0.141898 0.617188 0.141898 0.616683 0.142508 0.616431 0.142508 0.615675 0.143424 0.615423 0.143424 0.615423 0.143729 0.615171 0.144034 0.615171 0.144644 0.614919 0.14495 0.614919 0.145865 0.614667 0.14617 0.614667 0.147086 0.614415 0.147391 0.614163 0.147391 0.614163 0.148306 0.613911 0.148612 0.613659 0.148612 0.613407 0.148917 0.613155 0.148612 0.612903 0.148612 0.612903 0.148917 0.612651 0.149222 0.611139 0.149222 0.610887 0.148917 0.610131 0.148917 0.609879 0.148612 0.609123 0.148612 0.608871 0.148306 0.607863 0.148306 0.607611 0.148001 0.606855 0.148001 0.606603 0.147696 0.605847 0.147696 0.605595 0.147391 0.604839 0.147391 0.604587 0.147086 0.603579 0.147086 0.603327 0.146781 0.602571 0.146781 0.602319 0.146475 0.601058 0.146475 0.600806 0.146781 0.599798 0.146781 0.599294 0.147391 0.599042 0.147391 0.598286 0.148306 0.597782 0.147696 0.597782 0.148612 0.59753 0.148917 0.59753 0.150137 0.597278 0.150442 0.597278 0.151358 0.597026 0.151663 0.597026 0.153189 0.596774 0.153494 0.596774 0.153799 0.596522 0.154104 0.596522 0.155325 0.59627 0.15563 0.596774 0.15563 0.597026 0.155935 0.597026 0.15624 0.597278 0.156546 0.59753 0.156546 0.597782 0.156851 0.597782 0.158071 0.59753 0.158377 0.59753 0.159292 0.597278 0.159597 0.597278 0.160513 0.597026 0.160818 0.597026 0.161428 0.596522 0.162038 0.596522 0.163259 0.59627 0.163564 0.59627 0.164175 0.596522 0.16448 0.59627 0.164785 0.59627 0.1657 0.596018 0.166005 0.595766 0.166005 0.595766 0.166921 0.595514 0.167226 0.595514 0.168447 0.595262 0.168752 0.595262 0.169667 0.59501 0.169973 0.59501 0.170888 0.594758 0.171193 0.594758 0.172109 0.594506 0.172414 0.594506 0.173634 0.594254 0.17394 0.594254 0.174855 0.594002 0.17516 0.594002 0.176076 0.59375 0.176381 0.59375 0.177296 0.593498 0.177601 0.593498 0.178517 0.59375 0.178822 0.593498 0.179127 0.593498 0.180043 0.593246 0.180348 0.593246 0.181263 0.592994 0.181569 0.592994 0.182789 0.592742 0.183094 0.592742 0.18401 0.59249 0.184315 0.592238 0.184315 0.592238 0.185841 0.591986 0.186146 0.591986 0.186451 0.591734 0.186756 0.591734 0.187672 0.591482 0.187977 0.591986 0.188587 0.592238 0.188587 0.592238 0.188282 0.592742 0.187672 0.593498 0.188587 0.594002 0.188587 0.594506 0.189197 0.59501 0.189197 0.595514 0.189808 0.595262 0.190113 0.595262 0.191028 0.59501 0.191334 0.59501 0.192249 0.594758 0.192554 0.594758 0.19347 0.594506 0.193775 0.594506 0.19408 0.594254 0.194385 0.594254 0.19469 0.594002 0.194995 0.594002 0.196216 0.59375 0.196521 0.59375 0.197437 0.593498 0.197742 0.593498 0.198657 0.593246 0.198962 0.592994 0.198962 0.592994 0.199878 0.593246 0.200183 0.592994 0.200488 0.592742 0.200488 0.592742 0.201404 0.59249 0.201709 0.591986 0.201709 0.591734 0.202014 0.59123 0.202014 0.590978 0.202319 0.590474 0.202319 0.590222 0.202624 0.589466 0.202624 0.589214 0.202319 0.58871 0.202319 0.58871 0.203235 0.588458 0.20354 0.588458 0.205066 0.58871 0.205371 0.58871 0.205676 0.588458 0.205981 0.588206 0.205981 0.587954 0.206286 0.587954 0.207202 0.587702 0.207507 0.587702 0.208422 0.58745 0.208727 0.58745 0.209948 0.587198 0.210253 0.587198 0.211169 0.586946 0.211474 0.586946 0.212389 0.586694 0.212695 0.586694 0.21361 0.586442 0.213915 0.586442 0.215136 0.58619 0.215441 0.58619 0.216356 0.585685 0.216967 0.584929 0.216967 0.584677 0.216662 0.583921 0.216662 0.583669 0.216356 0.582661 0.216356 0.582409 0.216051 0.581653 0.216051 0.581401 0.215746 0.580645 0.215746 0.580393 0.215441 0.579637 0.215441 0.579385 0.215136 0.578377 0.215136 0.578125 0.214831 0.577369 0.214831 0.577117 0.214525 0.576361 0.214525 0.576109 0.21422 0.575857 0.21422 0.575605 0.213915 0.575353 0.213915 0.574849 0.213305 0.574345 0.213915 0.573841 0.213305 0.573085 0.213305 0.572833 0.213 0.572581 0.213305 0.570817 0.213305 0.570565 0.213 0.570312 0.213 0.57006 0.213305 0.569808 0.213305 0.569556 0.213 0.569304 0.213 0.569052 0.213305 0.5688 0.213305 0.568548 0.213 0.567792 0.213 0.56754 0.213305 0.567288 0.213 0.567036 0.213305 0.566784 0.213305 0.566532 0.21361 0.56628 0.213305 0.565776 0.213305 0.565524 0.21361 0.564516 0.21361 0.564264 0.213915 0.56376 0.213915 0.563508 0.21422 0.563256 0.21422 0.563004 0.214525 0.562248 0.214525 0.562248 0.215136 0.561996 0.215441 0.561744 0.215136 0.561492 0.215136 0.561492 0.215441 0.56124 0.215746 0.561492 0.216051 0.560736 0.216967 0.560736 0.217577 0.560988 0.217882 0.560988 0.218187 0.560736 0.218493 0.560736 0.218798 0.560988 0.218798 0.56124 0.219103 0.56124 0.219408 0.560988 0.219713 0.560988 0.220323 0.56124 0.220629 0.56124 0.220934 0.560988 0.221239 0.56124 0.221544 0.56124 0.221849 0.561492 0.222154 0.561492 0.222765 0.561744 0.22307 0.561996 0.22307 0.562248 0.223375 0.563004 0.223375 0.563256 0.22368 0.564264 0.22368 0.564516 0.223985 0.565272 0.223985 0.565524 0.224291 0.56628 0.224291 0.566532 0.224596 0.566784 0.224596 0.567036 0.224291 0.56754 0.224901 0.568548 0.224901 0.5688 0.225206 0.569556 0.225206 0.569808 0.224901 0.571069 0.224901 0.571321 0.225206 0.571825 0.225206 0.572077 0.225511 0.572833 0.225511 0.573085 0.225816 0.573841 0.225816 0.574093 0.226121 0.574849 0.226121 0.575101 0.226427 0.576109 0.226427 0.576361 0.226732 0.577117 0.226732 0.577369 0.227037 0.578377 0.227037 0.578629 0.227342 0.579133 0.227342 0.579385 0.227647 0.580393 0.227647 0.580645 0.227952 0.581401 0.227952 0.581653 0.228258 0.582409 0.228258 0.582661 0.228563 0.583417 0.228563 0.583669 0.228868 0.584677 0.228868 0.584929 0.229173 0.585433 0.229173 0.585685 0.228868 0.585938 0.229173 0.586694 0.229173 0.586946 0.229478 0.587702 0.229478 0.587954 0.229783 0.588206 0.229783 0.588458 0.230088 0.58871 0.230088 0.588962 0.230394 0.589214 0.230394 0.589466 0.230699 0.589466 0.231309 0.589214 0.231614 0.589214 0.232225 0.589718 0.232225 0.58997 0.23253 0.58997 0.232835 0.589718 0.23314 0.588962 0.23314 0.58871 0.232835 0.58871 0.23253 0.587702 0.23253 0.58745 0.232225 0.586442 0.232225 0.58619 0.231919 0.585685 0.231919 0.585433 0.231614 0.584677 0.231614 0.584425 0.231309 0.583417 0.231309 0.583165 0.231004 0.582409 0.231004 0.582157 0.230699 0.581401 0.230699 0.581149 0.230394 0.580393 0.230394 0.580141 0.230088 0.579133 0.230088 0.578881 0.229783 0.578125 0.229783 0.577873 0.229478 0.577117 0.229478 0.576865 0.229173 0.576109 0.229173 0.575857 0.228868 0.574849 0.228868 0.574597 0.228563 0.573841 0.228563 0.573589 0.228258 0.572833 0.228258 0.572581 0.227952 0.572329 0.228258 0.571825 0.228258 0.571573 0.228563 0.571321 0.228258 0.571069 0.228258 0.570817 0.228563 0.570565 0.228563 0.570312 0.228868 0.57006 0.228563 0.57006 0.227342 0.569556 0.227342 0.569052 0.227952 0.569052 0.228563 0.5688 0.228868 0.5688 0.229173 0.569052 0.229478 0.569052 0.229783 0.5688 0.230088 0.568548 0.230088 0.568548 0.230699 0.5688 0.230699 0.569052 0.231004 0.5688 0.231309 0.568296 0.231309 0.568296 0.232225 0.568548 0.232225 0.5688 0.23253 0.568548 0.232835 0.568548 0.233445 0.568296 0.23375 0.568044 0.23375 0.567792 0.234056 0.567792 0.234971 0.568044 0.235276 0.568044 0.236192 0.567792 0.236497 0.567288 0.236497 0.567288 0.237107 0.567792 0.237717 0.56754 0.238023 0.56754 0.238633 0.567288 0.238938 0.567036 0.238633 0.567036 0.238938 0.566784 0.239243 0.566784 0.240159 0.567036 0.240464 0.567036 0.241684 0.566784 0.24199 0.566784 0.242905 0.566532 0.24321 0.566532 0.244126 0.56628 0.244431 0.56628 0.245041 0.565776 0.245652 0.565524 0.245652 0.565524 0.246567 0.565272 0.246872 0.565272 0.247482 0.565524 0.247788 0.56502 0.248398 0.56502 0.249313 0.564768 0.249619 0.564768 0.250229 0.56502 0.250534 0.564768 0.250839 0.564516 0.250839 0.564516 0.251755 0.564264 0.25206 0.564264 0.252975 0.564516 0.25328 0.564264 0.253586 0.564012 0.253586 0.564012 0.254501 0.56376 0.254806 0.564012 0.255111 0.564012 0.255722 0.56376 0.256027 0.563508 0.256027 0.563508 0.256942 0.563256 0.257247 0.563508 0.257553 0.563508 0.258163 0.563004 0.258773 0.563004 0.259689 0.562752 0.259994 0.563004 0.260299 0.562752 0.260604 0.562752 0.260909 0.5625 0.261215 0.5625 0.26213 0.562248 0.262435 0.562248 0.26274 0.5625 0.263045 0.5625 0.263351 0.561996 0.263961 0.561996 0.264876 0.561744 0.265182 0.561744 0.265487 0.561996 0.265792 0.561996 0.266097 0.561744 0.266402 0.561744 0.267318 0.561492 0.267623 0.561492 0.268843 0.56124 0.269149 0.56124 0.269759 0.560736 0.270369 0.560988 0.270674 0.560988 0.271285 0.560736 0.27159 0.560736 0.272505 0.560484 0.27281 0.560484 0.274031 0.560232 0.274336 0.560232 0.275252 0.55998 0.275557 0.55998 0.276472 0.559728 0.276778 0.559728 0.277693 0.559476 0.277998 0.559476 0.279219 0.559224 0.279524 0.559224 0.280439 0.558972 0.280745 0.558972 0.28166 0.55872 0.281965 0.55872 0.282881 0.558468 0.283186 0.558468 0.284406 0.558216 0.284712 0.558216 0.285627 0.557964 0.285932 0.557964 0.286848 0.55746 0.287458 0.55746 0.288068 0.557208 0.288374 0.557208 0.289594 0.556956 0.289899 0.556956 0.290815 0.556452 0.291425 0.555696 0.291425 0.555444 0.29112 0.554688 0.29112 0.554435 0.290815 0.553679 0.290815 0.553427 0.29051 0.552419 0.29051 0.552167 0.290204 0.551411 0.290204 0.551159 0.289899 0.550403 0.289899 0.550151 0.289594 0.549395 0.289594 0.549143 0.289289 0.548639 0.289289 0.548387 0.289594 0.548135 0.289594 0.547883 0.289289 0.547631 0.289594 0.547127 0.289594 0.546875 0.289289 0.546623 0.289289 0.546371 0.288984 0.546371 0.288679 0.546119 0.288679 0.546119 0.289289 0.545867 0.289594 0.545867 0.29051 0.545615 0.290815 0.545615 0.29173 0.545363 0.292035 0.545363 0.293256 0.545111 0.293561 0.545111 0.294477 0.544859 0.294782 0.544859 0.295697 0.544607 0.296002 0.544607 0.296918 0.544355 0.297223 0.544355 0.298444 0.544103 0.298749 0.544103 0.299664 0.543851 0.299969 0.543851 0.300885 0.543599 0.30119 0.543599 0.302106 0.543347 0.302411 0.543347 0.303631 0.543095 0.303937 0.543095 0.304852 0.542843 0.305157 0.542843 0.306073 0.542591 0.306378 0.542591 0.307293 0.542339 0.307598 0.542339 0.308514 0.542087 0.308819 0.542087 0.31004 0.541835 0.310345 0.541835 0.31126 0.541583 0.311565 0.541583 0.312481 0.541331 0.312786 0.541331 0.313702 0.541079 0.314007 0.541331 0.314312 0.541583 0.314007 0.541583 0.312786 0.541835 0.312481 0.541835 0.311565 0.542087 0.31126 0.542087 0.310345 0.542339 0.31004 0.542339 0.309124 0.542843 0.308514 0.543095 0.308819 0.543095 0.309429 0.543347 0.309735 0.543599 0.309735 0.544103 0.310345 0.544103 0.31065 0.544355 0.310955 0.544607 0.310955 0.544859 0.31126 0.544859 0.311565 0.545363 0.312176 0.545363 0.312786 0.545615 0.313091 0.545615 0.314007 0.545867 0.314312 0.545867 0.314617 0.545615 0.314922 0.545867 0.315227 0.545867 0.315838 0.545363 0.316448 0.544859 0.316448 0.544859 0.317363 0.545111 0.317669 0.544859 0.317974 0.544355 0.317974 0.544355 0.318279 0.544103 0.318584 0.544103 0.319194 0.544355 0.3195 0.544355 0.32011 0.544103 0.320415 0.543599 0.320415 0.543599 0.32072 0.543347 0.321025 0.543095 0.321025 0.542591 0.321636 0.542591 0.321941 0.542339 0.322246 0.542339 0.323161 0.542087 0.323467 0.542087 0.323772 0.541835 0.324077 0.541835 0.325908 0.541583 0.326213 0.541583 0.327128 0.541331 0.327434 0.541331 0.328349 0.541583 0.328654 0.541331 0.328959 0.541331 0.330485 0.541835 0.331096 0.541583 0.331401 0.541835 0.331401 0.542087 0.331706 0.542087 0.332621 0.542843 0.333537 0.542843 0.333842 0.543347 0.334452 0.543095 0.334757 0.542843 0.334757 0.542591 0.334452 0.541835 0.334452 0.541583 0.334147 0.540575 0.334147 0.540323 0.333842 0.539567 0.333842 0.539315 0.333537 0.538558 0.333537 0.538558 0.333842 0.539315 0.333842 0.539567 0.334147 0.540323 0.334147 0.540575 0.334452 0.541331 0.334452 0.541583 0.334757 0.542591 0.334757 0.542843 0.335063 0.543599 0.335063 0.543851 0.335368 0.544607 0.335368 0.544859 0.335673 0.545615 0.335673 0.545867 0.335978 0.546875 0.335978 0.547127 0.336283 0.547883 0.336283 0.548135 0.336588 0.548891 0.336588 0.549143 0.336894 0.549899 0.336894 0.550151 0.337199 0.551159 0.337199 0.551411 0.337504 0.552167 0.337504 0.552419 0.337809 0.553175 0.337809 0.553427 0.338114 0.554183 0.338114 0.554435 0.338419 0.555444 0.338419 0.555696 0.338724 0.556452 0.338724 0.556704 0.33903 0.55746 0.33903 0.557712 0.339335 0.558468 0.339335 0.55872 0.33964 0.559728 0.33964 0.55998 0.339945 0.560736 0.339945 0.560988 0.34025 0.561744 0.34025 0.561996 0.340555 0.562752 0.340555 0.563004 0.340861 0.564012 0.340861 0.564264 0.341166 0.56502 0.341166 0.565272 0.341471 0.566028 0.341471 0.56628 0.341776 0.567036 0.341776 0.567288 0.342081 0.568296 0.342081 0.568548 0.342386 0.569304 0.342386 0.569556 0.342691 0.570312 0.342691 0.570565 0.342997 0.571321 0.342997 0.571573 0.343302 0.572581 0.343302 0.572833 0.343607 0.573589 0.343607 0.573841 0.343912 0.574597 0.343912 0.574849 0.344217 0.575605 0.344217 0.575857 0.344522 0.576865 0.344522 0.577117 0.344828 0.577873 0.344828 0.578125 0.345133 0.578881 0.345133 0.579133 0.345438 0.579889 0.345438 0.580141 0.345743 0.581149 0.345743 0.581401 0.346048 0.582157 0.346048 0.582157 0.345743 0.581401 0.345743 0.581149 0.345438 0.580141 0.345438 0.579889 0.345133 0.579133 0.345133 0.578881 0.344828 0.578125 0.344828 0.577873 0.344522 0.577117 0.344522 0.576865 0.344217 0.575857 0.344217 0.575605 0.343912 0.574849 0.343912 0.574597 0.343607 0.573841 0.343607 0.573589 0.343302 0.572833 0.343302 0.572581 0.342997 0.571573 0.342997 0.571321 0.342691 0.570565 0.342691 0.570312 0.342386 0.569556 0.342386 0.569304 0.342081 0.568548 0.342081 0.568296 0.341776 0.567288 0.341776 0.567036 0.341471 0.56628 0.341471 0.566028 0.341166 0.565272 0.341166 0.56502 0.340861 0.564264 0.340861 0.564012 0.340555 0.563004 0.340555 0.562752 0.34025 0.561996 0.34025 0.561744 0.339945 0.560988 0.339945 0.560736 0.33964 0.55998 0.33964 0.559728 0.339335 0.55998 0.33903 0.560232 0.33903 0.560232 0.338724 0.560484 0.338419 0.560736 0.338419 0.560988 0.338724 0.561492 0.338114 0.561744 0.338114 0.561996 0.337809 0.562248 0.337809 0.5625 0.337504 0.562752 0.337504 0.563256 0.336894 0.56376 0.336894 0.564012 0.336588 0.564012 0.336283 0.564516 0.335673 0.564768 0.335978 0.56502 0.335673 0.565272 0.335673 0.565524 0.335368 0.565776 0.335368 0.566784 0.334147 0.567036 0.334147 0.567288 0.333842 0.567792 0.333842 0.568044 0.334147 0.568296 0.334147 0.568548 0.333842 0.569052 0.333842 0.569304 0.334147 0.57006 0.334147 0.570312 0.334452 0.571069 0.334452 0.571321 0.334757 0.572077 0.334757 0.572329 0.335063 0.573337 0.335063 0.573589 0.335368 0.574345 0.335368 0.574597 0.335673 0.575353 0.335673 0.575605 0.335978 0.577621 0.335978 0.577873 0.336283 0.578629 0.336283 0.578881 0.336588 0.579637 0.336588 0.580141 0.337199 0.580645 0.337199 0.580897 0.337504 0.581149 0.337504 0.581401 0.337199 0.581905 0.337199 0.582157 0.336894 0.582157 0.335978 0.582409 0.335673 0.582409 0.334452 0.582661 0.334147 0.582661 0.333232 0.582913 0.332926 0.582913 0.332011 0.583165 0.331706 0.583165 0.33079 0.583417 0.330485 0.583417 0.32957 0.583669 0.329265 0.583669 0.328044 0.583921 0.327739 0.583921 0.326823 0.584173 0.326518 0.584173 0.325603 0.584425 0.325298 0.584425 0.324382 0.584677 0.324077 0.584677 0.322856 0.584929 0.322551 0.584929 0.321636 0.585181 0.32133 0.585181 0.320415 0.585433 0.32011 0.585433 0.319194 0.585685 0.318889 0.585685 0.317669 0.585938 0.317363 0.585938 0.316448 0.58619 0.316143 0.58619 0.315227 0.586442 0.314922 0.586442 0.314007 0.586694 0.313702 0.586694 0.312481 0.586946 0.312176 0.586946 0.31126 0.587198 0.310955 0.587198 0.31004 0.58745 0.309735 0.58745 0.308819 0.587702 0.308514 0.587702 0.307293 0.587954 0.306988 0.587954 0.306073 0.588206 0.305767 0.588206 0.304852 0.588458 0.304547 0.588458 0.303631 0.58871 0.303326 0.58871 0.302106 0.588962 0.3018 0.588962 0.300885 0.589214 0.30058 0.589214 0.299664 0.589466 0.299359 0.589466 0.298444 0.589718 0.298139 0.589718 0.296918 0.58997 0.296613 0.58997 0.295697 0.590222 0.295392 0.590222 0.294477 0.590474 0.294171 0.590474 0.293256 0.590726 0.292951 0.590726 0.29173 0.590978 0.291425 0.590978 0.29051 0.59123 0.290204 0.59123 0.289289 0.591482 0.288984 0.591482 0.288068 0.591734 0.287763 0.591734 0.286543 0.591986 0.286237 0.591986 0.285322 0.592238 0.285017 0.592238 0.284101 0.59249 0.283796 0.59249 0.282881 0.592742 0.282576 0.592742 0.281355 0.592994 0.28105 0.592994 0.280134 0.593246 0.279829 0.593246 0.278914 0.593498 0.278608 0.593498 0.277693 0.59375 0.277388 0.59375 0.276167 0.594002 0.275862 0.594002 0.274947 0.594254 0.274641 0.594254 0.273726 0.594506 0.273421 0.594506 0.272505 0.594758 0.2722 0.594758 0.27098 0.59501 0.270674 0.59501 0.269759 0.595262 0.269454 0.595262 0.268538 0.595514 0.268233 0.595514 0.267318 0.595766 0.267013 0.595766 0.265792 0.596018 0.265487 0.596018 0.264571 0.59627 0.264266 0.59627 0.263351 0.596522 0.263045 0.596522 0.26213 0.596774 0.261825 0.596774 0.260604 0.597026 0.260299 0.597026 0.259384 0.597278 0.259078 0.597278 0.258163 0.59753 0.257858 0.59753 0.256942 0.597782 0.256637 0.597782 0.255417 0.598034 0.255111 0.598034 0.254196 0.598286 0.253891 0.598286 0.252975 0.598538 0.25267 0.598538 0.251755 0.59879 0.251449 0.59879 0.250229 0.599042 0.249924 0.599042 0.249008 0.599294 0.248703 0.599294 0.247788 0.599546 0.247482 0.599546 0.246567 0.599798 0.246262 0.599798 0.245041 0.60005 0.244736 0.60005 0.243821 0.600302 0.243515 0.600302 0.2426 0.600554 0.242295 0.600554 0.241379 0.600806 0.241074 0.600806 0.239854 0.601058 0.239548 0.601058 0.238633 0.60131 0.238328 0.60131 0.237412 0.601562 0.237107 0.601562 0.236192 0.601815 0.235886 0.601815 0.234971 0.602067 0.234666 0.602067 0.233445 0.602319 0.23314 0.602319 0.232225 0.602571 0.231919 0.602571 0.231004 0.602823 0.230699 0.602823 0.229783 0.603075 0.229478 0.603075 0.228258 0.603327 0.227952 0.603327 0.227037 0.603579 0.226732 0.603579 0.225816 0.603831 0.225511 0.603831 0.224596 0.604083 0.224291 0.604083 0.22307 0.604335 0.222765 0.604335 0.221849 0.604587 0.221544 0.604587 0.220629 0.604839 0.220323 0.604839 0.219408 0.605091 0.219103 0.605091 0.217882 0.605343 0.217577 0.605343 0.216662 0.605595 0.216356 0.605595 0.215441 0.605847 0.215136 0.605847 0.21422 0.606099 0.213915 0.606099 0.213 0.606351 0.212695 0.607107 0.212695 0.607359 0.213 0.608115 0.213 0.608367 0.213305 0.608367 0.213 0.608619 0.212695 0.608619 0.211779 0.608871 0.211474 0.609123 0.211779 0.610131 0.211779 0.610383 0.211474 0.610635 0.211779 0.611139 0.211779 0.611643 0.212389 0.611895 0.212389 0.612147 0.212084 0.612399 0.212084 0.612651 0.211779 0.613155 0.212389 0.614667 0.212389 0.614919 0.212695 0.615675 0.212695 0.615927 0.213 0.616935 0.213 0.617188 0.213305 0.617944 0.213305 0.618196 0.21361 0.618952 0.21361 0.619204 0.213915 0.619204 0.21422 0.619708 0.21422 0.61996 0.213915 0.620212 0.21422 0.62122 0.21422 0.621472 0.214525 0.621472 0.214831 0.623236 0.214831 0.623488 0.214525 0.624496 0.214525 0.624748 0.214831 0.625504 0.214831 0.625756 0.215136 0.625504 0.215441 0.625252 0.215441 0.625 0.215746 0.625 0.216051 0.625252 0.216051 0.625756 0.216662 0.626512 0.216662 0.626764 0.216967 0.627016 0.216662 0.62752 0.216662 0.627772 0.216967 0.628528 0.216967 0.62878 0.217272 0.629536 0.217272 0.629788 0.217577 0.63004 0.217577 0.630292 0.217272 0.631804 0.217272 0.632056 0.217577 0.632056 0.217882 0.63256 0.217882 0.632812 0.217577 0.633065 0.217882 0.633317 0.217882 0.633569 0.218187 0.634073 0.218187 0.634325 0.218493 0.635081 0.218493 0.635333 0.218798 0.636089 0.218798 0.636341 0.219103 0.637097 0.219103 0.637349 0.219408 0.637601 0.219408 0.637853 0.219103 0.638105 0.219408 0.638357 0.219408 0.638609 0.219713 0.639365 0.219713 0.639617 0.220018 0.640373 0.220018 0.640625 0.220323 0.641381 0.220323 0.641633 0.220629 0.642641 0.220629 0.642893 0.220934 0.643145 0.220934 0.643649 0.221544 0.644153 0.221544 0.644405 0.221239 0.644657 0.221239 0.644909 0.221544 0.645665 0.221544 0.645917 0.221849 0.646169 0.221544 0.646925 0.221544 0.647177 0.221849 0.647933 0.221849 0.648185 0.222154 0.648942 0.222154 0.649194 0.22246 0.64995 0.22246 0.650202 0.222765 0.650202 0.22307 0.650958 0.22307 0.65121 0.223375 0.651714 0.223375 0.651966 0.22307 0.652218 0.22307 0.65247 0.223375 0.653226 0.223375 0.653478 0.22368 0.654234 0.22368 0.654486 0.223985 0.654486 0.224291 0.65499 0.224291 0.655242 0.223985 0.655494 0.223985 0.655746 0.224291 0.656502 0.224291 0.656754 0.224596 0.65751 0.224596 0.657762 0.224901 0.658518 0.224901 0.65877 0.225206 0.659778 0.225206 0.66003 0.225511 0.660786 0.225511 0.661038 0.225816 0.661038 0.226121 0.661794 0.226121 0.662046 0.226427 0.662802 0.226427 0.663054 0.226732 0.66381 0.226732 0.664062 0.227037 0.665071 0.227037 0.665323 0.227342 0.666079 0.227342 0.666331 0.227647 0.668347 0.227647 0.668599 0.227952 0.669355 0.227952 0.669859 0.228563 0.670615 0.228563 0.670867 0.228258 0.671371 0.228258 0.671875 0.228868 0.672631 0.228868 0.672883 0.229173 0.673639 0.229173 0.673891 0.229478 0.674647 0.229478 0.674899 0.229783 0.675655 0.229783 0.675907 0.230088 0.676915 0.230088 0.677167 0.230394 0.677923 0.230394 0.678175 0.230699 0.678175 0.231004 0.678679 0.231004 0.678931 0.230699 0.679183 0.231004 0.67994 0.231004 0.680192 0.231309 0.680948 0.231309 0.6812 0.231614 0.6812 0.231919 0.682208 0.231919 0.68246 0.232225 0.683216 0.232225 0.683468 0.23253 0.684224 0.23253 0.684476 0.232835 0.685232 0.232835 0.685484 0.23314 0.685988 0.23314 0.68624 0.232835 0.686996 0.232835 0.687248 0.23314 0.6875 0.23314 0.687752 0.233445 0.688004 0.23314 0.688256 0.23314 0.688508 0.233445 0.688256 0.23375 0.688508 0.23375 0.68876 0.234056 0.689264 0.234056 0.689516 0.23375 0.689768 0.234056 0.69002 0.234056 0.690272 0.234361 0.690776 0.234361 0.691028 0.234666 0.69128 0.234361 0.691532 0.234666 0.691784 0.234666 0.692036 0.234971 0.693548 0.234971 0.694052 0.235581 0.694304 0.235581 0.694556 0.235276 0.69506 0.235276 0.695312 0.235581 0.695312 0.235886 0.696573 0.235886 0.696825 0.236192 0.697077 0.236192 0.697329 0.236497 0.697581 0.236497 0.697833 0.236192 0.698085 0.236192 0.698589 0.236802 0.699345 0.236802 0.699597 0.237107 0.700353 0.237107 0.700605 0.237412 0.701361 0.237412 0.701613 0.237717 0.702369 0.237717 0.702621 0.238023 0.703629 0.238023 0.703881 0.238328 0.704637 0.238328 0.704889 0.238633 0.705141 0.238328 0.705141 0.238023 0.705393 0.237717 0.705897 0.238328 0.705897 0.238938 0.706653 0.238938 0.706905 0.239243 0.707157 0.239243 0.707157 0.238938 0.707409 0.238633 0.707913 0.238633 0.708165 0.238938 0.708921 0.238938 0.709173 0.239243 0.709929 0.239243 0.710181 0.239548 0.71119 0.239548 0.711442 0.239854 0.712198 0.239854 0.71245 0.240159 0.713206 0.240159 0.713458 0.240464 0.714214 0.240464 0.714466 0.240769 0.715474 0.240769 0.715726 0.241074 0.716482 0.241074 0.716734 0.241379 0.71749 0.241379 0.717742 0.241684 0.718498 0.241684 0.71875 0.24199 0.719758 0.24199 0.72001 0.242295 0.720514 0.242295 0.720766 0.24199 0.721018 0.242295 0.72127 0.242295 0.721522 0.2426 0.721774 0.2426 0.722026 0.242905 0.722278 0.2426 0.722782 0.2426 0.723034 0.242905 0.723034 0.24321 0.72379 0.24321 0.724042 0.242905 0.724294 0.24321 0.724546 0.24321 0.724798 0.243515 0.72505 0.243515 0.725302 0.243821 0.725554 0.243821 0.725806 0.243515 0.726058 0.243515 0.72631 0.243821 0.726562 0.243821 0.726815 0.244126 0.727067 0.244126 0.727319 0.244431 0.727571 0.244126 0.727823 0.244431 0.728075 0.244431 0.728327 0.244736 0.728831 0.244126 0.729335 0.244126 0.729587 0.244431 0.730343 0.244431 0.730595 0.244736 0.730595 0.245346 0.731351 0.245346 0.731603 0.245041 0.732611 0.245041 0.732863 0.245346 0.733619 0.245346 0.733871 0.245652 0.734627 0.245652 0.734879 0.245957 0.735383 0.245957 0.735635 0.246262 0.735635 0.246567 0.735887 0.246567 0.736139 0.246262 0.736895 0.246262 0.737147 0.246567 0.737903 0.246567 0.738155 0.246872 0.738911 0.246872 0.739163 0.247177 0.739163 0.247788 0.739667 0.247788 0.739667 0.247482 0.739919 0.247177 0.740171 0.247482 0.741179 0.247482 0.741431 0.247788 0.742188 0.247788 0.74244 0.248093 0.743196 0.248093 0.743448 0.248398 0.7437 0.248398 0.743952 0.248703 0.743952 0.249008 0.744204 0.249008 0.744456 0.249313 0.745212 0.249313 0.745212 0.249008 0.745464 0.248703 0.745716 0.249008 0.746472 0.249008 0.746724 0.249313 0.74748 0.249313 0.747732 0.249619 0.748488 0.249619 0.74874 0.249924 0.749748 0.249924 0.75 0.250229 0.750756 0.250229 0.751008 0.250534 0.751512 0.250534 0.752016 0.251144 0.752016 0.251449 0.75252 0.251449 0.752772 0.251144 0.753024 0.251449 0.754032 0.251449 0.754536 0.25206 0.755292 0.25206 0.755544 0.252365 0.756048 0.252365 0.7563 0.25267 0.756048 0.252975 0.75504 0.252975 0.754788 0.25267 0.754536 0.25267 0.754536 0.25328 0.754284 0.253586 0.754284 0.253891 0.754788 0.253891 0.75504 0.254196 0.754788 0.254501 0.754788 0.254806 0.754536 0.255111 0.754284 0.255111 0.754032 0.255417 0.754032 0.256027 0.75378 0.256332 0.754284 0.256332 0.754788 0.255722 0.755544 0.255722 0.755544 0.255111 0.755796 0.254806 0.756048 0.255111 0.7563 0.255111 0.756552 0.254806 0.756552 0.254501 0.757308 0.253586 0.75756 0.253891 0.75756 0.254501 0.757812 0.254806 0.758569 0.254806 0.758821 0.254501 0.759073 0.254501 0.759325 0.254806 0.759325 0.255722 0.760333 0.256942 0.760585 0.256942 0.760837 0.256637 0.760837 0.256332 0.760585 0.256332 0.760081 0.255722 0.760081 0.255417 0.760333 0.255111 0.760585 0.255111 0.760837 0.255417 0.761089 0.255417 0.761341 0.255722 0.761341 0.257553 0.762097 0.257553 0.762349 0.257247 0.762601 0.257247 0.763609 0.258468 0.763357 0.258773 0.763609 0.259078 0.764113 0.259078 0.764365 0.259384 0.764869 0.259384 0.765373 0.259994 0.765625 0.259994 0.765877 0.259689 0.766381 0.259689 0.766885 0.259078 0.767137 0.259078 0.767389 0.259384 0.767389 0.259994 0.767641 0.260299 0.767893 0.260299 0.768145 0.260604 0.768145 0.260909 0.768397 0.260909 0.768649 0.261215 0.769405 0.261215 0.769657 0.26152 0.770413 0.26152 0.770665 0.261825 0.771673 0.261825 0.771925 0.26213 0.771925 0.262435 0.772177 0.26274 0.772681 0.26274 0.772933 0.263045 0.77369 0.263045 0.773942 0.263351 0.774698 0.263351 0.77495 0.263656 0.77495 0.263961 0.776462 0.263961 0.776714 0.264266 0.776462 0.264571 0.776462 0.264876 0.776714 0.264876 0.776966 0.265182 0.777218 0.265182 0.777218 0.264876 0.77747 0.264571 0.777218 0.264571 0.776966 0.264266 0.777218 0.263961 0.777974 0.263961 0.778226 0.264266 0.778982 0.264266 0.779234 0.264571 0.77999 0.263656 0.780242 0.263656 0.780494 0.263961 0.780998 0.263961 0.78125 0.263656 0.781754 0.263656 0.782006 0.263961 0.781754 0.264266 0.78251 0.264266 0.782762 0.263961 0.782762 0.263351 0.783014 0.263045 0.783518 0.263045 0.78377 0.263351 0.784274 0.26274 0.784526 0.263045 0.784526 0.263351 0.784778 0.263351 0.78503 0.263656 0.78503 0.263351 0.785282 0.263045 0.78503 0.26274 0.785534 0.26213 0.785786 0.26213 0.786038 0.262435 0.786542 0.261825 0.786794 0.261825 0.787046 0.26152 0.787298 0.261825 0.788306 0.261825 0.788558 0.26152 0.789315 0.26152 0.789567 0.261825 0.789819 0.26152 0.790071 0.26152 0.790323 0.261215 0.790575 0.26152 0.791583 0.26152 0.791835 0.261825 0.792591 0.261825 0.792843 0.26213 0.793599 0.26213 0.794103 0.26274 0.794607 0.26274 0.794859 0.263045 0.795111 0.26274 0.795867 0.26274 0.796119 0.263045 0.796371 0.263045 0.796371 0.262435 0.796623 0.26213 0.796875 0.26213 0.797127 0.262435 0.797127 0.263656 0.797379 0.263656 0.797631 0.263351 0.797883 0.263351 0.798135 0.263656 0.798639 0.263656 0.798891 0.263961 0.798891 0.264266 0.799143 0.264571 0.799899 0.264571 0.800151 0.264266 0.801159 0.264266 0.801411 0.264571 0.802671 0.264571 0.802671 0.264266 0.802923 0.263961 0.803175 0.264266 0.803175 0.264876 0.803427 0.265182 0.803931 0.265182 0.804183 0.264876 0.804688 0.265487 0.805444 0.265487 0.805696 0.265792 0.806452 0.265792 0.806704 0.266097 0.80746 0.266097 0.807712 0.266402 0.808972 0.266402 0.809224 0.266707 0.809476 0.266707 0.809728 0.267013 0.809728 0.267623 0.810232 0.267623 0.810232 0.267318 0.810484 0.267013 0.810988 0.267623 0.810736 0.267928 0.810736 0.268538 0.81124 0.268538 0.811492 0.268843 0.811492 0.269149 0.811744 0.269149 0.811744 0.268538 0.811492 0.268538 0.81124 0.268233 0.81124 0.267928 0.811492 0.267623 0.811744 0.267623 0.811996 0.267928 0.812248 0.267928 0.8125 0.268233 0.81376 0.268233 0.814012 0.268538 0.81502 0.268538 0.815272 0.268843 0.815776 0.268843 0.816028 0.268538 0.816532 0.269149 0.816532 0.269454 0.816784 0.269454 0.816784 0.269149 0.817036 0.268843 0.817288 0.269149 0.818296 0.269149 0.818548 0.269454 0.819304 0.269454 0.819556 0.269759 0.819556 0.270369 0.82006 0.270369 0.82006 0.270064 0.820312 0.269759 0.821321 0.269759 0.821573 0.270064 0.822329 0.270064 0.822581 0.269759 0.822833 0.270064 0.823085 0.269759 0.823589 0.269759 0.823841 0.269454 0.824093 0.269454 0.824093 0.269149 0.824597 0.268538 0.824597 0.267623 0.824849 0.267318 0.825353 0.267318 0.825857 0.266707 0.826109 0.266707 0.826361 0.267013 0.827117 0.267013 0.827369 0.267318 0.828377 0.267318 0.828629 0.267623 0.829385 0.267623 0.829637 0.267928 0.830393 0.267928 0.830645 0.268233 0.831401 0.268233 0.831653 0.268538 0.832661 0.268538 0.832913 0.268843 0.833417 0.268843 0.833921 0.269454 0.834425 0.269454 0.834677 0.269149 0.834929 0.269454 0.835181 0.269454 0.835938 0.270369 0.836442 0.269759 0.836694 0.269759 0.836946 0.270064 0.836946 0.270369 0.83745 0.270369 0.837702 0.270064 0.837954 0.270064 0.838458 0.270674 0.838458 0.27159 0.838962 0.27159 0.838962 0.27098 0.839214 0.270674 0.83997 0.270674 0.840222 0.27098 0.840978 0.27098 0.84123 0.271285 0.842238 0.271285 0.84249 0.27159 0.843246 0.27159 0.843498 0.271895 0.844254 0.271895 0.844506 0.2722 0.844506 0.272505 0.84501 0.272505 0.845262 0.2722 0.845514 0.272505 0.845766 0.272505 0.845766 0.271895 0.846018 0.27159 0.846018 0.270369 0.84627 0.270064 0.84627 0.269149 0.846522 0.268843 0.846522 0.267928 0.846774 0.267623 0.846774 0.266707 0.847026 0.266402 0.847026 0.265182 0.847278 0.264876 0.847278 0.263961 0.84753 0.263656 0.84753 0.26274 0.847782 0.262435 0.847782 0.26152 0.848034 0.261215 0.848034 0.259994 0.848286 0.259689 0.848286 0.258773 0.848538 0.258468 0.848538 0.257553 0.84879 0.257247 0.84879 0.256332 0.849042 0.256027 0.849042 0.254806 0.849294 0.254501 0.849294 0.253586 0.849546 0.25328 0.849546 0.252365 0.849798 0.25206 0.849798 0.251144 0.85005 0.250839 0.85005 0.249619 0.850302 0.249313 0.850302 0.248398 0.850554 0.248093 0.850554 0.247177 0.850806 0.246872 0.850806 0.245957 0.851058 0.245652 0.851058 0.244431 0.85131 0.244126 0.85131 0.24321 0.851562 0.242905 0.851562 0.24199 0.851815 0.241684 0.851815 0.240769 0.852067 0.240464 0.852067 0.239243 0.852319 0.238938 0.852319 0.238023 0.852571 0.237717 0.852571 0.236802 0.852823 0.236497 0.852823 0.235581 0.853075 0.235276 0.853075 0.234361 0.853327 0.234056 0.853327 0.232835 0.853579 0.23253 0.853579 0.231614 0.853831 0.231309 0.853831 0.230394 0.854083 0.230088 0.854083 0.229173 0.854335 0.228868 0.854335 0.227647 0.854587 0.227342 0.854587 0.226427 0.854839 0.226121 0.854839 0.225206 0.855091 0.224901 0.855091 0.224596 0.854839 0.224596 0.854839 0.224901 0.854587 0.225206 0.854587 0.226121 0.854335 0.226427 0.854335 0.227342 0.854083 0.227647 0.854083 0.228563 0.853831 0.228868 0.853831 0.230088 0.853579 0.230394 0.853579 0.231309 0.853075 0.231919 0.853075 0.23375 0.852823 0.234056 0.852823 0.235276 0.852571 0.235581 0.852571 0.236497 0.852319 0.236802 0.852319 0.237717 0.852067 0.238023 0.852067 0.238938 0.851815 0.239243 0.851562 0.238938 0.851562 0.238328 0.85131 0.238023 0.851562 0.237717 0.851562 0.236802 0.851815 0.236497 0.851815 0.235276 0.852067 0.234971 0.852067 0.234056 0.852319 0.23375 0.852319 0.233445 0.852067 0.23314 0.852067 0.232835 0.852319 0.23253 0.852319 0.231309 0.852571 0.231004 0.852571 0.230088 0.852823 0.229783 0.852823 0.228868 0.853075 0.228563 0.853075 0.227647 0.853327 0.227342 0.853327 0.226732 0.853831 0.226121 0.853831 0.225206 0.853579 0.224901 0.853831 0.224596 0.853831 0.223985 0.854335 0.223375 0.854335 0.22246 0.854587 0.222154 0.854587 0.221239 0.854839 0.220934 0.854839 0.220629 0.854587 0.220323 0.854587 0.219713 0.854839 0.219408 0.854839 0.218493 0.855091 0.218187 0.855091 0.217272 0.855343 0.216967 0.855343 0.216356 0.855091 0.216051 0.855091 0.215746 0.855343 0.215441 0.855343 0.213305 0.855595 0.213 0.855343 0.212695 0.855343 0.212389 0.855091 0.212389 0.854587 0.211779 0.854587 0.211474 0.853579 0.211474 0.853327 0.211169 0.852571 0.211169 0.852067 0.210558 0.851562 0.210558 0.85131 0.210253 0.850554 0.210253 0.850302 0.209948 0.849546 0.209948 0.849294 0.209643 0.848286 0.209643 0.848034 0.209338 0.847278 0.209338 0.847026 0.209033 0.84627 0.209033 0.846018 0.208727 0.845262 0.208727 0.84501 0.208422 0.844758 0.208422 0.844506 0.208727 0.844002 0.208727 0.84375 0.208422 0.842994 0.208422 0.842742 0.208117 0.841986 0.208117 0.841734 0.207812 0.840726 0.207812 0.840474 0.207507 0.839718 0.207507 0.839466 0.207202 0.83871 0.207202 0.838458 0.206897 0.837702 0.206897 0.83745 0.206591 0.836442 0.206591 0.83619 0.206286 0.835433 0.206286 0.835181 0.205981 0.834425 0.205981 0.834173 0.205676 0.832157 0.205676 0.831653 0.205066 0.831149 0.205066 0.830897 0.20476 0.830141 0.20476 0.829889 0.204455 0.829637 0.204455 0.829385 0.20415 0.829133 0.20415 0.828881 0.203845 0.828125 0.203845 0.827873 0.20354 0.827369 0.20354 0.827117 0.203845 0.826865 0.203845 0.826361 0.203235 0.825857 0.203235 0.825605 0.20293 0.823841 0.20293 0.823589 0.203235 0.823337 0.20293 0.823085 0.203235 0.821825 0.203235 0.821321 0.202624 0.820565 0.202624 0.820312 0.202319 0.820312 0.202014 0.82006 0.201709 0.819556 0.201709 0.819304 0.201404 0.819304 0.201099 0.818296 0.201099 0.818044 0.200793 0.81754 0.200793 0.817288 0.201099 0.817036 0.201099 0.816784 0.200793 0.816784 0.200488 0.81628 0.200488 0.816028 0.200183 0.815776 0.200488 0.815272 0.200488 0.81502 0.200183 0.814012 0.200183 0.81376 0.199878 0.813004 0.199878 0.812752 0.199573 0.8125 0.199878 0.811996 0.199878 0.811744 0.199573 0.811492 0.199878 0.81124 0.199573 0.810736 0.199573 0.810484 0.199268 0.808972 0.199268 0.808216 0.198352 0.807712 0.198352 0.80746 0.198047 0.807208 0.198047 0.806956 0.197742 0.806704 0.197742 0.806452 0.197437 0.805444 0.197437 0.805192 0.197132 0.803427 0.197132 0.803175 0.196826 0.803175 0.196521 0.802419 0.196521 0.802167 0.196216 0.800655 0.196216 0.800403 0.196521 0.800151 0.196521 0.799899 0.196216 0.799647 0.196521 0.799143 0.196521 0.798891 0.196216 0.797883 0.196216 0.797631 0.195911 0.797127 0.195911 0.796875 0.195606 0.796875 0.195301 0.796623 0.194995 0.796119 0.194995 0.795363 0.19408 0.794607 0.19408 0.794355 0.193775 0.793851 0.193775 0.793599 0.19347 0.792843 0.19347 0.792591 0.193164 0.792087 0.193164 0.792087 0.19347 0.791331 0.194385 0.790323 0.194385 0.789819 0.193775 0.789819 0.19347 0.790071 0.193164 0.789819 0.192859 0.789567 0.192859 0.789315 0.192554 0.789062 0.192554 0.788558 0.193164 0.787298 0.193164 0.787046 0.192859 0.78629 0.192859 0.786038 0.192554 0.785534 0.192554 0.785282 0.192249 0.78503 0.192249 0.784526 0.191639 0.784022 0.191639 0.78377 0.191334 0.783014 0.191334 0.78251 0.190723 0.782006 0.190723 0.781754 0.190418 0.780998 0.190418 0.780746 0.190113 0.779738 0.190113 0.779486 0.189808 0.779234 0.189808 0.778982 0.190113 0.77873 0.190113 0.778478 0.189808 0.77747 0.189808 0.777218 0.190113 0.776462 0.190113 0.77621 0.189808 0.775958 0.189808 0.775706 0.189503 0.775454 0.189503 0.775202 0.189197 0.774446 0.189197 0.774194 0.188892 0.773438 0.188892 0.773185 0.188587 0.772429 0.188587 0.772177 0.188282 0.771169 0.188282 0.770917 0.187977 0.770161 0.187977 0.769909 0.187672 0.769153 0.187672 0.768901 0.187366 0.768145 0.187366 0.767893 0.187061 0.766633 0.187061 0.766381 0.187366 0.766129 0.187366 0.765877 0.187672 0.765877 0.187977 0.765373 0.188587 0.765121 0.188587 0.765121 0.188892 0.764617 0.189503 0.763357 0.189503 0.763105 0.189197 0.762853 0.189197 0.762601 0.188892 0.762601 0.188587 0.762349 0.188587 0.762097 0.188282 0.762097 0.187977 0.761341 0.187977 0.761089 0.187672 0.759577 0.187672 0.759325 0.187977 0.758317 0.187977 0.757812 0.187366 0.757056 0.187366 0.756804 0.187061 0.756552 0.187366 0.756048 0.187366 0.755796 0.187061 0.75504 0.187061 0.75504 0.187366 0.754788 0.187672 0.754536 0.187366 0.754032 0.187366 0.753528 0.186756 0.752772 0.186756 0.75252 0.186451 0.751512 0.186451 0.75126 0.186146 0.750504 0.186146 0.750252 0.185841 0.749496 0.185841 0.749244 0.185536 0.748488 0.185536 0.748236 0.18523 0.747228 0.18523 0.746976 0.184925 0.74622 0.184925 0.745968 0.18462 0.745212 0.18462 0.74496 0.184315 0.744204 0.184315 0.743952 0.18401 0.742944 0.18401 0.742692 0.183705 0.741935 0.183705 0.741683 0.183399 0.740927 0.183399 0.740675 0.183094 0.739919 0.183094 0.739667 0.182789 0.739667 0.182484 0.738911 0.182484 0.738659 0.182179 0.737651 0.182179 0.737399 0.181874 0.736643 0.181874 0.736391 0.181569 0.735635 0.181569 0.735383 0.181263 0.734627 0.181263 0.734123 0.180653 0.734123 0.180348 0.733871 0.180043 0.734123 0.179738 0.734123 0.179432 0.733619 0.178822 0.733619 0.178517 0.733367 0.178212 0.733367 0.177907 0.733115 0.177601 0.732611 0.177601 0.732107 0.176991 0.731603 0.176991 0.731351 0.176686 0.730847 0.176686 0.730343 0.176076 0.729587 0.176076 0.729335 0.175771 0.728579 0.175771 0.728327 0.175465 0.727319 0.175465 0.727067 0.17516 0.72631 0.17516 0.726058 0.174855 0.725302 0.174855 0.72505 0.17455 0.724294 0.17455 0.724042 0.174245 0.723034 0.174245 0.722782 0.17394 0.722026 0.17394 0.721774 0.173634 0.721018 0.173634 0.720766 0.173329 0.72001 0.173329 0.719758 0.173024 0.71875 0.173024 0.718498 0.172719 0.717742 0.172719 0.71749 0.172414 0.716734 0.172414 0.716482 0.172109 0.715726 0.172109 0.715474 0.171803 0.714466 0.171803 0.714214 0.171498 0.713458 0.171498 0.713206 0.171193 0.71245 0.171193 0.712198 0.170888 0.711442 0.170888 0.71119 0.170583 0.710181 0.170583 0.709929 0.170278 0.709173 0.170278 0.708921 0.169973 0.708165 0.169973 0.707913 0.169667 0.707157 0.169667 0.706905 0.169362 0.705897 0.169362 0.705645 0.169057 0.704889 0.169057 0.704637 0.168752 0.704385 0.169057 0.703881 0.169057 0.703629 0.168752 0.702621 0.168752 0.702369 0.168447 0.701613 0.168447 0.701361 0.168142 0.700605 0.168142 0.700353 0.167836 0.699597 0.167836 0.699345 0.167531 0.698589 0.167531 0.698337 0.167226 0.697329 0.167226 0.697077 0.166921 0.696321 0.166921 0.696069 0.166616 0.695312 0.166616 0.69506 0.166311 0.694304 0.166311 0.694052 0.166005 0.693044 0.166005 0.692792 0.1657 0.692036 0.1657 0.691784 0.165395 0.691028 0.165395 0.690776 0.16509 0.69002 0.16509 0.689768 0.164785 0.68876 0.164785 0.688508 0.16448 0.687752 0.16448 0.6875 0.164175 0.686744 0.164175 0.686492 0.163869 0.685736 0.163869 0.685484 0.163564 0.685232 0.163564 0.68498 0.163259 0.684476 0.163259 0.684224 0.162954 0.682964 0.162954 0.682712 0.163259 0.68246 0.163259 0.682208 0.162954 0.6812 0.162954 0.680948 0.162649 0.680192 0.162649 0.67994 0.162344 0.679183 0.162344 0.678931 0.162038 0.678679 0.162038 0.678427 0.161733 0.678175 0.161733 0.677923 0.161428 0.677671 0.161428 0.677419 0.161733 0.676915 0.161733 0.676663 0.161428 0.676915 0.161123 0.676159 0.161123 0.675907 0.161428 0.675655 0.161123 0.675151 0.161123 0.674647 0.160513 0.673891 0.160513 0.673639 0.160208 0.672883 0.160208 0.672631 0.159902 0.672379 0.159902 0.672127 0.160208 0.671623 0.160208 0.671371 0.159902 0.670615 0.159902 0.670363 0.159597 0.669607 0.159597 0.669355 0.159292 0.668347 0.159292 0.668095 0.158987 0.667339 0.158987 0.667087 0.158682 0.667087 0.158377 0.666331 0.158377 0.666079 0.158071 0.665071 0.158071 0.664819 0.157766 0.663558 0.157766 0.663306 0.158071 0.663054 0.158071 0.66255 0.157461 0.662046 0.157461 0.661794 0.157156 0.661542 0.157461 0.66129 0.157156 0.661038 0.157156 0.660786 0.156851 0.66003 0.156851 0.659778 0.156546 0.65877 0.156546 0.658518 0.15624 0.657762 0.15624 0.65751 0.155935 0.656754 0.155935 0.656502 0.15563 0.655746 0.15563 0.655242 0.15502 0.655242 0.154715 0.654486 0.154715 0.654234 0.15502 0.65373 0.15502 0.65373 0.155325 0.653478 0.15563 0.652974 0.15502 0.652974 0.154715 0.65247 0.154715 0.652218 0.15441 0.652218 0.154715 0.651966 0.15502 0.65121 0.15502 0.650958 0.154715 0.650202 0.154715 0.64995 0.15441 0.649194 0.15441 0.648942 0.154104 0.648185 0.154104 0.647933 0.153799 0.647933 0.153494 0.646925 0.153494 0.646673 0.153189 0.645917 0.153189 0.645665 0.152884 0.645665 0.152579 0.644909 0.152579 0.644657 0.152273 0.643901 0.152273 0.643649 0.151968 0.643145 0.151968 0.643145 0.152273 0.642893 0.152579 0.642641 0.152579 0.642389 0.152273 0.641633 0.152273 0.641381 0.151968 0.640625 0.151968 0.640373 0.151663 0.639869 0.151663 0.639869 0.151968 0.639617 0.152273 0.639365 0.152273 0.639113 0.151968 0.639113 0.151358 0.638357 0.151358 0.638105 0.151053 0.637349 0.151053 0.637097 0.150748 0.636341 0.150748 0.636089 0.150442 0.635333 0.150442 0.635081 0.150137 0.634829 0.150137 0.634577 0.150442 0.634325 0.150137 0.634073 0.150137 0.633821 0.149832 0.633317 0.149832 0.632812 0.149222 0.632056 0.149222 0.631804 0.148917 0.631048 0.148917 0.630796 0.148612 0.630544 0.148917 0.629788 0.148917 0.629536 0.148612 0.62878 0.148612 0.628528 0.148306 0.627772 0.148306 0.62752 0.148001 0.626764 0.148001 0.626512 0.147696 0.626512 0.147086 0.62626 0.146781 0.62626 0.146475 0.626008 0.14617 0.626008 0.145865 0.625504 0.145255 0.625504 0.144644 0.625252 0.144644 0.625 0.144339 0.624748 0.144339 0.624496 0.144034 0.624496 0.143729 0.624244 0.143424 0.624496 0.143119 0.624748 0.143119 0.625 0.143424 0.625756 0.143424 0.626008 0.143729 0.626764 0.143729 0.627016 0.144034 0.627772 0.144034 0.628024 0.144339 0.629032 0.144339 0.629284 0.144644 0.63004 0.144644 0.630292 0.14495 0.631048 0.14495 0.6313 0.145255 0.632056 0.145255 0.632308 0.14556 0.633317 0.14556 0.633569 0.145865 0.634325 0.145865 0.634577 0.14617 0.635333 0.14617 0.635585 0.146475 0.636341 0.146475 0.636593 0.146781 0.637601 0.146781 0.637853 0.147086 0.638609 0.147086 0.638861 0.147391 0.639617 0.147391 0.639869 0.147696 0.640625 0.147696 0.640877 0.148001 0.641885 0.148001 0.642137 0.148306 0.642893 0.148306 0.643145 0.148612 0.643901 0.148612 0.644153 0.148917 0.644405 0.148612 0.644153 0.148612 0.643901 0.148306 0.643145 0.148306 0.642893 0.148001 0.642137 0.148001 0.641885 0.147696 0.640877 0.147696 0.640625 0.147391 0.639869 0.147391 0.639617 0.147086 0.638861 0.147086 0.638609 0.146781 0.637853 0.146781 0.637601 0.146475 0.636593 0.146475 0.636341 0.14617 0.635585 0.14617 0.635333 0.145865 0.634577 0.145865 0.634325 0.14556 0.633569 0.14556 0.633317 0.145255 0.632308 0.145255 0.632056 0.14495 0.6313 0.14495 0.631048 0.144644 0.630292 0.144644 0.63004 0.144339 0.629284 0.144339 0.629032 0.144034 0.628276 0.144034 0.628024 0.143729 0.627016 0.143729 0.626764 0.143424 0.626008 0.143424 0.625756 0.143119 0.625 0.143119 0.624748 0.142814 0.623992 0.142814 0.62374 0.142508 0.622732 0.142508 0.62248 0.142203 0.621724 0.142203 0.621472 0.141898 0.620716 0.141898 0.620464 0.141593 0.619708 0.141593 0.619456 0.141288
