0 0.683286 0.855066 0.683286 0.856429 0.684512 0.856429 0.684512 0.855066
0 0.679199 0.854612 0.679199 0.855975 0.680425 0.855975 0.680425 0.855066 0.680016 0.855066 0.679608 0.854612
0 0.548835 0.840981 0.548835 0.841436 0.551287 0.841436 0.550879 0.840981
0 0.520638 0.837801 0.520638 0.838255 0.521864 0.838255 0.521864 0.837801
0 0.009399 0.772831 0.009399 0.775557 0.008991 0.776011 0.008991 0.7801 0.008582 0.780554 0.008582 0.781009 0.008991 0.781009 0.009399 0.781463 0.010217 0.781463 0.010217 0.781009 0.009808 0.780554 0.009808 0.7801 0.010217 0.779646 0.009808 0.779191 0.010217 0.778737 0.010217 0.777374 0.009808 0.77692 0.011034 0.775557 0.011034 0.774194 0.010217 0.773285 0.009808 0.773285
0 0.738455 0.460245 0.738455 0.4607 0.738047 0.461154 0.738047 0.465243 0.737638 0.465697 0.737638 0.466152 0.738455 0.466152 0.738455 0.465697 0.738864 0.465243 0.738864 0.461154 0.739273 0.4607 0.739273 0.460245
0 0.738455 0.457519 0.738455 0.458882 0.738864 0.459337 0.739273 0.459337 0.739273 0.457974 0.738864 0.457519
0 0.747446 0.356202 0.747446 0.356656 0.747037 0.35711 0.747037 0.358019 0.747855 0.358019 0.747855 0.35711 0.748263 0.356656 0.748263 0.356202
0 0.747855 0.352567 0.747855 0.354384 0.748672 0.354384 0.748672 0.352567
0 0.75235 0.300772 0.75235 0.302135 0.751941 0.30259 0.751941 0.303044 0.75235 0.303498 0.75235 0.304407 0.752758 0.304861 0.753167 0.304861 0.753167 0.300772
0 0.623212 0.231259 0.622803 0.231713 0.622803 0.232167 0.623212 0.232622 0.623621 0.232622 0.624029 0.233076 0.624438 0.233076 0.625255 0.233985 0.62689 0.233985 0.627299 0.23353 0.627707 0.23353 0.628116 0.233985 0.628933 0.233985 0.629751 0.233076 0.630159 0.233076 0.630159 0.232167 0.628116 0.232167 0.627707 0.231713 0.624029 0.231713 0.623621 0.231259
0 0.191663 0.187188 0.191663 0.188551 0.192072 0.189005 0.192481 0.189005 0.192889 0.188551 0.193298 0.188551 0.193298 0.187642 0.192889 0.187642 0.192481 0.187188
0 0.187168 0.186279 0.187168 0.187188 0.187577 0.187642 0.187577 0.188096 0.187985 0.188096 0.188394 0.187642 0.188394 0.186733 0.187577 0.186733
0 0.182673 0.185825 0.182673 0.186733 0.18349 0.186733 0.183899 0.187188 0.186351 0.187188 0.186351 0.186279 0.18349 0.186279 0.183081 0.185825
0 0.156518 0.183099 0.156518 0.184007 0.156927 0.184007 0.157336 0.184462 0.158153 0.184462 0.158562 0.184916 0.15897 0.184916 0.159379 0.18537 0.163057 0.18537 0.163465 0.185825 0.164283 0.185825 0.164691 0.18537 0.164691 0.184916 0.164283 0.184916 0.163465 0.184007 0.163057 0.184007 0.162648 0.183553 0.159379 0.183553 0.15897 0.183099
0 0.146302 0.181736 0.146302 0.18219 0.145893 0.182644 0.146302 0.183099 0.146302 0.183553 0.14671 0.183553 0.147119 0.184007 0.147119 0.184462 0.150797 0.184462 0.151206 0.184916 0.152023 0.184916 0.152432 0.184462 0.153658 0.184462 0.154066 0.184007 0.154884 0.184007 0.155292 0.183553 0.155292 0.183099 0.154884 0.182644 0.147119 0.182644 0.14671 0.18219 0.14671 0.181736
0 0.07642 0.170377 0.07642 0.171286 0.076829 0.171286 0.076829 0.170377
0 0.074785 0.170377 0.074785 0.170831 0.075603 0.170831 0.075603 0.170377
0 0.06416 0.168105 0.063752 0.16856 0.063752 0.172649 0.063343 0.173103 0.063343 0.177192 0.062934 0.177647 0.062934 0.181736 0.062526 0.18219 0.062526 0.182644 0.063343 0.182644 0.063752 0.183099 0.063343 0.183553 0.063343 0.184462 0.062934 0.184916 0.062934 0.185825 0.062117 0.186733 0.062117 0.190822 0.061708 0.191277 0.061708 0.195366 0.0613 0.19582 0.0613 0.199909 0.060891 0.200363 0.060891 0.204453 0.060482 0.204907 0.060482 0.208996 0.060074 0.20945 0.060074 0.213539 0.059665 0.213994 0.059665 0.218083 0.059256 0.218537 0.059256 0.222626 0.058848 0.22308 0.058848 0.227169 0.058439 0.227624 0.058439 0.231713 0.05803 0.232167 0.05803 0.236256 0.057622 0.236711 0.057622 0.2408 0.057213 0.241254 0.057213 0.245343 0.056804 0.245797 0.056804 0.249886 0.056396 0.250341 0.056396 0.25443 0.055987 0.254884 0.055987 0.258973 0.055578 0.259428 0.055578 0.263517 0.05517 0.263971 0.05517 0.266243 0.057213 0.266243 0.057622 0.266697 0.0613 0.266697 0.061708 0.267151 0.064978 0.267151 0.065386 0.267606 0.067838 0.267606 0.068247 0.26806 0.068247 0.268969 0.067838 0.269423 0.067838 0.273512 0.06743 0.273966 0.06743 0.276692 0.066612 0.277601 0.0613 0.277601 0.060891 0.278055 0.060482 0.277601 0.056804 0.277601 0.056396 0.277147 0.054352 0.277147 0.053944 0.277601 0.053944 0.28169 0.053535 0.282144 0.053535 0.286234 0.053126 0.286688 0.053126 0.290777 0.052718 0.291231 0.052718 0.29532 0.052309 0.295775 0.052309 0.299864 0.0519 0.300318 0.0519 0.304407 0.051492 0.304861 0.051492 0.30895 0.051083 0.309405 0.051083 0.313494 0.050674 0.313948 0.050674 0.318037 0.050266 0.318492 0.050266 0.322126 0.049857 0.322581 0.049857 0.32667 0.049448 0.327124 0.049448 0.331213 0.04904 0.331667 0.04904 0.335756 0.048631 0.336211 0.048631 0.3403 0.048222 0.340754 0.048222 0.344843 0.047814 0.345298 0.047814 0.349387 0.047405 0.349841 0.047405 0.35393 0.046996 0.354384 0.046996 0.358473 0.046588 0.358928 0.046588 0.363017 0.046179 0.363471 0.046179 0.36756 0.04577 0.368015 0.04577 0.372104 0.045362 0.372558 0.045362 0.376647 0.044953 0.377101 0.044953 0.38119 0.044544 0.381645 0.044544 0.385734 0.044136 0.386188 0.044136 0.390277 0.043727 0.390731 0.043727 0.394821 0.043318 0.395275 0.043318 0.399364 0.04291 0.399818 0.04291 0.403907 0.042501 0.404362 0.042501 0.408451 0.042092 0.408905 0.042092 0.412994 0.041684 0.413448 0.041684 0.417537 0.041275 0.417992 0.041275 0.422081 0.040866 0.422535 0.040866 0.423444 0.041275 0.423444 0.042092 0.424353 0.04577 0.424353 0.046179 0.424807 0.049857 0.424807 0.050266 0.425261 0.051083 0.425261 0.051492 0.425716 0.051492 0.427079 0.051083 0.427533 0.051492 0.427987 0.051492 0.431622 0.051083 0.432076 0.051083 0.436165 0.050674 0.43662 0.050674 0.440254 0.049857 0.441163 0.049857 0.442072 0.04904 0.44298 0.046179 0.44298 0.04577 0.442526 0.04577 0.442072 0.042092 0.442072 0.040866 0.440709 0.040049 0.440709 0.040049 0.441617 0.039232 0.442526 0.039232 0.444798 0.038823 0.445252 0.038823 0.449341 0.038414 0.449796 0.038414 0.453885 0.038006 0.454339 0.038006 0.458428 0.037597 0.458882 0.037597 0.462971 0.037188 0.463426 0.037188 0.467515 0.03678 0.467969 0.03678 0.472058 0.036371 0.472512 0.036371 0.476147 0.035962 0.476602 0.035962 0.480691 0.035554 0.481145 0.035554 0.485234 0.035145 0.485688 0.035145 0.489777 0.034736 0.490232 0.034736 0.494321 0.034328 0.494775 0.034328 0.498864 0.033919 0.499318 0.033919 0.503408 0.03351 0.503862 0.03351 0.507951 0.033102 0.508405 0.033102 0.512494 0.032693 0.512949 0.032693 0.517038 0.032284 0.517492 0.032284 0.521581 0.031876 0.522035 0.031876 0.526124 0.031467 0.526579 0.031467 0.530668 0.031058 0.531122 0.031058 0.535211 0.03065 0.535666 0.03065 0.539755 0.030241 0.540209 0.030241 0.544298 0.029832 0.544752 0.029832 0.548841 0.029424 0.549296 0.029424 0.553385 0.029015 0.553839 0.029015 0.557928 0.028606 0.558383 0.028606 0.562472 0.028198 0.562926 0.028198 0.567015 0.027789 0.567469 0.027789 0.571558 0.02738 0.572013 0.02738 0.576102 0.026972 0.576556 0.026972 0.580645 0.026563 0.5811 0.026563 0.585189 0.026154 0.585643 0.026154 0.589732 0.025746 0.590186 0.025746 0.594275 0.025337 0.59473 0.025337 0.598819 0.024928 0.599273 0.024928 0.603362 0.02452 0.603816 0.02452 0.607905 0.024111 0.60836 0.024111 0.612449 0.023702 0.612903 0.023702 0.616992 0.023294 0.617447 0.023294 0.621536 0.022885 0.62199 0.022885 0.626079 0.022477 0.626533 0.022477 0.630622 0.022068 0.631077 0.022068 0.635166 0.021659 0.63562 0.021659 0.639255 0.021251 0.639709 0.021251 0.643798 0.020842 0.644253 0.020842 0.648342 0.020433 0.648796 0.020433 0.652885 0.020025 0.653339 0.020025 0.657428 0.019616 0.657883 0.019616 0.661972 0.019207 0.662426 0.019207 0.666515 0.018799 0.66697 0.018799 0.671059 0.01839 0.671513 0.01839 0.675602 0.017981 0.676056 0.017981 0.680145 0.017573 0.6806 0.017573 0.684689 0.017164 0.685143 0.017164 0.689232 0.016755 0.689687 0.016755 0.69105 0.017164 0.691504 0.017164 0.693776 0.016755 0.69423 0.016755 0.698319 0.016347 0.698773 0.016347 0.702862 0.015938 0.703317 0.015938 0.707406 0.015529 0.70786 0.015529 0.711949 0.015121 0.712403 0.015121 0.716493 0.014712 0.716947 0.014712 0.721036 0.014303 0.72149 0.014303 0.725579 0.013895 0.726034 0.013895 0.730123 0.013486 0.730577 0.013486 0.734666 0.013077 0.73512 0.013077 0.739209 0.012669 0.739664 0.012669 0.743753 0.01226 0.744207 0.01226 0.748296 0.011851 0.748751 0.011851 0.750568 0.01226 0.751022 0.01226 0.75284 0.011851 0.753294 0.011851 0.757383 0.011443 0.757837 0.011443 0.764198 0.011851 0.764652 0.011851 0.766015 0.01226 0.76647 0.011851 0.766924 0.011851 0.768287 0.01226 0.768741 0.01226 0.769196 0.012669 0.76965 0.012669 0.770559 0.013077 0.771013 0.012669 0.771468 0.013077 0.771922 0.013077 0.773285 0.013486 0.773739 0.013486 0.774194 0.013895 0.774648 0.013895 0.775557 0.013486 0.776011 0.013486 0.777374 0.013895 0.777828 0.013895 0.779191 0.014712 0.7801 0.014712 0.781009 0.015121 0.781009 0.015529 0.781463 0.015529 0.781917 0.017164 0.781917 0.017573 0.782372 0.021251 0.782372 0.021659 0.782826 0.025337 0.782826 0.025746 0.78328 0.029424 0.78328 0.029832 0.783735 0.03351 0.783735 0.033919 0.784189 0.037597 0.784189 0.038006 0.784643 0.041684 0.784643 0.042092 0.785098 0.04577 0.785098 0.046179 0.785552 0.049857 0.785552 0.050266 0.786006 0.053944 0.786006 0.054352 0.786461 0.05803 0.786461 0.058439 0.786915 0.062117 0.786915 0.062526 0.787369 0.066204 0.787369 0.066612 0.787824 0.07029 0.787824 0.070699 0.788278 0.074377 0.788278 0.074785 0.788732 0.078463 0.788732 0.078872 0.789187 0.08255 0.789187 0.082959 0.789641 0.086637 0.789641 0.087045 0.790095 0.090723 0.790095 0.091132 0.79055 0.09481 0.79055 0.095219 0.791004 0.098897 0.791004 0.099305 0.791458 0.102983 0.791458 0.103392 0.791913 0.10707 0.791913 0.107479 0.792367 0.111157 0.792367 0.111565 0.792821 0.115243 0.792821 0.115652 0.793276 0.11933 0.793276 0.119738 0.79373 0.123416 0.79373 0.123825 0.794184 0.127094 0.794184 0.127503 0.794639 0.131181 0.794639 0.13159 0.795093 0.135268 0.795093 0.135676 0.795547 0.139354 0.795547 0.139763 0.796002 0.143441 0.796002 0.14385 0.796456 0.147528 0.796456 0.147936 0.79691 0.151614 0.79691 0.152023 0.797365 0.155701 0.797365 0.15611 0.797819 0.159787 0.797819 0.160196 0.798274 0.163874 0.798274 0.164283 0.798728 0.167961 0.798728 0.168369 0.799182 0.172047 0.799182 0.172456 0.799637 0.176134 0.799637 0.176543 0.800091 0.180221 0.800091 0.180629 0.800545 0.184307 0.800545 0.184716 0.801 0.188394 0.801 0.188803 0.801454 0.192481 0.801454 0.192889 0.801908 0.196567 0.801908 0.196976 0.802363 0.200654 0.802363 0.201063 0.802817 0.20474 0.802817 0.205149 0.803271 0.208827 0.803271 0.209236 0.803726 0.212914 0.803726 0.213322 0.80418 0.217 0.80418 0.217409 0.804634 0.221087 0.804634 0.221496 0.805089 0.225174 0.805089 0.225582 0.805543 0.22926 0.805543 0.229669 0.805997 0.233347 0.805997 0.233756 0.806452 0.237434 0.806452 0.237842 0.806906 0.24152 0.806906 0.241929 0.80736 0.245607 0.80736 0.246016 0.807815 0.249694 0.807815 0.250102 0.808269 0.25378 0.808269 0.254189 0.808723 0.257867 0.808723 0.258275 0.809178 0.261953 0.809178 0.262362 0.809632 0.26604 0.809632 0.266449 0.810086 0.269718 0.810086 0.270127 0.810541 0.273805 0.810541 0.274213 0.810995 0.277891 0.810995 0.2783 0.811449 0.281978 0.811449 0.282387 0.811904 0.286065 0.811904 0.286473 0.812358 0.290151 0.812358 0.29056 0.812812 0.294238 0.812812 0.294647 0.813267 0.298324 0.813267 0.298733 0.813721 0.299959 0.813721 0.300368 0.813267 0.302411 0.813267 0.30282 0.813721 0.306498 0.813721 0.306906 0.814175 0.310584 0.814175 0.310993 0.81463 0.314671 0.81463 0.31508 0.815084 0.318758 0.815084 0.319166 0.815538 0.322844 0.815538 0.323253 0.815993 0.326931 0.815993 0.32734 0.816447 0.331018 0.816447 0.331426 0.816901 0.335104 0.816901 0.335513 0.817356 0.339191 0.817356 0.3396 0.81781 0.343277 0.81781 0.343686 0.818264 0.347364 0.818264 0.347773 0.818719 0.351451 0.818719 0.351859 0.819173 0.355537 0.819173 0.355946 0.819627 0.359624 0.819627 0.360033 0.820082 0.363711 0.820082 0.364119 0.820536 0.367797 0.820536 0.368206 0.82099 0.371884 0.82099 0.372293 0.821445 0.375971 0.821445 0.376379 0.821899 0.380057 0.821899 0.380466 0.822353 0.384144 0.822353 0.384553 0.822808 0.38823 0.822808 0.388639 0.823262 0.390682 0.823262 0.391091 0.822808 0.392317 0.822808 0.392726 0.823262 0.396404 0.823262 0.396812 0.823716 0.40049 0.823716 0.400899 0.824171 0.404577 0.824171 0.404986 0.824625 0.408664 0.824625 0.409072 0.82508 0.41275 0.82508 0.413159 0.825534 0.416837 0.825534 0.417246 0.825988 0.420924 0.825988 0.421332 0.826443 0.42501 0.826443 0.425419 0.826897 0.428688 0.826897 0.429097 0.827351 0.432775 0.827351 0.433183 0.827806 0.436861 0.827806 0.43727 0.82826 0.440948 0.82826 0.441357 0.828714 0.445035 0.828714 0.445443 0.829169 0.449121 0.829169 0.44953 0.829623 0.453208 0.829623 0.453617 0.830077 0.457295 0.830077 0.457703 0.830532 0.461381 0.830532 0.46179 0.830986 0.465468 0.830986 0.465877 0.83144 0.469555 0.83144 0.469963 0.831895 0.473641 0.831895 0.47405 0.832349 0.477728 0.832349 0.478136 0.832803 0.481814 0.832803 0.482223 0.833258 0.485901 0.833258 0.48631 0.833712 0.489988 0.833712 0.490396 0.834166 0.494074 0.834166 0.494483 0.834621 0.498161 0.834621 0.49857 0.835075 0.506334 0.835075 0.506743 0.835529 0.510421 0.835529 0.51083 0.835984 0.514508 0.835984 0.514916 0.836438 0.518594 0.836438 0.519003 0.836892 0.522681 0.836892 0.523089 0.837347 0.526767 0.837347 0.527176 0.837801 0.530854 0.837801 0.531263 0.838255 0.534941 0.838255 0.535349 0.83871 0.539027 0.83871 0.539436 0.839164 0.543114 0.839164 0.543523 0.839618 0.547201 0.839618 0.547609 0.840073 0.551287 0.840073 0.551696 0.840527 0.555374 0.840527 0.555783 0.840981 0.559461 0.840981 0.559869 0.841436 0.563547 0.841436 0.563956 0.84189 0.567634 0.84189 0.568043 0.842344 0.57172 0.842344 0.572129 0.842799 0.575398 0.842799 0.575807 0.843253 0.579076 0.843253 0.579485 0.842799 0.579894 0.842799 0.580302 0.843253 0.583572 0.843253 0.58398 0.843707 0.587658 0.843707 0.588067 0.844162 0.591745 0.844162 0.592154 0.844616 0.595832 0.844616 0.59624 0.84507 0.599918 0.84507 0.600327 0.845525 0.604005 0.845525 0.604414 0.845979 0.608092 0.845979 0.6085 0.846433 0.612178 0.846433 0.612587 0.846888 0.616265 0.846888 0.616673 0.847342 0.620351 0.847342 0.62076 0.847796 0.624438 0.847796 0.624847 0.848251 0.628525 0.848251 0.628933 0.848705 0.629342 0.848705 0.629751 0.849159 0.629751 0.850522 0.632611 0.850522 0.63302 0.850977 0.636698 0.850977 0.637107 0.851431 0.640785 0.851431 0.641193 0.851886 0.644871 0.851886 0.64528 0.85234 0.648958 0.85234 0.649367 0.852794 0.653045 0.852794 0.653453 0.853249 0.657131 0.853249 0.65754 0.853703 0.659583 0.853703 0.659583 0.852794 0.659992 0.85234 0.659992 0.851886 0.6604 0.851431 0.660809 0.851886 0.660809 0.852794 0.6604 0.853249 0.660809 0.853703 0.661218 0.853703 0.661626 0.854157 0.665304 0.854157 0.665713 0.854612 0.669391 0.854612 0.6698 0.855066 0.670617 0.855066 0.671026 0.854612 0.671434 0.854612 0.671843 0.854157 0.671843 0.853703 0.672252 0.853249 0.67266 0.853249 0.673069 0.852794 0.673886 0.852794 0.674295 0.853249 0.674704 0.853249 0.675112 0.853703 0.674704 0.854157 0.674704 0.85552 0.676747 0.85552 0.677156 0.855066 0.677156 0.853703 0.677564 0.853249 0.677973 0.853703 0.681651 0.853703 0.68206 0.854157 0.685738 0.854157 0.686146 0.854612 0.689824 0.854612 0.690233 0.855066 0.693094 0.855066 0.693502 0.854612 0.693911 0.854612 0.69432 0.855066 0.694728 0.855066 0.695137 0.854612 0.695954 0.854612 0.696363 0.854157 0.696772 0.854157 0.69718 0.853703 0.69718 0.853249 0.697589 0.852794 0.698406 0.852794 0.698406 0.85234 0.698815 0.851886 0.698815 0.851431 0.699224 0.850977 0.699224 0.850522 0.699632 0.850068 0.699632 0.848705 0.700041 0.848251 0.700041 0.846433 0.700858 0.845525 0.700858 0.84507 0.701267 0.844616 0.701267 0.844162 0.701676 0.843707 0.701676 0.842799 0.702084 0.842344 0.702084 0.84189 0.702902 0.840981 0.702902 0.839164 0.70331 0.83871 0.70331 0.836892 0.703719 0.836438 0.704128 0.836438 0.704128 0.832803 0.704536 0.832349 0.704536 0.82826 0.704945 0.827806 0.704945 0.823716 0.705353 0.823262 0.705353 0.819173 0.705762 0.818719 0.705762 0.81463 0.706171 0.814175 0.706171 0.810086 0.706579 0.809632 0.706579 0.805543 0.706988 0.805089 0.706988 0.801 0.707397 0.800545 0.707397 0.796456 0.707805 0.796002 0.707805 0.791913 0.708214 0.791458 0.708214 0.787369 0.708623 0.786915 0.708623 0.782826 0.709031 0.782372 0.709031 0.778283 0.70944 0.777828 0.70944 0.773739 0.709849 0.773285 0.709849 0.769196 0.710257 0.768741 0.710257 0.764652 0.710666 0.764198 0.710666 0.760109 0.711075 0.759655 0.711075 0.755566 0.711483 0.755111 0.711483 0.752385 0.711892 0.751931 0.712301 0.752385 0.712301 0.753748 0.712709 0.753748 0.712709 0.751022 0.713118 0.750568 0.712301 0.750568 0.711892 0.750114 0.711892 0.747388 0.712301 0.746933 0.713118 0.746933 0.713118 0.746479 0.713527 0.746025 0.713527 0.744662 0.713118 0.744207 0.712709 0.744207 0.712301 0.743753 0.712301 0.741935 0.712709 0.741481 0.712709 0.737392 0.713118 0.736938 0.713118 0.732849 0.713527 0.732394 0.713527 0.728305 0.713935 0.727851 0.713935 0.723762 0.714344 0.723308 0.714344 0.719219 0.714753 0.718764 0.714753 0.714675 0.715161 0.714221 0.715161 0.710132 0.71557 0.709677 0.71557 0.705588 0.715979 0.705134 0.715979 0.701045 0.716387 0.700591 0.716387 0.696502 0.716796 0.696047 0.716796 0.691958 0.717205 0.691504 0.717205 0.687415 0.717613 0.68696 0.717613 0.682871 0.718022 0.682417 0.718022 0.678328 0.718431 0.677874 0.718431 0.674239 0.718839 0.673785 0.718839 0.669696 0.719248 0.669241 0.719248 0.665152 0.719657 0.664698 0.719657 0.660609 0.720065 0.660154 0.720065 0.656065 0.720474 0.655611 0.720474 0.651522 0.720883 0.651068 0.720883 0.646979 0.721291 0.646524 0.721291 0.642435 0.7217 0.641981 0.7217 0.637892 0.722109 0.637438 0.722109 0.633348 0.722517 0.632894 0.722517 0.631985 0.722109 0.631531 0.722109 0.628805 0.722517 0.628351 0.722517 0.624262 0.722926 0.623807 0.722926 0.619718 0.723335 0.619264 0.723335 0.615175 0.723743 0.614721 0.723743 0.610632 0.724152 0.610177 0.724152 0.606088 0.724561 0.605634 0.724561 0.601545 0.724969 0.60109 0.724969 0.597001 0.725378 0.596547 0.725378 0.592458 0.725787 0.592004 0.725787 0.587915 0.726195 0.58746 0.726195 0.583371 0.726604 0.582917 0.726604 0.578828 0.727013 0.578373 0.727013 0.574284 0.727421 0.57383 0.727421 0.569741 0.72783 0.569287 0.72783 0.565198 0.728239 0.564743 0.728239 0.560654 0.728647 0.5602 0.728647 0.556111 0.729056 0.555657 0.729056 0.551567 0.729465 0.551113 0.729465 0.548841 0.729056 0.548387 0.729056 0.547024 0.729465 0.54657 0.729465 0.542481 0.729873 0.542026 0.729873 0.537937 0.730282 0.537483 0.730282 0.533394 0.730691 0.53294 0.730691 0.528851 0.731099 0.528396 0.731099 0.524307 0.731508 0.523853 0.731508 0.519764 0.731917 0.519309 0.731917 0.517038 0.731508 0.516583 0.731099 0.516583 0.730691 0.516129 0.729873 0.516129 0.729465 0.515675 0.727421 0.515675 0.727013 0.51522 0.725787 0.51522 0.725378 0.514766 0.7217 0.514766 0.720883 0.513857 0.720883 0.51204 0.720474 0.511586 0.720474 0.510223 0.720883 0.509768 0.720883 0.505679 0.721291 0.505225 0.721291 0.501136 0.7217 0.500682 0.7217 0.49841 0.722926 0.497047 0.723743 0.497047 0.724152 0.496592 0.724969 0.496592 0.725378 0.496138 0.726195 0.496138 0.726604 0.496592 0.726604 0.497047 0.730282 0.497047 0.730691 0.497501 0.731099 0.497047 0.732325 0.497047 0.732734 0.496592 0.733551 0.496592 0.73396 0.496138 0.73396 0.492958 0.734369 0.492503 0.734369 0.488414 0.734777 0.48796 0.734777 0.483871 0.735186 0.483417 0.735186 0.479328 0.735595 0.478873 0.735595 0.474784 0.736003 0.47433 0.736003 0.469786 0.736412 0.469332 0.736412 0.465243 0.736821 0.464789 0.736821 0.4607 0.737229 0.460245 0.737229 0.456156 0.737638 0.455702 0.737638 0.452067 0.738047 0.451613 0.738047 0.447524 0.738455 0.44707 0.738455 0.44298 0.738864 0.442526 0.738864 0.438437 0.739273 0.437983 0.739273 0.437074 0.739681 0.43662 0.740499 0.43662 0.740499 0.433894 0.740907 0.433439 0.740907 0.42935 0.741316 0.428896 0.741316 0.424807 0.741725 0.424353 0.741725 0.419809 0.741316 0.419809 0.740907 0.419355 0.740907 0.41572 0.741316 0.415266 0.741316 0.411177 0.741725 0.410722 0.741725 0.406633 0.742133 0.406179 0.742133 0.40209 0.742542 0.401636 0.742542 0.400273 0.742133 0.399818 0.742133 0.397547 0.742542 0.397092 0.743359 0.398001 0.743768 0.398001 0.743768 0.397547 0.744177 0.397092 0.744177 0.393003 0.744585 0.392549 0.744585 0.38846 0.744994 0.388005 0.744994 0.383916 0.745403 0.383462 0.745403 0.379373 0.745811 0.378919 0.745811 0.37483 0.74622 0.374375 0.74622 0.370741 0.745403 0.370741 0.745403 0.37483 0.744994 0.375284 0.744994 0.379373 0.744585 0.379827 0.744585 0.383916 0.744177 0.384371 0.744177 0.38846 0.743768 0.388914 0.743768 0.393003 0.743359 0.393458 0.743359 0.397092 0.742951 0.397547 0.742542 0.397092 0.742542 0.393003 0.742951 0.392549 0.742951 0.38846 0.743359 0.388005 0.743359 0.383916 0.743768 0.383462 0.743768 0.379373 0.744177 0.378919 0.744177 0.37483 0.744585 0.374375 0.744585 0.370286 0.744994 0.369832 0.744994 0.365743 0.745403 0.365289 0.745403 0.361199 0.745811 0.360745 0.745811 0.356656 0.74622 0.356202 0.74622 0.353476 0.745811 0.353021 0.745811 0.352113 0.74622 0.351658 0.74622 0.351204 0.745811 0.351204 0.744994 0.350295 0.741316 0.350295 0.740907 0.349841 0.737229 0.349841 0.736821 0.349387 0.733143 0.349387 0.732734 0.348932 0.732325 0.348932 0.731508 0.348024 0.731508 0.347569 0.731099 0.347115 0.731508 0.346661 0.731508 0.34348 0.731917 0.343026 0.731917 0.342572 0.732325 0.342117 0.732325 0.338028 0.732734 0.337574 0.733551 0.337574 0.73396 0.338028 0.734369 0.338028 0.734777 0.337574 0.735186 0.338028 0.737638 0.338028 0.738047 0.338483 0.741725 0.338483 0.742133 0.338937 0.742951 0.338937 0.743359 0.338483 0.745811 0.338483 0.74622 0.338937 0.746629 0.338483 0.747037 0.338483 0.747446 0.338028 0.747446 0.336665 0.747855 0.336211 0.747855 0.334393 0.748263 0.333939 0.748263 0.32985 0.748672 0.329396 0.748672 0.325307 0.749081 0.324852 0.749081 0.320763 0.749489 0.320309 0.749489 0.31622 0.749898 0.315766 0.749898 0.311677 0.750306 0.311222 0.750306 0.307133 0.750715 0.306679 0.750715 0.30259 0.751124 0.302135 0.751124 0.298046 0.751532 0.297592 0.751532 0.294866 0.751941 0.294412 0.75235 0.294866 0.752758 0.294866 0.752758 0.293503 0.753167 0.293049 0.753167 0.292594 0.752758 0.29214 0.752758 0.289868 0.75235 0.289868 0.751532 0.28896 0.75235 0.288051 0.752758 0.288051 0.752758 0.284416 0.753167 0.283962 0.753167 0.279873 0.753576 0.279418 0.753576 0.274875 0.753984 0.274421 0.753984 0.267606 0.753576 0.267151 0.753576 0.266243 0.753984 0.265788 0.753984 0.261699 0.754393 0.261245 0.753984 0.260791 0.753984 0.257156 0.754393 0.256701 0.754393 0.256247 0.753984 0.255793 0.753167 0.255793 0.753167 0.256701 0.752758 0.257156 0.751941 0.257156 0.751532 0.256701 0.751941 0.256247 0.751941 0.25443 0.751532 0.25443 0.751124 0.253975 0.751124 0.253067 0.750715 0.252612 0.750715 0.252158 0.751124 0.251704 0.751124 0.249886 0.750715 0.249886 0.749489 0.248523 0.745811 0.248523 0.745403 0.248069 0.741725 0.248069 0.741316 0.247615 0.738047 0.247615 0.737638 0.24716 0.73396 0.24716 0.733551 0.246706 0.729873 0.246706 0.729465 0.246252 0.726604 0.246252 0.726195 0.246706 0.725787 0.246706 0.724561 0.248069 0.724561 0.249886 0.724969 0.250341 0.724561 0.250795 0.724152 0.250795 0.723743 0.251249 0.723743 0.254884 0.722517 0.256247 0.720883 0.256247 0.720474 0.255793 0.716796 0.255793 0.716387 0.255338 0.71557 0.255338 0.715161 0.254884 0.713527 0.254884 0.713118 0.255338 0.712709 0.254884 0.709031 0.254884 0.708623 0.25443 0.706579 0.25443 0.706171 0.254884 0.704945 0.254884 0.704536 0.25443 0.702902 0.25443 0.702493 0.253975 0.700041 0.253975 0.699632 0.253521 0.696772 0.253521 0.696363 0.253067 0.692685 0.253067 0.692276 0.252612 0.691459 0.252612 0.69105 0.253067 0.688598 0.253067 0.68819 0.252612 0.684512 0.252612 0.684103 0.252158 0.682877 0.252158 0.682468 0.251704 0.680425 0.251704 0.680016 0.251249 0.679199 0.251249 0.67879 0.250795 0.676747 0.250795 0.67593 0.249886 0.67593 0.249432 0.675521 0.248978 0.675521 0.248523 0.675112 0.248069 0.675521 0.247615 0.675521 0.24398 0.675112 0.243526 0.675521 0.243071 0.675521 0.242163 0.675112 0.241708 0.675112 0.241254 0.674704 0.2408 0.674704 0.239437 0.673069 0.239437 0.673069 0.239891 0.67266 0.240345 0.672252 0.239891 0.671434 0.239891 0.671026 0.240345 0.670617 0.239891 0.668574 0.239891 0.668165 0.239437 0.666939 0.239437 0.66653 0.238982 0.664487 0.238982 0.664078 0.238528 0.662444 0.238528 0.662035 0.238074 0.660809 0.238074 0.659992 0.237165 0.660809 0.236256 0.660809 0.23353 0.661218 0.233076 0.661218 0.228987 0.661626 0.228532 0.661626 0.224443 0.662035 0.223989 0.662035 0.220809 0.661626 0.220354 0.661626 0.2199 0.662035 0.219446 0.662035 0.218537 0.661218 0.218537 0.660809 0.218083 0.657131 0.218083 0.656723 0.217628 0.653045 0.217628 0.652636 0.217174 0.648958 0.217174 0.648549 0.21672 0.644871 0.21672 0.644463 0.216265 0.640785 0.216265 0.640376 0.215811 0.637515 0.215811 0.637515 0.218537 0.637107 0.218991 0.637107 0.220354 0.636698 0.220809 0.636289 0.220354 0.635881 0.220354 0.635881 0.22308 0.635472 0.223535 0.635472 0.223989 0.636289 0.223989 0.636698 0.224443 0.636698 0.225352 0.636289 0.225806 0.635881 0.225352 0.635472 0.225352 0.635472 0.227624 0.635063 0.228078 0.635063 0.231713 0.634655 0.232167 0.635063 0.232622 0.635472 0.232622 0.635881 0.232167 0.636289 0.232622 0.636289 0.234439 0.635472 0.235348 0.634655 0.235348 0.634246 0.235802 0.631794 0.235802 0.631385 0.235348 0.627707 0.235348 0.627299 0.234893 0.623621 0.234893 0.623212 0.234439 0.621577 0.234439 0.621169 0.233985 0.62076 0.233985 0.620351 0.23353 0.619534 0.23353 0.619125 0.233076 0.619534 0.232622 0.619534 0.232167 0.62076 0.230804 0.62076 0.229896 0.621169 0.229441 0.621169 0.228987 0.621577 0.228532 0.622395 0.228532 0.622395 0.227169 0.622803 0.226715 0.622803 0.225806 0.621986 0.225806 0.621986 0.226715 0.621577 0.227169 0.621169 0.226715 0.621169 0.222626 0.621577 0.222172 0.621986 0.222626 0.622803 0.222626 0.623212 0.222172 0.623212 0.219446 0.622395 0.219446 0.621986 0.218991 0.621986 0.217628 0.622395 0.217174 0.622395 0.21672 0.621986 0.216265 0.621986 0.214902 0.621577 0.214448 0.621577 0.213994 0.62076 0.213994 0.620351 0.213539 0.616673 0.213539 0.616265 0.213085 0.612587 0.213085 0.612178 0.212631 0.6085 0.212631 0.608092 0.212176 0.604414 0.212176 0.604005 0.211722 0.600327 0.211722 0.599918 0.211268 0.59624 0.211268 0.595832 0.210813 0.595832 0.211722 0.595423 0.212176 0.595423 0.216265 0.595014 0.21672 0.595014 0.220809 0.594606 0.221263 0.594606 0.225352 0.594197 0.225806 0.594197 0.228532 0.593788 0.228987 0.591336 0.228987 0.590928 0.228532 0.58725 0.228532 0.586841 0.228078 0.583163 0.228078 0.582754 0.227624 0.581937 0.227624 0.581528 0.227169 0.581528 0.224898 0.581937 0.224443 0.581937 0.220354 0.582346 0.2199 0.582346 0.215811 0.582754 0.215357 0.582754 0.211268 0.583163 0.210813 0.583163 0.20945 0.579894 0.20945 0.579485 0.208996 0.575807 0.208996 0.575398 0.208542 0.57172 0.208542 0.571312 0.208087 0.567634 0.208087 0.567225 0.207633 0.563547 0.207633 0.563139 0.207179 0.559461 0.207179 0.559052 0.206724 0.555374 0.206724 0.554965 0.20627 0.551287 0.20627 0.550879 0.205816 0.547201 0.205816 0.546792 0.205361 0.543114 0.205361 0.542705 0.204907 0.541479 0.204907 0.541479 0.205361 0.541071 0.205816 0.539845 0.205816 0.539845 0.206724 0.539436 0.207179 0.539027 0.207179 0.538619 0.206724 0.536984 0.206724 0.536984 0.207179 0.536575 0.207633 0.535758 0.207633 0.535349 0.208087 0.534941 0.208087 0.534123 0.208996 0.534123 0.210813 0.534532 0.210813 0.535349 0.211722 0.535349 0.212631 0.534941 0.213085 0.534532 0.213085 0.534123 0.212631 0.533715 0.213085 0.533715 0.213539 0.533306 0.213994 0.532489 0.213994 0.532489 0.214902 0.53208 0.215357 0.53208 0.215811 0.531671 0.216265 0.530445 0.216265 0.530037 0.215811 0.527993 0.215811 0.527585 0.215357 0.527585 0.214448 0.527176 0.214448 0.527176 0.215357 0.526767 0.215811 0.526359 0.215811 0.52595 0.215357 0.525133 0.215357 0.525133 0.215811 0.524724 0.216265 0.522272 0.216265 0.521864 0.215811 0.519412 0.215811 0.519003 0.216265 0.518594 0.216265 0.518186 0.21672 0.517777 0.216265 0.517368 0.216265 0.51696 0.21672 0.515734 0.21672 0.515325 0.216265 0.515325 0.215811 0.514099 0.215811 0.51369 0.215357 0.51369 0.214902 0.512464 0.214902 0.512056 0.214448 0.512056 0.213994 0.510012 0.213994 0.509604 0.213539 0.508786 0.213539 0.508786 0.213994 0.508378 0.214448 0.507152 0.214448 0.506743 0.213994 0.506743 0.213539 0.505926 0.213539 0.505517 0.213085 0.505108 0.213085 0.504291 0.213994 0.501839 0.213994 0.50143 0.213539 0.500613 0.213539 0.500204 0.213085 0.500204 0.212631 0.499387 0.212631 0.498978 0.212176 0.497752 0.212176 0.497344 0.211722 0.494892 0.211722 0.494483 0.211268 0.494074 0.211268 0.493666 0.211722 0.493257 0.211268 0.493257 0.210813 0.490805 0.210813 0.490396 0.210359 0.489579 0.210359 0.48917 0.209905 0.488353 0.209905 0.487944 0.210359 0.487127 0.210359 0.48631 0.211268 0.485492 0.211268 0.485084 0.210813 0.485084 0.210359 0.48304 0.210359 0.482632 0.210813 0.481406 0.210813 0.480997 0.210359 0.477319 0.210359 0.476911 0.210813 0.474459 0.210813 0.47405 0.210359 0.47405 0.209905 0.473233 0.209905 0.472824 0.20945 0.469146 0.20945 0.468329 0.210359 0.467511 0.210359 0.467103 0.210813 0.466285 0.210813 0.465877 0.211268 0.465059 0.211268 0.464651 0.210813 0.460973 0.210813 0.460564 0.210359 0.456886 0.210359 0.456477 0.209905 0.456069 0.210359 0.456069 0.210813 0.45566 0.211268 0.453617 0.211268 0.453208 0.210813 0.452799 0.210813 0.452391 0.210359 0.451165 0.210359 0.450756 0.209905 0.44953 0.209905 0.449121 0.210359 0.448713 0.210359 0.448304 0.209905 0.444626 0.209905 0.4434 0.208542 0.441357 0.208542 0.440948 0.208087 0.440948 0.207633 0.440131 0.206724 0.438905 0.206724 0.438496 0.207179 0.43727 0.207179 0.436453 0.208087 0.436044 0.207633 0.431549 0.207633 0.43114 0.207179 0.430732 0.207633 0.430732 0.208087 0.430323 0.208542 0.42828 0.208542 0.427871 0.208087 0.426236 0.208087 0.425828 0.208542 0.424193 0.208542 0.423784 0.208087 0.420106 0.208087 0.419698 0.207633 0.41888 0.208542 0.41602 0.208542 0.415611 0.208087 0.413568 0.208087 0.413159 0.207633 0.413159 0.207179 0.411933 0.207179 0.411524 0.206724 0.409481 0.206724 0.409072 0.207179 0.407846 0.207179 0.407438 0.206724 0.40376 0.206724 0.403351 0.20627 0.402942 0.20627 0.402534 0.205816 0.401716 0.205816 0.401308 0.205361 0.399673 0.205361 0.399264 0.204907 0.396404 0.204907 0.395995 0.204453 0.395586 0.204453 0.395178 0.203998 0.393543 0.203998 0.393134 0.204453 0.3915 0.204453 0.391091 0.203998 0.390682 0.203998 0.390274 0.203544 0.389456 0.203544 0.389048 0.203998 0.387413 0.203998 0.387004 0.203544 0.386596 0.203544 0.385779 0.202635 0.385779 0.202181 0.383735 0.202181 0.383327 0.202635 0.382509 0.202635 0.382101 0.20309 0.379649 0.20309 0.37924 0.202635 0.371475 0.202635 0.371067 0.202181 0.370249 0.202181 0.369841 0.202635 0.367797 0.202635 0.367389 0.20309 0.36698 0.20309 0.366571 0.202635 0.362893 0.202635 0.362485 0.202181 0.360441 0.202181 0.360033 0.202635 0.359215 0.202635 0.358807 0.20309 0.358398 0.202635 0.357581 0.202635 0.357172 0.20309 0.35472 0.20309 0.354311 0.202635 0.353494 0.202635 0.353085 0.202181 0.350633 0.202181 0.350225 0.201726 0.348999 0.201726 0.34859 0.201272 0.34859 0.200818 0.346955 0.200818 0.346547 0.200363 0.342869 0.200363 0.34246 0.199909 0.342051 0.199909 0.342051 0.200363 0.341643 0.200818 0.338782 0.200818 0.337965 0.199909 0.337965 0.199455 0.337148 0.199455 0.337148 0.199909 0.33633 0.200818 0.334696 0.200818 0.334287 0.200363 0.333061 0.200363 0.332652 0.199909 0.331426 0.199909 0.331018 0.199455 0.331018 0.199 0.330609 0.199 0.329792 0.198092 0.328566 0.198092 0.328157 0.197637 0.326522 0.197637 0.326114 0.197183 0.325705 0.197637 0.325296 0.197183 0.324479 0.197183 0.32407 0.197637 0.323253 0.197637 0.322844 0.198092 0.322027 0.197183 0.320392 0.197183 0.319984 0.197637 0.319575 0.197183 0.319575 0.196729 0.319166 0.196729 0.319166 0.197183 0.318758 0.197637 0.318349 0.197637 0.31794 0.197183 0.317532 0.197183 0.317123 0.196729 0.317123 0.196274 0.316714 0.196274 0.316306 0.19582 0.314262 0.19582 0.313445 0.194911 0.313445 0.194003 0.309767 0.194003 0.309358 0.193548 0.308541 0.193548 0.308541 0.194457 0.308132 0.194911 0.306089 0.194911 0.30568 0.194457 0.30282 0.194457 0.30282 0.195366 0.302411 0.19582 0.301594 0.194911 0.299959 0.194911 0.29955 0.195366 0.297916 0.195366 0.297507 0.194911 0.293829 0.194911 0.293421 0.194457 0.291786 0.194457 0.290969 0.195366 0.290151 0.195366 0.289743 0.19582 0.289334 0.195366 0.288517 0.195366 0.288108 0.19582 0.287291 0.19582 0.286882 0.196274 0.285656 0.196274 0.285247 0.19582 0.284839 0.19582 0.28443 0.196274 0.284021 0.19582 0.281569 0.19582 0.281161 0.195366 0.281161 0.194457 0.277483 0.194457 0.277074 0.194003 0.276665 0.194003 0.276257 0.194457 0.275848 0.194003 0.275031 0.194003 0.275031 0.194457 0.274622 0.194911 0.274213 0.194457 0.273805 0.194457 0.272987 0.193548 0.268492 0.193548 0.268083 0.194003 0.267675 0.193548 0.266857 0.193548 0.266449 0.194003 0.263997 0.194003 0.263588 0.193548 0.261136 0.193548 0.260727 0.194003 0.257049 0.194003 0.256641 0.193548 0.252963 0.193548 0.252554 0.193094 0.248876 0.193094 0.248468 0.19264 0.245607 0.19264 0.245198 0.192185 0.245198 0.191731 0.24479 0.191731 0.244381 0.191277 0.242338 0.191277 0.241929 0.191731 0.239068 0.191731 0.23866 0.192185 0.236616 0.192185 0.236208 0.191731 0.23253 0.191731 0.232121 0.191277 0.228443 0.191277 0.228034 0.190822 0.223948 0.190822 0.223539 0.190368 0.22313 0.190368 0.222722 0.190822 0.221496 0.190822 0.221087 0.190368 0.22027 0.190368 0.219861 0.189914 0.215774 0.189914 0.215366 0.189459 0.214548 0.189459 0.21414 0.189914 0.212096 0.189914 0.211688 0.189459 0.209236 0.189459 0.208827 0.189005 0.20801 0.189005 0.207601 0.188551 0.205149 0.188551 0.205149 0.189459 0.205558 0.189459 0.205966 0.189914 0.207601 0.189914 0.20801 0.190368 0.209644 0.190368 0.210053 0.190822 0.211688 0.190822 0.212096 0.191277 0.211688 0.191731 0.20801 0.191731 0.207601 0.191277 0.203923 0.191277 0.203515 0.190822 0.199837 0.190822 0.199428 0.190368 0.19575 0.190368 0.195341 0.189914 0.191663 0.189914 0.191255 0.189459 0.187577 0.189459 0.187168 0.189005 0.18349 0.189005 0.183081 0.188551 0.179403 0.188551 0.178995 0.188096 0.175317 0.188096 0.174908 0.187642 0.17123 0.187642 0.170821 0.187188 0.169595 0.187188 0.169187 0.187642 0.167143 0.187642 0.166735 0.187188 0.163057 0.187188 0.162648 0.186733 0.15897 0.186733 0.158562 0.186279 0.154884 0.186279 0.154475 0.185825 0.150797 0.185825 0.150388 0.18537 0.14671 0.18537 0.146302 0.184916 0.145484 0.184916 0.145076 0.184462 0.144258 0.184462 0.14385 0.184916 0.142624 0.184916 0.142215 0.184462 0.141398 0.184462 0.140989 0.184007 0.139354 0.184007 0.138946 0.184462 0.138537 0.184462 0.138128 0.184007 0.136902 0.184007 0.136494 0.183553 0.136494 0.182644 0.136085 0.18219 0.136085 0.181736 0.136494 0.181281 0.136085 0.180827 0.13445 0.180827 0.133633 0.181736 0.135268 0.183553 0.134859 0.184007 0.13445 0.184007 0.134042 0.183553 0.130364 0.183553 0.129955 0.183099 0.129138 0.183099 0.128729 0.182644 0.128729 0.18219 0.129138 0.181736 0.129546 0.18219 0.130364 0.18219 0.130772 0.182644 0.131181 0.18219 0.131181 0.180827 0.130772 0.180827 0.130364 0.180373 0.129955 0.180373 0.129955 0.181281 0.129546 0.181736 0.129138 0.181281 0.129138 0.180373 0.127503 0.180373 0.127094 0.179918 0.126686 0.179918 0.126277 0.179464 0.123825 0.179464 0.123416 0.179918 0.122599 0.179918 0.122599 0.180827 0.123008 0.181281 0.124642 0.181281 0.125051 0.181736 0.125868 0.181736 0.126277 0.181281 0.126686 0.181736 0.127094 0.181736 0.127503 0.18219 0.127503 0.182644 0.127094 0.183099 0.126277 0.183099 0.125868 0.182644 0.123008 0.182644 0.122599 0.18219 0.12219 0.18219 0.121782 0.181736 0.118512 0.181736 0.118104 0.181281 0.114426 0.181281 0.114017 0.180827 0.111157 0.180827 0.110748 0.181281 0.110339 0.181281 0.109931 0.180827 0.106253 0.180827 0.105844 0.180373 0.102166 0.180373 0.101757 0.179918 0.102166 0.179464 0.106253 0.179464 0.106253 0.17901 0.105435 0.178101 0.105027 0.178101 0.104618 0.177647 0.104209 0.177647 0.103801 0.177192 0.102166 0.177192 0.101757 0.176738 0.100531 0.176738 0.100123 0.176284 0.098079 0.176284 0.097671 0.175829 0.097671 0.176284 0.097262 0.176738 0.096036 0.175375 0.096036 0.17492 0.095627 0.17492 0.095219 0.175375 0.09481 0.17492 0.093993 0.17492 0.093584 0.174466 0.093584 0.174012 0.092767 0.174012 0.092358 0.173557 0.089906 0.173557 0.089497 0.174012 0.088271 0.174012 0.087454 0.17492 0.087454 0.176284 0.088271 0.177192 0.08868 0.177192 0.089089 0.177647 0.089497 0.177647 0.089906 0.178101 0.089497 0.178555 0.087863 0.178555 0.087454 0.178101 0.085819 0.178101 0.085411 0.177647 0.085002 0.178101 0.081733 0.178101 0.081324 0.177647 0.080098 0.177647 0.079689 0.177192 0.080098 0.176738 0.080098 0.175375 0.079689 0.175375 0.079281 0.17492 0.079281 0.174466 0.079689 0.174012 0.080098 0.174012 0.080507 0.173557 0.081733 0.17492 0.082141 0.17492 0.08255 0.175375 0.083776 0.175375 0.083776 0.174012 0.083367 0.173557 0.082959 0.173557 0.082141 0.172649 0.081733 0.172649 0.081324 0.172194 0.081324 0.17174 0.078055 0.17174 0.077646 0.172194 0.07642 0.172194 0.076011 0.172649 0.075603 0.172649 0.075194 0.173103 0.075194 0.173557 0.074785 0.174012 0.074785 0.17492 0.076011 0.17492 0.07642 0.175375 0.07642 0.175829 0.076829 0.175829 0.077646 0.176738 0.077237 0.177192 0.075194 0.177192 0.074785 0.177647 0.073559 0.177647 0.073151 0.177192 0.069473 0.177192 0.069064 0.176738 0.068655 0.176738 0.068247 0.177192 0.067838 0.176738 0.067838 0.176284 0.067021 0.176284 0.066612 0.175829 0.067021 0.175375 0.067021 0.173103 0.066612 0.172649 0.066612 0.172194 0.067021 0.17174 0.069473 0.17174 0.069881 0.172194 0.07029 0.17174 0.07029 0.171286 0.069881 0.171286 0.069064 0.170377 0.069064 0.169468 0.068655 0.169014 0.069064 0.16856 0.068247 0.16856 0.067838 0.168105
