0 0.979424 0.139105 0.979424 0.139394 0.97905 0.139683 0.979424 0.139683 0.979798 0.139394
0 0.966704 0.134488 0.96633 0.134776 0.966704 0.134776
0 0.77067 0.128427 0.770296 0.128716 0.77067 0.129004 0.771044 0.128716
0 0.946876 0.109957 0.947999 0.110823 0.948747 0.110823 0.947624 0.109957
0 0.797606 0.103319 0.797232 0.103608 0.797232 0.103896 0.795361 0.105339 0.795361 0.105628 0.79349 0.107071 0.79349 0.107359 0.792742 0.107937 0.793116 0.108225 0.793116 0.107937 0.794987 0.106494 0.794987 0.106205 0.796857 0.104762 0.796857 0.104473 0.79798 0.103608 0.79798 0.103319
0 0.803591 0.097835 0.802843 0.098413 0.802843 0.098701 0.800973 0.100144 0.800973 0.100433 0.801347 0.100433 0.802095 0.099856 0.802469 0.099856 0.802843 0.099567 0.802843 0.09899 0.803966 0.098124 0.803966 0.097835
0 0.819304 0.083117 0.819304 0.083405 0.817434 0.084848 0.817434 0.085137 0.815937 0.086291 0.815937 0.086869 0.817434 0.085714 0.817434 0.085426 0.819304 0.083983 0.819304 0.083694 0.819678 0.083405 0.819678 0.083117
0 0.82716 0.075902 0.826786 0.07619 0.826786 0.076768 0.82716 0.077056 0.827535 0.076768 0.827535 0.07619
0 0.834269 0.069841 0.833895 0.07013 0.834269 0.070418 0.834643 0.07013 0.834643 0.069841
0 0.839132 0.065512 0.838758 0.065801 0.838758 0.066378 0.839506 0.066378 0.839506 0.065801
0 0.847363 0.060029 0.84624 0.060895 0.84624 0.061183 0.84437 0.062626 0.84437 0.062915 0.842499 0.064358 0.842499 0.064646 0.840629 0.066089 0.840629 0.066378 0.838758 0.067821 0.838758 0.06811 0.83801 0.068687 0.837636 0.068687 0.835765 0.07013 0.835765 0.070418 0.833895 0.071861 0.83352 0.071573 0.833146 0.071861 0.83352 0.07215 0.83352 0.072439 0.832024 0.073593 0.832024 0.073882 0.830153 0.075325 0.830153 0.075613 0.828283 0.077056 0.828283 0.077345 0.826412 0.078788 0.826412 0.079076 0.824542 0.080519 0.824542 0.080808 0.822671 0.082251 0.822671 0.08254 0.820801 0.083983 0.820801 0.084271 0.81893 0.085714 0.81893 0.086003 0.817059 0.087446 0.817059 0.087734 0.815189 0.089177 0.815189 0.089466 0.813692 0.09062 0.813692 0.090909 0.811822 0.092352 0.811822 0.092641 0.809951 0.094084 0.809951 0.094372 0.808081 0.095815 0.808081 0.096104 0.80621 0.097547 0.80621 0.097835 0.80434 0.099278 0.80434 0.099567 0.802469 0.10101 0.802469 0.101299 0.800599 0.102742 0.800599 0.10303 0.798728 0.104473 0.798728 0.104762 0.796857 0.106205 0.796857 0.106494 0.794987 0.107937 0.794987 0.108225 0.793116 0.109668 0.793116 0.109957 0.79162 0.111111 0.791246 0.111111 0.790123 0.111977 0.790123 0.112266 0.788253 0.113709 0.788253 0.113997 0.786382 0.11544 0.786382 0.115729 0.784512 0.117172 0.784512 0.11746 0.782641 0.118903 0.782641 0.119192 0.781145 0.120346 0.781145 0.120635 0.779274 0.122078 0.779274 0.122367 0.777404 0.12381 0.777404 0.124098 0.775533 0.125541 0.775533 0.12583 0.773663 0.127273 0.773663 0.127561 0.771792 0.129004 0.771792 0.129293 0.769921 0.130736 0.769921 0.131025 0.768051 0.132468 0.768051 0.132756 0.76618 0.134199 0.76618 0.134488 0.76431 0.135931 0.76431 0.136219 0.762439 0.137662 0.762439 0.137951 0.760569 0.139394 0.760569 0.139683 0.760195 0.139971 0.75982 0.139683 0.759446 0.139971 0.759446 0.14026 0.757576 0.141703 0.757576 0.141991 0.755705 0.143434 0.755705 0.143723 0.753835 0.145166 0.753835 0.145455 0.751964 0.146898 0.751964 0.147186 0.750094 0.148629 0.750094 0.148918 0.748223 0.150361 0.748223 0.150649 0.746727 0.151804 0.746727 0.152092 0.744856 0.153535 0.744856 0.153824 0.742985 0.155267 0.742985 0.155556 0.741115 0.156999 0.741115 0.157287 0.739244 0.15873 0.739244 0.159019 0.737374 0.160462 0.737374 0.16075 0.735503 0.162193 0.735503 0.162482 0.733633 0.163925 0.733633 0.164214 0.731762 0.165657 0.731762 0.165945 0.729892 0.167388 0.729892 0.167677 0.728021 0.16912 0.728021 0.169408 0.72615 0.170851 0.72615 0.17114 0.725028 0.172006 0.724654 0.172006 0.723158 0.17316 0.723158 0.173449 0.721287 0.174892 0.721287 0.17518 0.719416 0.176623 0.719416 0.176912 0.717546 0.178355 0.717546 0.178644 0.715675 0.180087 0.715675 0.180375 0.713805 0.181818 0.713805 0.182107 0.712308 0.183261 0.712308 0.18355 0.710438 0.184993 0.710438 0.185281 0.708567 0.186724 0.708567 0.187013 0.706697 0.188456 0.706697 0.188745 0.704826 0.190188 0.704826 0.190476 0.702955 0.191919 0.702955 0.192208 0.700711 0.193939 0.700337 0.193939 0.699963 0.194228 0.699963 0.194517 0.698092 0.19596 0.698092 0.196248 0.696221 0.197691 0.696221 0.19798 0.695099 0.198846 0.694725 0.198846 0.693229 0.2 0.693229 0.200289 0.691358 0.201732 0.691358 0.20202 0.689487 0.203463 0.689487 0.203752 0.687617 0.205195 0.687617 0.205483 0.68612 0.206638 0.68612 0.206926 0.68425 0.208369 0.68425 0.208658 0.682379 0.210101 0.682379 0.21039 0.680509 0.211833 0.680509 0.212121 0.678638 0.213564 0.678638 0.214141 0.67789 0.214719 0.67789 0.215007 0.676019 0.21645 0.676019 0.216739 0.674149 0.218182 0.674149 0.21847 0.672278 0.219913 0.672278 0.220202 0.670408 0.221645 0.670408 0.221934 0.668537 0.223377 0.668537 0.223665 0.666667 0.225108 0.666667 0.225397 0.664796 0.22684 0.664422 0.22684 0.663674 0.227417 0.663674 0.227706 0.661803 0.229149 0.661803 0.229437 0.660307 0.230592 0.660681 0.23088 0.660681 0.231169 0.661055 0.231457 0.661429 0.231457 0.6633 0.2329 0.663674 0.2329 0.665544 0.234343 0.665918 0.234343 0.667789 0.235786 0.668163 0.235786 0.670034 0.237229 0.670408 0.237229 0.672278 0.238672 0.672652 0.238672 0.674523 0.240115 0.674897 0.240115 0.676768 0.241558 0.677142 0.241558 0.679012 0.243001 0.679386 0.243001 0.681257 0.244444 0.681631 0.244444 0.683502 0.245887 0.683876 0.245887 0.685746 0.24733 0.68612 0.24733 0.687991 0.248773 0.688365 0.248773 0.690236 0.250216 0.69061 0.250216 0.69248 0.251659 0.692854 0.251659 0.694725 0.253102 0.695099 0.253102 0.69697 0.254545 0.697344 0.254545 0.699214 0.255988 0.699588 0.255988 0.701459 0.257431 0.701833 0.257431 0.703704 0.258874 0.704078 0.258874 0.705574 0.260029 0.705948 0.260029 0.707819 0.261472 0.708193 0.261472 0.710064 0.262915 0.710438 0.262915 0.712308 0.264358 0.712682 0.264358 0.714553 0.265801 0.714927 0.265801 0.716798 0.267244 0.717172 0.267244 0.719042 0.268687 0.719416 0.268687 0.721287 0.27013 0.721661 0.27013 0.723532 0.271573 0.723906 0.271573 0.725776 0.273016 0.72615 0.273016 0.728021 0.274459 0.728395 0.274459 0.730266 0.275902 0.73064 0.275902 0.73251 0.277345 0.732884 0.277345 0.734755 0.278788 0.735129 0.278788 0.737 0.280231 0.737374 0.280231 0.739244 0.281674 0.739618 0.281674 0.741489 0.283117 0.741863 0.283117 0.743734 0.28456 0.744108 0.28456 0.745978 0.286003 0.746352 0.286003 0.748223 0.287446 0.748597 0.287446 0.750468 0.288889 0.750842 0.288889 0.752712 0.290332 0.753086 0.290332 0.754957 0.291775 0.755331 0.291775 0.756828 0.292929 0.757202 0.292929 0.759072 0.294372 0.759446 0.294372 0.761317 0.295815 0.761691 0.295815 0.763562 0.297258 0.763936 0.297258 0.765806 0.298701 0.76618 0.298701 0.768051 0.300144 0.768425 0.300144 0.770296 0.301587 0.77067 0.301587 0.77254 0.30303 0.772914 0.30303 0.774785 0.304473 0.775159 0.304473 0.77703 0.305916 0.777404 0.305916 0.779274 0.307359 0.779648 0.307359 0.781519 0.308802 0.781893 0.308802 0.783764 0.310245 0.784138 0.310245 0.786008 0.311688 0.786382 0.311688 0.788253 0.313131 0.788627 0.313131 0.790498 0.314574 0.790872 0.314574 0.792742 0.316017 0.793116 0.316017 0.794987 0.31746 0.795361 0.31746 0.797232 0.318903 0.797606 0.318903 0.799476 0.320346 0.79985 0.320346 0.801721 0.321789 0.802095 0.321789 0.803966 0.323232 0.80434 0.323232 0.805836 0.324387 0.80621 0.324387 0.808081 0.32583 0.808455 0.32583 0.810325 0.327273 0.8107 0.327273 0.81257 0.328716 0.812944 0.328716 0.814815 0.330159 0.815189 0.330159 0.817059 0.331602 0.817434 0.331602 0.819304 0.333045 0.819678 0.333045 0.821549 0.334488 0.821923 0.334488 0.823793 0.335931 0.824168 0.335931 0.826038 0.337374 0.826412 0.337374 0.828283 0.338817 0.828657 0.338817 0.830527 0.34026 0.830902 0.34026 0.832772 0.341703 0.833146 0.341703 0.835017 0.343146 0.835391 0.343146 0.837262 0.344589 0.837636 0.344589 0.839506 0.346032 0.83988 0.346032 0.841751 0.347475 0.842125 0.347475 0.843996 0.348918 0.84437 0.348918 0.84624 0.350361 0.846614 0.350361 0.848485 0.351804 0.848859 0.351804 0.85073 0.353247 0.851104 0.353247 0.852974 0.35469 0.853348 0.35469 0.854845 0.355844 0.855219 0.355844 0.857089 0.357287 0.857464 0.357287 0.859334 0.35873 0.859708 0.35873 0.861579 0.360173 0.861953 0.360173 0.863823 0.361616 0.864198 0.361616 0.866068 0.363059 0.866442 0.363059 0.868313 0.364502 0.868687 0.364502 0.870557 0.365945 0.870932 0.365945 0.872802 0.367388 0.873176 0.367388 0.875047 0.368831 0.875421 0.368831 0.877291 0.370274 0.877666 0.370274 0.879536 0.371717 0.87991 0.371717 0.881781 0.37316 0.882155 0.37316 0.884025 0.374603 0.885148 0.374603 0.886644 0.373449 0.886644 0.37316 0.888515 0.371717 0.888515 0.371429 0.890385 0.369986 0.890385 0.369697 0.892256 0.368254 0.892256 0.367965 0.894126 0.366522 0.894126 0.366234 0.895997 0.364791 0.895997 0.364502 0.897868 0.363059 0.897868 0.362771 0.899738 0.361328 0.899738 0.361039 0.901609 0.359596 0.901609 0.359307 0.903479 0.357864 0.903479 0.357576 0.90535 0.356133 0.90535 0.355844 0.90722 0.354401 0.90722 0.354113 0.909091 0.35267 0.909091 0.352381 0.910961 0.350938 0.910961 0.350649 0.912832 0.349206 0.912832 0.348918 0.914703 0.347475 0.914703 0.347186 0.916573 0.345743 0.916573 0.345455 0.918444 0.344012 0.918444 0.343723 0.920314 0.34228 0.920314 0.341991 0.922185 0.340548 0.922185 0.34026 0.924055 0.338817 0.924055 0.338528 0.925926 0.337085 0.925926 0.336797 0.927422 0.335642 0.927422 0.335354 0.929293 0.333911 0.929293 0.333622 0.931163 0.332179 0.931163 0.33189 0.933034 0.330447 0.933034 0.330159 0.934905 0.328716 0.934905 0.328427 0.936775 0.326984 0.936775 0.326696 0.938646 0.325253 0.938646 0.324964 0.940516 0.323521 0.940516 0.323232 0.942387 0.321789 0.942387 0.321501 0.944257 0.320058 0.944257 0.319769 0.946128 0.318326 0.946128 0.318038 0.947999 0.316595 0.947999 0.316306 0.949869 0.314863 0.949869 0.314574 0.95174 0.313131 0.95174 0.312843 0.95361 0.3114 0.95361 0.311111 0.955481 0.309668 0.955481 0.30938 0.957351 0.307937 0.957351 0.307648 0.959222 0.306205 0.959222 0.305916 0.961092 0.304473 0.961092 0.304185 0.962963 0.302742 0.962963 0.302453 0.964834 0.30101 0.964834 0.300722 0.966704 0.299278 0.966704 0.29899 0.968575 0.297547 0.968575 0.297258 0.970071 0.296104 0.970071 0.295815 0.971942 0.294372 0.971942 0.294084 0.973812 0.292641 0.973812 0.292352 0.975683 0.290909 0.975683 0.29062 0.977553 0.289177 0.977553 0.288889 0.979424 0.287446 0.979424 0.287157 0.981294 0.285714 0.981294 0.285426 0.983165 0.283983 0.983165 0.283694 0.985036 0.282251 0.985036 0.281962 0.986906 0.280519 0.986906 0.280231 0.988777 0.278788 0.988777 0.278499 0.990647 0.277056 0.990647 0.276768 0.992518 0.275325 0.992518 0.275036 0.994388 0.273593 0.994388 0.273304 0.996259 0.271861 0.996259 0.271573 0.998129 0.27013 0.998129 0.269841 0.999626 0.268687 0.999626 0.149495 0.999252 0.149206 0.998878 0.149495 0.998504 0.149495 0.997755 0.150072 0.997755 0.150361 0.995511 0.152092 0.994762 0.151515 0.994762 0.151227 0.995885 0.150361 0.995885 0.150072 0.997755 0.148629 0.997755 0.148341 0.998129 0.148052 0.998129 0.147763 0.997755 0.147475 0.998129 0.147186 0.997755 0.147186 0.995885 0.145743 0.995511 0.145743 0.994762 0.145166 0.994388 0.145166 0.99364 0.145743 0.99364 0.146032 0.99177 0.147475 0.99177 0.147763 0.990273 0.148918 0.989899 0.148629 0.989525 0.148629 0.988777 0.148052 0.988403 0.148341 0.988403 0.148629 0.986532 0.150072 0.985036 0.148918 0.984661 0.148918 0.982791 0.147475 0.982791 0.146898 0.983539 0.14632 0.983913 0.14632 0.984661 0.145743 0.984661 0.145455 0.982791 0.144012 0.982791 0.143723 0.983539 0.143146 0.982791 0.142569 0.982417 0.142569 0.982043 0.14228 0.982043 0.141991 0.980546 0.140837 0.980172 0.141126 0.979798 0.141126 0.979424 0.141414 0.97905 0.141126 0.978676 0.141126 0.977927 0.140548 0.978302 0.14026 0.977927 0.139971 0.977927 0.139105 0.977553 0.139105 0.975683 0.137662 0.975309 0.137662 0.97456 0.137085 0.973812 0.137085 0.973812 0.137374 0.973438 0.137662 0.973064 0.137662 0.97269 0.137374 0.97269 0.137085 0.973064 0.136797 0.972316 0.136219 0.971942 0.136219 0.971193 0.136797 0.971193 0.137085 0.969323 0.138528 0.968575 0.137951 0.968201 0.137951 0.96633 0.136508 0.965956 0.136508 0.964085 0.135065 0.963337 0.135065 0.962589 0.134488 0.962215 0.134488 0.961841 0.134199 0.961841 0.133622 0.962215 0.133333 0.962215 0.133045 0.962963 0.132468 0.962963 0.13189 0.964834 0.130447 0.964834 0.130159 0.965208 0.12987 0.965208 0.129582 0.965582 0.129293 0.965582 0.129004 0.965956 0.128716 0.965956 0.128427 0.965208 0.12785 0.965208 0.127561 0.964834 0.127561 0.962963 0.126118 0.962589 0.126118 0.960718 0.124675 0.960344 0.124675 0.958474 0.123232 0.9581 0.123232 0.956229 0.121789 0.955855 0.121789 0.955107 0.121212 0.955107 0.120924 0.953236 0.119481 0.952862 0.119481 0.950991 0.118038 0.950617 0.118038 0.949121 0.116883 0.948373 0.116883 0.948373 0.117172 0.946502 0.118615 0.946502 0.118903 0.944632 0.120346 0.944632 0.120635 0.943509 0.121501 0.942761 0.121501 0.942013 0.120924 0.942013 0.120346 0.942761 0.119769 0.942761 0.119481 0.943135 0.119192 0.943135 0.118903 0.943509 0.118615 0.943509 0.118326 0.943883 0.118038 0.943883 0.117749 0.944257 0.11746 0.943883 0.11746 0.943509 0.117172 0.944257 0.116595 0.944257 0.116306 0.945006 0.115729 0.945006 0.115152 0.946128 0.114286 0.946502 0.114286 0.946876 0.113997 0.946128 0.11342 0.945754 0.11342 0.944632 0.112554 0.944632 0.111977 0.945754 0.111111 0.945754 0.110823 0.946128 0.110534 0.94538 0.109957 0.94538 0.109668 0.945754 0.10938 0.946128 0.10938 0.946128 0.109091 0.944632 0.107937 0.943883 0.107937 0.945006 0.108802 0.944632 0.109091 0.944257 0.109091 0.942387 0.107648 0.942013 0.107648 0.940516 0.106494 0.939394 0.106494 0.93902 0.106782 0.938646 0.106494 0.938646 0.106782 0.937523 0.107648 0.937149 0.107648 0.936775 0.107937 0.936027 0.107359 0.936027 0.107071 0.934905 0.106205 0.933034 0.107648 0.933034 0.107937 0.931163 0.10938 0.931163 0.109668 0.929293 0.111111 0.929293 0.1114 0.928545 0.111977 0.927796 0.1114 0.927422 0.1114 0.925552 0.109957 0.925178 0.109957 0.923307 0.108514 0.922933 0.108514 0.921062 0.107071 0.920688 0.107071 0.918818 0.105628 0.918444 0.105628 0.916573 0.104185 0.916199 0.104185 0.914703 0.10303 0.914328 0.10303 0.912458 0.101587 0.912084 0.101587 0.910213 0.100144 0.909839 0.100144 0.907969 0.098701 0.907594 0.098701 0.905724 0.097258 0.90535 0.097258 0.903479 0.095815 0.903105 0.095815 0.901235 0.094372 0.90086 0.094372 0.89899 0.092929 0.898616 0.092929 0.896745 0.091486 0.896371 0.091486 0.894501 0.090043 0.894126 0.090043 0.892256 0.0886 0.891882 0.0886 0.890011 0.087157 0.889637 0.087157 0.887767 0.085714 0.887392 0.085714 0.885522 0.084271 0.885148 0.084271 0.883277 0.082828 0.882903 0.082828 0.881033 0.081385 0.880658 0.081385 0.878788 0.079942 0.878414 0.079942 0.876543 0.078499 0.876169 0.078499 0.874299 0.077056 0.873924 0.077056 0.872054 0.075613 0.87168 0.075613 0.869809 0.07417 0.869435 0.07417 0.867565 0.072727 0.86719 0.072727 0.865694 0.071573 0.86532 0.071573 0.863449 0.07013 0.863075 0.07013 0.861205 0.068687 0.860831 0.068687 0.85896 0.067244 0.858586 0.067244 0.856715 0.065801 0.856341 0.065801 0.854471 0.064358 0.854097 0.064358 0.852226 0.062915 0.851852 0.062915 0.849981 0.061472 0.849607 0.061472 0.847737 0.060029
