0 0.899585 0.917507 0.89917 0.917867 0.89917 0.918228 0.898755 0.918588 0.89917 0.918588 0.899585 0.918948 0.9 0.918948 0.900415 0.918588 0.900415 0.918228
0 0.902075 0.913545 0.90166 0.913905 0.90166 0.914265 0.902075 0.914265 0.90249 0.914625 0.90332 0.914625 0.90332 0.914265 0.90249 0.913545
0 0.779253 0.910663 0.778838 0.911023 0.778838 0.911383 0.779668 0.911383 0.780083 0.911744 0.780083 0.912104 0.780498 0.912104 0.780913 0.912464 0.780913 0.912104 0.781328 0.911744 0.780913 0.911383 0.780498 0.911383 0.780083 0.911744 0.779668 0.911383 0.779668 0.911023
0 0.758506 0.907421 0.758091 0.907781 0.758091 0.908141 0.758506 0.908501 0.759336 0.908501 0.759336 0.908141
0 0.766805 0.895533 0.766805 0.895893 0.76639 0.896254 0.765975 0.896254 0.76556 0.896614 0.765145 0.896614 0.76473 0.896974 0.764315 0.896974 0.764315 0.897334 0.763485 0.898055 0.763485 0.898415 0.763071 0.898775 0.763071 0.899496 0.763485 0.899496 0.7639 0.899856 0.763485 0.900216 0.7639 0.900216 0.764315 0.900576 0.76473 0.900576 0.765145 0.900937 0.76556 0.900937 0.765975 0.900576 0.766805 0.900576 0.76722 0.900216 0.767635 0.900216 0.767635 0.899856 0.768465 0.899135 0.768465 0.898775 0.769295 0.898055 0.769295 0.896614 0.76888 0.896614 0.768465 0.896254 0.76805 0.896254 0.76722 0.895533
0 0.957261 0.84366 0.956846 0.84402 0.956846 0.84438 0.956017 0.845101 0.956017 0.845461 0.955187 0.846182 0.955187 0.846542 0.954772 0.846902 0.954772 0.847262 0.955187 0.847262 0.955602 0.846902 0.955602 0.846542 0.956017 0.846182 0.956017 0.845821 0.956846 0.845101 0.956846 0.844741 0.957261 0.84438 0.957261 0.84402 0.957676 0.84366
0 0.252282 0.606988 0.252282 0.607349 0.251867 0.607709 0.252282 0.608069 0.252282 0.607709 0.252697 0.607349
0 0.270539 0.567723 0.270124 0.568084 0.270124 0.568444 0.270539 0.568444 0.270954 0.568084
0 0.30083 0.524856 0.30083 0.525576 0.300415 0.525937 0.300415 0.526297 0.30083 0.526297 0.30083 0.525937 0.30166 0.525216 0.301245 0.524856
0 0.338589 0.471902 0.338174 0.472262 0.338589 0.472622 0.338174 0.472983 0.337759 0.472983 0.337759 0.473343 0.338174 0.473703 0.337759 0.474063 0.336929 0.474063 0.336929 0.474424 0.336515 0.474784 0.336929 0.475144 0.337344 0.475144 0.337344 0.474784 0.337759 0.474424 0.337759 0.474063 0.338589 0.473343 0.338589 0.472983 0.339419 0.472262 0.339004 0.471902
0 0.340249 0.46938 0.340249 0.469741 0.339834 0.470101 0.339834 0.471182 0.340664 0.470461 0.340664 0.470101 0.341494 0.46938
0 0.346058 0.461455 0.345643 0.461816 0.346058 0.462176 0.346473 0.462176 0.346888 0.461816 0.346473 0.461455
0 0.348548 0.458213 0.348548 0.458934 0.348963 0.458573 0.348963 0.458213
0 0.353942 0.450288 0.353942 0.450648 0.354357 0.451009 0.354772 0.450648 0.354772 0.450288
0 0.362656 0.43804 0.363071 0.438401 0.363485 0.438401 0.363485 0.43804
0 0.36722 0.432277 0.366805 0.432637 0.366805 0.432997 0.36722 0.432997 0.367635 0.432637
0 0.368465 0.430115 0.368465 0.430476 0.36888 0.430836 0.36888 0.430476
0 0.370954 0.426873 0.370539 0.427233 0.370539 0.427594 0.370954 0.427594 0.371369 0.427233 0.371369 0.426873
0 0.373444 0.423271 0.373444 0.423991 0.373859 0.423991 0.373859 0.423271
0 0.493776 0.26513 0.493361 0.26549 0.493361 0.26585 0.494191 0.266571 0.494606 0.26621 0.494606 0.26585
0 0.499585 0.262968 0.499585 0.263689 0.5 0.264049 0.500415 0.264049 0.50083 0.263689 0.50083 0.263329 0.500415 0.262968
0 0.521992 0.229107 0.521577 0.229467 0.521577 0.229827 0.521992 0.230187 0.522407 0.230187 0.522822 0.229827 0.522822 0.229467 0.522407 0.229467
0 0.571369 0.169308 0.570954 0.169669 0.570539 0.169669 0.570124 0.170029 0.56971 0.169669 0.569295 0.170029 0.568465 0.170029 0.567635 0.170749 0.56722 0.170389 0.566805 0.170749 0.566805 0.17111 0.56639 0.17147 0.565975 0.17147 0.56556 0.17111 0.56473 0.17111 0.564315 0.17147 0.563071 0.17147 0.562656 0.17183 0.562241 0.17147 0.561411 0.17147 0.560996 0.17183 0.559751 0.17183 0.559336 0.17219 0.558091 0.17219 0.557676 0.17255 0.556432 0.17255 0.555602 0.173271 0.554772 0.173271 0.554357 0.173631 0.553942 0.173631 0.552697 0.174712 0.552697 0.175072 0.551867 0.175793 0.551867 0.176153 0.551452 0.176513 0.551452 0.176873 0.550622 0.177594 0.550622 0.177954 0.550207 0.178314 0.550207 0.178674 0.549378 0.179395 0.549378 0.179755 0.548548 0.180476 0.548548 0.180836 0.548133 0.181196 0.548133 0.181556 0.547303 0.182277 0.547303 0.182637 0.546473 0.183357 0.546473 0.183718 0.546058 0.184078 0.546058 0.184438 0.545228 0.185159 0.545228 0.185879 0.545643 0.185879 0.546473 0.186599 0.546888 0.186599 0.547718 0.18732 0.548133 0.18732 0.548548 0.18768 0.548963 0.18768 0.549793 0.188401 0.550207 0.188401 0.550622 0.188761 0.551037 0.188761 0.551867 0.189481 0.552282 0.189481 0.553112 0.190202 0.553527 0.190202 0.553942 0.190562 0.554357 0.190562 0.556432 0.192363 0.556846 0.192363 0.557676 0.193084 0.558091 0.193084 0.558506 0.193444 0.558921 0.193444 0.559751 0.194164 0.560166 0.194164 0.562656 0.196326 0.562656 0.197406 0.561826 0.198127 0.562241 0.198487 0.561826 0.198847 0.561826 0.199207 0.561411 0.199568 0.561411 0.199928 0.560581 0.200648 0.560581 0.201009 0.559751 0.201729 0.559751 0.202089 0.559336 0.20245 0.559336 0.20281 0.558506 0.20353 0.558506 0.20389 0.557676 0.204611 0.557676 0.204971 0.557261 0.205331 0.557261 0.205692 0.556432 0.206412 0.556432 0.206772 0.556017 0.207133 0.556017 0.207493 0.555187 0.208213 0.555187 0.208573 0.554357 0.209294 0.554357 0.209654 0.553942 0.210014 0.553942 0.210375 0.553112 0.211095 0.553112 0.211455 0.552282 0.212176 0.552282 0.212536 0.551867 0.212896 0.551867 0.213256 0.551037 0.213977 0.551037 0.214337 0.550622 0.214697 0.550622 0.215058 0.549793 0.215778 0.549793 0.216138 0.548963 0.216859 0.548963 0.217219 0.548548 0.217579 0.548548 0.217939 0.547718 0.21866 0.547718 0.21902 0.546888 0.219741 0.546888 0.220101 0.546473 0.220461 0.546473 0.220821 0.545643 0.221542 0.545643 0.221902 0.545228 0.222262 0.545228 0.222622 0.544398 0.223343 0.544398 0.223703 0.543568 0.224424 0.543568 0.224784 0.543154 0.225144 0.543154 0.225504 0.542324 0.226225 0.542324 0.226585 0.541494 0.227305 0.541494 0.227666 0.541079 0.228026 0.541079 0.228386 0.540249 0.229107 0.540249 0.229467 0.539834 0.229827 0.539834 0.230187 0.539004 0.230908 0.539004 0.231268 0.538174 0.231988 0.538174 0.232349 0.537759 0.232709 0.537759 0.233069 0.536929 0.23379 0.536929 0.23415 0.536515 0.23451 0.5361 0.23451 0.535685 0.23487 0.535685 0.235231 0.534855 0.235951 0.534855 0.236311 0.53444 0.236671 0.53444 0.237032 0.53361 0.237752 0.53361 0.238112 0.53278 0.238833 0.53278 0.239193 0.532365 0.239553 0.532365 0.239914 0.531535 0.240634 0.531535 0.240994 0.53112 0.241354 0.53112 0.241715 0.53029 0.242435 0.53029 0.242795 0.528216 0.244597 0.528216 0.244957 0.527801 0.245317 0.527801 0.245677 0.526971 0.246398 0.526971 0.246758 0.526141 0.247478 0.526141 0.247839 0.525726 0.248199 0.525726 0.248559 0.524896 0.24928 0.524896 0.24964 0.524066 0.25036 0.524066 0.25072 0.523651 0.251081 0.523651 0.251441 0.522822 0.252161 0.522822 0.252522 0.522407 0.252882 0.522407 0.253242 0.521577 0.253963 0.521577 0.254323 0.520747 0.255043 0.520747 0.255403 0.520332 0.255764 0.520332 0.256124 0.519502 0.256844 0.519502 0.257205 0.518672 0.257925 0.518672 0.258285 0.518257 0.258646 0.518257 0.259006 0.517427 0.259726 0.517427 0.260086 0.517012 0.260447 0.517012 0.260807 0.516183 0.261527 0.516183 0.261888 0.515353 0.262608 0.515353 0.262968 0.514938 0.263329 0.514938 0.263689 0.514108 0.264409 0.514108 0.264769 0.513278 0.26549 0.513278 0.26585 0.512863 0.26621 0.512863 0.266571 0.512033 0.267291 0.512033 0.268372 0.511203 0.269092 0.511203 0.269452 0.510788 0.269813 0.510788 0.270173 0.509959 0.270893 0.509959 0.271254 0.509544 0.271614 0.509544 0.271974 0.508714 0.272695 0.508714 0.273055 0.507884 0.273775 0.507884 0.274135 0.507469 0.274496 0.507469 0.274856 0.506639 0.275576 0.506639 0.275937 0.505809 0.276657 0.505809 0.277017 0.505394 0.277378 0.505394 0.277738 0.504564 0.278458 0.504564 0.278818 0.504149 0.279179 0.504149 0.279539 0.50332 0.280259 0.50332 0.28062 0.50249 0.28134 0.50249 0.2817 0.502075 0.282061 0.502075 0.282421 0.50166 0.282781 0.501245 0.282421 0.501245 0.282781 0.50083 0.283141 0.49917 0.283141 0.498755 0.282781 0.497925 0.282781 0.49751 0.282421 0.497095 0.282421 0.49668 0.282061 0.495851 0.282061 0.495436 0.2817 0.495021 0.2817 0.494606 0.28134 0.494191 0.28134 0.493361 0.28062 0.492946 0.28062 0.492531 0.280259 0.492116 0.280259 0.491286 0.279539 0.490871 0.279539 0.490041 0.278818 0.489627 0.278818 0.489212 0.278458 0.488797 0.278458 0.487967 0.277738 0.487552 0.277738 0.486722 0.277017 0.486722 0.276657 0.486307 0.276657 0.485477 0.275937 0.485062 0.275937 0.484647 0.275576 0.484232 0.275576 0.483402 0.274856 0.482988 0.274856 0.482158 0.274135 0.481743 0.274135 0.481328 0.273775 0.480913 0.273775 0.480083 0.273055 0.479668 0.273055 0.479253 0.272695 0.478838 0.272695 0.478008 0.271974 0.477593 0.271974 0.476763 0.271254 0.476349 0.271614 0.475934 0.271254 0.475519 0.271254 0.475519 0.271614 0.475104 0.271974 0.475104 0.272334 0.474274 0.273055 0.474274 0.273415 0.473444 0.274135 0.473444 0.274496 0.473029 0.274856 0.473029 0.275216 0.472199 0.275937 0.472199 0.276297 0.471784 0.276657 0.471784 0.277017 0.470954 0.277738 0.470954 0.278098 0.470124 0.278818 0.470124 0.279179 0.46971 0.279539 0.46971 0.279899 0.46888 0.28062 0.46888 0.28098 0.46805 0.2817 0.46805 0.282061 0.467635 0.282421 0.467635 0.282781 0.466805 0.283501 0.466805 0.283862 0.46639 0.284222 0.46639 0.284582 0.46556 0.285303 0.46556 0.285663 0.46473 0.286383 0.46473 0.286744 0.464315 0.287104 0.464315 0.287464 0.463485 0.288184 0.463485 0.288545 0.462656 0.289265 0.462656 0.289625 0.462241 0.289986 0.462241 0.290346 0.461411 0.291066 0.461411 0.291427 0.460996 0.291787 0.460996 0.292147 0.460166 0.292867 0.460166 0.293228 0.459336 0.293948 0.459336 0.294308 0.458921 0.294669 0.458921 0.295029 0.458091 0.295749 0.458091 0.29611 0.457261 0.29683 0.457261 0.29719 0.456846 0.29755 0.456846 0.297911 0.456017 0.298631 0.456017 0.298991 0.455602 0.299352 0.455602 0.299712 0.454772 0.300432 0.454772 0.300793 0.453942 0.301513 0.453942 0.301873 0.453527 0.302233 0.453527 0.302594 0.452697 0.303314 0.452697 0.303674 0.451867 0.304395 0.451867 0.304755 0.451452 0.305115 0.451452 0.305476 0.450622 0.306196 0.451037 0.306556 0.451037 0.306916 0.451452 0.306916 0.451867 0.307277 0.451867 0.307637 0.452282 0.307997 0.452282 0.309798 0.451452 0.310519 0.451452 0.310879 0.450622 0.311599 0.450622 0.31196 0.450207 0.31232 0.450207 0.31268 0.449378 0.313401 0.449378 0.313761 0.448963 0.314121 0.448963 0.314481 0.448133 0.315202 0.448133 0.315562 0.447303 0.316282 0.447303 0.316643 0.446888 0.317003 0.446888 0.317363 0.446058 0.318084 0.446058 0.318444 0.445643 0.318804 0.445643 0.319164 0.444813 0.319885 0.444813 0.320245 0.443983 0.320965 0.443983 0.321326 0.443568 0.321686 0.443568 0.322046 0.442739 0.322767 0.442739 0.323127 0.441909 0.323847 0.441909 0.324207 0.441494 0.324568 0.441494 0.324928 0.440664 0.325648 0.440664 0.326009 0.440249 0.326369 0.440249 0.326729 0.439419 0.32745 0.439419 0.32781 0.438589 0.32853 0.438589 0.32889 0.438174 0.329251 0.438174 0.329611 0.437344 0.330331 0.437344 0.330692 0.436515 0.331412 0.436515 0.331772 0.4361 0.332133 0.4361 0.332493 0.43527 0.333213 0.43527 0.333573 0.434855 0.333934 0.434855 0.334294 0.434025 0.335014 0.434025 0.335375 0.433195 0.336095 0.433195 0.336455 0.43278 0.336816 0.43278 0.337176 0.43195 0.337896 0.43195 0.338256 0.43112 0.338977 0.43112 0.339337 0.430705 0.339697 0.430705 0.340058 0.43029 0.340418 0.431535 0.341499 0.431535 0.342579 0.43195 0.342939 0.43195 0.34366 0.431535 0.34402 0.431535 0.34438 0.430705 0.345101 0.430705 0.345461 0.429876 0.346182 0.429876 0.346542 0.429461 0.346902 0.429461 0.347262 0.428631 0.347983 0.428631 0.348343 0.428216 0.348703 0.428216 0.349063 0.427386 0.349784 0.427386 0.350144 0.426556 0.350865 0.426556 0.351225 0.426141 0.351585 0.426141 0.351945 0.425311 0.352666 0.425311 0.353026 0.424896 0.353386 0.424481 0.353386 0.424066 0.353746 0.424066 0.354107 0.423237 0.354827 0.423237 0.355187 0.422822 0.355548 0.422822 0.355908 0.421992 0.356628 0.421992 0.356988 0.421577 0.357349 0.421992 0.357709 0.421162 0.358429 0.421162 0.35879 0.420747 0.35915 0.421162 0.35951 0.420747 0.35987 0.420747 0.360231 0.419917 0.360951 0.419917 0.361311 0.419087 0.362032 0.419087 0.362392 0.418672 0.362752 0.418672 0.363112 0.417842 0.363833 0.417842 0.364193 0.417012 0.364914 0.417012 0.365274 0.416598 0.365634 0.416598 0.365994 0.415768 0.366715 0.415768 0.367075 0.415353 0.367435 0.415353 0.367795 0.414523 0.368516 0.414523 0.368876 0.413693 0.369597 0.413693 0.369957 0.413278 0.370317 0.413278 0.370677 0.412448 0.371398 0.412448 0.371758 0.411618 0.372478 0.411618 0.372839 0.411203 0.373199 0.411203 0.373559 0.410373 0.37428 0.410373 0.37464 0.409959 0.375 0.409959 0.37536 0.409129 0.376081 0.409129 0.376441 0.408299 0.377161 0.408299 0.377522 0.407884 0.377882 0.407884 0.378242 0.407054 0.378963 0.407054 0.379323 0.406224 0.380043 0.406224 0.380403 0.405809 0.380764 0.405809 0.381124 0.404979 0.381844 0.404979 0.382205 0.404564 0.382565 0.404564 0.382925 0.403734 0.383646 0.403734 0.384006 0.402905 0.384726 0.402905 0.385086 0.40249 0.385447 0.40249 0.385807 0.40166 0.386527 0.40166 0.386888 0.40083 0.387608 0.40083 0.387968 0.400415 0.388329 0.400415 0.388689 0.399585 0.389409 0.399585 0.389769 0.39917 0.39013 0.39917 0.39049 0.39834 0.39121 0.39834 0.391571 0.39751 0.392291 0.39751 0.392651 0.397095 0.393012 0.397095 0.393372 0.396266 0.394092 0.396266 0.394452 0.395436 0.395173 0.395436 0.395533 0.395021 0.395893 0.395021 0.396254 0.394191 0.396974 0.394191 0.397334 0.393776 0.397695 0.393776 0.398055 0.392946 0.398775 0.392946 0.399135 0.392116 0.399856 0.392116 0.400216 0.391701 0.400576 0.391701 0.400937 0.390871 0.401657 0.390871 0.402017 0.390041 0.402738 0.390041 0.403098 0.389627 0.403458 0.389627 0.403818 0.388797 0.404539 0.388797 0.404899 0.388382 0.405259 0.388382 0.40562 0.387552 0.40634 0.387552 0.4067 0.386722 0.407421 0.386722 0.407781 0.386307 0.408141 0.386307 0.408501 0.385477 0.409222 0.385477 0.409582 0.384647 0.410303 0.384647 0.410663 0.384232 0.411023 0.384232 0.411383 0.383402 0.412104 0.383402 0.412464 0.382573 0.413184 0.382573 0.413545 0.382158 0.413905 0.382158 0.414265 0.381328 0.414986 0.381328 0.415346 0.380913 0.415706 0.380913 0.416066 0.380083 0.416787 0.380083 0.417147 0.379253 0.417867 0.379253 0.418228 0.378838 0.418588 0.378838 0.418948 0.378008 0.419669 0.378008 0.420029 0.377178 0.420749 0.377178 0.42111 0.376763 0.42147 0.376763 0.42183 0.375934 0.42255 0.375934 0.422911 0.375519 0.423271 0.375519 0.423631 0.374689 0.424352 0.374689 0.424712 0.373859 0.425432 0.373859 0.425793 0.373444 0.426153 0.373444 0.426513 0.372614 0.427233 0.372614 0.427594 0.371784 0.428314 0.371784 0.428674 0.371369 0.429035 0.371369 0.429395 0.370539 0.430115 0.370539 0.430476 0.370124 0.430836 0.370124 0.431196 0.369295 0.431916 0.369295 0.432277 0.368465 0.432997 0.368465 0.433357 0.36805 0.433718 0.36805 0.434078 0.36722 0.434798 0.36722 0.435159 0.36639 0.435879 0.36639 0.436239 0.365975 0.436599 0.365975 0.43696 0.365145 0.43768 0.365145 0.43804 0.36473 0.438401 0.36473 0.438761 0.3639 0.439481 0.3639 0.439841 0.363071 0.440562 0.363071 0.440922 0.362656 0.441282 0.362656 0.441643 0.361826 0.442363 0.361826 0.442723 0.360996 0.443444 0.360996 0.443804 0.360581 0.444164 0.360581 0.444524 0.359751 0.445245 0.359751 0.445605 0.359336 0.445965 0.359336 0.446326 0.358506 0.447046 0.358506 0.447406 0.357676 0.448127 0.357676 0.448487 0.357261 0.448847 0.357261 0.449207 0.356432 0.449928 0.356432 0.450288 0.355602 0.451009 0.355602 0.451369 0.355187 0.451729 0.355187 0.452089 0.354357 0.45281 0.354357 0.45317 0.353942 0.45353 0.353942 0.45389 0.353112 0.454611 0.353112 0.454971 0.352282 0.455692 0.352282 0.456052 0.351867 0.456412 0.351867 0.456772 0.351037 0.457493 0.351037 0.457853 0.350207 0.458573 0.350207 0.458934 0.349793 0.459294 0.349793 0.459654 0.348963 0.460375 0.348963 0.460735 0.348548 0.461095 0.348548 0.461455 0.347718 0.462176 0.347718 0.462536 0.346888 0.463256 0.346888 0.463617 0.346473 0.463977 0.346473 0.464337 0.345643 0.465058 0.345643 0.465418 0.344813 0.466138 0.344813 0.466499 0.344398 0.466859 0.344398 0.467219 0.343568 0.467939 0.343568 0.4683 0.343154 0.46866 0.343154 0.46902 0.342324 0.469741 0.342324 0.470101 0.341494 0.470821 0.341494 0.471182 0.341079 0.471542 0.341079 0.471902 0.340249 0.472622 0.340249 0.472983 0.339419 0.473703 0.339419 0.474063 0.339004 0.474424 0.339004 0.474784 0.338174 0.475504 0.338174 0.475865 0.337759 0.476225 0.337759 0.476585 0.336929 0.477305 0.336929 0.477666 0.3361 0.478386 0.3361 0.478746 0.335685 0.479107 0.335685 0.479467 0.334855 0.480187 0.334855 0.480548 0.334025 0.481268 0.334025 0.481628 0.33361 0.481988 0.33361 0.482349 0.33278 0.483069 0.33278 0.483429 0.332365 0.48379 0.332365 0.48415 0.331535 0.48487 0.331535 0.485231 0.330705 0.485951 0.330705 0.486311 0.33029 0.486671 0.33029 0.487032 0.329461 0.487752 0.329461 0.488112 0.328631 0.488833 0.328631 0.489193 0.328216 0.489553 0.328216 0.489914 0.327386 0.490634 0.327386 0.490994 0.326971 0.491354 0.326971 0.491715 0.326141 0.492435 0.326141 0.492795 0.325311 0.493516 0.325311 0.493876 0.324896 0.494236 0.324896 0.494597 0.324066 0.495317 0.324066 0.495677 0.323237 0.496398 0.323237 0.496758 0.322822 0.497118 0.322822 0.497478 0.321992 0.498199 0.321992 0.498559 0.321577 0.498919 0.321577 0.49928 0.320747 0.5 0.320747 0.50036 0.319917 0.501081 0.319917 0.501441 0.319502 0.501801 0.319502 0.502161 0.318672 0.502882 0.318672 0.503242 0.317842 0.503963 0.317842 0.504323 0.317427 0.504683 0.317427 0.505043 0.316598 0.505764 0.316598 0.506124 0.316183 0.506484 0.316183 0.506844 0.315353 0.507565 0.315353 0.507925 0.314523 0.508646 0.314523 0.509006 0.314108 0.509366 0.314108 0.509726 0.313278 0.510447 0.313278 0.510807 0.312448 0.511527 0.312448 0.511888 0.312033 0.512248 0.312033 0.512608 0.311203 0.513329 0.311203 0.513689 0.310788 0.514049 0.310788 0.514409 0.309959 0.51513 0.309959 0.51549 0.309129 0.51621 0.309129 0.516571 0.308714 0.516931 0.308714 0.517291 0.307884 0.518012 0.307884 0.518372 0.307054 0.519092 0.307054 0.519452 0.306639 0.519813 0.306639 0.520173 0.305809 0.520893 0.305809 0.521254 0.305394 0.521614 0.305394 0.521974 0.304564 0.522695 0.304564 0.523055 0.303734 0.523775 0.303734 0.524135 0.30332 0.524496 0.30332 0.524856 0.30249 0.525576 0.30249 0.525937 0.30166 0.526657 0.30166 0.527017 0.301245 0.527378 0.301245 0.527738 0.300415 0.528458 0.300415 0.528818 0.3 0.529179 0.3 0.529539 0.29917 0.530259 0.29917 0.53062 0.29834 0.53134 0.29834 0.5317 0.297925 0.532061 0.297925 0.532421 0.29751 0.532781 0.297095 0.532421 0.297095 0.532781 0.29668 0.533141 0.29668 0.533501 0.295851 0.534222 0.295851 0.534582 0.295021 0.535303 0.295021 0.535663 0.294606 0.536023 0.294606 0.536383 0.293776 0.537104 0.293776 0.537464 0.293361 0.537824 0.293361 0.538184 0.292531 0.538905 0.292531 0.539265 0.291701 0.539986 0.291701 0.540346 0.291286 0.540706 0.291286 0.541066 0.290871 0.541427 0.290456 0.541427 0.290041 0.541787 0.290041 0.542147 0.289212 0.542867 0.289212 0.543228 0.288382 0.543948 0.288382 0.544308 0.287967 0.544669 0.287552 0.544669 0.287137 0.544308 0.286722 0.544669 0.287552 0.545389 0.287137 0.545749 0.287137 0.54611 0.286307 0.54683 0.286307 0.54719 0.285892 0.54755 0.285892 0.547911 0.285062 0.548631 0.285062 0.548991 0.284647 0.549352 0.284647 0.549712 0.283817 0.550432 0.283817 0.550793 0.282988 0.551513 0.282988 0.551873 0.282573 0.552233 0.281743 0.552233 0.281328 0.552594 0.280913 0.552594 0.280913 0.552954 0.281743 0.553674 0.280913 0.554395 0.280913 0.554755 0.280498 0.555115 0.280498 0.555476 0.279253 0.556556 0.278423 0.556556 0.278423 0.556916 0.278008 0.557277 0.277593 0.557277 0.277593 0.557637 0.278423 0.557637 0.278838 0.557997 0.278838 0.558357 0.278423 0.558718 0.278423 0.559078 0.277593 0.559798 0.277593 0.560159 0.277178 0.560519 0.277178 0.560879 0.276349 0.561599 0.276349 0.56196 0.275519 0.56268 0.275519 0.56304 0.275104 0.563401 0.275104 0.563761 0.274274 0.564481 0.274274 0.564841 0.273444 0.565562 0.273444 0.565922 0.273029 0.566282 0.272199 0.565562 0.271784 0.565562 0.271784 0.565922 0.272199 0.566282 0.272614 0.565922 0.273029 0.566282 0.273029 0.566643 0.272199 0.567363 0.272199 0.567723 0.271784 0.568084 0.271784 0.568444 0.270954 0.569164 0.270954 0.569524 0.270124 0.570245 0.270124 0.570605 0.26971 0.570965 0.269295 0.570965 0.26888 0.571326 0.26888 0.571686 0.268465 0.572046 0.268465 0.572406 0.267635 0.573127 0.267635 0.573487 0.266805 0.574207 0.266805 0.574568 0.26639 0.574928 0.26639 0.575288 0.26556 0.576009 0.26556 0.576369 0.26473 0.577089 0.26473 0.57745 0.264315 0.57781 0.264315 0.57817 0.263485 0.57889 0.263485 0.579251 0.263071 0.579611 0.263071 0.579971 0.262241 0.580692 0.262241 0.581052 0.261411 0.581772 0.261411 0.582133 0.260996 0.582493 0.260996 0.582853 0.260166 0.583573 0.260166 0.583934 0.259336 0.584654 0.259336 0.585014 0.258921 0.585375 0.258921 0.585735 0.258091 0.586455 0.258091 0.586816 0.257676 0.587176 0.257676 0.587536 0.256846 0.588256 0.256846 0.588617 0.256017 0.589337 0.256017 0.589697 0.255602 0.590058 0.255602 0.590418 0.254772 0.591138 0.254772 0.591499 0.253942 0.592219 0.253942 0.592579 0.253527 0.592939 0.253527 0.5933 0.252697 0.59402 0.252697 0.59438 0.252282 0.594741 0.252282 0.595101 0.251452 0.595821 0.251452 0.596182 0.250622 0.596902 0.250622 0.597262 0.250207 0.597622 0.250207 0.597983 0.249378 0.598703 0.249378 0.599063 0.248548 0.599784 0.248548 0.600144 0.248133 0.600504 0.248133 0.600865 0.247303 0.601585 0.247303 0.601945 0.246888 0.602305 0.246473 0.602305 0.246058 0.601945 0.245643 0.602305 0.245643 0.602666 0.246058 0.603026 0.245228 0.603746 0.244813 0.603746 0.244813 0.604467 0.245228 0.604467 0.246058 0.605187 0.246473 0.605187 0.246888 0.605548 0.247718 0.605548 0.247718 0.605187 0.246888 0.604467 0.246888 0.604107 0.246473 0.604107 0.245643 0.603386 0.246058 0.603026 0.246058 0.602666 0.246473 0.602305 0.246888 0.602666 0.246888 0.603026 0.247303 0.603026 0.248133 0.603746 0.248548 0.603746 0.248963 0.604107 0.249378 0.604107 0.250207 0.604827 0.250622 0.604827 0.251452 0.605548 0.251867 0.605548 0.252282 0.605908 0.252697 0.605908 0.253527 0.606628 0.253942 0.606628 0.254772 0.607349 0.255187 0.607349 0.255602 0.607709 0.256017 0.607709 0.256846 0.608429 0.257261 0.608429 0.257676 0.60879 0.256846 0.60951 0.256846 0.60987 0.256432 0.610231 0.256432 0.610591 0.256846 0.610951 0.257261 0.610951 0.258091 0.611671 0.258506 0.611671 0.258921 0.612032 0.259336 0.612032 0.260166 0.612752 0.260996 0.612752 0.261411 0.612392 0.262241 0.612392 0.262656 0.612752 0.263071 0.612752 0.2639 0.613473 0.264315 0.613112 0.26473 0.613473 0.265145 0.613473 0.26556 0.613833 0.265975 0.613473 0.265975 0.613112 0.26639 0.612752 0.26639 0.612392 0.265975 0.612032 0.26639 0.611671 0.26639 0.611311 0.266805 0.610951 0.266805 0.610591 0.267635 0.60987 0.267635 0.60951 0.26805 0.60915 0.26805 0.60879 0.26888 0.608069 0.26888 0.607709 0.26971 0.606988 0.26971 0.606628 0.270124 0.606268 0.270124 0.605908 0.270954 0.605187 0.270954 0.604827 0.271784 0.604107 0.271784 0.603746 0.272199 0.603386 0.272199 0.603026 0.273029 0.602305 0.273029 0.601945 0.273444 0.601585 0.273444 0.601225 0.274274 0.600504 0.274274 0.600144 0.275104 0.599424 0.275104 0.599063 0.275519 0.598703 0.275519 0.598343 0.276349 0.597622 0.276349 0.597262 0.277178 0.596542 0.277178 0.596182 0.277593 0.595821 0.277593 0.595461 0.278423 0.594741 0.278423 0.59438 0.278838 0.59402 0.278838 0.59366 0.279668 0.592939 0.279668 0.592579 0.280498 0.591859 0.280498 0.591499 0.280913 0.591138 0.280913 0.590778 0.281743 0.590058 0.281743 0.589697 0.282573 0.588977 0.282573 0.588617 0.282988 0.588256 0.282988 0.587896 0.283817 0.587176 0.283817 0.586816 0.284232 0.586455 0.284232 0.586095 0.285062 0.585375 0.285062 0.585014 0.285892 0.584294 0.285892 0.583934 0.286307 0.583573 0.286307 0.583213 0.287137 0.582493 0.287137 0.582133 0.287967 0.581412 0.287967 0.581052 0.288382 0.580692 0.288382 0.580331 0.289212 0.579611 0.289212 0.579251 0.289627 0.57889 0.289627 0.57853 0.290456 0.57781 0.290456 0.57745 0.291286 0.576729 0.291286 0.576369 0.291701 0.576009 0.291701 0.575648 0.292531 0.574928 0.292531 0.574568 0.293361 0.573847 0.293361 0.573487 0.293776 0.573127 0.293776 0.572767 0.294606 0.572046 0.294606 0.571686 0.295021 0.571326 0.295021 0.570965 0.295851 0.570245 0.295851 0.569885 0.29668 0.569164 0.29668 0.568804 0.297095 0.568444 0.297095 0.568084 0.297925 0.567363 0.297925 0.567003 0.298755 0.566282 0.298755 0.565922 0.29917 0.565562 0.29917 0.565202 0.3 0.564481 0.3 0.564121 0.300415 0.563761 0.300415 0.563401 0.301245 0.56268 0.301245 0.56232 0.302075 0.561599 0.302075 0.561239 0.30249 0.560879 0.30249 0.560519 0.30332 0.559798 0.30332 0.559438 0.304149 0.558718 0.304149 0.558357 0.304564 0.557997 0.304564 0.557637 0.305394 0.556916 0.305394 0.556556 0.305809 0.556196 0.305809 0.555836 0.306639 0.555115 0.306639 0.554755 0.307469 0.554035 0.307469 0.553674 0.307884 0.553314 0.307884 0.552954 0.308714 0.552233 0.308714 0.551873 0.309544 0.551153 0.309544 0.550793 0.309959 0.550432 0.309959 0.550072 0.310373 0.549712 0.311203 0.549712 0.312033 0.548991 0.312448 0.548991 0.313278 0.549712 0.313693 0.549712 0.314108 0.549352 0.314108 0.548991 0.314938 0.548271 0.314938 0.547911 0.315768 0.54719 0.315768 0.54683 0.316183 0.54647 0.317012 0.54647 0.317842 0.54719 0.318257 0.54719 0.318672 0.54755 0.319087 0.54755 0.319917 0.548271 0.320332 0.548271 0.320747 0.548631 0.321162 0.548631 0.321992 0.549352 0.322407 0.549352 0.323237 0.550072 0.323651 0.550072 0.324066 0.550432 0.324481 0.550432 0.325311 0.551153 0.325726 0.551153 0.326556 0.551873 0.326971 0.551873 0.327386 0.552233 0.327801 0.552233 0.328631 0.552954 0.329046 0.552954 0.329461 0.553314 0.329876 0.553314 0.330705 0.554035 0.33112 0.554035 0.33195 0.554755 0.332365 0.554755 0.33278 0.555115 0.333195 0.555115 0.334025 0.555836 0.33444 0.555836 0.33527 0.556556 0.335685 0.556556 0.3361 0.556916 0.336515 0.556916 0.337344 0.557637 0.337759 0.557637 0.338174 0.557997 0.338589 0.557997 0.339419 0.558718 0.339834 0.558718 0.340664 0.559438 0.341079 0.559438 0.341494 0.559798 0.341909 0.559798 0.342739 0.560519 0.343154 0.560519 0.343983 0.561239 0.344398 0.561239 0.344813 0.561599 0.345228 0.561599 0.346058 0.56232 0.346473 0.56232 0.346888 0.56268 0.347303 0.56268 0.348133 0.563401 0.348548 0.563401 0.349378 0.564121 0.349793 0.564121 0.350207 0.564481 0.350622 0.564481 0.351452 0.565202 0.351867 0.565202 0.352697 0.565922 0.353112 0.565922 0.353527 0.566282 0.353942 0.566282 0.354772 0.567003 0.355187 0.567003 0.355602 0.567363 0.356017 0.567363 0.356846 0.568084 0.357261 0.568084 0.358091 0.568804 0.358506 0.568804 0.358921 0.569164 0.359336 0.569164 0.360166 0.569885 0.360581 0.569885 0.361411 0.570605 0.361826 0.570605 0.362241 0.570965 0.362656 0.570965 0.363485 0.571686 0.3639 0.571686 0.364315 0.572046 0.36473 0.572046 0.36556 0.572767 0.365975 0.572767 0.366805 0.573487 0.36722 0.573487 0.367635 0.573847 0.36805 0.573847 0.36888 0.574568 0.369295 0.574568 0.370124 0.575288 0.370539 0.575288 0.370954 0.575648 0.371369 0.575648 0.372199 0.576369 0.372614 0.576369 0.373029 0.576729 0.373444 0.576729 0.374274 0.57745 0.374689 0.57745 0.375519 0.57817 0.375934 0.57817 0.376349 0.57853 0.376763 0.57853 0.377593 0.579251 0.378008 0.579251 0.378838 0.579971 0.379253 0.579971 0.379668 0.580331 0.380083 0.580331 0.380913 0.581052 0.381328 0.581052 0.381743 0.581412 0.382158 0.581412 0.382988 0.582133 0.383402 0.582133 0.384232 0.582853 0.384647 0.582853 0.385062 0.583213 0.385477 0.583213 0.386307 0.583934 0.386722 0.583934 0.387552 0.584654 0.387967 0.584654 0.388382 0.585014 0.388797 0.585014 0.389627 0.585735 0.390041 0.585735 0.390456 0.586095 0.390871 0.586095 0.391701 0.586816 0.392116 0.586816 0.392946 0.587536 0.393361 0.587536 0.393776 0.587896 0.394191 0.587896 0.395021 0.588617 0.395436 0.588617 0.396266 0.589337 0.39668 0.589337 0.397095 0.589697 0.39751 0.589697 0.39834 0.590418 0.398755 0.590418 0.39917 0.590778 0.399585 0.590778 0.400415 0.591499 0.40083 0.591499 0.40166 0.592219 0.402075 0.592219 0.40249 0.592579 0.402905 0.592579 0.403734 0.5933 0.404149 0.5933 0.404979 0.59402 0.405394 0.59402 0.405809 0.59438 0.406224 0.59438 0.407054 0.595101 0.407469 0.595101 0.407884 0.595461 0.408299 0.595461 0.409129 0.596182 0.409544 0.596182 0.410373 0.596902 0.410788 0.596902 0.411203 0.597262 0.411618 0.597262 0.412448 0.597983 0.412863 0.597983 0.413693 0.598703 0.414108 0.598703 0.414523 0.599063 0.414938 0.599063 0.415768 0.599784 0.416183 0.599784 0.416598 0.600144 0.417012 0.600144 0.417842 0.600865 0.417842 0.601585 0.417427 0.601945 0.417427 0.602305 0.416598 0.603026 0.416598 0.603386 0.416183 0.603746 0.416183 0.604107 0.415353 0.604827 0.415353 0.605187 0.414523 0.605908 0.414523 0.606268 0.414108 0.606628 0.414108 0.606988 0.413278 0.607709 0.413278 0.608069 0.412448 0.60879 0.412448 0.60915 0.412033 0.60951 0.412033 0.60987 0.411203 0.610591 0.411203 0.610951 0.410788 0.611311 0.410788 0.611671 0.409959 0.612392 0.409959 0.612752 0.409129 0.613473 0.409129 0.613833 0.408714 0.614193 0.408714 0.614553 0.407884 0.615274 0.407884 0.615634 0.407469 0.615994 0.407884 0.616354 0.407469 0.616715 0.407884 0.617075 0.407884 0.617435 0.408299 0.617795 0.408714 0.617795 0.409129 0.618156 0.409544 0.618156 0.410373 0.618876 0.410788 0.618876 0.411618 0.619597 0.412033 0.619597 0.412448 0.619957 0.412863 0.619957 0.413693 0.620677 0.414108 0.620677 0.414938 0.621398 0.415353 0.621398 0.415768 0.621758 0.416183 0.621758 0.417012 0.622478 0.417427 0.622478 0.417842 0.622839 0.418257 0.622839 0.419087 0.623559 0.419502 0.623559 0.420332 0.62428 0.420747 0.62428 0.421162 0.62464 0.421577 0.62464 0.422407 0.62536 0.422822 0.62536 0.423651 0.626081 0.424066 0.626081 0.424481 0.626441 0.424896 0.626441 0.425726 0.627161 0.426141 0.627161 0.426556 0.627522 0.426971 0.627522 0.427801 0.628242 0.428216 0.628242 0.429046 0.628963 0.429461 0.628963 0.429876 0.629323 0.43029 0.629323 0.43112 0.630043 0.431535 0.630043 0.432365 0.630764 0.43278 0.630764 0.433195 0.631124 0.43361 0.631124 0.43444 0.631844 0.434855 0.631844 0.43527 0.632205 0.435685 0.632205 0.436515 0.632925 0.436929 0.632925 0.437759 0.633646 0.437759 0.634006 0.438174 0.634006 0.439004 0.634726 0.439419 0.634726 0.439834 0.635086 0.440249 0.635086 0.441079 0.635807 0.441494 0.635807 0.442324 0.636527 0.442739 0.636527 0.444398 0.637968 0.444813 0.637968 0.445643 0.638689 0.446058 0.638689 0.448133 0.64049 0.448133 0.64085 0.448548 0.64085 0.449378 0.641571 0.449378 0.641931 0.449793 0.641931 0.450622 0.642651 0.450622 0.643012 0.451037 0.643012 0.451867 0.643732 0.452282 0.643732 0.452697 0.644092 0.452697 0.644452 0.453112 0.644813 0.453527 0.644813 0.453942 0.645173 0.453942 0.645533 0.454357 0.645893 0.454772 0.645893 0.455187 0.646254 0.455187 0.646614 0.455602 0.646974 0.456017 0.646974 0.456846 0.647695 0.457261 0.647695 0.457676 0.648055 0.457676 0.648415 0.458091 0.648775 0.458506 0.648775 0.458921 0.649135 0.458921 0.649496 0.458091 0.650216 0.458091 0.650576 0.457676 0.650937 0.458091 0.651297 0.458091 0.652017 0.458506 0.652378 0.458506 0.652738 0.460166 0.654179 0.460166 0.654539 0.460581 0.654539 0.461411 0.655259 0.461826 0.655259 0.462241 0.65562 0.462241 0.65598 0.462656 0.65634 0.463071 0.65634 0.463485 0.6567 0.4639 0.6567 0.465145 0.657781 0.46473 0.658141 0.46473 0.658501 0.4639 0.659222 0.464315 0.659582 0.4639 0.659942 0.4639 0.660303 0.463071 0.661023 0.463071 0.662104 0.462241 0.662824 0.462241 0.663184 0.461826 0.663545 0.461826 0.663905 0.460996 0.664625 0.460996 0.664986 0.460581 0.665346 0.460581 0.666066 0.460166 0.666427 0.460581 0.666427 0.461411 0.667147 0.461826 0.666787 0.462656 0.666787 0.462656 0.666427 0.4639 0.665346 0.464315 0.665346 0.464315 0.664986 0.46473 0.664625 0.46473 0.663545 0.46556 0.662824 0.46556 0.662464 0.46639 0.661744 0.46639 0.661383 0.466805 0.661023 0.466805 0.660663 0.46805 0.659582 0.46888 0.659582 0.469295 0.659942 0.46971 0.659942 0.470124 0.660303 0.470539 0.660303 0.471369 0.661023 0.471784 0.661023 0.472199 0.661383 0.472614 0.661383 0.473444 0.662104 0.473859 0.662104 0.474689 0.662824 0.475104 0.662824 0.475519 0.663184 0.475934 0.663184 0.476763 0.663905 0.477178 0.663905 0.477593 0.664265 0.477178 0.664625 0.477178 0.665706 0.476349 0.666427 0.476349 0.666787 0.475519 0.667507 0.475519 0.667867 0.475104 0.668228 0.475104 0.668588 0.474274 0.669308 0.474274 0.669669 0.473444 0.670389 0.473444 0.670749 0.473029 0.67111 0.473444 0.67147 0.473029 0.67183 0.473029 0.67219 0.472614 0.67255 0.473029 0.672911 0.473444 0.672911 0.473859 0.673271 0.475104 0.673271 0.475104 0.672911 0.475934 0.67219 0.475934 0.67183 0.478008 0.670029 0.478008 0.669669 0.478423 0.669308 0.478423 0.668948 0.479253 0.668228 0.479253 0.667867 0.480083 0.667147 0.480083 0.666787 0.480498 0.666427 0.480913 0.666427 0.481328 0.666066 0.482158 0.666787 0.482573 0.666787 0.483402 0.667507 0.483817 0.667507 0.484232 0.667867 0.483817 0.668228 0.483817 0.668588 0.482988 0.669308 0.482988 0.669669 0.482573 0.670029 0.482573 0.670389 0.481743 0.67111 0.481328 0.67111 0.481328 0.67147 0.480498 0.67219 0.480498 0.67255 0.479668 0.673271 0.479668 0.673631 0.479253 0.673991 0.479668 0.674352 0.479253 0.674712 0.479253 0.675072 0.478838 0.675432 0.479253 0.675793 0.479253 0.676153 0.479668 0.676513 0.480083 0.676513 0.480498 0.676873 0.481328 0.676873 0.481328 0.676513 0.481743 0.676153 0.482158 0.676513 0.482158 0.676153 0.482988 0.675432 0.482988 0.674352 0.483402 0.673991 0.483402 0.673631 0.484232 0.672911 0.484232 0.67255 0.485062 0.67183 0.485062 0.67147 0.485477 0.67111 0.485477 0.670749 0.486307 0.670029 0.486722 0.670029 0.486722 0.669669 0.487137 0.669308 0.487552 0.669669 0.487967 0.669669 0.488797 0.670389 0.489212 0.670389 0.490041 0.67111 0.490041 0.67147 0.489627 0.67183 0.489627 0.67219 0.488797 0.672911 0.488797 0.673271 0.487967 0.673991 0.487967 0.674352 0.487552 0.674712 0.487552 0.675072 0.486722 0.675793 0.486722 0.676153 0.485892 0.676873 0.485892 0.677233 0.485477 0.677594 0.485477 0.679035 0.485062 0.679395 0.485477 0.679395 0.485892 0.679755 0.486307 0.679395 0.486722 0.679755 0.486722 0.679395 0.487137 0.679035 0.487137 0.678674 0.487552 0.678314 0.487967 0.678674 0.487967 0.678314 0.488382 0.677954 0.488797 0.677954 0.489212 0.677594 0.489212 0.677233 0.489627 0.676873 0.489627 0.676513 0.490456 0.675793 0.490456 0.675432 0.491286 0.674712 0.491286 0.674352 0.491701 0.673991 0.492116 0.673991 0.493361 0.672911 0.493776 0.672911 0.494191 0.673271 0.495436 0.673271 0.496266 0.673991 0.496266 0.675072 0.495851 0.675432 0.495851 0.676153 0.495436 0.676513 0.495436 0.676873 0.495021 0.677233 0.495021 0.677594 0.494191 0.678314 0.494191 0.678674 0.493776 0.679035 0.493361 0.679035 0.492946 0.679395 0.492946 0.679755 0.492116 0.680476 0.492116 0.680836 0.491701 0.681196 0.491701 0.681556 0.491286 0.681916 0.491701 0.682277 0.491701 0.682637 0.491286 0.682997 0.491701 0.683357 0.492116 0.683357 0.492531 0.683718 0.492946 0.683357 0.493361 0.683357 0.493361 0.682997 0.494191 0.682277 0.494191 0.681916 0.494606 0.681556 0.494606 0.681196 0.495436 0.680476 0.495436 0.680115 0.496266 0.679395 0.496266 0.679035 0.49668 0.678674 0.49668 0.678314 0.49751 0.677594 0.49834 0.677594 0.498755 0.677233 0.498755 0.676873 0.49917 0.676513 0.500415 0.676513 0.50083 0.676873 0.501245 0.676873 0.50166 0.677233 0.50166 0.677594 0.502905 0.678674 0.50249 0.679035 0.50249 0.679395 0.50166 0.680115 0.50166 0.680476 0.501245 0.680836 0.50083 0.680836 0.500415 0.681196 0.500415 0.681556 0.5 0.681916 0.5 0.682277 0.49917 0.682997 0.49917 0.683357 0.49834 0.684078 0.49834 0.684438 0.497925 0.684798 0.497925 0.685159 0.49751 0.685519 0.497925 0.685879 0.497925 0.68696 0.49751 0.68732 0.497925 0.68732 0.498755 0.68804 0.498755 0.68768 0.499585 0.68696 0.499585 0.686599 0.500415 0.685879 0.500415 0.685519 0.50083 0.685159 0.50083 0.684798 0.50166 0.684078 0.50166 0.683718 0.502075 0.683357 0.502075 0.682997 0.502905 0.682277 0.502905 0.681916 0.503734 0.681196 0.503734 0.680836 0.504149 0.680476 0.504979 0.680476 0.505394 0.680115 0.506639 0.680115 0.507469 0.680836 0.507884 0.680836 0.508714 0.681556 0.509129 0.681556 0.509544 0.681916 0.509959 0.681916 0.510788 0.682637 0.512033 0.682637 0.512448 0.682997 0.512863 0.682637 0.513278 0.682637 0.513693 0.682277 0.514108 0.682277 0.514108 0.681916 0.514938 0.681196 0.514938 0.680836 0.515353 0.680476 0.515768 0.680476 0.516183 0.680115 0.516183 0.679755 0.517012 0.679035 0.517427 0.679035 0.518257 0.678314 0.518672 0.678674 0.519087 0.678314 0.519502 0.678314 0.519917 0.678674 0.520332 0.678674 0.520747 0.679035 0.521162 0.679035 0.521992 0.679755 0.522407 0.679755 0.522822 0.680115 0.523237 0.680115 0.524066 0.680836 0.524481 0.680836 0.525311 0.681556 0.525726 0.681556 0.526141 0.681916 0.526556 0.681916 0.527386 0.682637 0.527801 0.682637 0.528631 0.683357 0.529046 0.683357 0.529461 0.683718 0.529876 0.683718 0.530705 0.684438 0.53112 0.684438 0.531535 0.684798 0.53195 0.684798 0.53278 0.685519 0.533195 0.685519 0.534025 0.686239 0.53444 0.686239 0.534855 0.686599 0.53527 0.686599 0.5361 0.68732 0.536515 0.68732 0.537344 0.68804 0.537759 0.68804 0.538174 0.688401 0.538589 0.688401 0.539419 0.689121 0.539834 0.689121 0.540249 0.689481 0.540664 0.689481 0.541494 0.690202 0.541909 0.690202 0.542739 0.690922 0.543154 0.690922 0.543568 0.691282 0.543983 0.691282 0.544813 0.692003 0.545228 0.692003 0.546058 0.692723 0.546473 0.692723 0.546888 0.693084 0.546888 0.693804 0.546473 0.694164 0.546473 0.694524 0.547303 0.694524 0.547718 0.694885 0.547718 0.695965 0.547303 0.696326 0.547718 0.696686 0.547303 0.697046 0.547303 0.697767 0.546473 0.698487 0.546058 0.698487 0.545643 0.698127 0.545643 0.697767 0.545228 0.697406 0.545228 0.697046 0.544398 0.697046 0.543983 0.697406 0.543983 0.697767 0.543568 0.698127 0.543568 0.698487 0.542739 0.699207 0.542739 0.699568 0.541909 0.700288 0.541909 0.700648 0.541494 0.701009 0.542324 0.701729 0.542739 0.701729 0.543154 0.702089 0.543568 0.702089 0.544398 0.70281 0.544813 0.70281 0.545228 0.70317 0.545643 0.70317 0.546473 0.70389 0.546888 0.70389 0.547718 0.704611 0.548133 0.704611 0.548548 0.704971 0.548963 0.704971 0.549793 0.705692 0.550207 0.705692 0.551037 0.706412 0.551452 0.706412 0.551867 0.706772 0.552282 0.706772 0.553112 0.707493 0.553527 0.707493 0.553942 0.707853 0.554357 0.707853 0.554357 0.707133 0.554772 0.706772 0.555602 0.707493 0.555187 0.707853 0.555187 0.708213 0.554357 0.708934 0.554357 0.709294 0.553527 0.710014 0.553527 0.710375 0.553112 0.710735 0.553112 0.711095 0.552697 0.711455 0.552697 0.711816 0.553112 0.712176 0.553112 0.712896 0.553527 0.713256 0.553942 0.713256 0.554357 0.713617 0.554357 0.713977 0.554772 0.714337 0.554772 0.715418 0.554357 0.715778 0.554357 0.716138 0.553112 0.717219 0.552697 0.716859 0.552697 0.716499 0.552282 0.716138 0.552282 0.715418 0.551867 0.715058 0.551867 0.714337 0.551452 0.713977 0.551452 0.713256 0.551867 0.712896 0.551037 0.712896 0.551037 0.713256 0.550207 0.713977 0.550207 0.714337 0.549793 0.714697 0.549793 0.715058 0.548963 0.715778 0.548963 0.716499 0.549378 0.716859 0.549793 0.716859 0.550207 0.717219 0.550207 0.717579 0.550622 0.717939 0.551037 0.717939 0.551867 0.71866 0.552282 0.71866 0.553112 0.71938 0.553527 0.71938 0.554357 0.720101 0.553942 0.720461 0.553942 0.720821 0.553112 0.721542 0.553112 0.721902 0.553527 0.721902 0.553942 0.722262 0.554772 0.722262 0.555187 0.722622 0.555187 0.722983 0.555602 0.722983 0.556432 0.723703 0.556846 0.723703 0.557261 0.724063 0.557676 0.724063 0.558506 0.724784 0.558506 0.725144 0.558921 0.725144 0.559336 0.725504 0.559751 0.725504 0.560996 0.726585 0.561411 0.726585 0.561826 0.726945 0.563071 0.726945 0.5639 0.727666 0.564315 0.727666 0.565145 0.728386 0.56556 0.728386 0.56639 0.729107 0.56639 0.729467 0.567635 0.729467 0.568465 0.730187 0.56888 0.729827 0.569295 0.730187 0.56971 0.730187 0.570124 0.730548 0.570539 0.730548 0.571369 0.731268 0.571784 0.731268 0.572614 0.731988 0.573029 0.731988 0.573444 0.732349 0.573859 0.732349 0.574689 0.733069 0.575104 0.733069 0.575519 0.733429 0.575934 0.733429 0.576349 0.73379 0.576349 0.73415 0.579253 0.736671 0.580083 0.736671 0.580498 0.737032 0.580913 0.737032 0.581743 0.737752 0.582158 0.737752 0.582573 0.738112 0.582573 0.738473 0.582988 0.738833 0.583402 0.738833 0.583817 0.739193 0.584232 0.739193 0.584647 0.739553 0.584647 0.739914 0.584232 0.740274 0.584647 0.740274 0.585477 0.740994 0.585892 0.740994 0.586307 0.741354 0.586722 0.741354 0.587552 0.742075 0.587967 0.742075 0.588382 0.742435 0.588382 0.742795 0.588797 0.743156 0.589212 0.743156 0.590041 0.743876 0.590456 0.743876 0.590871 0.744236 0.591286 0.744236 0.592116 0.744957 0.592531 0.744957 0.592946 0.745317 0.593361 0.744957 0.595436 0.746758 0.595436 0.747478 0.595851 0.747839 0.596266 0.747839 0.59668 0.748199 0.59668 0.748559 0.596266 0.748919 0.596266 0.74928 0.59668 0.74928 0.59751 0.75 0.597925 0.74964 0.597925 0.74928 0.59834 0.748919 0.59917 0.74964 0.598755 0.75 0.598755 0.75036 0.59917 0.75072 0.59917 0.752161 0.599585 0.752161 0.600415 0.752882 0.600415 0.753242 0.60083 0.753242 0.60166 0.753963 0.602905 0.753963 0.60332 0.754323 0.603734 0.754323 0.604564 0.755043 0.604979 0.754683 0.605809 0.755403 0.605809 0.755764 0.606224 0.755764 0.606224 0.755403 0.606639 0.755043 0.607469 0.755764 0.607884 0.755403 0.608299 0.755764 0.608299 0.756844 0.608714 0.757205 0.608714 0.757565 0.608299 0.757925 0.608299 0.758285 0.607469 0.759006 0.607884 0.759366 0.608299 0.759366 0.608714 0.759726 0.608714 0.760447 0.608299 0.760807 0.608714 0.760807 0.609129 0.761167 0.609544 0.761167 0.610373 0.760447 0.611203 0.761167 0.611203 0.760807 0.611618 0.760447 0.611203 0.760086 0.611203 0.759366 0.611618 0.759006 0.612033 0.759366 0.612863 0.759366 0.613278 0.759726 0.615353 0.759726 0.615768 0.759366 0.617012 0.760447 0.617842 0.760447 0.618257 0.760086 0.618257 0.759726 0.619087 0.759006 0.619087 0.758646 0.619502 0.758285 0.619502 0.757925 0.620332 0.757205 0.620332 0.756844 0.620747 0.756484 0.620747 0.756124 0.621577 0.755403 0.621577 0.755043 0.622407 0.754323 0.622407 0.753963 0.622822 0.753602 0.622822 0.753242 0.623651 0.752522 0.623651 0.752161 0.624066 0.751801 0.624066 0.751441 0.623651 0.751081 0.622822 0.751801 0.622407 0.751801 0.622407 0.752161 0.621992 0.752522 0.621162 0.752522 0.620747 0.752161 0.620332 0.752161 0.619917 0.752522 0.619502 0.752161 0.619087 0.752522 0.618672 0.752161 0.617012 0.752161 0.616598 0.751801 0.617427 0.751081 0.617842 0.751081 0.617842 0.75072 0.618257 0.75036 0.618672 0.75036 0.619087 0.75 0.619087 0.74964 0.619502 0.74928 0.620332 0.75 0.620747 0.75 0.621162 0.75036 0.623651 0.75036 0.623651 0.75 0.624481 0.74928 0.624481 0.748919 0.625311 0.748199 0.625311 0.747839 0.625726 0.747478 0.625726 0.747118 0.626556 0.746398 0.626556 0.746037 0.627386 0.745317 0.627386 0.744957 0.627801 0.744597 0.628216 0.744597 0.629046 0.745317 0.629461 0.745317 0.63029 0.746037 0.630705 0.746037 0.63112 0.746398 0.631535 0.746398 0.632365 0.747118 0.63278 0.747118 0.633195 0.747478 0.63361 0.747478 0.63444 0.748199 0.634855 0.748199 0.63527 0.748559 0.635685 0.748199 0.6361 0.748559 0.636515 0.748199 0.637759 0.748199 0.638174 0.747839 0.639419 0.747839 0.639834 0.747478 0.640664 0.747478 0.641079 0.747839 0.641494 0.747478 0.642324 0.748199 0.642739 0.748199 0.643568 0.748919 0.643983 0.748919 0.644398 0.74928 0.644813 0.74928 0.645643 0.75 0.646058 0.75 0.646473 0.75036 0.646888 0.75 0.647718 0.75072 0.647718 0.751081 0.647303 0.751441 0.646888 0.751441 0.646473 0.751081 0.646058 0.751441 0.645228 0.75072 0.644813 0.75072 0.644398 0.75036 0.643983 0.75036 0.643154 0.74964 0.641909 0.74964 0.641079 0.748919 0.638589 0.748919 0.638174 0.74928 0.637344 0.74928 0.637344 0.74964 0.636929 0.75 0.637344 0.75 0.637759 0.75036 0.638174 0.75036 0.639004 0.751081 0.640249 0.75 0.640664 0.75 0.641494 0.75072 0.641909 0.75072 0.642739 0.751441 0.643154 0.751441 0.643568 0.751801 0.643983 0.751801 0.644813 0.752522 0.645228 0.752522 0.646058 0.753242 0.646473 0.753242 0.646888 0.753602 0.647303 0.753602 0.648133 0.754323 0.648548 0.754323 0.648963 0.754683 0.649378 0.754683 0.650207 0.755403 0.650622 0.755403 0.651452 0.756124 0.651867 0.756124 0.652282 0.756484 0.652697 0.756484 0.653527 0.757205 0.653942 0.757205 0.654772 0.757925 0.655187 0.757925 0.655602 0.758285 0.656017 0.758285 0.656846 0.759006 0.657261 0.759006 0.657676 0.759366 0.658091 0.759366 0.658921 0.760086 0.659336 0.760086 0.660166 0.760807 0.660581 0.760807 0.660996 0.761167 0.661411 0.761167 0.662241 0.761888 0.662656 0.761888 0.663485 0.762608 0.6639 0.762608 0.664315 0.762968 0.66473 0.762968 0.66556 0.763689 0.665975 0.763689 0.66639 0.764049 0.666805 0.764049 0.667635 0.764769 0.66805 0.764769 0.66888 0.76549 0.669295 0.76549 0.66971 0.76585 0.670124 0.76585 0.670954 0.766571 0.671369 0.766571 0.672199 0.767291 0.672614 0.767291 0.673029 0.767651 0.673444 0.767651 0.674274 0.768372 0.674689 0.768372 0.675104 0.768732 0.675519 0.768732 0.676349 0.769452 0.676763 0.769452 0.677593 0.770173 0.678008 0.770173 0.678423 0.770533 0.678838 0.770533 0.679668 0.771254 0.680083 0.771254 0.680913 0.771974 0.681328 0.771974 0.681743 0.772334 0.682158 0.772334 0.682988 0.773055 0.683402 0.773055 0.683817 0.773415 0.684232 0.773415 0.685062 0.774135 0.685477 0.774135 0.686307 0.774856 0.686722 0.774856 0.687137 0.775216 0.687552 0.775216 0.688382 0.775937 0.688797 0.775937 0.689627 0.776657 0.690041 0.776657 0.690456 0.777017 0.690871 0.777017 0.691701 0.777738 0.692116 0.777738 0.692531 0.778098 0.692946 0.778098 0.693776 0.778818 0.694191 0.778818 0.695021 0.779539 0.695436 0.779539 0.695851 0.779179 0.695851 0.778818 0.695436 0.778818 0.694606 0.778098 0.694191 0.778098 0.693776 0.777738 0.693361 0.777738 0.692531 0.777017 0.692116 0.777017 0.691701 0.776657 0.691286 0.776657 0.690456 0.775937 0.690041 0.775937 0.689212 0.775216 0.688797 0.775216 0.688382 0.774856 0.687967 0.774856 0.687137 0.774135 0.686722 0.774135 0.685892 0.773415 0.685477 0.773415 0.685062 0.773055 0.684647 0.773055 0.683817 0.772334 0.683402 0.772334 0.682988 0.771974 0.682573 0.771974 0.681743 0.771254 0.681328 0.771254 0.680498 0.770533 0.680083 0.770533 0.679668 0.770173 0.679253 0.770173 0.678423 0.769452 0.678008 0.769452 0.677178 0.768732 0.677178 0.768372 0.676763 0.768372 0.674689 0.766571 0.674274 0.766571 0.673859 0.76621 0.673444 0.76621 0.672614 0.76549 0.672199 0.76549 0.670124 0.763689 0.670539 0.763329 0.670954 0.763329 0.671784 0.764049 0.672199 0.764049 0.673029 0.764769 0.673444 0.764769 0.673859 0.76513 0.674274 0.76513 0.675104 0.76585 0.675519 0.76585 0.675934 0.76621 0.676349 0.76621 0.677178 0.766931 0.677178 0.767291 0.677593 0.767651 0.678008 0.767651 0.678423 0.768012 0.678838 0.768012 0.679668 0.768732 0.680083 0.768732 0.680498 0.769092 0.680913 0.769092 0.681743 0.769813 0.682158 0.769813 0.682988 0.770533 0.683402 0.770533 0.683817 0.770893 0.684232 0.770893 0.685062 0.771614 0.685477 0.771614 0.686307 0.772334 0.686722 0.772334 0.687137 0.772695 0.687552 0.772695 0.688382 0.773415 0.688797 0.773415 0.689212 0.773775 0.689627 0.773775 0.690456 0.774496 0.690871 0.774496 0.691701 0.775216 0.692116 0.775216 0.692531 0.775576 0.692946 0.775576 0.693776 0.776297 0.694191 0.776297 0.695021 0.777017 0.695436 0.777017 0.695851 0.777378 0.696266 0.777378 0.697095 0.778098 0.69751 0.778098 0.697925 0.778458 0.69834 0.778458 0.69917 0.779179 0.699585 0.779179 0.700415 0.779899 0.70083 0.779899 0.701245 0.780259 0.70166 0.780259 0.70249 0.78098 0.702905 0.78098 0.703734 0.7817 0.704149 0.7817 0.704564 0.782061 0.704979 0.782061 0.705809 0.782781 0.706224 0.782781 0.706639 0.783141 0.707054 0.783141 0.707884 0.783862 0.708299 0.783862 0.709129 0.784582 0.709544 0.784582 0.709959 0.784942 0.710373 0.784942 0.711203 0.785663 0.711618 0.785663 0.712448 0.786383 0.712863 0.786383 0.713278 0.786744 0.713693 0.786744 0.714523 0.787464 0.714938 0.787464 0.715353 0.787824 0.715768 0.787824 0.716598 0.788545 0.716183 0.788905 0.715768 0.788905 0.715353 0.788545 0.714938 0.788905 0.714108 0.788184 0.713693 0.788184 0.713278 0.787824 0.712863 0.788184 0.712033 0.787464 0.711618 0.787464 0.711203 0.787104 0.710788 0.787104 0.709959 0.786383 0.709959 0.786744 0.709544 0.787104 0.709959 0.787464 0.710373 0.787464 0.711203 0.788184 0.711618 0.788184 0.712448 0.788905 0.712863 0.788905 0.713278 0.789265 0.713693 0.789265 0.714523 0.789986 0.714938 0.789986 0.715768 0.790706 0.716183 0.790706 0.716598 0.791066 0.717012 0.791066 0.717842 0.791787 0.718257 0.791787 0.718672 0.792147 0.719087 0.792147 0.719917 0.792867 0.720332 0.792867 0.721162 0.793588 0.721577 0.793588 0.721992 0.793948 0.722407 0.793948 0.723237 0.794669 0.723651 0.794669 0.724481 0.795389 0.724896 0.795389 0.725311 0.795749 0.725726 0.795749 0.726556 0.79647 0.726971 0.79647 0.727386 0.79683 0.727801 0.79683 0.728631 0.79755 0.729046 0.79755 0.729876 0.798271 0.73029 0.798271 0.730705 0.798631 0.73112 0.798631 0.73195 0.799352 0.732365 0.799352 0.733195 0.800072 0.73361 0.800072 0.734025 0.800432 0.73444 0.800432 0.73527 0.801153 0.735685 0.801153 0.7361 0.801513 0.736515 0.801513 0.737344 0.802233 0.737759 0.802233 0.738589 0.802954 0.739004 0.802954 0.739419 0.803314 0.739834 0.803314 0.740664 0.804035 0.741079 0.804035 0.741909 0.804755 0.742324 0.804755 0.742739 0.805115 0.743154 0.805115 0.743983 0.805836 0.744398 0.805836 0.744813 0.806196 0.745228 0.806196 0.746058 0.806916 0.746473 0.806916 0.747303 0.807637 0.747718 0.807637 0.748133 0.807997 0.748548 0.807997 0.749378 0.808718 0.749793 0.808718 0.750622 0.809438 0.751037 0.809438 0.751452 0.809798 0.751867 0.809798 0.752697 0.810519 0.753112 0.810519 0.753527 0.810879 0.753942 0.810879 0.754772 0.811599 0.755187 0.811599 0.756017 0.81232 0.756432 0.81232 0.756846 0.81268 0.757261 0.81268 0.758091 0.813401 0.758506 0.813401 0.759336 0.814121 0.759751 0.814121 0.760166 0.814481 0.760581 0.814481 0.761411 0.815202 0.761826 0.815202 0.762241 0.815562 0.762656 0.815562 0.763485 0.816282 0.7639 0.816282 0.76473 0.817003 0.765145 0.817003 0.76556 0.817363 0.765975 0.817363 0.766805 0.818084 0.76722 0.818084 0.76805 0.818804 0.768465 0.818804 0.76888 0.819164 0.769295 0.819164 0.770124 0.819885 0.770539 0.819885 0.770954 0.820245 0.771369 0.820245 0.772199 0.820965 0.772614 0.820965 0.773444 0.821686 0.773859 0.821686 0.774274 0.822046 0.774689 0.822046 0.775519 0.822767 0.775934 0.822767 0.776763 0.823487 0.777178 0.823487 0.777593 0.823847 0.778008 0.823847 0.778838 0.824568 0.779253 0.824568 0.779668 0.824928 0.780083 0.824928 0.780913 0.825648 0.781328 0.825648 0.782158 0.826369 0.782573 0.826369 0.782988 0.826729 0.783402 0.826729 0.784232 0.82745 0.784647 0.82745 0.785477 0.82817 0.785892 0.82817 0.786307 0.82853 0.786722 0.82853 0.787552 0.829251 0.787967 0.829251 0.788382 0.829611 0.788797 0.829611 0.789212 0.829971 0.789627 0.829611 0.789627 0.829251 0.790041 0.82889 0.790456 0.82889 0.791286 0.829611 0.791701 0.829611 0.792116 0.829971 0.792531 0.829971 0.793361 0.830692 0.793776 0.830692 0.794191 0.831052 0.794606 0.831052 0.795436 0.831772 0.795851 0.831772 0.79668 0.832493 0.797095 0.832493 0.79751 0.832853 0.797925 0.832853 0.798755 0.833573 0.79917 0.833573 0.8 0.834294 0.800415 0.834294 0.80083 0.834654 0.801245 0.834654 0.802075 0.835375 0.80249 0.835375 0.80332 0.836095 0.80332 0.836455 0.804149 0.837176 0.80332 0.837896 0.802905 0.837536 0.802905 0.837176 0.80249 0.837176 0.802075 0.836816 0.80166 0.837176 0.80166 0.837536 0.801245 0.837896 0.801245 0.838256 0.80166 0.838617 0.801245 0.838977 0.801245 0.839337 0.80083 0.839697 0.80083 0.840058 0.8 0.840778 0.8 0.841138 0.79917 0.841859 0.79917 0.842219 0.798755 0.842579 0.798755 0.842939 0.797925 0.84366 0.797925 0.84402 0.79751 0.84438 0.79751 0.844741 0.79668 0.845461 0.79668 0.845821 0.795851 0.846542 0.795851 0.846902 0.795436 0.847262 0.795436 0.847622 0.794606 0.848343 0.794606 0.848703 0.793776 0.849424 0.793776 0.849784 0.793361 0.850144 0.793361 0.850504 0.792531 0.851225 0.792531 0.851585 0.792116 0.851945 0.792116 0.852305 0.791286 0.853026 0.791286 0.853386 0.790456 0.854107 0.790456 0.854467 0.790041 0.854827 0.790041 0.855187 0.789212 0.855908 0.789212 0.856268 0.788382 0.856988 0.788382 0.857349 0.787967 0.857709 0.787967 0.858069 0.787137 0.85879 0.787137 0.85915 0.786722 0.85951 0.786722 0.85987 0.785892 0.860591 0.785892 0.860951 0.785062 0.861671 0.785062 0.862032 0.784647 0.862392 0.784647 0.862752 0.783817 0.863473 0.783817 0.863833 0.782988 0.864553 0.782988 0.864914 0.782573 0.865274 0.782573 0.865634 0.781743 0.866354 0.781743 0.866715 0.781328 0.867075 0.781328 0.867435 0.780498 0.868156 0.780498 0.868516 0.779668 0.869236 0.779668 0.869597 0.779253 0.869957 0.779253 0.870317 0.778423 0.871037 0.778423 0.872478 0.778838 0.872839 0.778423 0.873199 0.778838 0.873559 0.778008 0.87428 0.778008 0.876081 0.777593 0.876441 0.777593 0.876801 0.778008 0.877161 0.778008 0.877522 0.777593 0.877882 0.778008 0.878242 0.778008 0.878602 0.778423 0.878963 0.778423 0.879683 0.778008 0.880043 0.778423 0.880043 0.778838 0.880403 0.778838 0.880764 0.779253 0.881124 0.778838 0.881484 0.779668 0.882205 0.779668 0.883285 0.779253 0.883646 0.779253 0.884006 0.779668 0.884366 0.779668 0.884726 0.780083 0.885086 0.780083 0.885807 0.780498 0.885447 0.780913 0.885807 0.780913 0.886167 0.780498 0.886527 0.780498 0.886888 0.780913 0.886888 0.781328 0.887248 0.781328 0.887608 0.780913 0.887968 0.780913 0.888689 0.781743 0.889409 0.781328 0.889769 0.781328 0.89049 0.780913 0.89085 0.780913 0.891931 0.780498 0.892291 0.780913 0.892651 0.780913 0.893012 0.780498 0.893372 0.781743 0.894452 0.781743 0.895173 0.782573 0.895893 0.781743 0.896614 0.782158 0.896974 0.781328 0.897695 0.782158 0.898415 0.782158 0.898775 0.781743 0.899135 0.782158 0.899496 0.781743 0.899856 0.781743 0.900216 0.782158 0.900216 0.783817 0.901657 0.783402 0.902017 0.783402 0.902738 0.783817 0.903098 0.783817 0.903458 0.783402 0.903818 0.783817 0.904179 0.783402 0.904539 0.783402 0.905259 0.783817 0.90562 0.783817 0.9067 0.784647 0.907421 0.784647 0.907781 0.784232 0.908141 0.785062 0.908862 0.785062 0.909942 0.784647 0.910303 0.784647 0.910663 0.785062 0.910663 0.785892 0.911383 0.785892 0.911744 0.786307 0.911744 0.786722 0.912104 0.786722 0.912464 0.786307 0.912824 0.786722 0.912824 0.787137 0.913184 0.787137 0.913905 0.786722 0.914265 0.786722 0.914625 0.786307 0.914986 0.786307 0.915346 0.785062 0.916427 0.783817 0.915346 0.783817 0.914625 0.783402 0.914625 0.783402 0.914986 0.784232 0.915706 0.783817 0.916066 0.783817 0.916427 0.783402 0.916787 0.782573 0.916066 0.782158 0.916427 0.782158 0.916787 0.781743 0.917147 0.780913 0.917147 0.780498 0.916787 0.780083 0.916787 0.779668 0.917147 0.779253 0.916787 0.779253 0.916427 0.778423 0.916427 0.778008 0.916066 0.778008 0.915706 0.777593 0.915706 0.777178 0.915346 0.776763 0.915346 0.776349 0.914986 0.775519 0.914986 0.775104 0.914625 0.774689 0.914625 0.773859 0.913905 0.773444 0.913905 0.773029 0.913545 0.773029 0.912824 0.772614 0.912824 0.772199 0.913184 0.771784 0.912824 0.771369 0.912824 0.770954 0.912464 0.770539 0.912464 0.76971 0.911744 0.769295 0.911744 0.768465 0.911023 0.76805 0.911023 0.767635 0.910663 0.766805 0.910663 0.766805 0.911023 0.76639 0.911383 0.765975 0.911023 0.76556 0.911023 0.765145 0.910663 0.76473 0.910663 0.76473 0.911744 0.765145 0.911744 0.76639 0.912824 0.766805 0.912824 0.76722 0.913184 0.767635 0.913184 0.768465 0.913905 0.76888 0.913905 0.769295 0.914265 0.76971 0.914265 0.770539 0.914986 0.770954 0.914986 0.771784 0.915706 0.772199 0.915706 0.772614 0.916066 0.773029 0.916066 0.773859 0.916787 0.774274 0.916787 0.775104 0.917507 0.775519 0.917507 0.775934 0.917867 0.776349 0.917867 0.777178 0.918588 0.777593 0.918588 0.778008 0.918948 0.778423 0.918948 0.779253 0.919669 0.779668 0.919669 0.780498 0.920389 0.780913 0.920389 0.781328 0.920749 0.781743 0.920749 0.782573 0.92147 0.782988 0.92147 0.783817 0.92219 0.784232 0.92219 0.784647 0.92255 0.785062 0.92255 0.785892 0.923271 0.786307 0.923271 0.786722 0.923631 0.787137 0.923631 0.787967 0.924352 0.788382 0.924352 0.789212 0.925072 0.789627 0.925072 0.790041 0.925432 0.790456 0.925432 0.791286 0.926153 0.791701 0.926153 0.792531 0.926873 0.792946 0.926873 0.793361 0.927233 0.793776 0.927233 0.794606 0.927954 0.795021 0.927954 0.795436 0.928314 0.795851 0.928314 0.79668 0.929035 0.797095 0.929035 0.797925 0.929755 0.79834 0.929755 0.798755 0.930115 0.79917 0.930115 0.8 0.930836 0.800415 0.930836 0.801245 0.931556 0.80166 0.931556 0.802075 0.931916 0.80249 0.931916 0.80332 0.932637 0.803734 0.932637 0.804149 0.932997 0.804564 0.932997 0.805394 0.933718 0.805809 0.933718 0.806639 0.934438 0.807054 0.934438 0.807469 0.934798 0.807884 0.934798 0.808714 0.935519 0.809129 0.935519 0.809959 0.936239 0.810373 0.936239 0.810788 0.936599 0.811203 0.936599 0.812033 0.93732 0.812448 0.93732 0.812863 0.93768 0.813278 0.93768 0.814108 0.938401 0.814523 0.938401 0.815353 0.939121 0.815768 0.939121 0.816183 0.939481 0.816598 0.939481 0.817427 0.940202 0.817842 0.940202 0.818672 0.940922 0.819087 0.940922 0.819502 0.941282 0.819917 0.941282 0.820747 0.942003 0.821162 0.942003 0.821577 0.942363 0.821992 0.942363 0.822822 0.943084 0.823237 0.943084 0.824066 0.943804 0.824481 0.943804 0.824896 0.944164 0.825311 0.944164 0.826141 0.944885 0.826556 0.944885 0.827386 0.945605 0.827801 0.945605 0.828216 0.945965 0.828631 0.945965 0.829461 0.946686 0.829876 0.946686 0.83029 0.947046 0.830705 0.947046 0.831535 0.947767 0.83195 0.947767 0.83278 0.948487 0.833195 0.948487 0.83361 0.948847 0.834025 0.948847 0.834855 0.949568 0.83527 0.949568 0.8361 0.950288 0.836515 0.950288 0.836929 0.950648 0.837344 0.950648 0.838174 0.951369 0.838589 0.951369 0.839004 0.951729 0.839419 0.951729 0.840249 0.95245 0.840664 0.95245 0.841494 0.95317 0.841909 0.95317 0.842324 0.95353 0.842739 0.95353 0.843568 0.954251 0.843983 0.954251 0.844813 0.954971 0.845228 0.954971 0.845643 0.955331 0.846058 0.955331 0.846888 0.956052 0.847303 0.956052 0.847718 0.956412 0.848133 0.956412 0.848963 0.957133 0.849378 0.957133 0.850207 0.957853 0.850622 0.957853 0.851037 0.958213 0.851452 0.958213 0.852282 0.958934 0.852697 0.958934 0.853527 0.959654 0.853942 0.959654 0.854357 0.960014 0.854772 0.960014 0.855602 0.960735 0.856017 0.960735 0.856432 0.961095 0.856846 0.961095 0.857676 0.961816 0.858091 0.961816 0.858921 0.962536 0.859336 0.962536 0.859751 0.962896 0.860166 0.962896 0.860996 0.963617 0.861411 0.963617 0.862241 0.964337 0.862656 0.964337 0.863071 0.964697 0.863485 0.964697 0.8639 0.965058 0.864315 0.965058 0.864315 0.964697 0.8639 0.964697 0.863071 0.963977 0.863485 0.963617 0.863485 0.963256 0.864315 0.962536 0.864315 0.962176 0.86473 0.961816 0.86473 0.961455 0.86556 0.960735 0.86556 0.960375 0.86639 0.959654 0.86639 0.959294 0.866805 0.958934 0.866805 0.958573 0.867635 0.957853 0.867635 0.957493 0.868465 0.956772 0.868465 0.956412 0.86888 0.956052 0.86888 0.955692 0.86971 0.954971 0.86971 0.954611 0.870124 0.954251 0.870124 0.95389 0.870954 0.95317 0.870954 0.95281 0.871784 0.952089 0.871784 0.951729 0.872199 0.951369 0.872199 0.951009 0.873029 0.950288 0.873029 0.949928 0.873859 0.949207 0.873859 0.948847 0.874274 0.948487 0.874274 0.948127 0.875104 0.947406 0.875104 0.947046 0.875519 0.946686 0.875519 0.946326 0.876349 0.945605 0.876349 0.945245 0.877178 0.944524 0.877178 0.944164 0.877593 0.943804 0.877593 0.943444 0.878423 0.942723 0.878423 0.942363 0.879253 0.941643 0.879253 0.941282 0.879668 0.940922 0.879668 0.940562 0.880498 0.939841 0.880498 0.939481 0.880913 0.939121 0.880913 0.938761 0.881328 0.938401 0.881743 0.938761 0.881743 0.938401 0.882158 0.93804 0.882988 0.93804 0.883402 0.938401 0.883817 0.93804 0.885477 0.93804 0.885892 0.93768 0.885892 0.93732 0.886722 0.936599 0.886722 0.936239 0.887137 0.935879 0.887967 0.935879 0.888382 0.936239 0.887967 0.936599 0.888382 0.936599 0.889212 0.93732 0.889627 0.93732 0.890041 0.93768 0.890456 0.93732 0.890871 0.93768 0.890871 0.93732 0.891286 0.93696 0.891286 0.936599 0.892116 0.935879 0.892116 0.935519 0.892531 0.935159 0.892531 0.934798 0.893361 0.934078 0.893361 0.933718 0.894191 0.932997 0.894191 0.932637 0.894606 0.932277 0.894606 0.931916 0.895436 0.931196 0.895436 0.930836 0.896266 0.930115 0.896266 0.929755 0.89668 0.929395 0.89668 0.929035 0.89751 0.928314 0.89751 0.927954 0.897925 0.927594 0.897925 0.927233 0.898755 0.926513 0.898755 0.926153 0.899585 0.925432 0.899585 0.925072 0.9 0.924712 0.9 0.924352 0.900415 0.923991 0.899585 0.923991 0.89917 0.923631 0.898755 0.923631 0.89834 0.923271 0.89834 0.922911 0.897925 0.92255 0.897925 0.92183 0.89751 0.92147 0.89751 0.920389 0.897925 0.920029 0.89751 0.919669 0.89751 0.918948 0.897095 0.918948 0.896266 0.918228 0.89668 0.917867 0.89668 0.917507 0.897095 0.917147 0.897095 0.916787 0.897925 0.916066 0.897925 0.915706 0.898755 0.914986 0.898755 0.914625 0.89917 0.914265 0.89917 0.913905 0.9 0.913184 0.9 0.912824 0.900415 0.912464 0.900415 0.912104 0.901245 0.911383 0.901245 0.911023 0.902075 0.910303 0.902075 0.909942 0.90249 0.909582 0.90249 0.909222 0.90332 0.908501 0.90332 0.908141 0.904149 0.907421 0.904149 0.907061 0.904564 0.9067 0.904564 0.90634 0.905394 0.90562 0.905394 0.905259 0.905809 0.904899 0.905809 0.904539 0.906639 0.903818 0.906639 0.903458 0.907054 0.903098 0.907469 0.903458 0.907884 0.903458 0.908299 0.903818 0.908714 0.903818 0.909544 0.904539 0.909959 0.904539 0.910373 0.904899 0.911203 0.904899 0.911203 0.904539 0.911618 0.904179 0.912033 0.904179 0.912448 0.904539 0.912448 0.904899 0.912863 0.904899 0.913278 0.905259 0.913693 0.905259 0.914108 0.904899 0.914108 0.904539 0.914938 0.903818 0.914938 0.903458 0.915768 0.902738 0.915768 0.902378 0.916183 0.902017 0.916183 0.901657 0.917012 0.900937 0.917012 0.900576 0.917842 0.899856 0.917842 0.899496 0.918257 0.899135 0.918257 0.898775 0.919087 0.898055 0.919087 0.897695 0.919502 0.897334 0.919502 0.896974 0.920332 0.896254 0.920332 0.895893 0.921162 0.895173 0.921162 0.894813 0.921577 0.894452 0.921577 0.894092 0.922407 0.893372 0.922407 0.893012 0.923237 0.892291 0.923237 0.891931 0.923651 0.891571 0.923651 0.89121 0.924481 0.89049 0.924481 0.89013 0.924896 0.889769 0.924896 0.889409 0.925726 0.888689 0.925726 0.888329 0.926556 0.887608 0.926556 0.887248 0.926971 0.886888 0.926971 0.886527 0.927801 0.885807 0.927801 0.885447 0.928631 0.884726 0.928631 0.884366 0.929046 0.884006 0.929046 0.883646 0.929461 0.883285 0.929461 0.882925 0.93029 0.882205 0.93029 0.881844 0.93112 0.881124 0.93112 0.880764 0.93195 0.880043 0.93195 0.879683 0.932365 0.879323 0.932365 0.878963 0.933195 0.878242 0.933195 0.877882 0.934025 0.877161 0.934025 0.876801 0.93444 0.876441 0.93444 0.876081 0.93527 0.87536 0.93527 0.875 0.935685 0.87464 0.935685 0.87428 0.936515 0.873559 0.936515 0.873199 0.937344 0.872478 0.937344 0.872118 0.937759 0.871758 0.937759 0.871398 0.938589 0.870677 0.938589 0.869957 0.937759 0.870677 0.937759 0.871037 0.936929 0.871758 0.936929 0.872118 0.936515 0.872478 0.936515 0.872839 0.935685 0.873559 0.935685 0.873919 0.93527 0.87428 0.93527 0.87464 0.93444 0.87536 0.93444 0.87572 0.934025 0.876081 0.933195 0.876081 0.93278 0.87572 0.93361 0.875 0.93361 0.87464 0.934025 0.87428 0.934025 0.873919 0.934855 0.873199 0.934855 0.872839 0.93527 0.872478 0.93527 0.872118 0.9361 0.871398 0.9361 0.871037 0.936929 0.870317 0.936929 0.869236 0.9361 0.868516 0.935685 0.868516 0.93527 0.868156 0.934855 0.868156 0.934025 0.867435 0.933195 0.867435 0.933195 0.867795 0.93278 0.868156 0.932365 0.867795 0.93195 0.867795 0.93112 0.867075 0.93195 0.866354 0.93195 0.865994 0.932365 0.865634 0.932365 0.865274 0.933195 0.864553 0.933195 0.864193 0.93361 0.863833 0.934025 0.863833 0.93444 0.863473 0.93444 0.863112 0.93527 0.862392 0.93527 0.862032 0.935685 0.861671 0.935685 0.861311 0.936515 0.860591 0.936515 0.860231 0.937344 0.85951 0.937344 0.85915 0.937759 0.85879 0.937759 0.858429 0.938589 0.857709 0.938589 0.857349 0.939004 0.856988 0.939004 0.856628 0.939834 0.855908 0.939834 0.855548 0.940664 0.854827 0.940664 0.854467 0.941079 0.854107 0.941079 0.853746 0.943154 0.851945 0.943154 0.851585 0.943983 0.850865 0.943983 0.850504 0.944398 0.850144 0.944398 0.849784 0.945228 0.849063 0.945228 0.848703 0.945643 0.848343 0.945643 0.847983 0.946473 0.847262 0.946473 0.846902 0.946888 0.846542 0.946473 0.846182 0.947303 0.845461 0.947303 0.845101 0.948133 0.84438 0.948133 0.842219 0.947303 0.841499 0.946888 0.841499 0.946473 0.841138 0.946058 0.841138 0.945228 0.840418 0.944813 0.840418 0.943983 0.839697 0.943568 0.839697 0.943154 0.839337 0.942739 0.839337 0.941909 0.838617 0.941494 0.838617 0.940664 0.837896 0.939419 0.837896 0.939004 0.837536 0.939004 0.837176 0.938589 0.836816 0.938589 0.834654 0.939419 0.833934 0.939419 0.833573 0.940249 0.832853 0.940249 0.832493 0.940664 0.832133 0.940664 0.831772 0.941494 0.831052 0.941494 0.830692 0.941909 0.830331 0.941909 0.829971 0.942739 0.829251 0.942739 0.82889 0.943154 0.82853 0.942739 0.82817 0.943154 0.82781 0.943568 0.82781 0.943983 0.82817 0.943983 0.82853 0.944398 0.82853 0.945228 0.829251 0.946473 0.829251 0.947303 0.829971 0.947718 0.829971 0.948133 0.830331 0.948548 0.829971 0.949378 0.830692 0.949378 0.831052 0.949793 0.831052 0.950207 0.831412 0.950207 0.831772 0.949378 0.832493 0.949378 0.832853 0.948548 0.833573 0.948548 0.833934 0.948133 0.834294 0.948133 0.834654 0.947303 0.835375 0.947303 0.835735 0.946473 0.836455 0.945228 0.836455 0.944813 0.836095 0.943983 0.836095 0.943568 0.836455 0.943568 0.836816 0.943983 0.836816 0.944813 0.837536 0.945228 0.837536 0.945643 0.837896 0.946058 0.837896 0.946888 0.838617 0.947303 0.838617 0.948133 0.839337 0.949378 0.839337 0.949793 0.839697 0.950207 0.839697 0.951037 0.840418 0.952282 0.840418 0.953112 0.841138 0.953527 0.841138 0.953942 0.841499 0.954357 0.841138 0.954772 0.841499 0.955187 0.841138 0.956017 0.841138 0.956432 0.841499 0.956846 0.841138 0.957261 0.841499 0.957676 0.841138 0.958091 0.841138 0.958506 0.841499 0.958506 0.842219 0.958921 0.842219 0.958921 0.841859 0.959336 0.841499 0.959336 0.841138 0.960166 0.840418 0.960166 0.840058 0.960996 0.839337 0.960996 0.838977 0.961411 0.838617 0.961411 0.838256 0.962241 0.837536 0.962241 0.837176 0.962656 0.836816 0.962656 0.836455 0.963485 0.835735 0.963485 0.835375 0.964315 0.834654 0.964315 0.834294 0.96473 0.833934 0.96473 0.833573 0.96556 0.832853 0.96556 0.832493 0.96639 0.831772 0.96639 0.831412 0.966805 0.831052 0.966805 0.830692 0.967635 0.829971 0.967635 0.829611 0.96805 0.829251 0.96805 0.82889 0.96888 0.82817 0.96888 0.82781 0.96971 0.827089 0.96971 0.826729 0.970124 0.826369 0.970124 0.826009 0.970954 0.825288 0.970954 0.824928 0.971784 0.824207 0.971784 0.823847 0.972199 0.823487 0.972199 0.823127 0.973029 0.822406 0.973029 0.822046 0.973444 0.821686 0.973444 0.821326 0.974274 0.820605 0.974274 0.820245 0.975104 0.819524 0.975104 0.819164 0.975519 0.818804 0.975519 0.818444 0.976349 0.817723 0.976349 0.817363 0.977178 0.816643 0.977178 0.816282 0.977593 0.815922 0.977593 0.815562 0.978423 0.814841 0.978423 0.814481 0.978838 0.814121 0.978838 0.813761 0.979668 0.81304 0.979668 0.81268 0.980498 0.81196 0.980498 0.811599 0.980913 0.811239 0.980913 0.810879 0.981743 0.810159 0.981743 0.809798 0.982573 0.809078 0.982573 0.808718 0.982988 0.808357 0.982988 0.807997 0.983817 0.807277 0.983817 0.806916 0.984232 0.806556 0.984232 0.806196 0.985062 0.805476 0.985062 0.805115 0.985892 0.804395 0.985892 0.804035 0.986307 0.803674 0.986307 0.803314 0.987137 0.802594 0.987137 0.802233 0.987967 0.801513 0.987967 0.801153 0.988382 0.800793 0.988382 0.800432 0.989212 0.799712 0.989212 0.799352 0.989627 0.798991 0.989627 0.798631 0.990456 0.797911 0.990456 0.79755 0.991286 0.79683 0.991286 0.79647 0.991701 0.79611 0.991701 0.795749 0.992531 0.795029 0.992531 0.794669 0.993361 0.793948 0.993361 0.793588 0.993776 0.793228 0.993776 0.792867 0.994606 0.792147 0.994606 0.791787 0.995021 0.791427 0.995021 0.791066 0.995851 0.790346 0.995851 0.789986 0.99668 0.789265 0.99668 0.788905 0.997095 0.788545 0.997095 0.788184 0.997925 0.787464 0.997925 0.787104 0.998755 0.786383 0.998755 0.786023 0.99917 0.785663 0.99917 0.785303 0.999585 0.784942 0.999585 0.579611 0.998755 0.579611 0.99834 0.579251 0.997925 0.579611 0.997095 0.57889 0.99668 0.579251 0.996266 0.57889 0.995851 0.579251 0.995436 0.57889 0.994191 0.57889 0.993361 0.57817 0.992946 0.57853 0.992531 0.57817 0.991286 0.57817 0.990871 0.57781 0.990041 0.57781 0.989627 0.57745 0.988382 0.57745 0.987552 0.576729 0.987137 0.576729 0.986722 0.576369 0.986307 0.576369 0.985892 0.576009 0.985062 0.576009 0.984647 0.575648 0.984232 0.575648 0.983402 0.574928 0.983402 0.574568 0.982988 0.574568 0.982573 0.574207 0.982573 0.573847 0.982158 0.573487 0.980498 0.573487 0.980083 0.573847 0.980083 0.574207 0.979668 0.574568 0.978423 0.573487 0.978008 0.573487 0.977593 0.573127 0.976763 0.573127 0.976763 0.573487 0.975934 0.574207 0.975934 0.574568 0.975519 0.574928 0.975104 0.574928 0.974689 0.574568 0.974689 0.573487 0.975104 0.573127 0.975104 0.572767 0.975519 0.572406 0.974689 0.571686 0.974689 0.571326 0.973859 0.570605 0.974274 0.570245 0.973859 0.569885 0.973859 0.569524 0.973444 0.569164 0.973029 0.569164 0.972199 0.568444 0.971784 0.568444 0.971369 0.568084 0.970954 0.568084 0.970539 0.567723 0.970124 0.568084 0.96805 0.566282 0.967635 0.566282 0.964315 0.563401 0.964315 0.56304 0.9639 0.56304 0.963071 0.56232 0.963071 0.56196 0.962656 0.56196 0.962241 0.561599 0.962241 0.561239 0.961411 0.560519 0.961411 0.560159 0.960581 0.559438 0.960581 0.559078 0.959336 0.557997 0.959336 0.557637 0.958506 0.556916 0.958506 0.556556 0.958091 0.556196 0.958091 0.555836 0.957676 0.555836 0.957261 0.555476 0.957261 0.554755 0.956846 0.554395 0.956846 0.554035 0.956432 0.553674 0.956432 0.553314 0.956017 0.553314 0.955602 0.552954 0.956017 0.552594 0.955602 0.552594 0.955187 0.552233 0.955187 0.551153 0.954357 0.550432 0.954357 0.549712 0.953942 0.549352 0.953942 0.548991 0.953527 0.548631 0.953527 0.547911 0.953112 0.54755 0.953112 0.54647 0.952697 0.54611 0.952697 0.545749 0.952282 0.545749 0.951867 0.545389 0.951867 0.545029 0.952282 0.544669 0.951867 0.544308 0.951867 0.543588 0.951452 0.543228 0.951452 0.541787 0.951037 0.541427 0.951037 0.540346 0.950622 0.539986 0.950622 0.539625 0.950207 0.539265 0.950622 0.538905 0.950207 0.538545 0.950207 0.537824 0.949793 0.537464 0.949793 0.537104 0.950207 0.536744 0.950207 0.536023 0.949793 0.535663 0.949793 0.533862 0.949378 0.533501 0.949793 0.533141 0.949378 0.532781 0.949378 0.5317 0.949793 0.53134 0.949793 0.53062 0.949378 0.530259 0.949378 0.525937 0.949793 0.525576 0.949793 0.522695 0.950207 0.522334 0.950207 0.520893 0.950622 0.520533 0.950207 0.520173 0.950622 0.519813 0.950207 0.519452 0.950622 0.519092 0.950622 0.518732 0.951037 0.518372 0.950622 0.518012 0.951452 0.517291 0.951037 0.516931 0.951452 0.516571 0.951452 0.514769 0.952282 0.514049 0.952282 0.513689 0.952697 0.513329 0.952282 0.512968 0.953112 0.512248 0.953112 0.511167 0.953942 0.510447 0.953942 0.510086 0.954357 0.509726 0.954357 0.509366 0.955187 0.508646 0.955187 0.508285 0.956017 0.507565 0.956017 0.507205 0.956432 0.506844 0.956432 0.506484 0.957261 0.505764 0.957261 0.505403 0.957676 0.505043 0.957676 0.504683 0.958506 0.503963 0.958506 0.503602 0.959336 0.502882 0.959336 0.502522 0.959751 0.502161 0.959751 0.501801 0.960581 0.501081 0.960581 0.50072 0.960996 0.50036 0.961411 0.50036 0.961826 0.5 0.961826 0.49964 0.962656 0.498919 0.962656 0.498559 0.963071 0.498199 0.963071 0.497118 0.9639 0.496398 0.9639 0.496037 0.964315 0.495677 0.96473 0.495677 0.965145 0.495317 0.965145 0.494957 0.965975 0.494236 0.965975 0.493876 0.96639 0.493516 0.966805 0.493516 0.96722 0.493156 0.96722 0.492795 0.967635 0.492435 0.967635 0.492075 0.96805 0.491715 0.968465 0.492075 0.968465 0.491715 0.96888 0.491354 0.969295 0.491354 0.96971 0.490994 0.970124 0.490994 0.970124 0.490634 0.970539 0.490274 0.970954 0.490274 0.971784 0.489553 0.971784 0.489193 0.972199 0.488833 0.972614 0.488833 0.973029 0.488473 0.973444 0.488473 0.973859 0.488112 0.974274 0.488112 0.975934 0.486671 0.976763 0.486671 0.977593 0.485951 0.978008 0.485951 0.978838 0.485231 0.979253 0.485231 0.979668 0.48487 0.980498 0.48487 0.981328 0.48415 0.981743 0.48415 0.982158 0.48379 0.982573 0.48379 0.982988 0.483429 0.983817 0.483429 0.983817 0.483069 0.984232 0.482709 0.984647 0.483069 0.985062 0.482709 0.986307 0.482709 0.986307 0.482349 0.986722 0.481988 0.987552 0.481988 0.987967 0.481628 0.988382 0.481628 0.988797 0.481268 0.990041 0.481268 0.990456 0.480908 0.990871 0.481268 0.990871 0.480908 0.991286 0.480548 0.991701 0.480908 0.992116 0.480548 0.992531 0.480548 0.992946 0.480187 0.994191 0.480187 0.994606 0.479827 0.995021 0.480187 0.995436 0.479827 0.99751 0.479827 0.997925 0.479467 0.99917 0.479467 0.999585 0.479107 0.999585 0.397334 0.99917 0.396974 0.998755 0.396974 0.99834 0.396614 0.998755 0.396254 0.998755 0.395893 0.99917 0.395533 0.99834 0.394813 0.997925 0.394813 0.99751 0.394452 0.997095 0.394452 0.996266 0.393732 0.995851 0.393732 0.995021 0.393012 0.994606 0.393012 0.994191 0.392651 0.993776 0.392651 0.992946 0.391931 0.992531 0.391931 0.992116 0.391571 0.991701 0.391571 0.990871 0.39085 0.990456 0.39085 0.989627 0.39013 0.989212 0.39013 0.988797 0.389769 0.988382 0.389769 0.987552 0.389049 0.987137 0.389049 0.986307 0.388329 0.985892 0.388329 0.985477 0.387968 0.985062 0.387968 0.984232 0.387248 0.983817 0.387248 0.983402 0.386888 0.982988 0.386888 0.982158 0.386167 0.981743 0.386167 0.980913 0.385447 0.980498 0.385447 0.980083 0.385086 0.979668 0.385086 0.978838 0.384366 0.978423 0.384366 0.977593 0.383646 0.977178 0.383646 0.976763 0.383285 0.976349 0.383285 0.975519 0.382565 0.975104 0.382565 0.974689 0.382205 0.974274 0.382205 0.973444 0.381484 0.973029 0.381484 0.972199 0.380764 0.971784 0.380764 0.971369 0.380403 0.970954 0.380403 0.970124 0.379683 0.96971 0.379683 0.96888 0.378963 0.968465 0.378963 0.96805 0.378602 0.967635 0.378602 0.966805 0.377882 0.96639 0.377882 0.965975 0.377522 0.96556 0.377522 0.96473 0.376801 0.964315 0.376801 0.963485 0.376081 0.963071 0.376081 0.962656 0.37572 0.962241 0.37572 0.961411 0.375 0.960996 0.375 0.960166 0.37428 0.959751 0.37428 0.959336 0.373919 0.958921 0.373919 0.958091 0.373199 0.957676 0.373199 0.957261 0.372839 0.956846 0.372839 0.956017 0.372118 0.955602 0.372118 0.954772 0.371398 0.954357 0.371398 0.953942 0.371037 0.953527 0.371037 0.952697 0.370317 0.952282 0.370317 0.951452 0.369597 0.951037 0.369597 0.950622 0.369236 0.950207 0.369236 0.949378 0.368516 0.948963 0.368516 0.948548 0.368156 0.948133 0.368156 0.947303 0.367435 0.946888 0.367435 0.946058 0.366715 0.945643 0.366715 0.945228 0.366354 0.944813 0.366354 0.943983 0.365634 0.943568 0.365634 0.942739 0.364914 0.942324 0.364914 0.941909 0.364553 0.941494 0.364553 0.940664 0.363833 0.940249 0.363833 0.939834 0.363473 0.939419 0.363473 0.938589 0.362752 0.938174 0.362752 0.937344 0.362032 0.936929 0.362032 0.936515 0.361671 0.9361 0.361671 0.93527 0.360951 0.934855 0.360951 0.934025 0.360231 0.93361 0.360231 0.933195 0.35987 0.93278 0.35987 0.93195 0.35915 0.931535 0.35915 0.93112 0.35879 0.930705 0.35879 0.929876 0.358069 0.929461 0.358069 0.928631 0.357349 0.928216 0.357349 0.927801 0.356988 0.927386 0.356988 0.926556 0.356268 0.926141 0.356268 0.925311 0.355548 0.924896 0.355548 0.924481 0.355187 0.924066 0.355187 0.923237 0.354467 0.922822 0.354467 0.922407 0.354107 0.921992 0.354107 0.921162 0.353386 0.920747 0.353386 0.919917 0.352666 0.919502 0.352666 0.919087 0.352305 0.918672 0.352305 0.917842 0.351585 0.917427 0.351585 0.916598 0.350865 0.916183 0.350865 0.915768 0.350504 0.915353 0.350504 0.914523 0.349784 0.914108 0.349784 0.913693 0.349424 0.913278 0.349424 0.912448 0.348703 0.912033 0.348703 0.911203 0.347983 0.910788 0.347983 0.910373 0.347622 0.909959 0.347622 0.909129 0.346902 0.908714 0.346902 0.907884 0.346182 0.907469 0.346182 0.907054 0.345821 0.906639 0.345821 0.905809 0.345101 0.905394 0.345101 0.904979 0.344741 0.904564 0.344741 0.903734 0.34402 0.90332 0.34402 0.90249 0.3433 0.902075 0.3433 0.90166 0.342939 0.901245 0.342939 0.900415 0.342219 0.9 0.342219 0.89917 0.341499 0.898755 0.341499 0.89834 0.341138 0.897925 0.341138 0.897095 0.340418 0.89668 0.340418 0.896266 0.340058 0.895851 0.340058 0.895021 0.339337 0.894606 0.339337 0.893776 0.338617 0.893361 0.338617 0.892946 0.338256 0.892531 0.338256 0.891701 0.337536 0.891286 0.337536 0.890456 0.336816 0.890041 0.336816 0.889627 0.336455 0.889212 0.336455 0.888382 0.335735 0.887967 0.335735 0.887552 0.335375 0.887137 0.335375 0.886307 0.334654 0.885892 0.334654 0.885062 0.333934 0.884647 0.333934 0.884232 0.333573 0.883817 0.333573 0.882988 0.332853 0.882573 0.332853 0.881743 0.332133 0.881328 0.332133 0.880913 0.331772 0.880498 0.331772 0.879668 0.331052 0.879253 0.331052 0.878838 0.330692 0.878423 0.330692 0.877593 0.329971 0.877178 0.329971 0.876349 0.329251 0.875934 0.329251 0.875519 0.32889 0.875104 0.32889 0.874274 0.32817 0.873859 0.32817 0.873029 0.32745 0.872614 0.32745 0.872199 0.327089 0.871784 0.327089 0.870954 0.326369 0.870539 0.326369 0.870124 0.326009 0.86971 0.326009 0.86888 0.325288 0.868465 0.325288 0.867635 0.324568 0.86722 0.324568 0.866805 0.324207 0.86639 0.324207 0.86556 0.323487 0.865145 0.323487 0.864315 0.322767 0.8639 0.322767 0.863485 0.322406 0.863071 0.322406 0.862241 0.321686 0.861826 0.321686 0.861411 0.321326 0.860996 0.321326 0.860166 0.320605 0.859751 0.320605 0.858921 0.319885 0.858506 0.319885 0.858091 0.319524 0.857676 0.319524 0.856846 0.318804 0.856432 0.318804 0.855602 0.318084 0.855187 0.318084 0.854772 0.317723 0.854357 0.317723 0.853527 0.317003 0.853112 0.317003 0.852697 0.316643 0.852282 0.316643 0.851452 0.315922 0.851037 0.315922 0.850207 0.315202 0.849793 0.315202 0.849378 0.314841 0.848963 0.314841 0.848133 0.314121 0.847718 0.314121 0.846888 0.313401 0.846473 0.313401 0.846058 0.31304 0.845643 0.31304 0.844813 0.31232 0.844398 0.31232 0.843983 0.31196 0.843568 0.31196 0.842739 0.311239 0.842324 0.311239 0.841494 0.310519 0.841079 0.310519 0.840664 0.310159 0.840249 0.310159 0.839419 0.309438 0.839004 0.309438 0.838174 0.308718 0.837759 0.308718 0.837344 0.308357 0.836929 0.308357 0.8361 0.307637 0.835685 0.307637 0.83527 0.307277 0.834855 0.307277 0.834025 0.306556 0.83361 0.306556 0.83278 0.305836 0.832365 0.305836 0.83195 0.305476 0.831535 0.305476 0.830705 0.304755 0.83029 0.304755 0.829461 0.304035 0.829046 0.304035 0.828631 0.303674 0.828216 0.303674 0.827386 0.302954 0.826971 0.302954 0.826556 0.302594 0.826141 0.302594 0.825311 0.301873 0.824896 0.301873 0.824066 0.301153 0.823651 0.301153 0.823237 0.300793 0.822822 0.300793 0.821992 0.300072 0.821577 0.300072 0.820747 0.299352 0.820332 0.299352 0.819917 0.298991 0.819502 0.298991 0.818672 0.298271 0.818257 0.298271 0.817842 0.297911 0.817427 0.297911 0.816598 0.29719 0.816183 0.29719 0.815353 0.29647 0.814938 0.29647 0.814523 0.29611 0.814108 0.29611 0.813278 0.295389 0.812863 0.295389 0.812033 0.294669 0.811618 0.294669 0.811203 0.294308 0.810788 0.294308 0.809959 0.293588 0.809544 0.293588 0.809129 0.293228 0.808714 0.293228 0.807884 0.292507 0.807469 0.292507 0.806639 0.291787 0.806224 0.291787 0.805809 0.291427 0.805394 0.291427 0.804564 0.290706 0.804149 0.290706 0.80332 0.289986 0.802905 0.289986 0.80249 0.289625 0.802075 0.289625 0.801245 0.288905 0.80083 0.288905 0.800415 0.288545 0.8 0.288545 0.79917 0.287824 0.798755 0.287824 0.797925 0.287104 0.79751 0.287104 0.797095 0.286744 0.79668 0.286744 0.795851 0.286023 0.795436 0.286023 0.794606 0.285303 0.794191 0.285303 0.793776 0.284942 0.793361 0.284942 0.792531 0.284222 0.792116 0.284222 0.791701 0.283862 0.791286 0.283862 0.790456 0.283141 0.790041 0.283141 0.789212 0.282421 0.788797 0.282421 0.788382 0.282061 0.787967 0.282061 0.787137 0.28134 0.786722 0.28134 0.785892 0.28062 0.785477 0.28062 0.785062 0.280259 0.784647 0.280259 0.783817 0.279539 0.783402 0.279539 0.782988 0.279179 0.782573 0.279179 0.781743 0.278458 0.781328 0.278458 0.780498 0.277738 0.780083 0.277738 0.779668 0.277378 0.779253 0.277378 0.778423 0.276657 0.778008 0.276657 0.777178 0.275937 0.776763 0.275937 0.776349 0.275576 0.775934 0.275576 0.775104 0.274856 0.774689 0.274856 0.774274 0.274496 0.773859 0.274496 0.773029 0.273775 0.772614 0.273775 0.771784 0.273055 0.771369 0.273055 0.770954 0.272695 0.770539 0.272695 0.76971 0.271974 0.769295 0.271974 0.768465 0.271254 0.76805 0.271254 0.767635 0.270893 0.76722 0.270893 0.76639 0.270173 0.765975 0.270173 0.76556 0.269813 0.765145 0.269813 0.764315 0.269092 0.7639 0.269092 0.763071 0.268372 0.762656 0.268372 0.762241 0.268012 0.761826 0.268012 0.760996 0.267291 0.760581 0.267291 0.759751 0.266571 0.759336 0.266571 0.758921 0.26621 0.758506 0.26621 0.757676 0.26549 0.757261 0.26549 0.756846 0.26513 0.756432 0.26513 0.755602 0.264409 0.755187 0.264409 0.754357 0.263689 0.753942 0.263689 0.753527 0.263329 0.753112 0.263329 0.753112 0.263689 0.752282 0.264409 0.752282 0.264769 0.751452 0.26549 0.751452 0.26585 0.751037 0.26621 0.751037 0.266571 0.750207 0.267291 0.750207 0.267651 0.749378 0.268372 0.749378 0.268732 0.748963 0.269092 0.748548 0.269092 0.748133 0.269452 0.748133 0.269813 0.747718 0.270173 0.747718 0.270533 0.746473 0.271614 0.745643 0.271614 0.745228 0.271254 0.743568 0.271254 0.743154 0.270893 0.742739 0.270893 0.741909 0.270173 0.741494 0.270173 0.740664 0.269452 0.740249 0.269452 0.739834 0.269092 0.739419 0.269092 0.738589 0.268372 0.738174 0.268372 0.737344 0.267651 0.737344 0.267291 0.736929 0.267291 0.7361 0.266571 0.735685 0.266571 0.73527 0.26621 0.734855 0.26621 0.734025 0.26549 0.73361 0.26549 0.733195 0.26513 0.73278 0.26513 0.73195 0.264409 0.731535 0.264409 0.730705 0.263689 0.73029 0.263689 0.729876 0.263329 0.729461 0.263329 0.728631 0.262608 0.728216 0.262608 0.727386 0.261888 0.726971 0.261888 0.726556 0.261527 0.726141 0.261527 0.725311 0.260807 0.724896 0.260807 0.724481 0.260447 0.724066 0.260447 0.723237 0.259726 0.722822 0.259726 0.721992 0.259006 0.721577 0.259006 0.721162 0.258646 0.720747 0.258646 0.719917 0.257925 0.719917 0.257565 0.719502 0.257565 0.718672 0.256844 0.718257 0.256844 0.717427 0.256124 0.717012 0.256124 0.716598 0.255764 0.716183 0.255764 0.715353 0.255043 0.714938 0.255043 0.714108 0.254323 0.713693 0.254323 0.713278 0.253963 0.712863 0.253963 0.712033 0.253242 0.711618 0.253242 0.711203 0.252882 0.710788 0.252882 0.709959 0.252161 0.709544 0.252161 0.708714 0.251441 0.708299 0.251441 0.707884 0.251081 0.707469 0.251081 0.706639 0.25036 0.706224 0.25036 0.705394 0.24964 0.704979 0.24964 0.704564 0.24928 0.704149 0.24928 0.70332 0.248559 0.702905 0.248559 0.70249 0.248199 0.702075 0.248199 0.701245 0.247478 0.70083 0.247478 0.7 0.246758 0.698755 0.246758 0.69834 0.247118 0.697925 0.247118 0.69751 0.246758 0.697095 0.246758 0.695021 0.244957 0.695021 0.244597 0.694606 0.244597 0.693776 0.243876 0.693361 0.243876 0.692531 0.243156 0.692116 0.243156 0.691701 0.242795 0.691286 0.242795 0.690456 0.242075 0.690041 0.242075 0.689627 0.241715 0.689212 0.241715 0.688382 0.240994 0.687967 0.240994 0.687137 0.240274 0.686722 0.240274 0.686307 0.239914 0.685892 0.239914 0.685062 0.239193 0.684647 0.239193 0.683817 0.238473 0.683402 0.238473 0.682988 0.238112 0.682573 0.238112 0.681743 0.237392 0.681328 0.237392 0.680913 0.237032 0.680498 0.237032 0.679668 0.236311 0.679253 0.236311 0.678423 0.235591 0.678008 0.235591 0.677593 0.235231 0.677178 0.235231 0.676349 0.23451 0.675934 0.23451 0.675104 0.23379 0.675104 0.233429 0.674689 0.233429 0.673859 0.232709 0.673444 0.232709 0.673029 0.232349 0.672614 0.232349 0.671784 0.231628 0.671369 0.231628 0.670539 0.230908 0.670124 0.230908 0.66971 0.230548 0.669295 0.230548 0.668465 0.229827 0.66805 0.229827 0.667635 0.229467 0.66722 0.229467 0.66639 0.228746 0.665975 0.228746 0.665145 0.228026 0.66473 0.228026 0.664315 0.227666 0.6639 0.227666 0.663071 0.226945 0.662656 0.226945 0.661826 0.226225 0.661411 0.226225 0.660996 0.225865 0.660581 0.225865 0.659751 0.225144 0.659336 0.225144 0.658921 0.224784 0.658506 0.224784 0.657676 0.224063 0.657261 0.224063 0.656432 0.223343 0.656017 0.223343 0.655602 0.222983 0.655187 0.222983 0.654357 0.222262 0.653942 0.222262 0.653112 0.221542 0.652697 0.221542 0.652282 0.221182 0.651867 0.221182 0.651037 0.220461 0.650622 0.220461 0.650207 0.220101 0.649793 0.220101 0.648963 0.21938 0.648548 0.21938 0.647718 0.21866 0.647303 0.21866 0.646888 0.2183 0.646473 0.2183 0.645643 0.217579 0.645228 0.217579 0.644398 0.216859 0.643983 0.216859 0.643568 0.216499 0.643154 0.216499 0.642324 0.215778 0.641909 0.215778 0.641494 0.215418 0.641079 0.215418 0.640249 0.214697 0.639834 0.214697 0.639004 0.213977 0.638589 0.213977 0.638174 0.213617 0.637759 0.213617 0.636929 0.212896 0.636515 0.212896 0.635685 0.212176 0.63527 0.212176 0.634855 0.211816 0.63444 0.211816 0.63361 0.211095 0.633195 0.211095 0.63278 0.210735 0.632365 0.210735 0.631535 0.210014 0.63112 0.210014 0.63029 0.209294 0.629876 0.209294 0.629461 0.208934 0.629046 0.208934 0.628216 0.208213 0.627801 0.208213 0.626971 0.207493 0.626556 0.207493 0.626141 0.207133 0.625726 0.207133 0.624896 0.206412 0.624481 0.206412 0.624066 0.206052 0.623651 0.206052 0.622822 0.205331 0.622407 0.205331 0.621577 0.204611 0.621162 0.204611 0.620747 0.204251 0.620332 0.204251 0.619502 0.20353 0.619087 0.20353 0.618257 0.20281 0.617842 0.20281 0.617427 0.20245 0.617012 0.20245 0.616183 0.201729 0.615768 0.201729 0.615353 0.201369 0.614938 0.201369 0.614108 0.200648 0.613693 0.200648 0.612863 0.199928 0.612448 0.199928 0.612033 0.199568 0.611618 0.199568 0.610788 0.198847 0.610373 0.198847 0.609544 0.198127 0.609129 0.198127 0.608714 0.197767 0.608299 0.197767 0.607469 0.197046 0.607054 0.197046 0.606224 0.196326 0.606224 0.195965 0.605809 0.195965 0.604979 0.195245 0.604564 0.195245 0.604149 0.194885 0.603734 0.194885 0.602905 0.194164 0.60249 0.194164 0.602075 0.193804 0.60166 0.193804 0.600415 0.192723 0.600415 0.191643 0.6 0.191282 0.60083 0.190562 0.60083 0.189481 0.601245 0.189121 0.601245 0.188761 0.602075 0.18804 0.602075 0.18768 0.602905 0.18696 0.602905 0.186599 0.60332 0.186239 0.60332 0.185879 0.603734 0.185519 0.603734 0.184438 0.60332 0.184438 0.602905 0.184078 0.60249 0.184078 0.60166 0.183357 0.601245 0.183357 0.600415 0.182637 0.6 0.182637 0.599585 0.182277 0.59917 0.182277 0.59834 0.181556 0.597925 0.181556 0.59751 0.181196 0.597095 0.181196 0.596266 0.180476 0.595851 0.180476 0.595021 0.179755 0.594606 0.179755 0.594191 0.179395 0.593776 0.179395 0.592946 0.178674 0.592531 0.178674 0.591701 0.177954 0.591286 0.177954 0.590871 0.177594 0.590456 0.177594 0.589627 0.176873 0.589212 0.176873 0.588797 0.176513 0.588382 0.176513 0.587552 0.175793 0.587137 0.175793 0.586307 0.175072 0.585892 0.175072 0.585477 0.174712 0.585062 0.174712 0.584232 0.173991 0.583817 0.173991 0.582988 0.173271 0.582573 0.173271 0.582158 0.172911 0.581743 0.172911 0.580913 0.17219 0.580498 0.17219 0.580083 0.17183 0.579668 0.17183 0.578838 0.17111 0.578423 0.17111 0.577593 0.170389 0.577178 0.170389 0.576763 0.170029 0.576349 0.170029 0.575519 0.169308
