0 0.571502 0.387524 0.571502 0.388064 0.571246 0.388334 0.571502 0.388334 0.571758 0.388064 0.571758 0.387524
0 0.581753 0.324872 0.581753 0.325952 0.581497 0.326222 0.581497 0.327572 0.58124 0.327842 0.58124 0.329193 0.580984 0.329463 0.580984 0.330543 0.580728 0.330813 0.580728 0.332163 0.580472 0.332433 0.580472 0.333783 0.580215 0.334053 0.580215 0.335404 0.579959 0.335674 0.579959 0.336484 0.580215 0.336484 0.580215 0.335674 0.580472 0.335404 0.580472 0.334053 0.580728 0.333783 0.580728 0.332433 0.580984 0.332163 0.580984 0.330813 0.58124 0.330543 0.58124 0.329463 0.581497 0.329193 0.581497 0.327842 0.581753 0.327572 0.581753 0.326222 0.582009 0.325952 0.582009 0.324872
0 0.584316 0.310559 0.584059 0.310829 0.584059 0.311909 0.583803 0.312179 0.583803 0.31353 0.583547 0.3138 0.583547 0.31515 0.583291 0.31542 0.583291 0.31677 0.583034 0.31704 0.583034 0.31731 0.583291 0.31731 0.583291 0.31704 0.583547 0.31677 0.583547 0.31542 0.584059 0.31488 0.584572 0.31488 0.584572 0.31407 0.584059 0.31353 0.584059 0.312179 0.584316 0.311909 0.584316 0.310829 0.584572 0.310559
0 0.59021 0.274102 0.59021 0.274642 0.589954 0.274912 0.589954 0.276262 0.589698 0.276533 0.589698 0.277883 0.589441 0.278153 0.589441 0.279503 0.589185 0.279773 0.589185 0.280853 0.588929 0.281123 0.588929 0.282474 0.588672 0.282744 0.588672 0.283014 0.588929 0.283014 0.588929 0.282744 0.589185 0.282474 0.589185 0.281123 0.589441 0.280853 0.589441 0.279773 0.589954 0.279233 0.589954 0.278423 0.589698 0.278153 0.589954 0.277883 0.589954 0.276533 0.59021 0.276262 0.59021 0.274912 0.590466 0.274642 0.590466 0.274102
0 0.593029 0.256549 0.593029 0.257629 0.592773 0.257899 0.593029 0.258169 0.593798 0.258169 0.593798 0.257899 0.594054 0.257629 0.594054 0.257089 0.593798 0.256819 0.593542 0.256819 0.593285 0.256549
0 0.81958 0.250878 0.81958 0.251418 0.819836 0.251688 0.820092 0.251688 0.820349 0.251418 0.820349 0.250878
0 0.839826 0.248987 0.839826 0.250068 0.840595 0.250068 0.840595 0.248987
0 0.596105 0.240616 0.595848 0.240886 0.595848 0.241426 0.596873 0.241426 0.596873 0.240616
0 0.598155 0.229814 0.597899 0.230084 0.597899 0.230894 0.598155 0.230894 0.598411 0.231164 0.598411 0.231434 0.59918 0.231434 0.599436 0.231164 0.599436 0.230624 0.598924 0.230084 0.598411 0.230084
0 0.773193 0.223602 0.772937 0.223873 0.773706 0.223873 0.773962 0.224143 0.775243 0.224143 0.7755 0.224413 0.776012 0.224413 0.776012 0.224143 0.7755 0.224143 0.775243 0.223873 0.773962 0.223873 0.773706 0.223602
0 0.767299 0.222522 0.767299 0.222792 0.767811 0.222792 0.768068 0.223062 0.769349 0.223062 0.769605 0.223332 0.770887 0.223332 0.771143 0.223602 0.771399 0.223332 0.771143 0.223332 0.770887 0.223062 0.769605 0.223062 0.769349 0.222792 0.768068 0.222792 0.767811 0.222522
0 0.603793 0.213881 0.603793 0.214151 0.60328 0.214691 0.60328 0.216041 0.603024 0.216311 0.603024 0.216581 0.602768 0.216851 0.602768 0.217391 0.602512 0.217661 0.602512 0.219012 0.602255 0.219282 0.602255 0.220632 0.601999 0.220902 0.601999 0.222252 0.601743 0.222522 0.601743 0.223602 0.601486 0.223873 0.601486 0.225223 0.60123 0.225493 0.60123 0.226843 0.600974 0.227113 0.600974 0.228463 0.600718 0.228733 0.600718 0.229814 0.600461 0.230084 0.600461 0.231434 0.600205 0.231704 0.600205 0.233054 0.599949 0.233324 0.599949 0.234675 0.599692 0.234945 0.599692 0.236025 0.599436 0.236295 0.59918 0.236295 0.59918 0.237645 0.598924 0.237915 0.598924 0.239265 0.598667 0.239536 0.598667 0.240886 0.598411 0.241156 0.598411 0.242236 0.598155 0.242506 0.598155 0.243856 0.597642 0.244396 0.59713 0.244396 0.596873 0.244126 0.596873 0.244937 0.59713 0.245207 0.597386 0.245207 0.597642 0.244937 0.597899 0.245207 0.597899 0.245477 0.597642 0.245747 0.597642 0.247097 0.597386 0.247367 0.597386 0.248447 0.59713 0.248717 0.59713 0.250068 0.596873 0.250338 0.596873 0.251688 0.596617 0.251958 0.596617 0.253308 0.596361 0.253578 0.596361 0.254658 0.596105 0.254928 0.596105 0.256279 0.595848 0.256549 0.595848 0.257899 0.595592 0.258169 0.595592 0.259519 0.595336 0.259789 0.595336 0.26087 0.595079 0.26114 0.595079 0.26249 0.594823 0.26276 0.594823 0.26411 0.594567 0.26438 0.594567 0.26573 0.594311 0.266001 0.594311 0.267081 0.594054 0.267351 0.594054 0.268701 0.593798 0.268971 0.593798 0.270321 0.593542 0.270591 0.593542 0.270861 0.593285 0.271132 0.593285 0.271942 0.593029 0.272212 0.593029 0.273292 0.592773 0.273562 0.592773 0.274912 0.592517 0.275182 0.592517 0.276533 0.59226 0.276803 0.59226 0.278153 0.592004 0.278423 0.592004 0.279503 0.591748 0.279773 0.591748 0.281123 0.591492 0.281393 0.591492 0.282744 0.591235 0.283014 0.591235 0.284364 0.590979 0.284634 0.590979 0.285714 0.590723 0.285984 0.590723 0.287335 0.590466 0.287605 0.590466 0.288955 0.59021 0.289225 0.59021 0.290575 0.589954 0.290845 0.589954 0.291925 0.589698 0.292196 0.589698 0.293546 0.589441 0.293816 0.589441 0.295166 0.589185 0.295436 0.589185 0.296786 0.588929 0.297056 0.588929 0.298137 0.588672 0.298407 0.588672 0.299757 0.588416 0.300027 0.588416 0.301377 0.58816 0.301647 0.58816 0.302998 0.587904 0.303268 0.587904 0.304348 0.587647 0.304618 0.587647 0.305968 0.587391 0.306238 0.587391 0.307588 0.587135 0.307858 0.587135 0.309209 0.586879 0.309479 0.586879 0.310829 0.586622 0.311099 0.586622 0.312179 0.586366 0.312449 0.586366 0.3138 0.58611 0.31407 0.58611 0.31542 0.585853 0.31569 0.585853 0.31704 0.585597 0.31731 0.585597 0.31839 0.585341 0.318661 0.585341 0.320011 0.585085 0.320281 0.585085 0.321631 0.584828 0.321901 0.584828 0.323251 0.584572 0.323521 0.584572 0.324602 0.584316 0.324872 0.584316 0.326222 0.584059 0.326492 0.584059 0.327842 0.583803 0.328112 0.583803 0.329463 0.583547 0.329733 0.583547 0.330813 0.583291 0.331083 0.583291 0.332433 0.583034 0.332703 0.583034 0.334053 0.582778 0.334324 0.582778 0.335674 0.582522 0.335944 0.582522 0.337024 0.582266 0.337294 0.582266 0.338644 0.582009 0.338914 0.582009 0.340265 0.581753 0.340535 0.581753 0.341885 0.581497 0.342155 0.581497 0.342425 0.58124 0.342695 0.58124 0.343235 0.580984 0.343505 0.580984 0.344856 0.580728 0.345126 0.580728 0.346476 0.580472 0.346746 0.580472 0.348096 0.580215 0.348366 0.580215 0.349446 0.579959 0.349716 0.579959 0.351067 0.579703 0.351337 0.579703 0.352687 0.579446 0.352957 0.579446 0.354307 0.57919 0.354577 0.57919 0.355658 0.578934 0.355928 0.578934 0.357278 0.578678 0.357548 0.578678 0.358898 0.578421 0.359168 0.578421 0.360518 0.578165 0.360789 0.578165 0.361869 0.577909 0.362139 0.577909 0.363489 0.577652 0.363759 0.577652 0.365109 0.577396 0.365379 0.577396 0.36673 0.57714 0.367 0.57714 0.36808 0.576884 0.36835 0.576884 0.3697 0.576627 0.36997 0.576627 0.371321 0.576371 0.371591 0.576371 0.372941 0.576115 0.373211 0.576115 0.374291 0.575859 0.374561 0.575859 0.375911 0.575602 0.376181 0.575602 0.377532 0.575346 0.377802 0.575346 0.379152 0.57509 0.379422 0.57509 0.380502 0.574833 0.380772 0.574833 0.382123 0.574577 0.382393 0.574577 0.383743 0.574321 0.384013 0.574321 0.385363 0.573808 0.385903 0.573808 0.386713 0.573552 0.386984 0.573552 0.388334 0.573296 0.388604 0.573296 0.389954 0.573039 0.390224 0.573039 0.391574 0.572783 0.391844 0.572783 0.392925 0.572527 0.393195 0.572527 0.394545 0.572271 0.394815 0.572271 0.396165 0.572014 0.396435 0.572014 0.397786 0.571758 0.398056 0.571758 0.399136 0.571502 0.399406 0.571502 0.400756 0.571246 0.401026 0.571246 0.402376 0.570989 0.402647 0.570989 0.403997 0.570733 0.404267 0.570733 0.405347 0.570477 0.405617 0.570477 0.406967 0.57022 0.407237 0.57022 0.408588 0.569964 0.408858 0.569964 0.410208 0.569708 0.410478 0.569708 0.411558 0.569452 0.411828 0.569452 0.413179 0.569195 0.413449 0.569195 0.414259 0.568939 0.414529 0.568939 0.414799 0.568683 0.415069 0.568683 0.416419 0.568426 0.416689 0.568426 0.417769 0.56817 0.418039 0.56817 0.41939 0.567914 0.41966 0.567914 0.42101 0.567658 0.42128 0.567658 0.42263 0.567401 0.4229 0.567401 0.423981 0.567145 0.424251 0.567145 0.425601 0.566889 0.425871 0.566889 0.427221 0.566632 0.427491 0.566632 0.428841 0.566376 0.429112 0.566376 0.430192 0.56612 0.430462 0.56612 0.431812 0.565864 0.432082 0.565864 0.433432 0.565607 0.433702 0.565607 0.435053 0.565351 0.435323 0.565351 0.436403 0.565095 0.436673 0.565095 0.438023 0.564839 0.438293 0.564839 0.439644 0.564582 0.439914 0.564582 0.441264 0.564326 0.441534 0.56407 0.441534 0.56407 0.442614 0.563813 0.442884 0.563813 0.444234 0.563557 0.444504 0.563557 0.445855 0.563301 0.446125 0.563301 0.447475 0.563045 0.447745 0.563045 0.448825 0.562788 0.449095 0.562788 0.450446 0.562532 0.450716 0.562532 0.452066 0.562276 0.452336 0.562276 0.453686 0.562019 0.453956 0.562019 0.455036 0.561763 0.455307 0.561763 0.456657 0.561507 0.456927 0.561507 0.458277 0.561251 0.458547 0.561251 0.459897 0.560994 0.460167 0.560994 0.461248 0.560738 0.461518 0.560738 0.462868 0.560482 0.463138 0.560482 0.464488 0.560226 0.464758 0.560226 0.466109 0.559969 0.466379 0.559969 0.467459 0.559713 0.467729 0.559713 0.469079 0.559457 0.469349 0.559457 0.470699 0.5592 0.470969 0.5592 0.47232 0.558944 0.47259 0.558944 0.47367 0.558688 0.47394 0.558688 0.47421 0.558432 0.47448 0.558432 0.47529 0.558175 0.47556 0.558175 0.476911 0.557919 0.477181 0.557919 0.478531 0.557663 0.478801 0.557663 0.479881 0.557406 0.480151 0.557406 0.481501 0.55715 0.481772 0.55715 0.483122 0.556894 0.483392 0.556894 0.484742 0.556638 0.485012 0.556638 0.486092 0.556381 0.486362 0.556381 0.487713 0.556125 0.487983 0.556125 0.489333 0.555869 0.489603 0.555869 0.490953 0.555613 0.491223 0.555613 0.492304 0.555356 0.492574 0.555356 0.493924 0.5551 0.494194 0.5551 0.495544 0.554844 0.495814 0.554844 0.497164 0.554587 0.497435 0.554587 0.498515 0.554331 0.498785 0.554331 0.500135 0.554075 0.500405 0.554075 0.501755 0.553819 0.502025 0.553819 0.503376 0.553562 0.503646 0.553562 0.504726 0.553306 0.504996 0.553306 0.506346 0.55305 0.506616 0.55305 0.507967 0.552793 0.508237 0.552793 0.509587 0.552537 0.509857 0.552537 0.510937 0.552281 0.511207 0.552281 0.512557 0.552025 0.512827 0.552025 0.514178 0.551768 0.514448 0.551768 0.515798 0.551512 0.516068 0.551512 0.517148 0.551256 0.517418 0.551256 0.518769 0.550999 0.519039 0.550999 0.520389 0.550743 0.520659 0.550743 0.522009 0.550487 0.522279 0.550487 0.523629 0.550231 0.5239 0.549974 0.5239 0.549974 0.52498 0.549718 0.52525 0.549718 0.5266 0.549462 0.52687 0.549462 0.52822 0.549206 0.52849 0.549206 0.529571 0.548949 0.529841 0.548949 0.531191 0.548693 0.531461 0.548693 0.532811 0.548437 0.533081 0.548437 0.534432 0.54818 0.534702 0.54818 0.535782 0.547924 0.536052 0.547924 0.537402 0.547668 0.537672 0.547668 0.539022 0.547412 0.539292 0.547412 0.540643 0.547155 0.540913 0.547155 0.541993 0.546899 0.542263 0.546899 0.543613 0.546643 0.543883 0.546643 0.545234 0.546386 0.545504 0.546386 0.546854 0.54613 0.547124 0.54613 0.548474 0.545874 0.548744 0.545874 0.549824 0.545618 0.550095 0.545618 0.550635 0.545361 0.550905 0.545361 0.551445 0.545105 0.551715 0.545105 0.553065 0.544849 0.553335 0.544849 0.554415 0.544593 0.554685 0.544593 0.556036 0.544336 0.556306 0.544336 0.557656 0.54408 0.557926 0.54408 0.559276 0.543824 0.559546 0.543824 0.560627 0.543567 0.560897 0.543567 0.562247 0.543311 0.562517 0.543311 0.563867 0.543055 0.564137 0.542799 0.563867 0.542799 0.563327 0.542542 0.563327 0.542542 0.563867 0.542286 0.564137 0.542286 0.565217 0.54203 0.565487 0.54203 0.566838 0.541773 0.567108 0.541773 0.568458 0.541517 0.568728 0.541517 0.570078 0.541261 0.570348 0.541261 0.571429 0.541005 0.571699 0.541005 0.573049 0.540748 0.573319 0.540748 0.574669 0.540492 0.574939 0.540492 0.576289 0.540236 0.57656 0.540236 0.57791 0.539979 0.57818 0.539979 0.57926 0.539723 0.57953 0.539723 0.58088 0.539467 0.58115 0.539467 0.582501 0.539211 0.582771 0.539211 0.584121 0.538954 0.584391 0.538954 0.585471 0.538698 0.585741 0.538698 0.587092 0.538442 0.587362 0.538442 0.588712 0.538186 0.588982 0.538186 0.590332 0.537929 0.590602 0.537929 0.591682 0.537673 0.591952 0.537673 0.593303 0.537417 0.593573 0.537417 0.594923 0.53716 0.595193 0.53716 0.596543 0.536904 0.596813 0.536904 0.597894 0.536648 0.598164 0.536648 0.599514 0.536392 0.599784 0.536392 0.601134 0.536648 0.601404 0.536648 0.602755 0.536392 0.603025 0.536392 0.604375 0.536135 0.604645 0.536135 0.605725 0.535879 0.605995 0.535879 0.606265 0.535623 0.606535 0.535623 0.607345 0.535366 0.607615 0.535366 0.608966 0.53511 0.609236 0.53511 0.610316 0.534854 0.610586 0.534854 0.611936 0.534598 0.612206 0.534598 0.613557 0.534341 0.613827 0.534341 0.615177 0.534085 0.615447 0.534085 0.616527 0.533829 0.616797 0.533829 0.618147 0.533573 0.618417 0.533573 0.619768 0.533316 0.620038 0.533316 0.621388 0.53306 0.621658 0.53306 0.622738 0.532804 0.623008 0.532804 0.624359 0.532547 0.624629 0.532547 0.625979 0.532291 0.626249 0.532291 0.627599 0.532035 0.627869 0.532035 0.62922 0.531779 0.62949 0.531779 0.63057 0.531522 0.63084 0.531522 0.63219 0.531266 0.63246 0.531266 0.63327 0.53101 0.63354 0.53101 0.63381 0.530753 0.63408 0.530753 0.635161 0.530497 0.635431 0.530497 0.636781 0.530241 0.637051 0.530241 0.638401 0.529985 0.638671 0.529985 0.640022 0.529728 0.640292 0.529728 0.641372 0.529472 0.641642 0.529472 0.642722 0.529728 0.642992 0.529728 0.643262 0.529985 0.643262 0.530241 0.643532 0.531266 0.643532 0.531522 0.643802 0.532804 0.643802 0.53306 0.644072 0.534341 0.644072 0.534598 0.644342 0.535879 0.644342 0.536135 0.644612 0.53716 0.644612 0.537417 0.644883 0.538698 0.644883 0.538954 0.645153 0.540236 0.645153 0.540492 0.645423 0.541773 0.645423 0.54203 0.645693 0.543055 0.645693 0.543311 0.645963 0.544593 0.645963 0.544849 0.646233 0.54613 0.646233 0.546386 0.646503 0.547668 0.646503 0.547924 0.646773 0.548949 0.646773 0.549206 0.647043 0.550487 0.647043 0.550743 0.647313 0.552025 0.647313 0.552281 0.647583 0.553562 0.647583 0.553819 0.647853 0.554844 0.647853 0.5551 0.648123 0.556381 0.648123 0.556638 0.648393 0.557919 0.648393 0.558175 0.648663 0.559457 0.648663 0.559713 0.648933 0.560738 0.648933 0.560994 0.649203 0.562276 0.649203 0.562532 0.649473 0.563813 0.649473 0.56407 0.649743 0.565351 0.649743 0.565607 0.650014 0.566632 0.650014 0.566889 0.650284 0.56817 0.650284 0.568426 0.650554 0.569708 0.650554 0.569964 0.650824 0.571246 0.650824 0.571502 0.651094 0.572527 0.651094 0.572783 0.651364 0.574065 0.651364 0.574321 0.651634 0.575602 0.651634 0.575859 0.651904 0.57714 0.651904 0.577396 0.652174 0.578421 0.652174 0.578678 0.652444 0.579959 0.652444 0.580215 0.652714 0.581497 0.652714 0.581753 0.652984 0.583034 0.652984 0.583291 0.653254 0.584572 0.653254 0.584828 0.653524 0.585853 0.653524 0.58611 0.653794 0.587391 0.653794 0.587647 0.654064 0.588929 0.654064 0.589185 0.654334 0.590466 0.654334 0.590723 0.654604 0.591748 0.654604 0.592004 0.654874 0.593285 0.654874 0.593542 0.655144 0.594823 0.655144 0.595079 0.655415 0.596361 0.655415 0.596617 0.655685 0.597642 0.655685 0.597899 0.655955 0.59918 0.655955 0.599436 0.656225 0.600718 0.656225 0.600974 0.656495 0.602255 0.656495 0.602512 0.656765 0.603537 0.656765 0.603793 0.657035 0.605074 0.657035 0.605331 0.657305 0.606612 0.657305 0.606868 0.657575 0.60815 0.657575 0.608406 0.657845 0.609431 0.657845 0.609687 0.658115 0.610969 0.658115 0.611225 0.658385 0.612506 0.658385 0.612763 0.658655 0.614044 0.658655 0.6143 0.658925 0.615325 0.658925 0.615582 0.659195 0.616863 0.659195 0.617119 0.659465 0.618401 0.659465 0.618657 0.659735 0.619938 0.659735 0.620195 0.660005 0.62122 0.660005 0.621476 0.660275 0.622758 0.660275 0.623014 0.660546 0.624295 0.660546 0.624552 0.660816 0.625833 0.660816 0.626089 0.661086 0.627114 0.661086 0.627371 0.661356 0.628652 0.661356 0.628908 0.661626 0.63019 0.661626 0.630446 0.661896 0.631727 0.661896 0.631984 0.662166 0.633009 0.662166 0.633265 0.662436 0.634546 0.662436 0.634803 0.662706 0.636084 0.662706 0.63634 0.662976 0.637622 0.662976 0.637878 0.663246 0.638903 0.663246 0.639159 0.663516 0.640441 0.663516 0.640697 0.663786 0.641978 0.663786 0.642235 0.664056 0.643516 0.664056 0.643772 0.664326 0.644798 0.664326 0.645054 0.664596 0.646335 0.664596 0.646591 0.664866 0.647873 0.664866 0.648129 0.665136 0.649411 0.665136 0.649667 0.665406 0.650692 0.665406 0.650948 0.665676 0.65223 0.665676 0.652486 0.665947 0.653767 0.665947 0.654024 0.666217 0.655305 0.666217 0.655561 0.666487 0.656843 0.666487 0.657099 0.666757 0.658124 0.666757 0.65838 0.667027 0.659662 0.667027 0.659918 0.667297 0.661199 0.667297 0.661456 0.667567 0.662737 0.667567 0.662993 0.667837 0.664018 0.667837 0.664275 0.668107 0.665556 0.668107 0.665812 0.668377 0.667094 0.668377 0.66735 0.668647 0.668631 0.668647 0.668888 0.668917 0.669913 0.668917 0.670169 0.669187 0.671451 0.669187 0.671707 0.669457 0.672988 0.669457 0.673244 0.669727 0.674526 0.669727 0.674782 0.669997 0.675807 0.669997 0.676064 0.670267 0.677345 0.670267 0.677601 0.670537 0.678883 0.670537 0.679139 0.670807 0.68042 0.670807 0.680677 0.671078 0.681702 0.671078 0.681958 0.671348 0.683239 0.671348 0.683496 0.671618 0.684777 0.671618 0.685033 0.671888 0.686315 0.671888 0.686571 0.672158 0.687596 0.672158 0.687852 0.672428 0.689134 0.672428 0.68939 0.672698 0.690671 0.672698 0.690928 0.672968 0.692209 0.672968 0.692465 0.673238 0.693491 0.673238 0.693747 0.673508 0.695028 0.673508 0.695284 0.673778 0.696566 0.673778 0.696822 0.674048 0.698104 0.674048 0.69836 0.674318 0.699385 0.674318 0.699641 0.674588 0.700923 0.674588 0.701179 0.674858 0.70246 0.674858 0.702717 0.675128 0.703998 0.675128 0.704254 0.675398 0.705279 0.675398 0.705536 0.675668 0.706817 0.675668 0.707073 0.675938 0.708355 0.675938 0.708611 0.676208 0.709892 0.676208 0.710149 0.676479 0.711174 0.676479 0.71143 0.676749 0.712711 0.676749 0.712968 0.677019 0.714249 0.677019 0.714505 0.677289 0.715787 0.677289 0.716043 0.677559 0.717068 0.677559 0.717324 0.677829 0.718606 0.677829 0.718862 0.678099 0.720144 0.678099 0.7204 0.678369 0.721681 0.678369 0.721937 0.678639 0.722963 0.678639 0.723219 0.678909 0.7245 0.678909 0.724757 0.679179 0.726038 0.679179 0.726294 0.679449 0.727576 0.679449 0.727832 0.679719 0.729113 0.679719 0.72937 0.679989 0.730395 0.679989 0.730651 0.680259 0.731932 0.680259 0.732189 0.680529 0.73347 0.680529 0.733726 0.680799 0.735008 0.680799 0.735264 0.681069 0.736289 0.681069 0.736545 0.681339 0.737827 0.681339 0.738083 0.68161 0.739364 0.68161 0.739621 0.68188 0.740902 0.68188 0.741158 0.68215 0.742183 0.68215 0.74244 0.68242 0.743721 0.68242 0.743977 0.68269 0.745259 0.68269 0.745515 0.68296 0.746797 0.68296 0.747053 0.68323 0.748078 0.68323 0.748334 0.6835 0.749616 0.6835 0.749872 0.68377 0.751153 0.68377 0.75141 0.68404 0.752691 0.68404 0.752947 0.68431 0.753972 0.68431 0.754229 0.68458 0.75551 0.68458 0.755766 0.68485 0.757048 0.68485 0.757304 0.68512 0.758585 0.68512 0.758842 0.68539 0.759867 0.68539 0.760123 0.68566 0.761404 0.68566 0.761661 0.68593 0.762942 0.68593 0.763198 0.6862 0.76448 0.6862 0.764736 0.68647 0.765761 0.68647 0.766017 0.68674 0.767299 0.68674 0.767555 0.687011 0.768836 0.687011 0.769093 0.687281 0.770374 0.687281 0.77063 0.687551 0.771656 0.687551 0.771912 0.687821 0.773193 0.687821 0.77345 0.688091 0.774731 0.688091 0.774987 0.688361 0.776269 0.688361 0.776525 0.688631 0.77755 0.688631 0.777806 0.688901 0.779088 0.688901 0.779344 0.689171 0.780625 0.689171 0.780882 0.689441 0.782163 0.689441 0.782419 0.689711 0.783444 0.689711 0.783701 0.689981 0.784982 0.689981 0.785238 0.690251 0.78652 0.690251 0.786776 0.690521 0.788057 0.690521 0.788314 0.690791 0.789339 0.690791 0.789595 0.691061 0.790876 0.691061 0.791133 0.691331 0.792414 0.691331 0.79267 0.691601 0.793952 0.691601 0.794208 0.691871 0.795233 0.691871 0.795489 0.692142 0.796771 0.692142 0.797027 0.692412 0.798309 0.692412 0.798565 0.692682 0.799846 0.692682 0.800103 0.692952 0.801128 0.692952 0.801384 0.693222 0.802665 0.693222 0.802922 0.693492 0.804203 0.693492 0.804459 0.693762 0.805741 0.693762 0.805997 0.694032 0.807278 0.694032 0.807535 0.694302 0.80856 0.694302 0.808816 0.694572 0.810097 0.694572 0.810354 0.694842 0.811635 0.694842 0.811891 0.695112 0.813173 0.695112 0.813429 0.695382 0.814454 0.695382 0.81471 0.695652 0.815992 0.695652 0.816248 0.695922 0.817529 0.695922 0.817786 0.696192 0.819067 0.696192 0.819323 0.696462 0.820349 0.696462 0.820605 0.696732 0.821886 0.696732 0.822142 0.697002 0.823424 0.697002 0.82368 0.697272 0.824962 0.697272 0.825218 0.697543 0.826243 0.697543 0.826499 0.697813 0.827781 0.697813 0.828037 0.698083 0.829318 0.698083 0.829575 0.698353 0.830856 0.698353 0.831112 0.698623 0.832137 0.698623 0.832394 0.698893 0.833675 0.698893 0.833931 0.699163 0.835213 0.699163 0.835469 0.699433 0.83675 0.699433 0.837007 0.699703 0.838032 0.699703 0.838288 0.699973 0.839569 0.699973 0.839826 0.700243 0.841107 0.700243 0.841363 0.700513 0.842645 0.700513 0.842901 0.700783 0.843926 0.700783 0.844182 0.701053 0.845464 0.701053 0.84572 0.701323 0.847002 0.701323 0.847258 0.701593 0.848539 0.701593 0.848795 0.701863 0.849821 0.701863 0.850077 0.702133 0.851358 0.702133 0.851615 0.702403 0.852896 0.702403 0.853152 0.702674 0.854434 0.702674 0.85469 0.702944 0.855715 0.702944 0.855971 0.703214 0.857253 0.703214 0.857509 0.703484 0.85879 0.703484 0.859047 0.703754 0.860328 0.703754 0.860584 0.704024 0.861609 0.704024 0.861866 0.704294 0.863147 0.704294 0.863403 0.704564 0.864685 0.704564 0.864941 0.704834 0.866222 0.704834 0.866479 0.705104 0.867504 0.705104 0.86776 0.705374 0.869042 0.705374 0.869298 0.705644 0.870579 0.705644 0.870835 0.705914 0.872117 0.705914 0.872373 0.706184 0.873398 0.706184 0.873655 0.706454 0.874936 0.706454 0.875192 0.706724 0.876474 0.706724 0.87673 0.706994 0.878011 0.706994 0.878268 0.707264 0.879549 0.707264 0.879805 0.707534 0.88083 0.707534 0.881087 0.707804 0.882368 0.707804 0.882624 0.708075 0.883906 0.708075 0.884162 0.708345 0.885443 0.708345 0.8857 0.708615 0.886725 0.708615 0.886981 0.708885 0.888262 0.708885 0.888519 0.709155 0.8898 0.709155 0.890056 0.709425 0.891338 0.709425 0.891594 0.709695 0.892619 0.709695 0.892875 0.709965 0.894157 0.709965 0.894413 0.710235 0.895695 0.710235 0.895951 0.710505 0.897232 0.710505 0.897488 0.710775 0.898514 0.710775 0.89877 0.711045 0.900051 0.711045 0.900308 0.711315 0.901589 0.711315 0.901845 0.711585 0.903127 0.711585 0.903383 0.711855 0.904408 0.711855 0.904664 0.712125 0.905946 0.712125 0.906202 0.712395 0.907483 0.712395 0.90774 0.712665 0.909021 0.712665 0.909277 0.712935 0.910302 0.712935 0.910559 0.713206 0.91184 0.713206 0.912096 0.713476 0.913378 0.713476 0.913634 0.713746 0.914915 0.713746 0.915172 0.714016 0.916197 0.714016 0.916453 0.714286 0.917734 0.714286 0.917991 0.714556 0.919272 0.714556 0.919528 0.714826 0.92081 0.714826 0.921066 0.715096 0.922091 0.715096 0.922348 0.715366 0.923629 0.715366 0.923885 0.715636 0.925167 0.715636 0.925423 0.715906 0.926704 0.715906 0.926961 0.716176 0.927986 0.716176 0.928242 0.716446 0.929523 0.716446 0.92978 0.716716 0.931061 0.716716 0.931317 0.716986 0.932599 0.716986 0.932855 0.717256 0.93388 0.717256 0.934136 0.717526 0.935418 0.717526 0.935674 0.717796 0.936955 0.717796 0.937212 0.718066 0.9408 0.718066 0.9408 0.716986 0.941056 0.716716 0.941056 0.715366 0.941312 0.715096 0.941312 0.713746 0.941568 0.713476 0.941568 0.712395 0.941825 0.712125 0.941825 0.710775 0.942081 0.710505 0.942081 0.709155 0.942337 0.708885 0.942337 0.707534 0.942594 0.707264 0.942594 0.706184 0.94285 0.705914 0.94285 0.704564 0.943106 0.704294 0.943106 0.702944 0.943362 0.702674 0.943362 0.701323 0.943619 0.701053 0.943619 0.699973 0.943875 0.699703 0.943875 0.698353 0.944131 0.698083 0.944131 0.696732 0.944387 0.696462 0.944387 0.695112 0.944644 0.694842 0.944644 0.693762 0.9449 0.693492 0.9449 0.692142 0.945156 0.691871 0.945156 0.690521 0.945413 0.690251 0.945413 0.688901 0.945669 0.688631 0.945669 0.687551 0.945925 0.687281 0.945925 0.68593 0.946181 0.68566 0.946181 0.68431 0.946438 0.68404 0.946438 0.68269 0.946694 0.68242 0.946694 0.681339 0.94695 0.681069 0.94695 0.679719 0.947207 0.679449 0.947207 0.678099 0.947463 0.677829 0.947463 0.676479 0.947719 0.676208 0.947719 0.675128 0.947975 0.674858 0.947975 0.673508 0.948232 0.673238 0.948232 0.671888 0.948488 0.671618 0.948488 0.670267 0.948744 0.669997 0.948744 0.668917 0.949001 0.668647 0.949001 0.667297 0.949257 0.667027 0.949257 0.665676 0.949513 0.665406 0.949513 0.664056 0.949769 0.663786 0.949769 0.662706 0.950026 0.662436 0.950026 0.661086 0.950282 0.660816 0.950282 0.659465 0.950538 0.659195 0.950538 0.657845 0.950794 0.657575 0.950794 0.656495 0.951051 0.656225 0.951051 0.654874 0.951307 0.654604 0.951307 0.653254 0.951563 0.652984 0.951563 0.651634 0.95182 0.651364 0.95182 0.650014 0.952076 0.649743 0.952076 0.648663 0.952332 0.648393 0.952332 0.647043 0.952588 0.646773 0.952588 0.645423 0.952845 0.645153 0.952845 0.643802 0.953101 0.643532 0.953101 0.642452 0.953357 0.642182 0.953357 0.640832 0.953614 0.640562 0.953614 0.639211 0.95387 0.638941 0.95387 0.637591 0.954126 0.637321 0.954126 0.636241 0.954382 0.635971 0.954382 0.634621 0.954639 0.634351 0.954639 0.633 0.954895 0.63273 0.954895 0.63138 0.955151 0.63111 0.955151 0.63003 0.955407 0.62976 0.955407 0.628409 0.955664 0.628139 0.955664 0.626789 0.95592 0.626519 0.95592 0.625169 0.956176 0.624899 0.956176 0.623819 0.956433 0.623548 0.956433 0.622198 0.956689 0.621928 0.956689 0.620578 0.956945 0.620308 0.956945 0.618958 0.957201 0.618688 0.957201 0.617607 0.957458 0.617337 0.957458 0.615987 0.957714 0.615717 0.957714 0.614367 0.95797 0.614097 0.95797 0.612746 0.958227 0.612476 0.958227 0.611396 0.958483 0.611126 0.958483 0.609776 0.958739 0.609506 0.958739 0.608156 0.958995 0.607885 0.958995 0.606535 0.959252 0.606265 0.959252 0.605185 0.959508 0.604915 0.959508 0.603565 0.959764 0.603295 0.959764 0.601944 0.960021 0.601674 0.960021 0.600324 0.960277 0.600054 0.960277 0.598974 0.960533 0.598704 0.960533 0.597353 0.960789 0.597083 0.960789 0.595733 0.961046 0.595463 0.961046 0.594113 0.961302 0.593843 0.961302 0.592763 0.961558 0.592493 0.961558 0.591142 0.961814 0.590872 0.961814 0.589522 0.962071 0.589252 0.962071 0.587902 0.962327 0.587632 0.962327 0.586551 0.962583 0.586281 0.962583 0.584931 0.96284 0.584661 0.96284 0.583311 0.963096 0.583041 0.963096 0.581691 0.963352 0.58142 0.963352 0.58034 0.963608 0.58007 0.963608 0.57872 0.963865 0.57845 0.963865 0.5771 0.964121 0.57683 0.964121 0.575479 0.964377 0.575209 0.964377 0.574129 0.964634 0.573859 0.964634 0.572509 0.96489 0.572239 0.96489 0.570888 0.965146 0.570618 0.965146 0.569268 0.965402 0.568998 0.965402 0.567648 0.965659 0.567378 0.965659 0.566298 0.965915 0.566028 0.965915 0.564677 0.966171 0.564407 0.966171 0.563057 0.966427 0.562787 0.966427 0.561437 0.966684 0.561167 0.966684 0.560086 0.96694 0.559816 0.96694 0.558466 0.967196 0.558196 0.967196 0.556846 0.967453 0.556576 0.967453 0.555225 0.967709 0.554955 0.967709 0.553875 0.967965 0.553605 0.967965 0.552255 0.968221 0.551985 0.968221 0.550635 0.968478 0.550365 0.968478 0.549014 0.968734 0.548744 0.968734 0.547664 0.96899 0.547394 0.96899 0.546044 0.969247 0.545774 0.969247 0.544423 0.969503 0.544153 0.969503 0.542803 0.969759 0.542533 0.969759 0.541453 0.970015 0.541183 0.970015 0.539833 0.970272 0.539563 0.970272 0.538212 0.970528 0.537942 0.970528 0.536592 0.970784 0.536322 0.970784 0.535242 0.97104 0.534972 0.97104 0.533621 0.971297 0.533351 0.971297 0.532001 0.971553 0.531731 0.971553 0.530381 0.971809 0.530111 0.971809 0.529031 0.972066 0.52876 0.972066 0.52741 0.972322 0.52714 0.972322 0.52579 0.972578 0.52552 0.972578 0.52417 0.972834 0.5239 0.972834 0.522819 0.973091 0.522549 0.973091 0.521199 0.973347 0.520929 0.973347 0.519579 0.973603 0.519309 0.973603 0.517958 0.97386 0.517688 0.97386 0.516608 0.974116 0.516338 0.974116 0.514988 0.974372 0.514718 0.974372 0.513368 0.974628 0.513097 0.974628 0.511747 0.974885 0.511477 0.974885 0.510397 0.975141 0.510127 0.975141 0.508777 0.975397 0.508507 0.975397 0.507156 0.975654 0.506886 0.975654 0.505536 0.97591 0.505266 0.97591 0.504186 0.976166 0.503916 0.976166 0.502565 0.976422 0.502295 0.976422 0.500945 0.976679 0.500675 0.976679 0.499325 0.976935 0.499055 0.976935 0.497975 0.977191 0.497705 0.977191 0.496354 0.977447 0.496084 0.977447 0.494734 0.977704 0.494464 0.977704 0.493114 0.97796 0.492844 0.97796 0.491493 0.978216 0.491223 0.978216 0.490143 0.978473 0.489873 0.978473 0.488523 0.978729 0.488253 0.978729 0.486903 0.978985 0.486632 0.978985 0.485282 0.979241 0.485012 0.979241 0.483932 0.979498 0.483662 0.979498 0.482312 0.979754 0.482042 0.979754 0.480691 0.98001 0.480421 0.98001 0.479071 0.980267 0.478801 0.980267 0.477721 0.980523 0.477451 0.980523 0.4761 0.980779 0.47583 0.980779 0.47448 0.981035 0.47421 0.981035 0.47286 0.981292 0.47259 0.981292 0.47151 0.981548 0.47124 0.981548 0.469889 0.981804 0.469619 0.981804 0.468269 0.98206 0.467999 0.98206 0.466649 0.982317 0.466379 0.982317 0.465298 0.982573 0.465028 0.982573 0.463678 0.982829 0.463408 0.982829 0.462058 0.983086 0.461788 0.983086 0.460437 0.983342 0.460167 0.983342 0.459087 0.983598 0.458817 0.983598 0.457467 0.983854 0.457197 0.983854 0.455847 0.984111 0.455577 0.984111 0.454226 0.984367 0.453956 0.984367 0.452876 0.984623 0.452606 0.984623 0.451256 0.98488 0.450986 0.98488 0.449635 0.985136 0.449365 0.985136 0.448015 0.985392 0.447745 0.985392 0.446665 0.985648 0.446395 0.985648 0.445045 0.985905 0.444775 0.985905 0.443424 0.986161 0.443154 0.986161 0.441804 0.986417 0.441534 0.986417 0.440454 0.986674 0.440184 0.986674 0.438833 0.98693 0.438563 0.98693 0.437213 0.987186 0.436943 0.987186 0.435593 0.987442 0.435323 0.987442 0.434243 0.987699 0.433972 0.987699 0.432622 0.987955 0.432352 0.987955 0.431002 0.988211 0.430732 0.988211 0.429382 0.988467 0.429112 0.988467 0.428031 0.988724 0.427761 0.988724 0.426411 0.98898 0.426141 0.98898 0.424791 0.989236 0.424521 0.989236 0.42317 0.989493 0.4229 0.989493 0.42182 0.989749 0.42155 0.989749 0.4202 0.990005 0.41993 0.990005 0.41858 0.990261 0.418309 0.990261 0.416959 0.990518 0.416689 0.990518 0.415609 0.990774 0.415339 0.990774 0.413989 0.99103 0.413719 0.99103 0.412368 0.991287 0.412098 0.991287 0.410748 0.991543 0.410478 0.991543 0.409128 0.991799 0.408858 0.991799 0.407777 0.992055 0.407507 0.992055 0.406157 0.992312 0.405887 0.992312 0.404537 0.992568 0.404267 0.992568 0.402917 0.992824 0.402647 0.992824 0.401566 0.99308 0.401296 0.99308 0.399946 0.993337 0.399676 0.993337 0.398326 0.993593 0.398056 0.993593 0.396705 0.993849 0.396435 0.993849 0.395355 0.994106 0.395085 0.994106 0.393735 0.994362 0.393465 0.994362 0.392115 0.994618 0.391844 0.994618 0.390494 0.994874 0.390224 0.994874 0.389144 0.995131 0.388874 0.995131 0.387524 0.995387 0.387254 0.995387 0.385903 0.995643 0.385633 0.995643 0.384283 0.9959 0.384013 0.9959 0.382933 0.996156 0.382663 0.996156 0.381312 0.996412 0.381042 0.996412 0.379692 0.996668 0.379422 0.996668 0.378072 0.996925 0.377802 0.996925 0.376722 0.997181 0.376452 0.997181 0.375101 0.997437 0.374831 0.997437 0.373481 0.997693 0.373211 0.997693 0.371861 0.99795 0.371591 0.99795 0.37051 0.998206 0.37024 0.998206 0.36889 0.998462 0.36862 0.998462 0.36727 0.998719 0.367 0.998719 0.365649 0.998975 0.365379 0.998975 0.364299 0.999231 0.364029 0.999231 0.362679 0.999487 0.362409 0.999487 0.361059 0.999744 0.360789 0.999744 0.275992 0.998719 0.275992 0.998462 0.275722 0.997437 0.275722 0.997181 0.275452 0.9959 0.275452 0.995643 0.275182 0.994362 0.275182 0.994106 0.274912 0.992824 0.274912 0.992568 0.274642 0.991543 0.274642 0.991287 0.274372 0.990005 0.274372 0.989749 0.274102 0.988467 0.274102 0.988211 0.273832 0.98693 0.273832 0.986674 0.273562 0.986417 0.273562 0.985136 0.274912 0.985136 0.275722 0.984623 0.276262 0.984623 0.276533 0.984111 0.277073 0.983854 0.276803 0.983854 0.275992 0.984111 0.275722 0.984111 0.274372 0.984367 0.274102 0.984367 0.273022 0.98488 0.272482 0.98488 0.271402 0.985136 0.271132 0.985136 0.270051 0.985648 0.269511 0.985648 0.268431 0.985905 0.268161 0.985905 0.266811 0.986161 0.266541 0.986161 0.26546 0.986674 0.26492 0.986674 0.26438 0.98693 0.26411 0.98693 0.26384 0.987186 0.26357 0.987186 0.2633 0.987442 0.26303 0.987442 0.26276 0.986417 0.26276 0.986161 0.26249 0.98488 0.26249 0.984623 0.26222 0.983598 0.26222 0.983598 0.26303 0.983342 0.2633 0.983342 0.26357 0.983086 0.26384 0.983086 0.26492 0.982829 0.26519 0.982829 0.266271 0.982573 0.266541 0.982573 0.267891 0.982317 0.268161 0.982317 0.269511 0.98206 0.269781 0.98206 0.271132 0.981804 0.271402 0.981804 0.272482 0.981548 0.272752 0.981548 0.274102 0.981292 0.274372 0.981292 0.275452 0.981035 0.275722 0.981035 0.277073 0.980779 0.277343 0.980779 0.278693 0.980523 0.278963 0.980523 0.279773 0.980267 0.280043 0.980267 0.280313 0.98001 0.280583 0.98001 0.280853 0.980523 0.281393 0.980523 0.281664 0.980779 0.281934 0.980779 0.282204 0.981035 0.282474 0.980779 0.282744 0.980779 0.283284 0.980523 0.283554 0.980267 0.283554 0.98001 0.283824 0.98001 0.284094 0.979754 0.284364 0.978729 0.284364 0.978473 0.284094 0.977191 0.284094 0.976935 0.283824 0.975654 0.283824 0.975397 0.283554 0.972834 0.283554 0.972578 0.283284 0.972578 0.283014 0.972834 0.282744 0.972834 0.281393 0.973091 0.281123 0.973091 0.279773 0.973347 0.279503 0.973347 0.278423 0.973091 0.278423 0.972834 0.278153 0.972834 0.276533 0.973091 0.276262 0.972834 0.275992 0.972834 0.275182 0.973091 0.274912 0.973091 0.273562 0.973347 0.273292 0.973347 0.271942 0.973603 0.271672 0.973603 0.270591 0.973347 0.270321 0.973603 0.270051 0.973347 0.269781 0.973347 0.269511 0.972834 0.269511 0.972578 0.269241 0.972322 0.269241 0.972066 0.268971 0.972066 0.268701 0.971553 0.268701 0.971297 0.268431 0.97104 0.268431 0.970784 0.268161 0.969503 0.268161 0.969247 0.267891 0.96899 0.267891 0.968734 0.268161 0.967965 0.268161 0.967709 0.267891 0.966427 0.267891 0.966171 0.267621 0.965402 0.267621 0.96489 0.267081 0.96489 0.266541 0.965402 0.266001 0.965402 0.26492 0.965659 0.26465 0.965659 0.2633 0.965915 0.26303 0.965659 0.26276 0.965659 0.26141 0.965402 0.26114 0.965402 0.26087 0.965146 0.2606 0.96489 0.2606 0.964634 0.260329 0.964634 0.260059 0.964377 0.259789 0.964121 0.259789 0.963865 0.259519 0.963096 0.259519 0.962583 0.258979 0.96284 0.258709 0.963352 0.258709 0.963352 0.258439 0.96284 0.258439 0.962583 0.258169 0.961302 0.258169 0.961046 0.257899 0.959764 0.257899 0.959508 0.257629 0.958483 0.257629 0.958227 0.257359 0.956945 0.257359 0.956689 0.257089 0.955407 0.257089 0.955151 0.256819 0.95387 0.256819 0.953614 0.256549 0.952588 0.256549 0.952332 0.256279 0.951051 0.256279 0.950794 0.256009 0.949513 0.256009 0.949257 0.255739 0.947975 0.255739 0.947719 0.255469 0.946694 0.255469 0.946438 0.255198 0.945156 0.255198 0.9449 0.254928 0.943619 0.254928 0.943362 0.254658 0.942081 0.254658 0.941825 0.254388 0.9408 0.254388 0.940543 0.254118 0.939262 0.254118 0.939006 0.253848 0.937724 0.253848 0.937468 0.253578 0.936187 0.253578 0.93593 0.253308 0.934905 0.253308 0.934649 0.253038 0.933368 0.253038 0.933111 0.252768 0.93183 0.252768 0.931574 0.252498 0.930292 0.252498 0.930036 0.252228 0.929011 0.252228 0.928754 0.251958 0.927473 0.251958 0.927217 0.251688 0.925935 0.251688 0.925679 0.251418 0.924398 0.251418 0.924141 0.251148 0.923116 0.251148 0.92286 0.250878 0.921579 0.250878 0.921322 0.250608 0.920041 0.250608 0.919785 0.250338 0.918503 0.250338 0.918247 0.250068 0.916966 0.250068 0.916709 0.249797 0.915684 0.249797 0.915428 0.249527 0.914147 0.249527 0.91389 0.249257 0.912609 0.249257 0.912353 0.248987 0.911071 0.248987 0.910815 0.248717 0.90979 0.248717 0.909534 0.248447 0.908252 0.248447 0.907996 0.248177 0.906715 0.248177 0.906458 0.247907 0.905177 0.247907 0.904921 0.247637 0.903895 0.247637 0.903639 0.247367 0.902358 0.247367 0.902101 0.247097 0.90082 0.247097 0.900564 0.246827 0.899282 0.246827 0.899026 0.246557 0.898001 0.246557 0.897745 0.246287 0.896463 0.246287 0.896207 0.246017 0.894926 0.246017 0.894669 0.245747 0.893388 0.245747 0.893132 0.245477 0.892107 0.245477 0.89185 0.245207 0.890569 0.245207 0.890313 0.244937 0.889031 0.244937 0.888775 0.244666 0.887494 0.244666 0.887237 0.244396 0.886212 0.244396 0.885956 0.244126 0.884675 0.244126 0.884418 0.243856 0.883137 0.243856 0.882881 0.243586 0.881599 0.243586 0.881343 0.243316 0.880318 0.243316 0.880062 0.243046 0.87878 0.243046 0.878524 0.242776 0.878524 0.243046 0.87878 0.243316 0.879036 0.243316 0.879293 0.243586 0.879293 0.244126 0.879036 0.244396 0.879036 0.244666 0.87878 0.244937 0.87878 0.245747 0.878524 0.246017 0.878524 0.247367 0.878268 0.247637 0.878268 0.248717 0.878011 0.248987 0.878011 0.250338 0.877755 0.250608 0.877755 0.251688 0.877499 0.251958 0.877242 0.251958 0.876986 0.252228 0.876474 0.252228 0.876217 0.251958 0.876217 0.251688 0.875961 0.251688 0.875705 0.251418 0.875192 0.251418 0.874936 0.251148 0.873911 0.251148 0.873911 0.251688 0.873655 0.251958 0.873655 0.252228 0.873398 0.252498 0.873398 0.253038 0.872886 0.253578 0.872886 0.254658 0.872629 0.254928 0.872629 0.255469 0.872373 0.255739 0.872373 0.256279 0.872117 0.256549 0.872117 0.257629 0.871861 0.257899 0.871861 0.258709 0.871604 0.258979 0.871348 0.258979 0.871092 0.258709 0.870835 0.258709 0.870323 0.258169 0.870323 0.257899 0.870579 0.257629 0.870579 0.256279 0.870835 0.256009 0.870835 0.254658 0.871092 0.254388 0.871092 0.253308 0.871348 0.253038 0.871348 0.251688 0.871604 0.251418 0.871604 0.250608 0.871348 0.250338 0.871348 0.249797 0.871092 0.249527 0.870835 0.249527 0.870579 0.249257 0.870579 0.248987 0.86981 0.248987 0.869554 0.248717 0.869298 0.248717 0.869042 0.248447 0.86776 0.248447 0.867504 0.248177 0.866479 0.248177 0.866222 0.247907 0.864428 0.247907 0.864172 0.248177 0.863916 0.248177 0.863916 0.248987 0.86366 0.249257 0.86366 0.250608 0.863403 0.250878 0.86366 0.251148 0.86366 0.252228 0.863403 0.252498 0.863403 0.253848 0.863147 0.254118 0.863147 0.255198 0.862891 0.255469 0.862635 0.255469 0.862635 0.256819 0.862122 0.257359 0.861097 0.257359 0.860841 0.257089 0.860072 0.257089 0.860072 0.257629 0.859815 0.257899 0.859815 0.258169 0.859559 0.258439 0.859559 0.259789 0.859303 0.260059 0.859303 0.26141 0.859047 0.26168 0.856228 0.26168 0.855971 0.26141 0.85469 0.26141 0.854434 0.26114 0.853409 0.26114 0.853152 0.26087 0.851871 0.26087 0.851102 0.260059 0.851102 0.259249 0.851358 0.258979 0.851358 0.257899 0.851615 0.257629 0.852127 0.257629 0.852127 0.257359 0.852383 0.257089 0.852383 0.256279 0.85264 0.256009 0.85264 0.255739 0.852383 0.255739 0.852127 0.255469 0.850846 0.255469 0.850589 0.255198 0.849308 0.255198 0.849052 0.254928 0.848539 0.254928 0.848283 0.254658 0.848283 0.254388 0.848539 0.254118 0.848539 0.252768 0.848027 0.252768 0.84777 0.252498 0.846489 0.252498 0.846233 0.252228 0.845976 0.252228 0.84572 0.251958 0.845208 0.251958 0.844951 0.251688 0.84367 0.251688 0.843414 0.251418 0.842901 0.251418 0.842132 0.252228 0.841876 0.252228 0.841107 0.253038 0.840338 0.253038 0.840082 0.252768 0.839569 0.252768 0.839313 0.252498 0.839313 0.251958 0.839057 0.251958 0.838801 0.251688 0.838801 0.251418 0.838288 0.250878 0.838288 0.250608 0.837775 0.250608 0.837519 0.250338 0.836238 0.250338 0.835982 0.250068 0.8347 0.250068 0.834444 0.249797 0.834188 0.249797 0.833931 0.249527 0.833419 0.249527 0.833162 0.249257 0.832137 0.249257 0.831881 0.249527 0.831625 0.249527 0.831369 0.249797 0.831369 0.250878 0.830856 0.251418 0.830087 0.251418 0.829831 0.251148 0.829831 0.250338 0.829575 0.250068 0.829575 0.249797 0.829318 0.249527 0.828549 0.249527 0.828293 0.249257 0.827781 0.249797 0.827781 0.250608 0.827524 0.250878 0.827524 0.252228 0.827268 0.252498 0.827268 0.253578 0.827012 0.253848 0.827012 0.254118 0.827524 0.254658 0.827524 0.255198 0.827012 0.255739 0.826756 0.255739 0.826499 0.255469 0.825218 0.255469 0.824962 0.255198 0.823936 0.255198 0.82368 0.254928 0.822399 0.254928 0.822142 0.254658 0.820861 0.254658 0.820605 0.254388 0.819323 0.254388 0.819067 0.254118 0.818042 0.254118 0.817786 0.253848 0.814967 0.253848 0.81471 0.253578 0.813685 0.253578 0.812916 0.252768 0.813173 0.252498 0.813173 0.251958 0.812916 0.251688 0.812916 0.251148 0.813173 0.250878 0.813173 0.249797 0.812916 0.249527 0.813173 0.249257 0.813173 0.247907 0.813429 0.247637 0.813429 0.247367 0.813173 0.247097 0.813173 0.246287 0.813429 0.246017 0.813429 0.244666 0.813685 0.244396 0.813685 0.244126 0.813429 0.243856 0.813429 0.243316 0.813685 0.243046 0.813685 0.241156 0.812916 0.241156 0.81266 0.240886 0.811635 0.240886 0.811379 0.240616 0.811379 0.240346 0.810097 0.240346 0.809841 0.240076 0.80856 0.240076 0.808303 0.239806 0.807278 0.239806 0.807022 0.239536 0.805741 0.239536 0.805484 0.239265 0.804203 0.239265 0.803947 0.238995 0.802665 0.238995 0.802409 0.238725 0.801896 0.238725 0.80164 0.238455 0.801384 0.238455 0.801128 0.238185 0.799846 0.238185 0.79959 0.237915 0.798309 0.237915 0.798052 0.237645 0.796771 0.237645 0.796515 0.237375 0.795489 0.237375 0.795233 0.237105 0.793952 0.237105 0.793696 0.236835 0.793439 0.236835 0.793183 0.236565 0.792414 0.236565 0.792158 0.236295 0.790876 0.236295 0.79062 0.236025 0.789595 0.236025 0.789339 0.235755 0.788057 0.235755 0.787801 0.235485 0.78652 0.235485 0.786263 0.235215 0.784982 0.235215 0.784726 0.234945 0.783701 0.234945 0.783444 0.234675 0.782163 0.234675 0.781907 0.234405 0.781138 0.234405 0.781138 0.235215 0.780882 0.235485 0.780882 0.236835 0.780625 0.237105 0.780625 0.238455 0.780369 0.238725 0.780369 0.240076 0.780113 0.240346 0.780113 0.241426 0.779856 0.241696 0.779856 0.243046 0.7796 0.243316 0.7796 0.244666 0.779344 0.244937 0.779344 0.246287 0.779088 0.246557 0.778831 0.246557 0.778575 0.246827 0.778063 0.246827 0.777806 0.246557 0.776525 0.246557 0.776269 0.246287 0.776269 0.244666 0.776525 0.244396 0.776525 0.243856 0.776269 0.243586 0.776269 0.243046 0.776525 0.242776 0.776525 0.242236 0.776269 0.241966 0.776269 0.241426 0.776525 0.241156 0.776525 0.240076 0.776269 0.239806 0.776525 0.239536 0.776269 0.239265 0.776269 0.238995 0.775756 0.238995 0.7755 0.238725 0.775243 0.238725 0.774987 0.238455 0.774987 0.238185 0.775243 0.237915 0.775243 0.236565 0.7755 0.236295 0.7755 0.235755 0.775243 0.235485 0.775243 0.234945 0.7755 0.234675 0.7755 0.233594 0.775756 0.233324 0.775756 0.232244 0.776269 0.231704 0.776269 0.230894 0.776012 0.230624 0.774987 0.230624 0.774731 0.230354 0.774475 0.230624 0.77345 0.230624 0.772937 0.230084 0.772168 0.230084 0.771912 0.229814 0.772168 0.229544 0.772168 0.228733 0.771912 0.228463 0.772168 0.228193 0.772168 0.226843 0.772424 0.226573 0.772424 0.226303 0.772168 0.226033 0.772168 0.225763 0.771656 0.225763 0.771399 0.225493 0.770887 0.225493 0.77063 0.225223 0.77063 0.224683 0.769349 0.224683 0.768836 0.224143 0.768068 0.224143 0.767811 0.223873 0.76653 0.223873 0.766274 0.223602 0.764992 0.223602 0.764736 0.223332 0.763967 0.223332 0.763711 0.223602 0.763455 0.223602 0.763198 0.223332 0.762173 0.223332 0.761917 0.223062 0.761661 0.223332 0.761148 0.223332 0.760892 0.223602 0.760379 0.223602 0.75961 0.224413 0.75961 0.225493 0.759354 0.225763 0.759354 0.227113 0.759098 0.227383 0.759098 0.227653 0.758842 0.227923 0.758585 0.227653 0.758585 0.228193 0.758329 0.228463 0.757304 0.228463 0.757048 0.228193 0.756535 0.228193 0.756023 0.227653 0.756023 0.227383 0.75551 0.226843 0.753972 0.226843 0.753972 0.228193 0.753716 0.228463 0.753716 0.229544 0.75346 0.229814 0.75346 0.231164 0.753203 0.231434 0.753203 0.232784 0.752947 0.233054 0.752947 0.234405 0.752691 0.234675 0.752691 0.235755 0.752435 0.236025 0.752435 0.237375 0.752178 0.237645 0.752178 0.238995 0.751922 0.239265 0.751922 0.240616 0.751666 0.240886 0.751922 0.241156 0.751922 0.241426 0.751666 0.241696 0.75141 0.241426 0.750128 0.241426 0.749872 0.241156 0.74859 0.241156 0.748334 0.240886 0.747309 0.240886 0.747053 0.240616 0.745771 0.240616 0.745515 0.240346 0.744234 0.240346 0.743977 0.240076 0.742696 0.240076 0.74244 0.239806 0.741415 0.239806 0.741158 0.239536 0.739877 0.239536 0.739621 0.239265 0.738339 0.239265 0.738083 0.238995 0.736802 0.238995 0.736545 0.238725 0.735264 0.238725 0.735008 0.238455 0.733983 0.238455 0.733726 0.238185 0.732445 0.238185 0.732189 0.237915 0.730907 0.237915 0.730651 0.237645 0.72937 0.237645 0.729113 0.237375 0.728088 0.237375 0.727832 0.237105 0.727063 0.237105 0.726807 0.236835 0.72655 0.236835 0.726294 0.236565 0.725013 0.236565 0.724757 0.236295 0.723731 0.236295 0.723475 0.236025 0.722194 0.236025 0.721937 0.235755 0.720656 0.235755 0.7204 0.235485 0.719118 0.235485 0.718862 0.235215 0.717837 0.235215 0.717581 0.234945 0.716299 0.234945 0.716043 0.234675 0.714762 0.234675 0.714505 0.234405 0.713224 0.234405 0.712968 0.234134 0.711943 0.234134 0.711686 0.233864 0.710405 0.233864 0.710149 0.233594 0.708867 0.233594 0.708611 0.233324 0.70733 0.233324 0.707073 0.233054 0.705792 0.233054 0.705536 0.232784 0.704511 0.232784 0.704254 0.232514 0.702973 0.232514 0.702717 0.232244 0.702204 0.232244 0.701948 0.231974 0.701435 0.231974 0.701179 0.231704 0.700154 0.231704 0.699897 0.231434 0.698616 0.231434 0.69836 0.231164 0.697078 0.231164 0.696822 0.230894 0.695541 0.230894 0.695284 0.230624 0.694259 0.230624 0.694003 0.230354 0.692722 0.230354 0.692465 0.230084 0.691184 0.230084 0.690928 0.229814 0.689646 0.229814 0.68939 0.229544 0.688365 0.229544 0.688109 0.229274 0.686827 0.229274 0.686571 0.229004 0.68529 0.229004 0.685033 0.228733 0.683752 0.228733 0.683496 0.228463 0.682214 0.228463 0.681958 0.228193 0.680933 0.228193 0.680677 0.227923 0.679395 0.227923 0.679139 0.227653 0.677858 0.227653 0.677601 0.227383 0.67632 0.227383 0.676064 0.227113 0.675038 0.227113 0.674782 0.226843 0.673501 0.226843 0.673244 0.226573 0.671963 0.226573 0.671707 0.226303 0.670425 0.226303 0.670169 0.226033 0.669144 0.226033 0.668888 0.225763 0.667606 0.225763 0.66735 0.225493 0.666069 0.225493 0.665812 0.225223 0.664531 0.225223 0.664275 0.224953 0.66325 0.224953 0.662993 0.224683 0.661712 0.224683 0.661456 0.224413 0.660174 0.224413 0.659918 0.224143 0.658637 0.224143 0.65838 0.223873 0.657355 0.223873 0.657099 0.223602 0.655818 0.223602 0.655561 0.223332 0.65428 0.223332 0.654024 0.223062 0.652742 0.223062 0.652486 0.222792 0.651461 0.222792 0.651205 0.222522 0.649923 0.222522 0.649667 0.222252 0.648385 0.222252 0.648129 0.221982 0.646848 0.221982 0.646591 0.221712 0.645566 0.221712 0.64531 0.221442 0.644029 0.221442 0.643772 0.221172 0.642491 0.221172 0.642235 0.220902 0.640953 0.220902 0.640697 0.220632 0.639672 0.220632 0.639416 0.220362 0.638134 0.220362 0.637878 0.220092 0.636597 0.220092 0.63634 0.219822 0.635059 0.219822 0.634803 0.219552 0.633778 0.219552 0.633521 0.219282 0.63224 0.219282 0.631984 0.219012 0.630702 0.219012 0.630446 0.218742 0.629165 0.218742 0.628908 0.218472 0.627883 0.218472 0.627627 0.218201 0.626345 0.218201 0.626089 0.217931 0.624808 0.217931 0.624552 0.217661 0.62327 0.217661 0.623014 0.217391 0.621989 0.217391 0.621732 0.217121 0.620451 0.217121 0.620195 0.216851 0.618913 0.216851 0.618657 0.216581 0.617376 0.216581 0.617119 0.216311 0.616094 0.216311 0.615838 0.216041 0.614557 0.216041 0.6143 0.215771 0.613019 0.215771 0.612763 0.215501 0.611481 0.215501 0.611225 0.215231 0.609944 0.215231 0.609687 0.214961 0.608662 0.214961 0.608406 0.214691 0.607125 0.214691 0.606868 0.214421 0.605587 0.214421 0.605331 0.214151 0.604049 0.214151
