0 0.818219 0.578711 0.817812 0.57901 0.818219 0.57931 0.818625 0.57931 0.819032 0.57901 0.818625 0.578711
0 0.799919 0.570615 0.799512 0.570915 0.799919 0.571214 0.800325 0.571214 0.800732 0.570915 0.800325 0.570615
0 0.509963 0.54063 0.509557 0.54093 0.509963 0.541229 0.51037 0.54093 0.51037 0.54063
0 0.776332 0.533433 0.775925 0.533733 0.777959 0.535232 0.778772 0.535232
0 0.771858 0.530435 0.771858 0.530735 0.774298 0.532534 0.774705 0.532534 0.774705 0.532234 0.772265 0.530435
0 0.55551 0.507646 0.54697 0.513943 0.547377 0.514243 0.555917 0.507946
0 0.565677 0.50045 0.564457 0.501349 0.56405 0.501349 0.560797 0.503748 0.560797 0.504048 0.561204 0.504048 0.562424 0.503148 0.563237 0.503148 0.56405 0.502549 0.563644 0.502249 0.565677 0.50075
0 0.591704 0.481559 0.590891 0.482159 0.590484 0.482159 0.585197 0.486057 0.585604 0.486357 0.591704 0.481859
0 0.604311 0.472264 0.603497 0.472864 0.603497 0.473163 0.603904 0.473463 0.604717 0.472864 0.604717 0.472264
0 0.616104 0.464168 0.615697 0.464468 0.615697 0.465067 0.616104 0.465067 0.616511 0.464768 0.616511 0.464468
0 0.623831 0.458471 0.623017 0.45907 0.623017 0.45967 0.623831 0.46027 0.624644 0.45967 0.624644 0.45907
0 0.636844 0.451874 0.621797 0.462969 0.620984 0.462969 0.615291 0.467166 0.614884 0.466867 0.614477 0.466867 0.614071 0.467166 0.614477 0.467466 0.614477 0.467766 0.595364 0.481859 0.594957 0.481859 0.569337 0.50075 0.56893 0.50075 0.56771 0.501649 0.567304 0.501649 0.553477 0.511844 0.55307 0.511844 0.52745 0.530735 0.527044 0.530735 0.513623 0.54063 0.513217 0.54063 0.51159 0.541829 0.511183 0.541829 0.485563 0.56072 0.485157 0.56072 0.473363 0.569415 0.472956 0.569415 0.469703 0.571814 0.469296 0.571814 0.44327 0.591004 0.442863 0.591004 0.434323 0.597301 0.433916 0.597301 0.427816 0.601799 0.42741 0.601799 0.413583 0.611994 0.413176 0.611994 0.411956 0.612894 0.411549 0.612894 0.385929 0.631784 0.385523 0.631784 0.384709 0.632384 0.384303 0.632084 0.380643 0.634783 0.380236 0.634783 0.357056 0.651874 0.357056 0.652174 0.344042 0.661769 0.343636 0.661769 0.334282 0.668666 0.333876 0.668666 0.328182 0.672864 0.327776 0.672864 0.327369 0.673163 0.327369 0.673763 0.326962 0.674063 0.350549 0.691454 0.350549 0.691754 0.376576 0.710945 0.376576 0.711244 0.402196 0.730135 0.402196 0.730435 0.428223 0.749625 0.428223 0.749925 0.45425 0.769115 0.45425 0.769415 0.47987 0.788306 0.47987 0.788606 0.505897 0.807796 0.505897 0.808096 0.531517 0.826987 0.531517 0.827286 0.557544 0.846477 0.557544 0.846777 0.583571 0.865967 0.583571 0.866267 0.609191 0.885157 0.609191 0.885457 0.632371 0.902549 0.633591 0.902549 0.640098 0.897751 0.640504 0.897751 0.666531 0.878561 0.666938 0.878561 0.692558 0.85967 0.692965 0.85967 0.718991 0.84048 0.719398 0.84048 0.745018 0.821589 0.745425 0.821589 0.771452 0.802399 0.771858 0.802399 0.797885 0.783208 0.798292 0.783208 0.823912 0.764318 0.824319 0.764318 0.850346 0.745127 0.850752 0.745127 0.876373 0.726237 0.876779 0.726237 0.902806 0.707046 0.903213 0.707046 0.928833 0.688156 0.92924 0.688156 0.939813 0.68036 0.939813 0.67976 0.938593 0.678861 0.938593 0.678561 0.94022 0.677361 0.940626 0.677361 0.945506 0.673763 0.945506 0.673163 0.94632 0.672564 0.94632 0.672264 0.945913 0.671964 0.945913 0.671364 0.944693 0.670465 0.944693 0.670165 0.949573 0.666567 0.949573 0.665967 0.9512 0.664768 0.952826 0.665967 0.952826 0.666267 0.953233 0.665967 0.94998 0.663568 0.949573 0.663568 0.948353 0.664468 0.947946 0.664168 0.94388 0.667166 0.94388 0.667466 0.942253 0.668666 0.928833 0.658771 0.92802 0.658771 0.927613 0.65907 0.927206 0.65907 0.9268 0.65937 0.926393 0.65937 0.92558 0.65997 0.925173 0.65997 0.924766 0.65967 0.92802 0.657271 0.928426 0.657571 0.933306 0.653973 0.933713 0.653973 0.93412 0.653673 0.934933 0.653673 0.935746 0.653073 0.935746 0.652774 0.933306 0.650975 0.932086 0.651874 0.93168 0.651574 0.923953 0.657271 0.923546 0.657271 0.923139 0.657571 0.922733 0.657571 0.919073 0.66027 0.919073 0.661469 0.918259 0.662069 0.917853 0.662069 0.917446 0.662369 0.917039 0.662369 0.912566 0.65907 0.912159 0.65907 0.911346 0.658471 0.915006 0.655772 0.914599 0.655472 0.914599 0.655172 0.917039 0.653373 0.917446 0.653373 0.919886 0.651574 0.919479 0.651274 0.919886 0.650975 0.919886 0.650375 0.919479 0.650075 0.919479 0.649475 0.918666 0.648876 0.918666 0.648576 0.917446 0.647676 0.917039 0.647676 0.914193 0.645577 0.918259 0.642579 0.917853 0.642279 0.918259 0.641979 0.918259 0.641679 0.917853 0.641379 0.917853 0.64078 0.918259 0.64048 0.917853 0.64018 0.917853 0.63988 0.918259 0.63958 0.895893 0.623088 0.895893 0.622789 0.869866 0.603598 0.869866 0.603298 0.854819 0.592204 0.854412 0.592504 0.854819 0.592804 0.854819 0.593103 0.854006 0.593703 0.853599 0.593703 0.848719 0.597301 0.847499 0.596402 0.847499 0.596102 0.846279 0.595202 0.845872 0.595202 0.845466 0.595502 0.845059 0.595502 0.842619 0.597301 0.841806 0.597301 0.839772 0.598801 0.838959 0.598201 0.838959 0.597901 0.844246 0.594003 0.844246 0.593703 0.844652 0.593403 0.844652 0.592804 0.844246 0.592504 0.844246 0.591904 0.840179 0.588906 0.839366 0.588906 0.832859 0.593703 0.831232 0.592504 0.830826 0.592804 0.830012 0.592804 0.827572 0.594603 0.827166 0.594603 0.826352 0.594003 0.825946 0.594003 0.821472 0.590705 0.821472 0.590405 0.823099 0.589205 0.823505 0.589205 0.824319 0.588606 0.825132 0.588606 0.825539 0.588306 0.822285 0.585907 0.822285 0.585607 0.823505 0.584708 0.823505 0.584408 0.821472 0.582909 0.821472 0.582609 0.819439 0.581109 0.819032 0.581109 0.818219 0.581709 0.817812 0.581409 0.816999 0.581409 0.815779 0.58051 0.816185 0.58021 0.816185 0.57991 0.815779 0.57961 0.815779 0.57931 0.816185 0.57901 0.816185 0.578711 0.811305 0.575112 0.810899 0.575112 0.809679 0.576012 0.809272 0.576012 0.808865 0.575712 0.808865 0.574813 0.809272 0.574513 0.809272 0.574213 0.808459 0.573613 0.808052 0.573613 0.807239 0.574213 0.806832 0.574213 0.804392 0.576012 0.804799 0.576312 0.803985 0.576912 0.803579 0.576912 0.793412 0.569415 0.793412 0.569115 0.793005 0.568816 0.793819 0.568216 0.793819 0.567916 0.796665 0.565817 0.796665 0.565517 0.800325 0.562819 0.800325 0.562219 0.800732 0.561919 0.791785 0.555322 0.791785 0.554723 0.776739 0.543628 0.768198 0.549925 0.766978 0.549025 0.766572 0.549025 0.766165 0.548726 0.766165 0.548126 0.768605 0.546327 0.768605 0.545727 0.769012 0.545427 0.769012 0.545127 0.769825 0.544528 0.769825 0.543928 0.769012 0.543328 0.772672 0.54063 0.773078 0.54063 0.774705 0.53943 0.774705 0.53913 0.773892 0.538531 0.773485 0.538531 0.772265 0.537631 0.772265 0.537331 0.771858 0.537031 0.771858 0.536732 0.772672 0.536132 0.772672 0.535832 0.774298 0.534633 0.774298 0.534333 0.773892 0.534033 0.773892 0.533733 0.773485 0.533433 0.773485 0.532834 0.766978 0.528036 0.766572 0.528336 0.766165 0.528036 0.765758 0.528036 0.765352 0.527736 0.764945 0.527736 0.764538 0.528036 0.764132 0.528036 0.761692 0.529835 0.761285 0.529535 0.760878 0.529535 0.759658 0.528636 0.759658 0.527736 0.758438 0.526837 0.758032 0.526837 0.748272 0.534033 0.748272 0.534333 0.747865 0.534633 0.729158 0.52084 0.729565 0.52054 0.711671 0.507346 0.711671 0.507046 0.710858 0.506447 0.710858 0.506147 0.688898 0.489955 0.688898 0.489655 0.662871 0.470465 0.662871 0.470165 0.638064 0.451874
