0 0.399477 0.903946 0.399103 0.904319 0.399103 0.904691 0.399477 0.905063 0.399851 0.905063 0.400224 0.904691
0 0.200299 0.886821 0.200299 0.887193 0.200673 0.886821
0 0.424888 0.883098 0.424514 0.88347 0.424888 0.883842 0.425262 0.88347 0.425262 0.883098
0 0.196562 0.875279 0.196188 0.875652 0.196562 0.876024 0.196936 0.876024 0.196936 0.875652
0 0.200673 0.874535 0.200299 0.874907 0.200299 0.875279 0.200673 0.875652 0.20142 0.874907 0.201046 0.874535
0 0.188341 0.872301 0.188341 0.872673 0.188714 0.873045 0.189088 0.872673 0.188714 0.872301
0 0.513453 0.80901 0.513079 0.809382 0.513827 0.809382 0.513827 0.80901
0 0.051196 0.712584 0.050822 0.712956 0.051196 0.712956 0.05157 0.712584
0 0.650224 0.694713 0.650224 0.695086 0.650598 0.694713
0 0.25299 0.470961 0.252616 0.471333 0.253363 0.471333 0.253363 0.470961
0 0.270927 0.456441 0.270179 0.457185 0.270553 0.457558 0.2713 0.456813 0.2713 0.456441
0 0.356129 0.382725 0.355755 0.383098 0.356129 0.38347 0.356502 0.38347 0.356876 0.383098 0.356502 0.382725
0 0.437967 0.315711 0.437967 0.316083 0.438341 0.316456 0.438714 0.316083 0.438714 0.315711
0 0.47272 0.290022 0.471226 0.291512 0.470478 0.291512 0.469357 0.292628 0.468984 0.292628 0.466741 0.294862 0.466368 0.294862 0.464126 0.297096 0.463752 0.297096 0.46151 0.29933 0.461136 0.29933 0.458894 0.301564 0.45852 0.301564 0.456278 0.303797 0.455904 0.303797 0.453662 0.306031 0.453288 0.306031 0.451046 0.308265 0.450673 0.308265 0.44843 0.310499 0.448057 0.310499 0.445815 0.312733 0.445441 0.312733 0.443199 0.314966 0.442825 0.314966 0.442078 0.315711 0.44133 0.315711 0.439088 0.317945 0.438714 0.317945 0.436472 0.320179 0.436099 0.320179 0.433857 0.322413 0.433483 0.322413 0.430867 0.325019 0.430493 0.325019 0.428251 0.327252 0.427877 0.327252 0.425635 0.329486 0.425262 0.329486 0.423019 0.33172 0.422646 0.33172 0.420404 0.333954 0.42003 0.333954 0.417788 0.336188 0.417414 0.336188 0.415172 0.338421 0.414798 0.338421 0.412556 0.340655 0.412182 0.340655 0.411061 0.341772 0.410314 0.341772 0.408445 0.343634 0.408072 0.343634 0.40583 0.345867 0.405456 0.345867 0.403214 0.348101 0.40284 0.348101 0.400598 0.350335 0.400224 0.350335 0.397608 0.352941 0.397235 0.352941 0.394993 0.355175 0.394619 0.355175 0.392377 0.357409 0.392003 0.357409 0.389761 0.359643 0.389387 0.359643 0.387145 0.361876 0.386771 0.361876 0.384529 0.36411 0.384155 0.36411 0.381913 0.366344 0.38154 0.366344 0.380792 0.367089 0.380045 0.367089 0.377803 0.369322 0.377429 0.369322 0.375187 0.371556 0.374813 0.371556 0.372571 0.37379 0.372197 0.37379 0.369955 0.376024 0.369581 0.376024 0.367339 0.378258 0.366966 0.378258 0.36435 0.380864 0.363976 0.380864 0.361734 0.383098 0.36136 0.383098 0.359118 0.385331 0.358744 0.385331 0.356502 0.387565 0.356129 0.387565 0.353886 0.389799 0.353513 0.389799 0.351271 0.392033 0.350897 0.392033 0.348655 0.394267 0.348281 0.394267 0.347534 0.395011 0.346786 0.395011 0.344544 0.397245 0.34417 0.397245 0.341928 0.399479 0.341555 0.399479 0.339312 0.401713 0.338939 0.401713 0.336697 0.403946 0.336323 0.403946 0.333707 0.406552 0.333333 0.406552 0.331091 0.408786 0.330717 0.408786 0.328475 0.41102 0.328102 0.41102 0.325859 0.413254 0.325486 0.413254 0.323244 0.415488 0.32287 0.415488 0.320628 0.417722 0.320254 0.417722 0.318012 0.419955 0.317638 0.419955 0.315396 0.422189 0.315022 0.422189 0.31278 0.424423 0.312407 0.424051 0.311286 0.425168 0.310912 0.425168 0.30867 0.427401 0.308296 0.427401 0.306054 0.429635 0.30568 0.429635 0.303438 0.431869 0.303064 0.431869 0.300448 0.434475 0.300075 0.434475 0.297833 0.436709 0.297459 0.436709 0.295217 0.438943 0.294843 0.438943 0.292601 0.441176 0.292227 0.441176 0.289985 0.44341 0.289611 0.44341 0.287369 0.445644 0.286996 0.445644 0.284753 0.447878 0.28438 0.447878 0.282138 0.450112 0.281764 0.450112 0.279522 0.452345 0.279148 0.451973 0.278027 0.45309 0.277653 0.45309 0.275411 0.455324 0.275037 0.455324 0.272795 0.457558 0.272422 0.457558 0.270179 0.459792 0.269806 0.459792 0.26719 0.462398 0.266816 0.462398 0.264574 0.464631 0.2642 0.464631 0.261958 0.466865 0.261584 0.466493 0.260463 0.46761 0.26009 0.46761 0.257848 0.469844 0.257474 0.469844 0.255232 0.472077 0.254858 0.472077 0.252616 0.474311 0.252242 0.474311 0.251495 0.475056 0.251121 0.474684 0.251121 0.474311 0.252616 0.472822 0.252616 0.47245 0.252242 0.472077 0.251868 0.47245 0.251121 0.47245 0.250747 0.472822 0.251121 0.473194 0.251121 0.473567 0.250374 0.474311 0.25 0.474311 0.249626 0.474684 0.249253 0.474311 0.248879 0.474311 0.248505 0.474684 0.248505 0.475056 0.248132 0.475428 0.248879 0.476173 0.249253 0.4758 0.249626 0.4758 0.250374 0.475056 0.250747 0.475056 0.251121 0.475428 0.25 0.476545 0.249626 0.476545 0.247384 0.478779 0.24701 0.478779 0.244768 0.481013 0.244395 0.481013 0.242152 0.483246 0.241779 0.483246 0.239537 0.48548 0.239163 0.48548 0.236921 0.487714 0.236547 0.487714 0.233931 0.49032 0.233558 0.49032 0.231689 0.492182 0.231315 0.491809 0.229821 0.493299 0.229447 0.493299 0.227205 0.495532 0.226831 0.495532 0.224589 0.497766 0.224215 0.497766 0.221973 0.5 0.221599 0.5 0.219357 0.502234 0.218984 0.502234 0.216741 0.504468 0.216368 0.504468 0.214126 0.506701 0.213752 0.506701 0.21151 0.508935 0.211136 0.508935 0.208894 0.511169 0.20852 0.511169 0.206278 0.513403 0.205904 0.513403 0.203288 0.516009 0.202915 0.516009 0.200673 0.518243 0.200299 0.518243 0.199925 0.518615 0.199552 0.518615 0.199178 0.518987 0.198804 0.518987 0.196562 0.521221 0.196188 0.521221 0.193946 0.523455 0.193572 0.523455 0.19133 0.525689 0.190957 0.525689 0.188714 0.527923 0.188341 0.527923 0.186099 0.530156 0.185725 0.530156 0.183483 0.53239 0.183109 0.53239 0.180867 0.534624 0.180493 0.534624 0.178251 0.536858 0.177877 0.536858 0.175635 0.539092 0.175262 0.539092 0.173019 0.541325 0.172646 0.541325 0.17003 0.543931 0.169656 0.543931 0.168161 0.545421 0.167788 0.545048 0.165919 0.54691 0.165546 0.54691 0.163303 0.549144 0.16293 0.549144 0.160688 0.551378 0.160314 0.551378 0.158072 0.553611 0.157698 0.553611 0.155456 0.555845 0.155082 0.555845 0.15284 0.558079 0.152466 0.558079 0.150224 0.560313 0.149851 0.560313 0.147608 0.562547 0.147235 0.562547 0.144993 0.56478 0.144619 0.56478 0.142377 0.567014 0.142003 0.567014 0.139761 0.569248 0.139387 0.569248 0.137519 0.571109 0.136771 0.571109 0.135277 0.572599 0.134903 0.572599 0.132661 0.574832 0.132287 0.574832 0.130045 0.577066 0.129671 0.577066 0.127429 0.5793 0.127055 0.5793 0.124813 0.581534 0.124439 0.581534 0.122197 0.583768 0.121824 0.583768 0.119581 0.586001 0.119208 0.586001 0.116966 0.588235 0.116592 0.588235 0.11435 0.590469 0.113976 0.590469 0.111734 0.592703 0.11136 0.592703 0.109118 0.594937 0.108744 0.594937 0.106129 0.597543 0.105755 0.597543 0.103513 0.599777 0.103139 0.599777 0.101271 0.601638 0.100523 0.601638 0.099402 0.602755 0.099028 0.602755 0.096786 0.604989 0.096413 0.604989 0.09417 0.607223 0.093797 0.607223 0.091555 0.609456 0.091181 0.609456 0.088939 0.61169 0.088565 0.61169 0.086323 0.613924 0.085949 0.613924 0.083707 0.616158 0.083333 0.616158 0.081091 0.618392 0.080717 0.618392 0.078475 0.620625 0.078102 0.620625 0.075859 0.622859 0.075486 0.622859 0.074365 0.623976 0.073617 0.623976 0.073244 0.623604 0.074365 0.622487 0.074738 0.622487 0.076981 0.620253 0.077354 0.620253 0.079596 0.618019 0.07997 0.618019 0.082212 0.615786 0.082586 0.615786 0.084828 0.613552 0.085202 0.613552 0.087444 0.611318 0.087818 0.611318 0.09006 0.609084 0.090433 0.609084 0.092676 0.60685 0.093049 0.60685 0.095291 0.604617 0.095665 0.604617 0.097907 0.602383 0.098281 0.602383 0.100523 0.600149 0.099776 0.600149 0.097534 0.602383 0.09716 0.602383 0.094918 0.604617 0.094544 0.604617 0.092302 0.60685 0.091928 0.60685 0.089312 0.609456 0.088939 0.609456 0.086697 0.61169 0.086323 0.61169 0.084081 0.613924 0.083707 0.613924 0.081465 0.616158 0.081091 0.616158 0.078849 0.618392 0.078475 0.618392 0.076233 0.620625 0.075859 0.620625 0.073617 0.622859 0.073244 0.622859 0.071001 0.625093 0.070628 0.625093 0.068386 0.627327 0.068012 0.627327 0.06577 0.629561 0.065396 0.629561 0.063154 0.631794 0.06278 0.631794 0.060538 0.634028 0.060164 0.634028 0.057922 0.636262 0.057549 0.636262 0.055306 0.638496 0.054933 0.638496 0.052691 0.64073 0.052317 0.64073 0.050075 0.642964 0.049701 0.642964 0.047459 0.645197 0.047085 0.645197 0.044843 0.647431 0.044469 0.647431 0.042227 0.649665 0.041854 0.649665 0.039611 0.651899 0.039238 0.651899 0.036996 0.654133 0.036622 0.654133 0.03438 0.656366 0.034006 0.656366 0.031764 0.6586 0.03139 0.6586 0.029148 0.660834 0.028774 0.660834 0.026532 0.663068 0.026158 0.663068 0.023916 0.665302 0.023543 0.665302 0.023543 0.665674 0.023916 0.666046 0.023543 0.666418 0.02429 0.667163 0.022422 0.669025 0.022048 0.669025 0.019806 0.671258 0.019432 0.671258 0.018311 0.672375 0.018311 0.672748 0.019058 0.673492 0.019058 0.673864 0.0213 0.676098 0.0213 0.676471 0.022048 0.677215 0.022422 0.677215 0.022795 0.677587 0.023169 0.677215 0.023543 0.677215 0.023916 0.676843 0.02429 0.676843 0.026532 0.674609 0.026906 0.674609 0.028401 0.67312 0.028774 0.67312 0.031016 0.675354 0.030643 0.675726 0.030269 0.675726 0.028027 0.67796 0.027653 0.67796 0.025411 0.680194 0.025411 0.680566 0.024664 0.68131 0.024664 0.682427 0.025411 0.683172 0.025411 0.683544 0.027653 0.685778 0.027653 0.68615 0.030269 0.688757 0.030269 0.689129 0.032511 0.691363 0.032511 0.691735 0.034753 0.693969 0.034753 0.694341 0.036996 0.696575 0.036996 0.696947 0.039238 0.699181 0.039238 0.699553 0.04148 0.701787 0.04148 0.702159 0.042601 0.703276 0.042975 0.703276 0.043348 0.702904 0.043722 0.703276 0.044843 0.702159 0.045217 0.702159 0.047459 0.699926 0.047833 0.699926 0.049701 0.698064 0.052317 0.70067 0.052317 0.701042 0.050075 0.703276 0.049701 0.703276 0.047459 0.70551 0.047085 0.70551 0.046712 0.705882 0.047085 0.706255 0.047085 0.706627 0.046712 0.706999 0.047085 0.707372 0.047085 0.708116 0.049327 0.71035 0.049701 0.71035 0.050448 0.711095 0.051943 0.711095 0.054185 0.708861 0.054559 0.708861 0.056801 0.706627 0.057175 0.706627 0.057549 0.706255 0.057922 0.706627 0.058296 0.706627 0.05867 0.706999 0.059417 0.706999 0.060164 0.706255 0.060538 0.706627 0.062033 0.705138 0.062407 0.70551 0.06278 0.70551 0.063154 0.705882 0.063528 0.705882 0.064649 0.706999 0.064649 0.707372 0.066891 0.709605 0.066891 0.709978 0.068386 0.711467 0.068012 0.711839 0.070254 0.714073 0.070254 0.714445 0.072496 0.716679 0.072496 0.717051 0.074738 0.719285 0.074738 0.719657 0.076981 0.721891 0.076981 0.722264 0.079223 0.724497 0.079223 0.72487 0.081465 0.727103 0.081465 0.727848 0.081091 0.72822 0.081091 0.728593 0.082212 0.72971 0.082212 0.729337 0.081839 0.728965 0.082212 0.728593 0.082586 0.728593 0.083707 0.72971 0.083707 0.730082 0.085949 0.732316 0.085949 0.732688 0.086697 0.733433 0.086697 0.73455 0.08707 0.734922 0.087444 0.73455 0.087818 0.73455 0.088191 0.734922 0.088191 0.735294 0.090433 0.737528 0.090433 0.7379 0.092676 0.740134 0.092676 0.740506 0.094918 0.74274 0.094918 0.743112 0.09716 0.745346 0.09716 0.745719 0.099028 0.74758 0.098655 0.747952 0.100523 0.749814 0.100523 0.750186 0.102765 0.75242 0.102765 0.752792 0.105007 0.755026 0.105007 0.755398 0.10725 0.757632 0.10725 0.758004 0.107997 0.758749 0.107997 0.759121 0.108371 0.759494 0.108371 0.759866 0.110613 0.7621 0.110613 0.762472 0.112855 0.764706 0.112855 0.765078 0.113229 0.76545 0.113229 0.765823 0.113602 0.766195 0.113976 0.766195 0.115097 0.767312 0.115097 0.767684 0.117339 0.769918 0.117339 0.77029 0.118087 0.771035 0.118087 0.771407 0.11846 0.77178 0.118834 0.77178 0.119581 0.772524 0.119581 0.772897 0.121824 0.77513 0.121824 0.775503 0.124066 0.777736 0.124066 0.778109 0.126308 0.780343 0.126308 0.780715 0.12855 0.782949 0.12855 0.783321 0.130792 0.785555 0.130792 0.785927 0.133034 0.788161 0.133034 0.788533 0.135277 0.790767 0.135277 0.791139 0.137519 0.793373 0.137519 0.793745 0.137892 0.794118 0.137519 0.79449 0.136398 0.79449 0.13565 0.795235 0.13565 0.795979 0.136398 0.796724 0.136024 0.797096 0.13565 0.797096 0.133408 0.79933 0.133034 0.79933 0.131166 0.801191 0.131166 0.801564 0.130419 0.802308 0.130419 0.803053 0.13154 0.80417 0.13154 0.804542 0.133782 0.806776 0.133782 0.807148 0.134903 0.807148 0.135277 0.80752 0.136771 0.806031 0.137145 0.806031 0.139387 0.803797 0.139761 0.803797 0.140882 0.802681 0.142377 0.80417 0.142377 0.804542 0.14275 0.804914 0.14275 0.805287 0.143124 0.805659 0.14275 0.806031 0.142377 0.806031 0.140882 0.80752 0.140508 0.807148 0.139761 0.807893 0.139761 0.808265 0.137519 0.810499 0.137145 0.810499 0.136771 0.810871 0.137145 0.811243 0.136771 0.811616 0.136771 0.811988 0.137145 0.81236 0.137145 0.813105 0.137892 0.81385 0.137892 0.814222 0.139387 0.815711 0.139013 0.816083 0.141256 0.818317 0.141256 0.81869 0.143498 0.820923 0.143498 0.821296 0.14574 0.823529 0.14574 0.823902 0.147982 0.826136 0.147982 0.826508 0.150224 0.828742 0.150224 0.829114 0.152466 0.831348 0.152466 0.83172 0.153214 0.832465 0.153214 0.832837 0.153587 0.833209 0.153587 0.833582 0.15583 0.835815 0.15583 0.836188 0.158072 0.838421 0.158072 0.838794 0.160314 0.841028 0.160314 0.8414 0.162556 0.843634 0.162556 0.844006 0.164798 0.84624 0.164798 0.846612 0.16704 0.848846 0.16704 0.849218 0.169283 0.851452 0.169283 0.851824 0.17003 0.852569 0.17003 0.853686 0.170404 0.853686 0.172646 0.85592 0.172646 0.856292 0.174888 0.858526 0.174888 0.858898 0.17713 0.861132 0.17713 0.861504 0.177877 0.861504 0.178251 0.861876 0.178251 0.862249 0.179372 0.863366 0.180867 0.863366 0.181241 0.862993 0.181614 0.862993 0.181988 0.862621 0.182362 0.862993 0.18423 0.861132 0.184604 0.861132 0.184978 0.860759 0.184978 0.860387 0.186846 0.858526 0.18722 0.858898 0.187593 0.858526 0.187967 0.858898 0.188341 0.858898 0.189088 0.859643 0.189088 0.860387 0.189462 0.860759 0.189462 0.861132 0.189088 0.861504 0.188714 0.861132 0.188341 0.861504 0.188341 0.861876 0.185725 0.864483 0.185351 0.864483 0.184978 0.86411 0.185351 0.863738 0.184978 0.863366 0.184604 0.863366 0.18423 0.863738 0.184604 0.86411 0.184604 0.864483 0.184978 0.864855 0.183857 0.865972 0.183857 0.866716 0.18423 0.867089 0.18423 0.867461 0.186472 0.869695 0.186472 0.870067 0.187593 0.871184 0.187967 0.871184 0.188341 0.871556 0.189836 0.870067 0.190209 0.870067 0.191704 0.868578 0.192078 0.86895 0.19432 0.866716 0.195067 0.866716 0.195815 0.867461 0.195441 0.867833 0.195441 0.868206 0.195815 0.868578 0.196936 0.867461 0.197309 0.867461 0.19843 0.866344 0.198804 0.866344 0.199178 0.866716 0.199178 0.867089 0.20142 0.869322 0.20142 0.869695 0.202915 0.871184 0.202915 0.872301 0.202541 0.872673 0.202541 0.873045 0.202167 0.873418 0.202541 0.87379 0.202541 0.874907 0.201046 0.876396 0.200299 0.876396 0.199178 0.877513 0.198804 0.877513 0.196562 0.879747 0.196562 0.880119 0.196188 0.880491 0.196188 0.880864 0.195815 0.881236 0.195815 0.882353 0.196188 0.882725 0.195815 0.883098 0.197309 0.884587 0.197309 0.884959 0.197683 0.884587 0.198057 0.884959 0.19843 0.884959 0.199178 0.885704 0.199552 0.885331 0.201046 0.885331 0.20142 0.884959 0.201794 0.884959 0.202541 0.884214 0.202915 0.884214 0.20441 0.882725 0.204783 0.883098 0.206652 0.881236 0.207399 0.881236 0.20852 0.882353 0.20852 0.882725 0.207773 0.88347 0.207399 0.88347 0.205531 0.885331 0.205157 0.885331 0.205531 0.885704 0.204783 0.886448 0.204036 0.885704 0.203662 0.885704 0.203288 0.886076 0.203288 0.886448 0.203662 0.886821 0.203662 0.887193 0.202167 0.888682 0.202167 0.889427 0.202541 0.889799 0.202541 0.890171 0.202915 0.890544 0.202915 0.890916 0.203288 0.891288 0.202541 0.892033 0.202915 0.892405 0.203662 0.892405 0.206278 0.895011 0.206278 0.895383 0.20852 0.897617 0.20852 0.89799 0.210762 0.900223 0.210762 0.900596 0.213004 0.902829 0.213004 0.903202 0.213378 0.903574 0.213378 0.903946 0.214126 0.904691 0.214126 0.905063 0.216368 0.907297 0.216368 0.907669 0.21861 0.909903 0.218236 0.910276 0.218236 0.910648 0.21861 0.91102 0.21861 0.911392 0.218984 0.91102 0.219731 0.911765 0.219731 0.912137 0.221973 0.914371 0.221973 0.914743 0.224215 0.916977 0.224215 0.917349 0.226457 0.919583 0.226457 0.919955 0.2287 0.922189 0.2287 0.922934 0.229821 0.924051 0.229821 0.924423 0.232063 0.926657 0.232063 0.927029 0.234305 0.929263 0.234305 0.929635 0.236547 0.931869 0.236547 0.932241 0.238789 0.934475 0.238789 0.934847 0.241031 0.937081 0.241031 0.937453 0.243274 0.939687 0.243274 0.94006 0.244768 0.941549 0.245142 0.941549 0.246637 0.943038 0.247384 0.943038 0.247758 0.94341 0.248132 0.943038 0.248879 0.943038 0.251121 0.940804 0.251495 0.940804 0.253737 0.93857 0.254111 0.93857 0.254484 0.938198 0.255605 0.939315 0.253363 0.941549 0.25299 0.941549 0.250747 0.943783 0.250374 0.943783 0.250374 0.944527 0.25 0.944899 0.25 0.945272 0.250374 0.945644 0.250374 0.946016 0.252616 0.94825 0.252616 0.948622 0.253737 0.949739 0.255232 0.949739 0.256353 0.948622 0.256726 0.948622 0.257848 0.947506 0.258595 0.947506 0.260837 0.945272 0.261211 0.945272 0.262332 0.946389 0.262332 0.946761 0.262706 0.947133 0.263079 0.946761 0.263453 0.947133 0.2642 0.946389 0.2642 0.946016 0.264574 0.945644 0.264948 0.945644 0.266069 0.946761 0.266069 0.947133 0.268311 0.949367 0.268311 0.949739 0.269058 0.950484 0.269058 0.950856 0.268685 0.951229 0.268685 0.952345 0.268311 0.952718 0.267937 0.952345 0.267564 0.952718 0.269058 0.954207 0.269058 0.954579 0.269432 0.954952 0.26719 0.957185 0.26719 0.957558 0.269058 0.959419 0.269058 0.960164 0.270553 0.961653 0.270553 0.962025 0.272422 0.963887 0.272048 0.964259 0.273916 0.966121 0.273916 0.966493 0.276158 0.968727 0.276158 0.969099 0.278401 0.971333 0.278401 0.971705 0.280643 0.973939 0.280643 0.974311 0.282511 0.976173 0.282511 0.976917 0.284753 0.979151 0.284753 0.979523 0.286996 0.981757 0.286996 0.98213 0.287369 0.982502 0.287743 0.982502 0.289611 0.984363 0.289611 0.984736 0.289985 0.984363 0.290359 0.984736 0.291106 0.984736 0.29148 0.984363 0.291854 0.984363 0.292975 0.98548 0.293348 0.98548 0.294843 0.983991 0.294843 0.983619 0.295217 0.983246 0.295217 0.982502 0.29559 0.98213 0.295964 0.98213 0.296338 0.982502 0.296338 0.982874 0.298954 0.98548 0.298954 0.985853 0.299327 0.986225 0.299701 0.985853 0.300075 0.985853 0.300448 0.98548 0.300822 0.98548 0.30157 0.984736 0.301943 0.984736 0.302317 0.984363 0.302691 0.984363 0.304933 0.98213 0.305306 0.98213 0.30568 0.981757 0.306054 0.981757 0.306801 0.981013 0.307175 0.981013 0.30867 0.979523 0.309417 0.979523 0.310912 0.978034 0.311286 0.978034 0.313528 0.9758 0.313901 0.9758 0.316143 0.973567 0.316517 0.973567 0.318759 0.971333 0.319133 0.971333 0.321375 0.969099 0.321749 0.969099 0.321749 0.968354 0.322496 0.96761 0.32287 0.96761 0.325112 0.965376 0.325486 0.965376 0.327354 0.963515 0.327728 0.963515 0.328102 0.963887 0.328475 0.963515 0.328475 0.96277 0.330344 0.960908 0.330717 0.960908 0.33296 0.958675 0.333333 0.958675 0.335575 0.956441 0.335949 0.956441 0.336697 0.955696 0.33707 0.955696 0.337444 0.955324 0.337818 0.955324 0.337444 0.954952 0.338191 0.954207 0.338565 0.954207 0.340807 0.951973 0.341181 0.951973 0.343423 0.949739 0.343797 0.949739 0.346039 0.947506 0.346413 0.947506 0.348655 0.945272 0.349028 0.945644 0.350523 0.944155 0.350897 0.944155 0.353139 0.941921 0.353513 0.941921 0.355755 0.939687 0.356129 0.939687 0.358371 0.937453 0.358744 0.937453 0.360987 0.93522 0.36136 0.93522 0.363602 0.932986 0.363976 0.932986 0.366218 0.930752 0.366592 0.930752 0.368834 0.928518 0.369208 0.928518 0.37145 0.926284 0.371824 0.926284 0.374066 0.924051 0.374439 0.924051 0.375561 0.922934 0.376308 0.922934 0.37855 0.9207 0.378924 0.9207 0.381166 0.918466 0.38154 0.918466 0.383782 0.916232 0.384155 0.916232 0.386398 0.913999 0.386771 0.913999 0.389013 0.911765 0.389387 0.911765 0.391629 0.909531 0.392003 0.909531 0.394245 0.907297 0.394619 0.907297 0.396861 0.905063 0.397235 0.905063 0.399477 0.902829 0.399851 0.902829 0.401719 0.900968 0.402093 0.90134 0.403961 0.899479 0.404335 0.899479 0.406577 0.897245 0.406951 0.897245 0.409193 0.895011 0.409567 0.895011 0.411809 0.892777 0.412182 0.892777 0.414051 0.890916 0.414425 0.891288 0.414798 0.891288 0.415172 0.890916 0.415172 0.890171 0.41704 0.88831 0.417414 0.88831 0.419656 0.886076 0.42003 0.886076 0.422272 0.883842 0.422646 0.883842 0.424888 0.881608 0.425262 0.881608 0.426756 0.880119 0.42713 0.880491 0.42713 0.880864 0.427504 0.880491 0.42713 0.880119 0.42713 0.879747 0.427504 0.879375 0.427877 0.879375 0.43012 0.877141 0.430493 0.877141 0.432735 0.874907 0.433109 0.874907 0.434604 0.873418 0.434978 0.87379 0.434978 0.874162 0.434604 0.874535 0.434978 0.874907 0.435351 0.874907 0.435725 0.874535 0.435725 0.87379 0.434978 0.873045 0.435351 0.872673 0.435725 0.872673 0.436099 0.872301 0.436472 0.872673 0.436472 0.873418 0.436846 0.873418 0.43722 0.873045 0.43722 0.872673 0.436472 0.872673 0.436099 0.872301 0.43722 0.871184 0.437967 0.871929 0.438341 0.871929 0.438714 0.871556 0.437967 0.870812 0.439462 0.869322 0.440209 0.869322 0.442078 0.867461 0.442825 0.867461 0.443572 0.866716 0.443946 0.867089 0.444694 0.866344 0.444694 0.865972 0.44432 0.865599 0.445067 0.864855 0.445441 0.864855 0.447683 0.862621 0.448057 0.862621 0.450299 0.860387 0.450673 0.860387 0.452167 0.858898 0.452915 0.858898 0.453288 0.858526 0.453288 0.858153 0.455531 0.85592 0.455904 0.85592 0.458146 0.853686 0.45852 0.853686 0.460762 0.851452 0.461136 0.851452 0.46151 0.85108 0.461883 0.85108 0.462257 0.850707 0.462631 0.850707 0.464873 0.848474 0.465247 0.848474 0.466368 0.847357 0.467115 0.847357 0.467489 0.846984 0.467489 0.84624 0.467862 0.845867 0.468236 0.845867 0.470478 0.843634 0.470852 0.843634 0.473094 0.8414 0.473468 0.8414 0.475336 0.839538 0.47571 0.839911 0.476084 0.839911 0.476084 0.839166 0.476457 0.838794 0.476831 0.838794 0.477205 0.839166 0.477578 0.838794 0.477578 0.837677 0.478326 0.836932 0.4787 0.836932 0.480194 0.835443 0.480568 0.835815 0.480942 0.835443 0.480942 0.835071 0.483558 0.832465 0.483931 0.832465 0.485052 0.831348 0.485426 0.83172 0.4858 0.831348 0.486173 0.831348 0.486547 0.830975 0.486547 0.830603 0.486921 0.830231 0.486921 0.829859 0.488042 0.828742 0.489163 0.828742 0.489537 0.828369 0.489537 0.827997 0.48991 0.827625 0.48991 0.827252 0.490284 0.82688 0.491405 0.82688 0.492152 0.826136 0.492152 0.825763 0.4929 0.825019 0.493274 0.825019 0.495516 0.822785 0.495889 0.823157 0.496263 0.822785 0.496263 0.822413 0.498505 0.820179 0.498879 0.820179 0.501121 0.817945 0.501495 0.817945 0.503737 0.815711 0.504111 0.815711 0.506353 0.813477 0.5071 0.813477 0.507848 0.812733 0.508221 0.812733 0.510463 0.810499 0.510837 0.810499 0.513079 0.808265 0.513453 0.808265 0.515695 0.806031 0.516069 0.806031 0.518311 0.803797 0.518685 0.803797 0.519058 0.803425 0.519432 0.803797 0.519806 0.803797 0.520179 0.803425 0.520553 0.803425 0.520927 0.803053 0.520553 0.803053 0.520179 0.802681 0.520179 0.802308 0.520927 0.801564 0.5213 0.801564 0.523543 0.79933 0.523916 0.79933 0.526158 0.797096 0.526532 0.797096 0.52728 0.796351 0.527653 0.796351 0.528027 0.795979 0.528401 0.795979 0.529522 0.794862 0.529895 0.795235 0.530269 0.795235 0.530643 0.794862 0.530269 0.79449 0.530269 0.793745 0.531764 0.792256 0.532138 0.792256 0.532511 0.791884 0.532885 0.791884 0.533259 0.791512 0.533632 0.791512 0.535874 0.789278 0.536248 0.789278 0.53849 0.787044 0.538864 0.787044 0.539238 0.787416 0.539611 0.787044 0.539238 0.786672 0.541106 0.78481 0.54148 0.78481 0.543722 0.782576 0.544096 0.782576 0.546338 0.780343 0.546712 0.780343 0.548954 0.778109 0.549327 0.778109 0.55157 0.775875 0.551943 0.775875 0.553064 0.774758 0.554185 0.774758 0.555306 0.773641 0.554933 0.773269 0.55568 0.772524 0.556054 0.772524 0.556428 0.772897 0.557175 0.772152 0.557175 0.77178 0.55867 0.77029 0.559043 0.77029 0.561286 0.768057 0.561659 0.768057 0.563901 0.765823 0.564275 0.765823 0.566517 0.763589 0.566891 0.763589 0.569133 0.761355 0.569507 0.761355 0.571749 0.759121 0.572123 0.759121 0.574365 0.756888 0.574738 0.756888 0.576981 0.754654 0.577354 0.754654 0.579596 0.75242 0.57997 0.75242 0.582212 0.750186 0.582586 0.750186 0.584828 0.747952 0.585202 0.747952 0.585949 0.747208 0.586323 0.747208 0.586697 0.746835 0.58707 0.746835 0.589312 0.744602 0.589686 0.744602 0.591928 0.742368 0.592302 0.742368 0.594544 0.740134 0.594918 0.740134 0.59716 0.7379 0.597534 0.7379 0.599776 0.735666 0.600149 0.735666 0.602392 0.733433 0.602765 0.733433 0.605007 0.731199 0.605381 0.731199 0.607623 0.728965 0.607997 0.728965 0.610239 0.726731 0.610613 0.726731 0.612108 0.725242 0.612855 0.725242 0.614723 0.72338 0.615097 0.72338 0.617339 0.721147 0.617713 0.721147 0.619955 0.718913 0.620329 0.718913 0.622571 0.716679 0.622945 0.716679 0.625187 0.714445 0.625561 0.714445 0.627803 0.712211 0.628176 0.712211 0.630419 0.709978 0.630792 0.709978 0.633034 0.707744 0.633408 0.707744 0.633782 0.707372 0.634155 0.707372 0.634903 0.706627 0.635277 0.706627 0.637519 0.704393 0.637892 0.704393 0.640135 0.702159 0.640508 0.702159 0.64275 0.699926 0.643124 0.699926 0.645366 0.697692 0.646861 0.697692 0.646487 0.697319 0.646861 0.696947 0.646861 0.696575 0.647982 0.695458 0.648356 0.695458 0.650598 0.693224 0.650972 0.693224 0.653214 0.69099 0.653587 0.69099 0.65583 0.688757 0.656203 0.688757 0.658445 0.686523 0.658819 0.686523 0.65994 0.685406 0.660314 0.685406 0.660688 0.685778 0.661061 0.685406 0.661061 0.685034 0.66293 0.683172 0.663303 0.683172 0.665546 0.680938 0.665919 0.680938 0.668161 0.678704 0.668535 0.678704 0.670777 0.676471 0.671151 0.676471 0.673393 0.674237 0.674141 0.674237 0.675262 0.67312 0.675635 0.67312 0.677877 0.670886 0.678251 0.670886 0.680493 0.668652 0.680867 0.668652 0.683109 0.666418 0.683483 0.666418 0.685725 0.664185 0.686099 0.664185 0.688341 0.661951 0.688714 0.661951 0.690957 0.659717 0.69133 0.659717 0.693572 0.657483 0.693946 0.657483 0.694694 0.656739 0.695067 0.656739 0.695441 0.657111 0.695815 0.656739 0.695815 0.656366 0.698057 0.654133 0.69843 0.654133 0.700673 0.651899 0.701046 0.651899 0.703288 0.649665 0.703662 0.649665 0.705904 0.647431 0.706278 0.647431 0.70852 0.645197 0.708894 0.645197 0.711136 0.642964 0.71151 0.642964 0.713752 0.64073 0.714126 0.64073 0.71562 0.639241 0.716368 0.639241 0.717115 0.638496 0.717115 0.638124 0.718984 0.636262 0.719357 0.636262 0.721599 0.634028 0.721973 0.634028 0.723094 0.632911 0.723842 0.632911 0.726084 0.630678 0.726457 0.630678 0.7287 0.628444 0.729073 0.628444 0.731315 0.62621 0.731689 0.62621 0.733931 0.623976 0.734305 0.623976 0.736547 0.621742 0.736921 0.621742 0.739163 0.619509 0.739537 0.619509 0.741779 0.617275 0.742152 0.617275 0.744395 0.615041 0.744768 0.615041 0.746637 0.613179 0.746637 0.612807 0.744768 0.610946 0.744768 0.610573 0.742526 0.60834 0.742526 0.607595 0.741405 0.606478 0.741405 0.606106 0.741031 0.605733 0.741405 0.605361 0.741779 0.605361 0.744395 0.602755 0.744768 0.602755 0.745889 0.601638 0.744021 0.599777 0.744021 0.599404 0.741779 0.597171 0.741779 0.596798 0.741031 0.596054 0.740658 0.596054 0.738416 0.598287 0.738042 0.598287 0.736173 0.600149 0.7358 0.599777 0.735426 0.599777 0.733931 0.598287 0.736173 0.596054 0.736547 0.596054 0.738416 0.594192 0.738416 0.59382 0.738789 0.593448 0.737294 0.591958 0.737294 0.591586 0.735052 0.589352 0.735052 0.58898 0.73281 0.586746 0.73281 0.586374 0.730568 0.58414 0.730568 0.583768 0.728326 0.581534 0.728326 0.581162 0.726084 0.578928 0.726084 0.578555 0.723842 0.576322 0.723842 0.575949 0.721599 0.573716 0.721599 0.573343 0.719357 0.571109 0.717115 0.573343 0.716741 0.572971 0.71562 0.572971 0.715247 0.572599 0.714873 0.572599 0.714499 0.572226 0.714126 0.572226 0.713378 0.571482 0.713378 0.571109 0.714873 0.56962 0.715247 0.56962 0.716741 0.568131 0.716741 0.567759 0.714873 0.565897 0.714873 0.565525 0.712631 0.563291 0.712631 0.562919 0.711883 0.562174 0.71151 0.562174 0.71151 0.562547 0.708894 0.565153 0.70852 0.565153 0.707399 0.56627 0.707025 0.56627 0.705904 0.565153 0.705904 0.564408 0.70441 0.562919 0.70441 0.562547 0.702167 0.560313 0.702167 0.55994 0.699925 0.557707 0.699925 0.557334 0.697683 0.555101 0.697683 0.554728 0.695441 0.552494 0.695441 0.552122 0.693199 0.549888 0.693199 0.549516 0.690957 0.547282 0.690957 0.54691 0.688714 0.544676 0.688714 0.544304 0.686472 0.54207 0.686472 0.541698 0.68423 0.539464 0.68423 0.539092 0.681988 0.536858 0.681988 0.536485 0.679746 0.534252 0.679746 0.533879 0.677504 0.531646 0.677504 0.531273 0.675262 0.529039 0.675262 0.528667 0.673393 0.526806 0.673393 0.526061 0.671898 0.524572 0.671898 0.5242 0.669656 0.521966 0.669656 0.521593 0.667414 0.51936 0.667414 0.518987 0.665172 0.516754 0.665172 0.516381 0.66293 0.514147 0.66293 0.513775 0.660688 0.511541 0.660688 0.511169 0.658445 0.508935 0.658445 0.508191 0.657324 0.507074 0.657324 0.506701 0.655082 0.504468 0.655082 0.504095 0.65284 0.501862 0.65284 0.501489 0.650598 0.499255 0.650598 0.498883 0.648356 0.496649 0.648356 0.496277 0.646114 0.494043 0.646114 0.493671 0.643871 0.491437 0.643871 0.491065 0.641629 0.488831 0.641629 0.488459 0.639387 0.486225 0.639387 0.485853 0.637145 0.483619 0.637145 0.483246 0.634903 0.481013 0.634903 0.48064 0.632661 0.478407 0.632661 0.478034 0.630419 0.4758 0.630419 0.475428 0.628176 0.473194 0.628176 0.472822 0.625934 0.470588 0.625934 0.470216 0.623692 0.467982 0.623692 0.46761 0.62145 0.465376 0.62145 0.465004 0.619955 0.463515 0.620329 0.463142 0.618087 0.460908 0.618087 0.460536 0.615845 0.458302 0.615845 0.45793 0.613602 0.455696 0.613602 0.455324 0.61136 0.45309 0.61136 0.452718 0.609118 0.450484 0.609118 0.450112 0.606876 0.447878 0.606876 0.447506 0.604634 0.445272 0.604634 0.444899 0.602392 0.442666 0.602392 0.442293 0.600149 0.44006 0.600149 0.439687 0.597907 0.437453 0.597907 0.437081 0.595665 0.434847 0.595665 0.434475 0.593423 0.432241 0.593797 0.431869 0.592302 0.43038 0.592302 0.430007 0.59006 0.427774 0.59006 0.427401 0.587818 0.425168 0.587818 0.424795 0.585575 0.422561 0.585575 0.422189 0.583333 0.419955 0.583333 0.419583 0.581091 0.417349 0.581091 0.416977 0.578849 0.414743 0.578849 0.414371 0.576607 0.412137 0.576607 0.411765 0.574365 0.409531 0.574365 0.409159 0.572123 0.406925 0.572123 0.406552 0.56988 0.404319 0.56988 0.403946 0.568759 0.402829 0.568759 0.402085 0.566517 0.399851 0.566517 0.399479 0.564275 0.397245 0.564275 0.396873 0.562033 0.394639 0.562033 0.394267 0.559791 0.392033 0.559791 0.39166 0.557549 0.389427 0.557549 0.389054 0.555306 0.386821 0.555306 0.386448 0.553064 0.384214 0.553064 0.383842 0.550822 0.381608 0.550822 0.381236 0.54858 0.379002 0.54858 0.37863 0.546338 0.376396 0.546338 0.376024 0.544096 0.37379 0.544096 0.373418 0.542227 0.371556 0.542601 0.371184 0.540732 0.369322 0.540732 0.36895 0.53849 0.366716 0.53849 0.366344 0.536248 0.36411 0.536248 0.363738 0.534006 0.361504 0.534006 0.361132 0.531764 0.358898 0.531764 0.358526 0.529522 0.356292 0.529522 0.35592 0.52728 0.353686 0.52728 0.353313 0.525037 0.35108 0.525037 0.350707 0.522795 0.348474 0.522795 0.348101 0.520553 0.345867 0.520553 0.345495 0.518311 0.343261 0.518311 0.342889 0.516069 0.340655 0.516069 0.340283 0.513827 0.338049 0.513827 0.337677 0.511584 0.335443 0.511584 0.335071 0.509342 0.332837 0.509342 0.332465 0.5071 0.330231 0.5071 0.329859 0.504858 0.327625 0.504858 0.327252 0.502616 0.325019 0.502616 0.324646 0.500374 0.322413 0.500374 0.32204 0.498132 0.319806 0.498132 0.319434 0.495889 0.3172 0.495889 0.316828 0.493647 0.314594 0.493647 0.314222 0.491405 0.311988 0.491405 0.311616 0.489163 0.309382 0.489163 0.30901 0.486921 0.306776 0.486921 0.306404 0.484679 0.30417 0.484679 0.303797 0.482436 0.301564 0.482436 0.301191 0.480194 0.298958 0.480194 0.298585 0.477952 0.296351 0.477952 0.295979 0.47571 0.293745 0.47571 0.293373 0.473468 0.291139 0.473468 0.290767
