0 0.209534 0.5622 0.208995 0.562734 0.208995 0.563001 0.209534 0.563534 0.209803 0.563534 0.210073 0.563267 0.210073 0.563001 0.209803 0.562734 0.209803 0.562467
0 0.163749 0.513615 0.16321 0.514148 0.16321 0.514682 0.16348 0.514949 0.164288 0.514148 0.164018 0.513881 0.164018 0.513615
0 0.121465 0.46583 0.120657 0.466631 0.120657 0.466898 0.121465 0.467699 0.122273 0.466898 0.122273 0.466364 0.121734 0.46583
0 0.116348 0.458089 0.11554 0.458889 0.116079 0.459423 0.116348 0.459423 0.116887 0.458889 0.116887 0.458623
0 0.0878 0.432995 0.086992 0.433796 0.08753 0.43433 0.08753 0.434597 0.0878 0.434597 0.088338 0.434063 0.088338 0.433529
0 0.080528 0.422317 0.079989 0.422851 0.07972 0.422851 0.080528 0.423652 0.080797 0.423652 0.081067 0.423385 0.081067 0.423118 0.080797 0.422851 0.080797 0.422584
0 0.642068 0.270422 0.641799 0.270689 0.641799 0.270956 0.642338 0.27149 0.642338 0.271757 0.642607 0.271757 0.642876 0.27149 0.642876 0.271223
0 0.592243 0.220502 0.591705 0.221036 0.591435 0.221036 0.591435 0.221303 0.592243 0.222104 0.592513 0.222104 0.593051 0.22157 0.593051 0.221303
0 0.556962 0.19087 0.556423 0.191404 0.556423 0.191671 0.556962 0.192205 0.557231 0.192205 0.55777 0.191671
0 0.493671 0.101442 0.493402 0.101708 0.493402 0.101975 0.49394 0.102509 0.49421 0.102509 0.494479 0.102242 0.494479 0.101975 0.49394 0.101442
0 0.421492 0.046716 0.419876 0.048318 0.419607 0.048318 0.416644 0.051255 0.416375 0.051255 0.413412 0.054191 0.413143 0.054191 0.41045 0.056861 0.41018 0.056861 0.407218 0.059797 0.406949 0.059797 0.403986 0.062734 0.403717 0.062734 0.401023 0.065403 0.400754 0.065403 0.397792 0.06834 0.397522 0.06834 0.39456 0.071276 0.39429 0.071276 0.391597 0.073946 0.391328 0.073946 0.388365 0.076882 0.388096 0.076882 0.385133 0.079818 0.384864 0.079818 0.382171 0.082488 0.381901 0.082488 0.378939 0.085424 0.37867 0.085424 0.375976 0.088094 0.375707 0.088094 0.372744 0.09103 0.372475 0.09103 0.369513 0.093967 0.369243 0.093967 0.36655 0.096636 0.366281 0.096636 0.363318 0.099573 0.363049 0.099573 0.360086 0.102509 0.359817 0.102509 0.357124 0.105179 0.356854 0.105179 0.353892 0.108115 0.353622 0.108115 0.35066 0.111052 0.350391 0.111052 0.347697 0.113721 0.347428 0.113721 0.344465 0.116658 0.344196 0.116658 0.341234 0.119594 0.340964 0.119594 0.338271 0.122264 0.338002 0.122264 0.335039 0.1252 0.33477 0.1252 0.331807 0.128137 0.331538 0.128137 0.328845 0.130806 0.328575 0.130806 0.325613 0.133743 0.325343 0.133743 0.32265 0.136412 0.322381 0.136412 0.319418 0.139349 0.319149 0.139349 0.316186 0.142285 0.315917 0.142285 0.313224 0.144955 0.312954 0.144955 0.309992 0.147891 0.309723 0.147891 0.30676 0.150828 0.306491 0.150828 0.303797 0.153497 0.303528 0.153497 0.300566 0.156434 0.300296 0.156434 0.297334 0.15937 0.297064 0.15937 0.294371 0.16204 0.294102 0.16204 0.291139 0.164976 0.29087 0.164976 0.287907 0.167912 0.287638 0.167912 0.284945 0.170582 0.284675 0.170582 0.281713 0.173518 0.281444 0.173518 0.278481 0.176455 0.278212 0.176455 0.275518 0.179124 0.275249 0.179124 0.272287 0.182061 0.272017 0.182061 0.269324 0.18473 0.269055 0.18473 0.266092 0.187667 0.265823 0.187667 0.26286 0.190603 0.262591 0.190603 0.259898 0.193273 0.259628 0.193273 0.256666 0.196209 0.256396 0.196209 0.253434 0.199146 0.253165 0.199146 0.250471 0.201815 0.250202 0.201815 0.247239 0.204752 0.24697 0.204752 0.244008 0.207688 0.243738 0.207688 0.241045 0.210358 0.240776 0.210358 0.237813 0.213294 0.237544 0.213294 0.234581 0.216231 0.234312 0.216231 0.231619 0.2189 0.231349 0.2189 0.228387 0.221837 0.228117 0.221837 0.225424 0.224506 0.225155 0.224506 0.222192 0.227443 0.221923 0.227443 0.21896 0.230379 0.218691 0.230379 0.215998 0.233049 0.215729 0.233049 0.212766 0.235985 0.212497 0.235985 0.209534 0.238922 0.209265 0.238922 0.206572 0.241591 0.206302 0.241591 0.20334 0.244527 0.20307 0.244527 0.200108 0.247464 0.199838 0.247464 0.197145 0.250133 0.196876 0.250133 0.193913 0.25307 0.193644 0.25307 0.190681 0.256006 0.190412 0.256006 0.187719 0.258676 0.18745 0.258676 0.184487 0.261612 0.184218 0.261612 0.181255 0.264549 0.180986 0.264549 0.178292 0.267218 0.178023 0.267218 0.175061 0.270155 0.174791 0.270155 0.172098 0.272824 0.171829 0.272824 0.168866 0.275761 0.168597 0.275761 0.165634 0.278697 0.165365 0.278697 0.162672 0.281367 0.162402 0.281367 0.15944 0.284303 0.15917 0.284303 0.156208 0.28724 0.155939 0.28724 0.153245 0.289909 0.152976 0.289909 0.150013 0.292846 0.149744 0.292846 0.146782 0.295782 0.146512 0.295782 0.143819 0.298452 0.14355 0.298452 0.140587 0.301388 0.140318 0.301388 0.137355 0.304325 0.137086 0.304325 0.134393 0.306994 0.134123 0.306994 0.131161 0.309931 0.130891 0.309931 0.127929 0.312867 0.12766 0.312867 0.124966 0.315537 0.124697 0.315537 0.121734 0.318473 0.121465 0.318473 0.118772 0.321143 0.118503 0.321143 0.11554 0.324079 0.115271 0.324079 0.112308 0.327015 0.112039 0.327015 0.109346 0.329685 0.109076 0.329685 0.106114 0.332621 0.105844 0.332621 0.102882 0.335558 0.102612 0.335558 0.099919 0.338227 0.09965 0.338227 0.096687 0.341164 0.096418 0.341164 0.093455 0.3441 0.093186 0.3441 0.090493 0.34677 0.090224 0.34677 0.087261 0.349706 0.086992 0.349706 0.084029 0.352643 0.08376 0.352643 0.081067 0.355312 0.080797 0.355312 0.077835 0.358249 0.077565 0.358249 0.074603 0.361185 0.074333 0.361185 0.07164 0.363855 0.071371 0.363855 0.068408 0.366791 0.068139 0.366791 0.065446 0.369461 0.065176 0.369461 0.062214 0.372397 0.061945 0.372397 0.058982 0.375334 0.058713 0.375334 0.056019 0.378003 0.05575 0.378003 0.052788 0.38094 0.052518 0.38094 0.050364 0.383075 0.050364 0.383609 0.053057 0.386279 0.053057 0.386546 0.056019 0.389482 0.056019 0.389749 0.058174 0.391885 0.058174 0.392152 0.057905 0.392419 0.058982 0.393486 0.058982 0.393753 0.059521 0.394287 0.059521 0.394554 0.060329 0.395355 0.060867 0.394821 0.061675 0.395622 0.061675 0.395889 0.06356 0.397758 0.063291 0.398025 0.063291 0.398292 0.064638 0.399626 0.064638 0.399893 0.0676 0.40283 0.0676 0.403097 0.070563 0.406033 0.070563 0.4063 0.073256 0.40897 0.073256 0.409237 0.076219 0.412173 0.076219 0.41244 0.076757 0.412974 0.076757 0.413241 0.077565 0.414042 0.077565 0.414309 0.080528 0.417245 0.080528 0.417512 0.08349 0.420448 0.08349 0.420715 0.086184 0.423385 0.086184 0.423652 0.089146 0.426588 0.089146 0.426855 0.092109 0.429792 0.092109 0.430059 0.094802 0.432728 0.094802 0.432995 0.097765 0.435932 0.097765 0.436199 0.098573 0.436999 0.098573 0.437266 0.099381 0.438067 0.099381 0.438334 0.102074 0.441004 0.102074 0.441271 0.105036 0.444207 0.105036 0.444474 0.10773 0.447144 0.10773 0.447411 0.110692 0.450347 0.110692 0.450614 0.113655 0.45355 0.113655 0.453817 0.116348 0.456487 0.116348 0.457021 0.117964 0.458623 0.117964 0.458889 0.120926 0.461826 0.120926 0.462093 0.12362 0.464762 0.12362 0.465029 0.126582 0.467966 0.126582 0.468233 0.129545 0.471169 0.129545 0.471436 0.132238 0.474106 0.132238 0.474373 0.135201 0.477309 0.135201 0.477576 0.136547 0.478911 0.136278 0.479178 0.136278 0.479445 0.138163 0.481313 0.138163 0.48158 0.140856 0.48425 0.140856 0.484517 0.143819 0.487453 0.143819 0.48772 0.146782 0.490657 0.146782 0.490924 0.149475 0.493593 0.149475 0.49386 0.152437 0.496797 0.152437 0.497064 0.152707 0.49733 0.152707 0.497597 0.154053 0.498932 0.154053 0.499199 0.156747 0.501869 0.156747 0.502136 0.159709 0.505072 0.159709 0.505339 0.162672 0.508275 0.162672 0.508542 0.165365 0.511212 0.165365 0.511479 0.16752 0.513615 0.16752 0.514148 0.169674 0.516284 0.169674 0.516551 0.172637 0.519487 0.172637 0.519754 0.175599 0.522691 0.175599 0.522958 0.178292 0.525627 0.178292 0.525894 0.181255 0.528831 0.181255 0.529098 0.184218 0.532034 0.184218 0.532301 0.184487 0.532568 0.184487 0.533369 0.18718 0.536038 0.18718 0.536305 0.190143 0.539242 0.190143 0.539509 0.192836 0.542178 0.192836 0.542445 0.195799 0.545382 0.195799 0.545649 0.198761 0.548585 0.198761 0.548852 0.200916 0.550988 0.200916 0.551522 0.202801 0.55339 0.202801 0.553657 0.205764 0.556594 0.205764 0.556861 0.208726 0.559797 0.208726 0.560064 0.211419 0.562734 0.211419 0.563001 0.214382 0.565937 0.214382 0.566204 0.214651 0.566471 0.214651 0.566738 0.215729 0.567806 0.215729 0.568073 0.218691 0.571009 0.218691 0.571276 0.221654 0.574212 0.221654 0.574479 0.224347 0.577149 0.224347 0.577416 0.227309 0.580352 0.227309 0.580619 0.230272 0.583556 0.230272 0.583823 0.232427 0.585958 0.232157 0.586225 0.234581 0.588628 0.234581 0.588895 0.237005 0.591297 0.237005 0.591564 0.236736 0.591831 0.237544 0.592632 0.237544 0.592899 0.237813 0.592899 0.238082 0.593166 0.238352 0.592899 0.240237 0.594768 0.240237 0.595035 0.2432 0.597971 0.2432 0.598238 0.245893 0.600908 0.245893 0.601175 0.248855 0.604111 0.248855 0.604378 0.248586 0.604645 0.248855 0.604912 0.248855 0.605179 0.251818 0.608115 0.251818 0.608382 0.254781 0.611319 0.254781 0.611586 0.257474 0.614255 0.257474 0.614522 0.260436 0.617459 0.260436 0.617726 0.26286 0.620128 0.26286 0.620662 0.264745 0.622531 0.264745 0.622798 0.267708 0.625734 0.267708 0.626001 0.270401 0.628671 0.270401 0.628938 0.273364 0.631874 0.273364 0.632141 0.276326 0.635077 0.276326 0.635344 0.27902 0.638014 0.27902 0.638281 0.280636 0.639883 0.280636 0.640416 0.283598 0.643353 0.283598 0.64362 0.286291 0.646289 0.286291 0.646556 0.289254 0.649493 0.289254 0.64976 0.292217 0.652696 0.292217 0.652963 0.294102 0.654832 0.293832 0.655099 0.296526 0.657768 0.296526 0.658035 0.299219 0.660705 0.299219 0.660972 0.301374 0.663107 0.301374 0.663374 0.301104 0.663641 0.302182 0.664709 0.302182 0.664976 0.305144 0.667912 0.305144 0.668179 0.308107 0.671116 0.308107 0.671383 0.3108 0.674052 0.3108 0.674319 0.313762 0.677256 0.313762 0.677523 0.316725 0.680459 0.316456 0.680726 0.318072 0.682328 0.318072 0.682595 0.321034 0.685531 0.321034 0.685798 0.323727 0.688468 0.323727 0.688735 0.32669 0.691671 0.32669 0.691938 0.327767 0.693006 0.327767 0.693273 0.328306 0.693807 0.328306 0.694074 0.330999 0.696743 0.330999 0.69701 0.333962 0.699947 0.333962 0.700214 0.336655 0.702883 0.336655 0.70315 0.339618 0.706086 0.339618 0.706353 0.34258 0.70929 0.34258 0.709557 0.345004 0.711959 0.344735 0.712226 0.346889 0.714362 0.346889 0.714629 0.349852 0.717565 0.349852 0.717832 0.352545 0.720502 0.352545 0.720769 0.3547 0.722904 0.35443 0.723171 0.35443 0.723438 0.355508 0.724506 0.355508 0.724773 0.35847 0.72771 0.35847 0.727977 0.361433 0.730913 0.361433 0.73118 0.364126 0.733849 0.364126 0.734116 0.367089 0.737053 0.367089 0.73732 0.369782 0.739989 0.369513 0.740256 0.371398 0.742125 0.371398 0.742392 0.37436 0.745328 0.37436 0.745595 0.377054 0.748265 0.377054 0.748532 0.380016 0.751468 0.380016 0.751735 0.382979 0.754672 0.382979 0.755206 0.384325 0.75654 0.384325 0.756807 0.387288 0.759744 0.387288 0.760011 0.389981 0.76268 0.389981 0.762947 0.392944 0.765884 0.392674 0.766151 0.392674 0.766418 0.393482 0.767218 0.393482 0.767485 0.396445 0.770422 0.396445 0.770689 0.399138 0.773358 0.399138 0.773625 0.402101 0.776562 0.402101 0.776829 0.404794 0.779498 0.404794 0.779765 0.405333 0.780299 0.405333 0.780566 0.406141 0.781367 0.406141 0.781634 0.408834 0.784303 0.408834 0.78457 0.411796 0.787507 0.411796 0.787774 0.41449 0.790443 0.41449 0.79071 0.417452 0.793647 0.417452 0.793914 0.418799 0.795248 0.418799 0.795515 0.419068 0.795782 0.419068 0.796049 0.421761 0.798719 0.421761 0.798986 0.424724 0.801922 0.424724 0.802189 0.427687 0.805125 0.427687 0.805392 0.429033 0.806727 0.429033 0.807261 0.431996 0.810198 0.431996 0.810464 0.434689 0.813134 0.434689 0.813401 0.437651 0.816337 0.437651 0.816604 0.439806 0.81874 0.439537 0.819007 0.439537 0.819274 0.440614 0.820342 0.440614 0.820609 0.440345 0.820876 0.438729 0.819274 0.438729 0.819007 0.436036 0.816337 0.436036 0.81607 0.433073 0.813134 0.433073 0.812867 0.43011 0.809931 0.43011 0.809664 0.427417 0.806994 0.427417 0.806727 0.424455 0.803791 0.424455 0.803524 0.421761 0.800854 0.421761 0.800587 0.418799 0.797651 0.418799 0.797384 0.415836 0.794447 0.415836 0.79418 0.413143 0.791511 0.413143 0.791244 0.41018 0.788308 0.41018 0.788041 0.407218 0.785104 0.407218 0.784837 0.404525 0.782168 0.404525 0.781901 0.401562 0.778964 0.401562 0.778697 0.3986 0.775761 0.3986 0.775494 0.395906 0.772824 0.395906 0.772557 0.392944 0.769621 0.392944 0.769354 0.389981 0.766418 0.389981 0.766151 0.387288 0.763481 0.387288 0.763214 0.384325 0.760278 0.384325 0.760011 0.381363 0.757074 0.381363 0.756807 0.37867 0.754138 0.37867 0.753871 0.375707 0.750934 0.375707 0.750667 0.373014 0.747998 0.373014 0.747731 0.370051 0.744794 0.370051 0.744527 0.367089 0.741591 0.367089 0.741324 0.364395 0.738655 0.364395 0.738388 0.361433 0.735451 0.361433 0.735184 0.35847 0.732248 0.35847 0.731981 0.355777 0.729311 0.355777 0.729044 0.352814 0.726108 0.352814 0.725841 0.349852 0.722904 0.349852 0.722637 0.347159 0.719968 0.347159 0.719701 0.344196 0.716765 0.344196 0.716498 0.341234 0.713561 0.341234 0.713294 0.33854 0.710625 0.33854 0.710358 0.335578 0.707421 0.335578 0.707154 0.332615 0.704218 0.332615 0.703951 0.329922 0.701281 0.329922 0.701014 0.326959 0.698078 0.326959 0.697811 0.324266 0.695141 0.324266 0.694875 0.321304 0.691938 0.321304 0.691671 0.318341 0.688735 0.318341 0.688468 0.315648 0.685798 0.315648 0.685531 0.312685 0.682595 0.312685 0.682328 0.309723 0.679391 0.309723 0.679124 0.307029 0.676455 0.307029 0.676188 0.304067 0.673251 0.304067 0.672985 0.301104 0.670048 0.301104 0.669781 0.298411 0.667112 0.298411 0.666845 0.295448 0.663908 0.295448 0.663641 0.292486 0.660705 0.292486 0.660438 0.289793 0.657768 0.289793 0.657501 0.28683 0.654565 0.28683 0.654298 0.284137 0.651628 0.284137 0.651361 0.281174 0.648425 0.281174 0.648158 0.278212 0.645222 0.278212 0.644955 0.275518 0.642285 0.275518 0.642018 0.272556 0.639082 0.272556 0.638815 0.269593 0.635878 0.269593 0.635611 0.2669 0.632942 0.2669 0.632675 0.263938 0.629738 0.263938 0.629471 0.260975 0.626535 0.260975 0.626268 0.258282 0.623599 0.258282 0.623332 0.255319 0.620395 0.255319 0.620128 0.252357 0.617192 0.252357 0.616925 0.249663 0.614255 0.249663 0.613988 0.246701 0.611052 0.246701 0.610785 0.243738 0.607848 0.243738 0.607581 0.241045 0.604912 0.241045 0.604645 0.238082 0.601708 0.238082 0.601442 0.235389 0.598772 0.235389 0.598505 0.232427 0.595569 0.232427 0.595302 0.229464 0.592365 0.229464 0.592098 0.226771 0.589429 0.226771 0.589162 0.223808 0.586225 0.223808 0.585958 0.220846 0.583022 0.220846 0.582755 0.218152 0.580085 0.218152 0.579818 0.21519 0.576882 0.21519 0.576615 0.212227 0.573679 0.212227 0.573412 0.209534 0.570742 0.209534 0.570475 0.206572 0.567539 0.206572 0.567272 0.203609 0.564335 0.203609 0.564068 0.200916 0.561399 0.200916 0.561132 0.197953 0.558195 0.197953 0.557928 0.194991 0.554992 0.194991 0.554725 0.192297 0.552056 0.192297 0.551789 0.189335 0.548852 0.189335 0.548585 0.186642 0.545916 0.186642 0.545649 0.183679 0.542712 0.183679 0.542445 0.180716 0.539509 0.180716 0.539242 0.178023 0.536572 0.178023 0.536305 0.175061 0.533369 0.175061 0.533102 0.172098 0.530166 0.172098 0.529899 0.169405 0.527229 0.169405 0.526962 0.166442 0.524026 0.166442 0.523759 0.16348 0.520822 0.16348 0.520555 0.160786 0.517886 0.160786 0.517619 0.157824 0.514682 0.157824 0.514415 0.154861 0.511479 0.154861 0.511212 0.154592 0.511212 0.154323 0.511479 0.154323 0.511746 0.157016 0.514415 0.157016 0.514682 0.159709 0.517352 0.159709 0.517619 0.162672 0.520555 0.162672 0.520822 0.165634 0.523759 0.165634 0.524026 0.168327 0.526695 0.168327 0.526962 0.17129 0.529899 0.17129 0.530166 0.174253 0.533102 0.174253 0.533369 0.176946 0.536038 0.176946 0.536305 0.179908 0.539242 0.179908 0.539509 0.182871 0.542445 0.182871 0.542712 0.185564 0.545382 0.185564 0.545649 0.188527 0.548585 0.188527 0.548852 0.191489 0.551789 0.191489 0.552056 0.194183 0.554725 0.194183 0.554992 0.197145 0.557928 0.197145 0.558195 0.200108 0.561132 0.200108 0.561399 0.202801 0.564068 0.202801 0.564335 0.205764 0.567272 0.205764 0.567539 0.208457 0.570208 0.208457 0.570475 0.211419 0.573412 0.211419 0.573679 0.214382 0.576615 0.214382 0.576882 0.217075 0.579552 0.217075 0.579818 0.220038 0.582755 0.220038 0.583022 0.223 0.585958 0.223 0.586225 0.225694 0.588895 0.225694 0.589162 0.228656 0.592098 0.228656 0.592365 0.231619 0.595302 0.231619 0.595569 0.234312 0.598238 0.234312 0.598505 0.237274 0.601442 0.237274 0.601708 0.240237 0.604645 0.240237 0.604912 0.24293 0.607581 0.24293 0.607848 0.245893 0.610785 0.245893 0.611052 0.248586 0.613721 0.248586 0.613988 0.251549 0.616925 0.251549 0.617192 0.254511 0.620128 0.254511 0.620395 0.257204 0.623065 0.257204 0.623332 0.260167 0.626268 0.260167 0.626535 0.26313 0.629471 0.26313 0.629738 0.265823 0.632408 0.265823 0.632675 0.268785 0.635611 0.268785 0.635878 0.271748 0.638815 0.271748 0.639082 0.274441 0.641751 0.274441 0.642018 0.277404 0.644955 0.277404 0.645222 0.280366 0.648158 0.280366 0.648425 0.28306 0.651095 0.28306 0.651361 0.286022 0.654298 0.286022 0.654565 0.288985 0.657501 0.288985 0.657768 0.291678 0.660438 0.291678 0.660705 0.29464 0.663641 0.29464 0.663908 0.297334 0.666578 0.297334 0.666845 0.300296 0.669781 0.300296 0.670048 0.303259 0.672985 0.303259 0.673251 0.305952 0.675921 0.305952 0.676188 0.308915 0.679124 0.308915 0.679391 0.311877 0.682328 0.311877 0.682595 0.31457 0.685264 0.31457 0.685531 0.317533 0.688468 0.317533 0.688735 0.320496 0.691671 0.320496 0.691938 0.323189 0.694608 0.323189 0.694875 0.326151 0.697811 0.326151 0.698078 0.329114 0.701014 0.329114 0.701281 0.331807 0.703951 0.331807 0.704218 0.33477 0.707154 0.33477 0.707421 0.337732 0.710358 0.337732 0.710625 0.340426 0.713294 0.340426 0.713561 0.343388 0.716498 0.343388 0.716765 0.346081 0.719434 0.346081 0.719701 0.349044 0.722637 0.349044 0.722904 0.352006 0.725841 0.352006 0.726108 0.3547 0.728777 0.3547 0.729044 0.357662 0.731981 0.357662 0.732248 0.360625 0.735184 0.360625 0.735451 0.363318 0.738121 0.363318 0.738388 0.366281 0.741324 0.366281 0.741591 0.369243 0.744527 0.369243 0.744794 0.371936 0.747464 0.371936 0.747731 0.374899 0.750667 0.374899 0.750934 0.377862 0.753871 0.377862 0.754138 0.380555 0.756807 0.380555 0.757074 0.383517 0.760011 0.383517 0.760278 0.38648 0.763214 0.38648 0.763481 0.389173 0.766151 0.389173 0.766418 0.392136 0.769354 0.392136 0.769621 0.394829 0.77229 0.394829 0.772557 0.397792 0.775494 0.397792 0.775761 0.400754 0.778697 0.400754 0.778964 0.403447 0.781634 0.403447 0.781901 0.40641 0.784837 0.40641 0.785104 0.409372 0.788041 0.409372 0.788308 0.412066 0.790977 0.412066 0.791244 0.415028 0.79418 0.415028 0.794447 0.417991 0.797384 0.417991 0.797651 0.420684 0.80032 0.420684 0.800587 0.423647 0.803524 0.423647 0.803791 0.426609 0.806727 0.426609 0.806994 0.429302 0.809664 0.429302 0.809931 0.432265 0.812867 0.432265 0.813134 0.435228 0.81607 0.435228 0.816337 0.437921 0.819007 0.437921 0.819274 0.440883 0.82221 0.440883 0.822477 0.443577 0.825147 0.443577 0.825414 0.446539 0.82835 0.446539 0.828617 0.449502 0.831554 0.449502 0.831821 0.452195 0.83449 0.452195 0.834757 0.455158 0.837694 0.455158 0.83796 0.45812 0.840897 0.45812 0.841164 0.460813 0.843833 0.460813 0.8441 0.463776 0.847037 0.463776 0.847304 0.466738 0.85024 0.466738 0.850507 0.469432 0.853177 0.469432 0.853444 0.472394 0.85638 0.472394 0.856647 0.475357 0.859584 0.475357 0.859851 0.47805 0.86252 0.47805 0.862787 0.481013 0.865723 0.481013 0.86599 0.483975 0.868927 0.483975 0.869194 0.486668 0.871863 0.486668 0.87213 0.489631 0.875067 0.489631 0.875334 0.492324 0.878003 0.492324 0.87827 0.495287 0.881207 0.495287 0.881474 0.498249 0.88441 0.498249 0.884677 0.500943 0.887347 0.500943 0.887613 0.503905 0.89055 0.503905 0.890817 0.506868 0.893753 0.506868 0.89402 0.509561 0.89669 0.509561 0.896957 0.510369 0.897758 0.510638 0.897491 0.510638 0.896957 0.50983 0.896156 0.50983 0.895889 0.510638 0.895088 0.510908 0.895088 0.51387 0.892152 0.51414 0.892152 0.516833 0.889482 0.517102 0.889482 0.520065 0.886546 0.520334 0.886813 0.52195 0.885211 0.522219 0.885211 0.525182 0.882274 0.525451 0.882274 0.528414 0.879338 0.528683 0.879338 0.531376 0.876668 0.531646 0.876668 0.534608 0.873732 0.534877 0.873732 0.53784 0.870796 0.538109 0.870796 0.539187 0.869728 0.539456 0.869728 0.539725 0.869461 0.539995 0.869461 0.542957 0.866524 0.543227 0.866524 0.54592 0.863855 0.546189 0.863855 0.549152 0.860918 0.549421 0.860918 0.552384 0.857982 0.552653 0.857982 0.552922 0.858249 0.553191 0.857982 0.553461 0.857982 0.556423 0.855045 0.556693 0.855045 0.559386 0.852376 0.559655 0.852376 0.560733 0.851308 0.561002 0.851308 0.561541 0.850774 0.56181 0.850774 0.564772 0.847838 0.565042 0.847838 0.567735 0.845168 0.568004 0.845168 0.570967 0.842232 0.571236 0.842232 0.573929 0.839562 0.574199 0.839562 0.577161 0.836626 0.577431 0.836626 0.579855 0.834223 0.579855 0.833956 0.580932 0.832888 0.581201 0.833155 0.583356 0.83102 0.583625 0.83102 0.583625 0.830486 0.584702 0.829418 0.584972 0.829418 0.587396 0.827015 0.587665 0.827282 0.58982 0.825147 0.590089 0.825147 0.592782 0.822477 0.593051 0.822477 0.594667 0.820876 0.595206 0.820876 0.598169 0.817939 0.598438 0.817939 0.601131 0.81527 0.6014 0.81527 0.604363 0.812333 0.604632 0.812333 0.607326 0.809664 0.607595 0.809664 0.610558 0.806727 0.610827 0.806727 0.611635 0.805926 0.611904 0.805926 0.612712 0.805125 0.612981 0.805125 0.615675 0.802456 0.615944 0.802456 0.618907 0.799519 0.619176 0.799519 0.622138 0.796583 0.622408 0.796583 0.625101 0.793914 0.62537 0.793914 0.627794 0.791511 0.628064 0.791511 0.628333 0.791778 0.629141 0.790977 0.62941 0.790977 0.632373 0.788041 0.632642 0.788041 0.635605 0.785104 0.635874 0.785104 0.638567 0.782435 0.638837 0.782435 0.641799 0.779498 0.642068 0.779498 0.644762 0.776829 0.645031 0.776829 0.647994 0.773892 0.648263 0.773892 0.649879 0.77229 0.650417 0.77229 0.653111 0.769621 0.65338 0.769621 0.656343 0.766684 0.656612 0.766684 0.659574 0.763748 0.659844 0.763748 0.662537 0.761078 0.662806 0.761078 0.665769 0.758142 0.666038 0.758142 0.669001 0.755206 0.66927 0.755206 0.669809 0.754672 0.670078 0.754672 0.670886 0.753871 0.671155 0.753871 0.674118 0.750934 0.674387 0.750934 0.677081 0.748265 0.67735 0.748265 0.680312 0.745328 0.680582 0.745328 0.683544 0.742392 0.683814 0.742392 0.686507 0.739722 0.686776 0.739722 0.689739 0.736786 0.690008 0.736786 0.691085 0.735718 0.691893 0.735718 0.694048 0.733582 0.694317 0.733582 0.69728 0.730646 0.697549 0.730646 0.700512 0.72771 0.700781 0.72771 0.703474 0.72504 0.703744 0.72504 0.70536 0.723438 0.70536 0.722904 0.70509 0.722637 0.705629 0.722104 0.706168 0.722104 0.708591 0.719701 0.708861 0.719701 0.709938 0.718633 0.709938 0.718366 0.711015 0.717298 0.711285 0.717565 0.711823 0.717565 0.712901 0.716498 0.71317 0.716498 0.715055 0.714629 0.715594 0.714629 0.717748 0.712493 0.718018 0.712493 0.72098 0.709557 0.72125 0.709557 0.723943 0.706887 0.724482 0.706887 0.726097 0.705286 0.726367 0.705286 0.72906 0.702616 0.729329 0.702616 0.732292 0.69968 0.732561 0.69968 0.735524 0.696743 0.735793 0.696743 0.738486 0.694074 0.738756 0.694074 0.741718 0.691137 0.741988 0.691137 0.74495 0.688201 0.745219 0.688201 0.747913 0.685531 0.748182 0.685531 0.751145 0.682595 0.751414 0.682595 0.753299 0.680726 0.753569 0.680993 0.756262 0.678324 0.756531 0.678324 0.759494 0.675387 0.759763 0.675387 0.760302 0.674853 0.760032 0.674586 0.760571 0.674052 0.76111 0.674052 0.762187 0.672985 0.762995 0.672985 0.763534 0.672451 0.763803 0.672451 0.764072 0.672718 0.762456 0.674319 0.762187 0.674319 0.759494 0.676989 0.759224 0.676989 0.756262 0.679925 0.755992 0.679925 0.75303 0.682862 0.752761 0.682862 0.750067 0.685531 0.749798 0.685531 0.746835 0.688468 0.746566 0.688468 0.743604 0.691404 0.743334 0.691404 0.740641 0.694074 0.740372 0.694074 0.737409 0.69701 0.73714 0.69701 0.734177 0.699947 0.733908 0.699947 0.731215 0.702616 0.730945 0.702616 0.727983 0.705553 0.727713 0.705553 0.726905 0.706353 0.727175 0.70662 0.727444 0.70662 0.727713 0.706353 0.727983 0.706353 0.730676 0.703684 0.730945 0.703684 0.733908 0.700747 0.734177 0.700747 0.73714 0.697811 0.737409 0.697811 0.740102 0.695141 0.740372 0.695141 0.743334 0.692205 0.743604 0.692205 0.746566 0.689269 0.746835 0.689269 0.749529 0.686599 0.749798 0.686599 0.752761 0.683663 0.75303 0.683663 0.755992 0.680726 0.756262 0.680726 0.758955 0.678057 0.759224 0.678057 0.762187 0.67512 0.762456 0.67512 0.765419 0.672184 0.765688 0.672184 0.768381 0.669514 0.768651 0.669514 0.771613 0.666578 0.771883 0.666578 0.774576 0.663908 0.774845 0.663908 0.777808 0.660972 0.778077 0.660972 0.78104 0.658035 0.781309 0.658035 0.784002 0.655366 0.784271 0.655366 0.787234 0.652429 0.787503 0.652429 0.790466 0.649493 0.790735 0.649493 0.793428 0.646823 0.793698 0.646823 0.79666 0.643887 0.79693 0.643887 0.799892 0.64095 0.800162 0.64095 0.802855 0.638281 0.803124 0.638281 0.806087 0.635344 0.806356 0.635344 0.809319 0.632408 0.809588 0.632408 0.812281 0.629738 0.81255 0.629738 0.815513 0.626802 0.815782 0.626802 0.818745 0.623865 0.819014 0.623865 0.821708 0.621196 0.821977 0.621196 0.824939 0.618259 0.825209 0.618259 0.827902 0.61559 0.828171 0.61559 0.831134 0.612653 0.831403 0.612653 0.834366 0.609717 0.834635 0.609717 0.837328 0.607048 0.837598 0.607048 0.84056 0.604111 0.84083 0.604111 0.843792 0.601175 0.844061 0.601175 0.846755 0.598505 0.847024 0.598505 0.849987 0.595569 0.850256 0.595569 0.853218 0.592632 0.853488 0.592632 0.856181 0.589963 0.85645 0.589963 0.859413 0.587026 0.859682 0.587026 0.862645 0.58409 0.862914 0.58409 0.865607 0.58142 0.865877 0.58142 0.868839 0.578484 0.869109 0.578484 0.872071 0.575547 0.87234 0.575547 0.875034 0.572878 0.875303 0.572878 0.878266 0.569941 0.878535 0.569941 0.881228 0.567272 0.881497 0.567272 0.88446 0.564335 0.884729 0.564335 0.886615 0.562467 0.88446 0.560331 0.88446 0.560064 0.883921 0.55953 0.883921 0.559263 0.886615 0.556594 0.886884 0.556594 0.889039 0.554458 0.889039 0.554191 0.889308 0.553924 0.889308 0.553657 0.889577 0.55339 0.887423 0.551255 0.887423 0.550988 0.88446 0.548051 0.88446 0.547784 0.881497 0.544848 0.881497 0.544581 0.878804 0.541911 0.878804 0.541644 0.875842 0.538708 0.875842 0.538441 0.874764 0.537373 0.875034 0.537106 0.875034 0.536839 0.872879 0.534704 0.872879 0.534437 0.869917 0.5315 0.869917 0.531233 0.867762 0.529098 0.867223 0.529098 0.866954 0.529365 0.866685 0.529098 0.866146 0.529632 0.865877 0.529632 0.865338 0.529098 0.865069 0.529098 0.864799 0.529365 0.86453 0.529365 0.864261 0.529632 0.863991 0.529632 0.863722 0.529365 0.862914 0.529365 0.862375 0.529899 0.862106 0.529632 0.861837 0.529632 0.861567 0.529365 0.861029 0.529899 0.860221 0.529899 0.859682 0.530432 0.859413 0.530166 0.858336 0.531233 0.858066 0.531233 0.857797 0.530966 0.857528 0.530966 0.855912 0.529365 0.855912 0.529098 0.855642 0.528831 0.855642 0.528564 0.854296 0.527229 0.854296 0.526962 0.851872 0.52456 0.851872 0.523759 0.85241 0.523225 0.85268 0.523492 0.852949 0.523225 0.853218 0.523225 0.853488 0.522958 0.853757 0.522958 0.854026 0.523225 0.854296 0.522958 0.854834 0.522958 0.856181 0.521623 0.856181 0.521356 0.85645 0.521089 0.85645 0.520822 0.856181 0.520555 0.856181 0.520288 0.855912 0.520021 0.855642 0.520021 0.855373 0.520288 0.854565 0.519487 0.853757 0.519487 0.853488 0.519221 0.853757 0.518954 0.853488 0.518687 0.853488 0.518153 0.853757 0.517886 0.853218 0.517352 0.853218 0.517085 0.851872 0.51575 0.851872 0.515216 0.848909 0.51228 0.848909 0.512013 0.846216 0.509343 0.846216 0.509076 0.843253 0.50614 0.843253 0.505873 0.84056 0.503203 0.84056 0.50267 0.838944 0.501068 0.838944 0.500801 0.836251 0.498131 0.835982 0.498398 0.834904 0.498398 0.834635 0.498131 0.834635 0.497864 0.834366 0.497597 0.834366 0.49733 0.834635 0.497064 0.834635 0.49653 0.833558 0.495462 0.833288 0.495462 0.833019 0.495195 0.83275 0.495195 0.83248 0.495462 0.832211 0.495195 0.831942 0.495195 0.831673 0.495462 0.831403 0.495195 0.830595 0.495195 0.830326 0.495462 0.830057 0.495462 0.829518 0.495996 0.829249 0.495996 0.828441 0.496797 0.828979 0.49733 0.828979 0.497864 0.828441 0.498398 0.828171 0.498398 0.827094 0.49733 0.827094 0.497064 0.826825 0.496797 0.826825 0.495996 0.824131 0.493326 0.824131 0.493059 0.823054 0.491991 0.823054 0.491725 0.822785 0.491458 0.822785 0.491191 0.822246 0.490657 0.822246 0.49039 0.823054 0.489589 0.822785 0.489322 0.823323 0.488788 0.823593 0.488788 0.824131 0.488254 0.824131 0.487453 0.825478 0.486119 0.825747 0.486119 0.828441 0.483449 0.82871 0.483449 0.831673 0.480513 0.831942 0.480513 0.833558 0.478911 0.83248 0.477843 0.83248 0.477576 0.829518 0.47464 0.829518 0.474373 0.826825 0.471703 0.826825 0.471436 0.823862 0.4685 0.824939 0.467432 0.825209 0.467432 0.825478 0.467165 0.825478 0.466898 0.823323 0.464762 0.823323 0.464495 0.82063 0.461826 0.82063 0.461559 0.817668 0.458623 0.817668 0.458356 0.816052 0.456754 0.815513 0.457288 0.813628 0.455419 0.813628 0.455152 0.813358 0.454885 0.813897 0.454351 0.812012 0.452483 0.812012 0.452216 0.809049 0.449279 0.809049 0.449012 0.806356 0.446343 0.806356 0.446076 0.803393 0.443139 0.803393 0.442872 0.800431 0.439936 0.800431 0.439669 0.797738 0.436999 0.797738 0.436733 0.794775 0.433796 0.794775 0.433529 0.791813 0.430593 0.791813 0.430326 0.789119 0.427656 0.789119 0.427389 0.786157 0.424453 0.786157 0.424186 0.783194 0.421249 0.783194 0.420982 0.780501 0.418313 0.780501 0.418046 0.777538 0.415109 0.777538 0.414842 0.774576 0.411906 0.774576 0.411639 0.771883 0.40897 0.771883 0.408703 0.76892 0.405766 0.76892 0.405499 0.766227 0.40283 0.766227 0.402563 0.763264 0.399626 0.763264 0.399359 0.760302 0.396423 0.760302 0.396156 0.757608 0.393486 0.757608 0.393219 0.754646 0.390283 0.754646 0.390016 0.751683 0.38708 0.751683 0.386813 0.74899 0.384143 0.74899 0.383876 0.746027 0.38094 0.746027 0.380673 0.743065 0.377736 0.743065 0.377469 0.740372 0.3748 0.740372 0.374533 0.737409 0.371596 0.737409 0.371329 0.734447 0.368393 0.734447 0.368126 0.731753 0.365456 0.731753 0.36519 0.731215 0.364656 0.730945 0.364656 0.730407 0.36519 0.730137 0.36519 0.727444 0.367859 0.727175 0.367859 0.724212 0.370796 0.723943 0.370796 0.721519 0.373198 0.72125 0.372931 0.719903 0.374266 0.719634 0.373999 0.717479 0.376135 0.71721 0.376135 0.71694 0.375868 0.716671 0.375868 0.715863 0.375067 0.716402 0.374533 0.716402 0.374266 0.715863 0.373732 0.715863 0.373465 0.714786 0.372397 0.714786 0.371863 0.713439 0.370529 0.713439 0.370262 0.71317 0.369995 0.71317 0.369728 0.711823 0.368393 0.711823 0.368126 0.711554 0.368393 0.711015 0.367859 0.711015 0.367058 0.711285 0.366791 0.711554 0.366791 0.711554 0.366257 0.712362 0.365456 0.712631 0.365456 0.713709 0.364389 0.713978 0.364389 0.714247 0.364122 0.714517 0.364122 0.716133 0.36252 0.716133 0.362253 0.716671 0.361719 0.716402 0.361452 0.716671 0.361185 0.71694 0.361185 0.71694 0.360384 0.718826 0.358516 0.719095 0.358516 0.722058 0.355579 0.722327 0.355579 0.722596 0.355846 0.722866 0.355579 0.723135 0.355579 0.723135 0.355312 0.722866 0.355045 0.724482 0.353444 0.724482 0.353177 0.724751 0.35291 0.724751 0.352643 0.72502 0.352376 0.724212 0.351575 0.724212 0.351308 0.723674 0.350774 0.723674 0.350507 0.72098 0.347838 0.72098 0.347571 0.718018 0.344634 0.718018 0.344367 0.71721 0.343566 0.71694 0.343566 0.716671 0.343833 0.716402 0.343566 0.716133 0.343566 0.714517 0.345168 0.713978 0.345168 0.711823 0.347304 0.711554 0.347304 0.710477 0.348372 0.710477 0.348639 0.710207 0.348905 0.710207 0.349706 0.709938 0.349973 0.710207 0.35024 0.710207 0.350774 0.710477 0.351041 0.710477 0.351308 0.710207 0.351575 0.710207 0.351842 0.710477 0.352109 0.710477 0.352376 0.709938 0.35291 0.709669 0.35291 0.708861 0.352109 0.708861 0.351842 0.705898 0.348905 0.705898 0.348639 0.705629 0.348372 0.705629 0.348105 0.706168 0.347571 0.706437 0.347571 0.709399 0.344634 0.709669 0.344634 0.712631 0.341698 0.712901 0.341698 0.713709 0.340897 0.713439 0.34063 0.713709 0.340363 0.713978 0.340363 0.713978 0.340096 0.712362 0.338494 0.712362 0.338227 0.709399 0.335291 0.709399 0.335024 0.706437 0.332088 0.706437 0.331821 0.703744 0.329151 0.703744 0.328884 0.700781 0.325948 0.700781 0.325681 0.697818 0.322744 0.697818 0.322477 0.695125 0.319808 0.695125 0.319541 0.692163 0.316604 0.692163 0.316337 0.689469 0.313668 0.689469 0.313401 0.686507 0.310464 0.686507 0.310198 0.683544 0.307261 0.683544 0.306994 0.680851 0.304325 0.680851 0.304058 0.677888 0.301121 0.677888 0.300854 0.675195 0.298185 0.674926 0.298185 0.673849 0.299253 0.673579 0.298986 0.671963 0.300587 0.671694 0.300587 0.668731 0.303524 0.668462 0.303524 0.667924 0.304058 0.667654 0.304058 0.667385 0.303791 0.667385 0.30299 0.667654 0.302723 0.667654 0.302189 0.667385 0.301922 0.667924 0.301388 0.667654 0.301121 0.667924 0.300854 0.667924 0.300587 0.66927 0.299253 0.669539 0.299253 0.672502 0.296316 0.672771 0.296316 0.673041 0.296049 0.673041 0.295782 0.672233 0.294981 0.672233 0.294714 0.66927 0.291778 0.66927 0.291511 0.666308 0.288574 0.666308 0.288308 0.664692 0.286706 0.664422 0.286706 0.663614 0.287507 0.663076 0.287507 0.662806 0.287774 0.662537 0.287774 0.662268 0.288041 0.661998 0.288041 0.659305 0.29071 0.659036 0.29071 0.658228 0.291511 0.657959 0.291244 0.657689 0.291244 0.656881 0.292045 0.656612 0.292045 0.656343 0.291778 0.656073 0.292045 0.655535 0.292045 0.655265 0.291778 0.654996 0.292045 0.654727 0.291778 0.654727 0.291511 0.655265 0.290977 0.655535 0.290977 0.658497 0.288041 0.658766 0.288041 0.661729 0.285104 0.661998 0.285104 0.662537 0.28457 0.662537 0.284303 0.661998 0.283769 0.660113 0.285638 0.659844 0.285638 0.656881 0.288574 0.656612 0.288574 0.653649 0.291511 0.65338 0.291511 0.650687 0.29418 0.650417 0.29418 0.647455 0.297117 0.647186 0.297117 0.646647 0.297651 0.646108 0.297117 0.646108 0.29685 0.645839 0.296583 0.64557 0.29685 0.645031 0.296316 0.645031 0.295782 0.643146 0.293914 0.643146 0.293647 0.640183 0.29071 0.640183 0.289642 0.638298 0.287774 0.638298 0.28724 0.635874 0.284837 0.635874 0.28457 0.632911 0.281634 0.632911 0.281367 0.631026 0.279498 0.631295 0.279231 0.628602 0.276562 0.628602 0.276295 0.62564 0.273358 0.62564 0.273091 0.622946 0.270422 0.622946 0.270155 0.619984 0.267218 0.619984 0.266951 0.617021 0.264015 0.617021 0.263748 0.615136 0.261879 0.615136 0.261078 0.613789 0.259744 0.613789 0.259477 0.611096 0.256807 0.611096 0.25654 0.608134 0.253604 0.608134 0.253337 0.605171 0.2504 0.605171 0.250133 0.602478 0.247464 0.602478 0.247197 0.599515 0.244261 0.599515 0.243994 0.596553 0.241057 0.596553 0.240523 0.595475 0.239455 0.595475 0.239188 0.592513 0.236252 0.592513 0.235985 0.58982 0.233316 0.58982 0.233049 0.586857 0.230112 0.586857 0.229845 0.586318 0.229311 0.586318 0.229044 0.585241 0.227977 0.585241 0.22771 0.582548 0.22504 0.582548 0.224773 0.579585 0.221837 0.579585 0.22157 0.576892 0.2189 0.576892 0.218633 0.573929 0.215697 0.573929 0.21543 0.570967 0.212493 0.570967 0.212226 0.568274 0.209557 0.568274 0.20929 0.567735 0.208756 0.567735 0.208489 0.566658 0.207421 0.566658 0.207154 0.563695 0.204218 0.563695 0.203951 0.561002 0.201281 0.561002 0.201014 0.558039 0.198078 0.558039 0.197811 0.555077 0.194875 0.555077 0.194608 0.552922 0.192472 0.553191 0.192205 0.553191 0.191938 0.552114 0.19087 0.552114 0.190603 0.549421 0.187934 0.549421 0.187667 0.546458 0.18473 0.546458 0.184463 0.543765 0.181794 0.543765 0.181527 0.540803 0.17859 0.540803 0.178324 0.53784 0.175387 0.53784 0.17512 0.535147 0.172451 0.535147 0.171917 0.533531 0.170315 0.533531 0.170048 0.530568 0.167112 0.530568 0.166845 0.527875 0.164175 0.527875 0.163908 0.524912 0.160972 0.524912 0.160705 0.522219 0.158035 0.522489 0.157768 0.520603 0.1559 0.520603 0.155633 0.517641 0.152696 0.517641 0.152429 0.514947 0.14976 0.514947 0.149493 0.511985 0.146556 0.511985 0.146289 0.509022 0.143353 0.509022 0.143086 0.506329 0.140416 0.506329 0.140149 0.503367 0.137213 0.503367 0.136946 0.503097 0.136679 0.503097 0.136412 0.50202 0.135344 0.50202 0.135077 0.499057 0.132141 0.499057 0.131874 0.496095 0.128938 0.496095 0.128671 0.493402 0.126001 0.493402 0.125734 0.490439 0.122798 0.490439 0.122531 0.488284 0.120395 0.488554 0.120128 0.488554 0.119861 0.487476 0.118793 0.487476 0.118526 0.484514 0.11559 0.484514 0.115323 0.481821 0.112653 0.481821 0.112387 0.478858 0.10945 0.478858 0.109183 0.476703 0.107048 0.476703 0.106514 0.474549 0.104378 0.474549 0.104111 0.471586 0.101175 0.471586 0.100908 0.468893 0.098238 0.468893 0.097971 0.465931 0.095035 0.465931 0.094768 0.462968 0.091831 0.462968 0.091564 0.46216 0.090763 0.46216 0.090497 0.461621 0.089963 0.461621 0.089696 0.458659 0.086759 0.458659 0.086492 0.455696 0.083556 0.455696 0.083289 0.453003 0.080619 0.453003 0.080352 0.45004 0.077416 0.45004 0.077149 0.447347 0.074479 0.447347 0.074212 0.446809 0.073679 0.446809 0.073412 0.445731 0.072344 0.445731 0.072077 0.442769 0.06914 0.442769 0.068873 0.440075 0.066204 0.440075 0.065937 0.437113 0.063001 0.437113 0.062734 0.43415 0.059797 0.43415 0.05953 0.433073 0.058462 0.433342 0.058195 0.433342 0.057928 0.431188 0.055793 0.431188 0.055526 0.428494 0.052856 0.428494 0.052589 0.425532 0.049653 0.425532 0.049386 0.422839 0.046716 0.422569 0.046983 0.4223 0.046716 0.422031 0.046983 0.421761 0.046983
