0 0.627125 0.878253 0.626739 0.878552 0.626739 0.880048 0.627125 0.880048
0 0.627512 0.875262 0.627512 0.87586 0.627898 0.87586 0.627898 0.875262
0 0.550618 0.870176 0.550618 0.870476 0.551777 0.870476 0.551777 0.870176
0 0.48609 0.861801 0.485703 0.8621 0.486476 0.8621 0.486862 0.861801
0 0.478362 0.860903 0.478362 0.861203 0.479134 0.861203 0.479134 0.860903
0 0.46136 0.85851 0.460974 0.858809 0.46136 0.858809
0 0.455951 0.857912 0.455951 0.858211 0.456723 0.858211 0.456723 0.857912
0 0.297527 0.833682 0.297527 0.834281 0.2983 0.834281 0.2983 0.833682
0 0.294436 0.83099 0.294436 0.831289 0.294049 0.831588 0.294436 0.831588 0.294822 0.831289 0.294822 0.83099
0 0.261978 0.827999 0.261978 0.828298 0.262365 0.828597 0.262751 0.828597 0.262751 0.827999
0 0.719474 0.539336 0.719474 0.539635 0.719861 0.539934 0.720247 0.539934 0.720247 0.539336
0 0.709428 0.536644 0.709042 0.536943 0.708269 0.536943 0.708269 0.538439 0.708655 0.538738 0.709042 0.538738 0.709815 0.539336 0.710201 0.539336 0.710587 0.539635 0.711747 0.539635 0.712519 0.539037 0.712519 0.538738 0.712906 0.538439 0.712906 0.53784 0.712133 0.537242 0.710974 0.537242 0.710587 0.536943 0.710587 0.536644
0 0.716383 0.528268 0.716383 0.528567 0.71677 0.528567 0.71677 0.528268
0 0.71677 0.527371 0.71677 0.52767 0.717156 0.52767 0.717156 0.527371
0 0.688949 0.463955 0.688563 0.464254 0.689335 0.464254 0.689722 0.463955
0 0.685085 0.463356 0.685085 0.463655 0.684699 0.463955 0.685858 0.463955 0.685858 0.463655 0.685471 0.463356
0 0.61592 0.452587 0.616306 0.452887 0.618238 0.452887 0.618624 0.453186 0.619011 0.453186 0.619011 0.452887 0.618624 0.452887 0.618238 0.452587
0 0.287867 0.421478 0.287867 0.421777 0.288253 0.422076 0.288253 0.422375 0.289026 0.422973 0.289026 0.423273 0.289413 0.423273 0.289413 0.422674 0.289026 0.422375 0.289413 0.422076 0.289026 0.421777 0.289026 0.421478
0 0.325348 0.41729 0.325348 0.418786 0.324961 0.419085 0.324961 0.42058 0.324575 0.420879 0.324575 0.422375 0.324189 0.422674 0.324189 0.424469 0.323802 0.424768 0.323802 0.425965 0.323029 0.426563 0.323029 0.427759 0.322643 0.428059 0.322643 0.429255 0.321484 0.430153 0.320325 0.430153 0.319938 0.430452 0.319165 0.430452 0.318779 0.430153 0.316461 0.430153 0.316074 0.429853 0.314142 0.429853 0.313756 0.429554 0.312597 0.429554 0.311824 0.428956 0.309892 0.428956 0.309505 0.428657 0.307187 0.428657 0.306801 0.428358 0.304869 0.428358 0.304482 0.428059 0.30255 0.428059 0.302164 0.427759 0.300232 0.427759 0.299845 0.42746 0.297913 0.42746 0.297527 0.427161 0.295595 0.427161 0.295209 0.426862 0.293277 0.426862 0.29289 0.426563 0.290958 0.426563 0.290572 0.426264 0.28864 0.426264 0.288253 0.425965 0.285162 0.425965 0.284776 0.426264 0.284776 0.427161 0.284389 0.42746 0.284389 0.428956 0.284003 0.429255 0.284003 0.430751 0.283617 0.43105 0.283617 0.431947 0.28323 0.432246 0.282844 0.431947 0.282844 0.431648 0.282457 0.431648 0.282457 0.432546 0.282071 0.432845 0.282071 0.43434 0.281685 0.43464 0.281685 0.436135 0.281298 0.436434 0.281298 0.43793 0.280912 0.438229 0.280912 0.439725 0.280526 0.440024 0.280526 0.44152 0.280139 0.441819 0.280139 0.443314 0.279753 0.443614 0.279753 0.445109 0.279366 0.445408 0.279366 0.446904 0.27898 0.447203 0.27898 0.448699 0.278594 0.448998 0.278594 0.449895 0.27898 0.449895 0.279366 0.449596 0.279753 0.449895 0.279753 0.450494 0.27898 0.451092 0.27898 0.45169 0.279366 0.451989 0.279366 0.452587 0.27898 0.452887 0.27898 0.454382 0.278594 0.454681 0.278594 0.456177 0.278207 0.456476 0.278207 0.457972 0.277821 0.458271 0.277821 0.459767 0.277434 0.460066 0.277434 0.461561 0.277048 0.461861 0.277048 0.463356 0.276662 0.463655 0.276662 0.465151 0.276275 0.46545 0.276275 0.466946 0.275889 0.467245 0.275889 0.468741 0.275502 0.46904 0.275502 0.470535 0.275116 0.470835 0.275116 0.47233 0.27473 0.472629 0.27473 0.474125 0.274343 0.474424 0.274343 0.47592 0.273957 0.476219 0.273957 0.477715 0.27357 0.478014 0.27357 0.479509 0.273184 0.479809 0.273184 0.481304 0.272798 0.481603 0.272798 0.483099 0.272411 0.483398 0.272411 0.484894 0.272025 0.485193 0.272025 0.486689 0.271638 0.486988 0.271638 0.488483 0.271252 0.488783 0.271252 0.490278 0.270866 0.490577 0.270866 0.492073 0.270479 0.492372 0.270479 0.493868 0.270093 0.494167 0.270093 0.495663 0.269706 0.495962 0.269706 0.497457 0.26932 0.497757 0.26932 0.499252 0.268934 0.499551 0.268934 0.501047 0.268547 0.501346 0.268547 0.502842 0.268161 0.503141 0.268161 0.504637 0.267774 0.504936 0.267774 0.506431 0.267388 0.50673 0.267388 0.508226 0.267002 0.508525 0.267002 0.510021 0.266615 0.51032 0.266615 0.511816 0.266229 0.512115 0.266229 0.513611 0.265842 0.51391 0.265842 0.515405 0.265456 0.515704 0.265456 0.5172 0.26507 0.517499 0.26507 0.518995 0.264683 0.519294 0.264683 0.52079 0.264297 0.521089 0.264297 0.522585 0.26391 0.522884 0.26391 0.524678 0.263524 0.524978 0.263524 0.526473 0.263138 0.526772 0.263138 0.528268 0.262751 0.528567 0.262751 0.530063 0.262365 0.530362 0.262365 0.531858 0.261978 0.532157 0.261978 0.533652 0.261592 0.533952 0.261592 0.535447 0.261206 0.535746 0.261206 0.537242 0.260819 0.537541 0.260819 0.539037 0.260433 0.539336 0.260433 0.540832 0.260046 0.541131 0.25966 0.541131 0.259274 0.540832 0.258887 0.540832 0.258887 0.542327 0.258501 0.542626 0.258501 0.544122 0.258114 0.544421 0.258114 0.546216 0.257728 0.546515 0.257728 0.548011 0.257342 0.54831 0.257342 0.549806 0.256955 0.550105 0.256955 0.5516 0.256569 0.551899 0.256569 0.553395 0.256182 0.553694 0.256182 0.55519 0.255796 0.555489 0.255796 0.556985 0.25541 0.557284 0.25541 0.55878 0.255023 0.559079 0.255023 0.560574 0.254637 0.560873 0.254637 0.562369 0.25425 0.562668 0.25425 0.564164 0.253864 0.564463 0.253864 0.565959 0.253478 0.566258 0.253478 0.567754 0.253091 0.568053 0.253091 0.569548 0.252705 0.569847 0.252705 0.571343 0.252318 0.571642 0.252318 0.573138 0.251932 0.573437 0.251932 0.574933 0.251546 0.575232 0.251546 0.576727 0.251159 0.577027 0.251159 0.578522 0.250773 0.578821 0.250773 0.580317 0.250386 0.580616 0.250386 0.582112 0.25 0.582411 0.25 0.583907 0.249614 0.584206 0.249614 0.585701 0.249227 0.586001 0.249227 0.587496 0.248841 0.587795 0.248841 0.589291 0.248454 0.58959 0.248454 0.591086 0.248068 0.591385 0.248068 0.592881 0.247682 0.59318 0.247682 0.594675 0.247295 0.594975 0.247295 0.59647 0.246909 0.596769 0.246909 0.598265 0.246522 0.598564 0.246522 0.60006 0.246136 0.600359 0.246136 0.601855 0.24575 0.602154 0.24575 0.603649 0.245363 0.603949 0.245363 0.605444 0.244977 0.605743 0.244977 0.607239 0.24459 0.607538 0.24459 0.609034 0.244204 0.609333 0.244204 0.610829 0.243818 0.611128 0.243818 0.612623 0.243431 0.612923 0.243431 0.614418 0.243045 0.614717 0.243045 0.616213 0.242658 0.616512 0.242658 0.618008 0.242272 0.618307 0.242272 0.619803 0.241886 0.620102 0.241886 0.621597 0.241499 0.621897 0.241499 0.623392 0.241113 0.623691 0.241113 0.625187 0.240726 0.625486 0.240726 0.626982 0.24034 0.627281 0.24034 0.628777 0.239954 0.629076 0.239954 0.630571 0.239567 0.63087 0.239567 0.632665 0.239181 0.632964 0.239181 0.63446 0.238794 0.634759 0.238794 0.636255 0.238408 0.636554 0.238408 0.63805 0.238022 0.638349 0.238022 0.639844 0.237635 0.640144 0.237635 0.641639 0.237249 0.641938 0.237249 0.643434 0.236862 0.643733 0.236862 0.645229 0.236476 0.645528 0.236476 0.647024 0.23609 0.647323 0.23609 0.648818 0.235703 0.649118 0.235703 0.650613 0.235317 0.650912 0.235317 0.652408 0.23493 0.652707 0.23493 0.654203 0.234544 0.654502 0.234544 0.655998 0.234158 0.656297 0.234158 0.657792 0.233771 0.658092 0.233771 0.659587 0.233385 0.659886 0.233385 0.661382 0.232998 0.661681 0.232998 0.663177 0.232612 0.663476 0.232612 0.664972 0.232226 0.665271 0.232226 0.666766 0.231839 0.667066 0.231839 0.668561 0.231453 0.66886 0.231453 0.670356 0.231066 0.670655 0.231066 0.672151 0.23068 0.67245 0.23068 0.673946 0.230294 0.674245 0.230294 0.67574 0.229907 0.676039 0.229907 0.677535 0.229521 0.677834 0.229521 0.67933 0.229134 0.679629 0.229134 0.681125 0.228748 0.681424 0.228748 0.68292 0.228362 0.683219 0.228362 0.684714 0.227975 0.685013 0.227975 0.686509 0.227589 0.686808 0.227589 0.688304 0.227202 0.688603 0.227202 0.690099 0.226816 0.690398 0.226816 0.691894 0.22643 0.692193 0.22643 0.693688 0.226043 0.693987 0.226043 0.695483 0.225657 0.695782 0.225657 0.697278 0.22527 0.697577 0.22527 0.699073 0.224884 0.699372 0.224884 0.700568 0.226816 0.700568 0.227202 0.700867 0.229134 0.700867 0.229521 0.701167 0.23068 0.701167 0.231066 0.701466 0.231839 0.701466 0.232226 0.701765 0.232612 0.701765 0.232998 0.702064 0.232998 0.702363 0.233385 0.702662 0.233385 0.702961 0.233771 0.703261 0.233385 0.70356 0.233385 0.705055 0.232998 0.705354 0.232998 0.70685 0.232612 0.707149 0.232612 0.707448 0.232226 0.707748 0.232226 0.708645 0.231839 0.708944 0.231839 0.71044 0.231453 0.710739 0.231453 0.712235 0.231066 0.712534 0.231066 0.714029 0.23068 0.714328 0.23068 0.715824 0.230294 0.716123 0.230294 0.717619 0.229907 0.717918 0.229907 0.719414 0.229521 0.719713 0.229521 0.721208 0.229134 0.721508 0.229134 0.723003 0.228748 0.723302 0.228748 0.724798 0.228362 0.725097 0.228362 0.726593 0.227975 0.726892 0.227975 0.728388 0.227589 0.728687 0.227589 0.730482 0.227202 0.730781 0.227202 0.732276 0.226816 0.732576 0.227202 0.732576 0.227589 0.732875 0.227589 0.733772 0.226816 0.73437 0.226816 0.734969 0.22643 0.735268 0.22643 0.735866 0.226043 0.736165 0.226043 0.737661 0.225657 0.73796 0.225657 0.739456 0.22527 0.739755 0.22527 0.74125 0.224884 0.74155 0.224884 0.743045 0.224498 0.743344 0.224498 0.74484 0.224111 0.745139 0.224111 0.746635 0.223725 0.746934 0.223725 0.74843 0.223338 0.748729 0.223338 0.750224 0.222952 0.750523 0.222952 0.752019 0.222566 0.752318 0.222566 0.753814 0.222179 0.754113 0.222179 0.755609 0.221793 0.755908 0.221793 0.757404 0.221406 0.757703 0.221406 0.759198 0.22102 0.759497 0.22102 0.760993 0.220634 0.761292 0.220634 0.762788 0.220247 0.763087 0.220247 0.764583 0.219861 0.764882 0.219861 0.766378 0.219474 0.766677 0.219474 0.768172 0.219088 0.768471 0.219088 0.769967 0.218702 0.770266 0.218702 0.771762 0.218315 0.772061 0.218315 0.77236 0.217929 0.772659 0.217929 0.773557 0.217543 0.773856 0.217543 0.775351 0.217156 0.775651 0.217156 0.777146 0.21677 0.777445 0.21677 0.778941 0.216383 0.77924 0.216383 0.780736 0.215997 0.781035 0.215997 0.782531 0.215611 0.78283 0.215611 0.784325 0.215224 0.784625 0.215224 0.78612 0.214838 0.786419 0.214838 0.787915 0.214451 0.788214 0.214451 0.78971 0.214065 0.790009 0.214065 0.791505 0.213679 0.791804 0.213679 0.793299 0.213292 0.793599 0.213292 0.795094 0.212906 0.795393 0.212906 0.796291 0.211747 0.797188 0.209042 0.797188 0.208655 0.796889 0.205564 0.796889 0.205178 0.797188 0.205178 0.798385 0.204791 0.798684 0.204791 0.800179 0.204405 0.800479 0.204405 0.801974 0.204019 0.802273 0.204019 0.803769 0.203632 0.804068 0.203632 0.805564 0.203246 0.805863 0.203246 0.807359 0.202859 0.807658 0.202859 0.809153 0.202473 0.809453 0.202473 0.810948 0.202087 0.811247 0.202087 0.812743 0.2017 0.813042 0.2017 0.814538 0.201314 0.814837 0.201314 0.815734 0.202087 0.816333 0.2017 0.816632 0.202473 0.81723 0.202473 0.817529 0.202859 0.817828 0.202859 0.818127 0.203632 0.818726 0.204019 0.818726 0.204405 0.819025 0.204405 0.819623 0.205564 0.819623 0.205951 0.819922 0.205951 0.820221 0.205564 0.82052 0.206723 0.821418 0.206723 0.822016 0.20711 0.822315 0.20711 0.822614 0.208655 0.823811 0.208655 0.824409 0.209042 0.824708 0.209428 0.824708 0.209815 0.825007 0.210201 0.825007 0.21136 0.825905 0.212906 0.825905 0.213292 0.826204 0.215224 0.826204 0.215611 0.826503 0.217543 0.826503 0.217929 0.826802 0.219861 0.826802 0.220247 0.827101 0.221793 0.827101 0.222179 0.826802 0.222566 0.826802 0.222566 0.825307 0.222952 0.825007 0.222952 0.823512 0.223338 0.823213 0.223338 0.821717 0.223725 0.821418 0.223725 0.819922 0.224111 0.819623 0.224111 0.818127 0.224498 0.817828 0.224498 0.816632 0.226043 0.815435 0.227202 0.815435 0.227589 0.815136 0.227975 0.815136 0.228362 0.815435 0.230294 0.815435 0.23068 0.815734 0.232612 0.815734 0.232998 0.816034 0.23493 0.816034 0.235317 0.816333 0.237249 0.816333 0.237635 0.816632 0.239567 0.816632 0.239954 0.816931 0.241886 0.816931 0.242272 0.81723 0.244204 0.81723 0.24459 0.817529 0.246522 0.817529 0.246909 0.817828 0.248841 0.817828 0.249227 0.818127 0.251546 0.818127 0.251932 0.818427 0.253864 0.818427 0.25425 0.818726 0.256182 0.818726 0.256569 0.819025 0.258501 0.819025 0.258887 0.819324 0.260819 0.819324 0.261206 0.819623 0.262365 0.819623 0.262751 0.819922 0.263138 0.819922 0.263524 0.820221 0.265456 0.820221 0.265842 0.82052 0.267774 0.82052 0.268161 0.82082 0.270093 0.82082 0.270479 0.821119 0.271252 0.821119 0.271638 0.821418 0.272411 0.821418 0.272798 0.821717 0.27473 0.821717 0.275116 0.822016 0.277048 0.822016 0.277434 0.822315 0.279366 0.822315 0.279753 0.822614 0.281685 0.822614 0.282071 0.822914 0.284003 0.822914 0.284389 0.823213 0.286321 0.823213 0.286708 0.823512 0.28864 0.823512 0.289026 0.823811 0.290958 0.823811 0.291345 0.82411 0.293277 0.82411 0.293663 0.824409 0.294436 0.824409 0.294822 0.82411 0.295595 0.82411 0.295981 0.824409 0.297913 0.824409 0.2983 0.824708 0.300232 0.824708 0.300618 0.825007 0.30255 0.825007 0.302937 0.825307 0.304869 0.825307 0.305255 0.825606 0.307187 0.825606 0.307573 0.825905 0.308733 0.825905 0.309892 0.826802 0.309892 0.828597 0.309505 0.828896 0.309892 0.829195 0.309892 0.830392 0.309505 0.830691 0.309505 0.832187 0.309119 0.832486 0.309119 0.833981 0.308733 0.834281 0.308733 0.834879 0.308346 0.835178 0.308346 0.835776 0.30796 0.836075 0.30796 0.837571 0.307573 0.83787 0.307573 0.839366 0.307187 0.839665 0.307187 0.841161 0.306801 0.84146 0.307187 0.841759 0.307187 0.842058 0.307573 0.842058 0.30796 0.842357 0.310278 0.842357 0.310665 0.842656 0.312597 0.842656 0.312983 0.842955 0.314915 0.842955 0.315301 0.843255 0.317233 0.843255 0.31762 0.843554 0.319552 0.843554 0.319938 0.843853 0.32187 0.843853 0.322257 0.844152 0.324189 0.844152 0.324575 0.844451 0.326507 0.844451 0.326893 0.84475 0.328825 0.84475 0.329212 0.845049 0.331144 0.845049 0.33153 0.845348 0.333462 0.845348 0.333849 0.845648 0.335781 0.845648 0.336167 0.845947 0.338099 0.845947 0.338485 0.846246 0.340417 0.846246 0.340804 0.846545 0.34119 0.846545 0.34119 0.845947 0.342349 0.845049 0.345054 0.845049 0.34544 0.845348 0.345827 0.845348 0.346213 0.845049 0.347372 0.845049 0.347759 0.845348 0.349691 0.845348 0.350077 0.845648 0.352009 0.845648 0.352396 0.845947 0.354328 0.845947 0.354714 0.846246 0.357032 0.846246 0.357419 0.846545 0.359351 0.846545 0.359737 0.846844 0.361669 0.846844 0.362056 0.847143 0.363988 0.847143 0.364374 0.847442 0.366306 0.847442 0.366692 0.847742 0.367465 0.847742 0.367852 0.848041 0.368624 0.848041 0.369011 0.84834 0.372875 0.84834 0.373261 0.848041 0.373648 0.848041 0.373648 0.847742 0.374034 0.847442 0.37442 0.847442 0.374807 0.847143 0.37558 0.847143 0.375966 0.847442 0.377898 0.847442 0.378284 0.847742 0.380216 0.847742 0.380603 0.848041 0.382535 0.848041 0.382921 0.84834 0.384853 0.84834 0.38524 0.848639 0.387172 0.848639 0.387558 0.848938 0.38949 0.848938 0.389876 0.849237 0.390263 0.848938 0.391808 0.848938 0.392195 0.849237 0.394127 0.849237 0.394513 0.849536 0.396445 0.849536 0.396832 0.849835 0.398764 0.849835 0.39915 0.850135 0.401082 0.850135 0.401468 0.850434 0.4034 0.850434 0.403787 0.850733 0.405719 0.850733 0.406105 0.851032 0.408037 0.851032 0.408423 0.851331 0.410355 0.851331 0.410742 0.85163 0.412674 0.85163 0.41306 0.851929 0.415379 0.851929 0.415765 0.852229 0.417697 0.852229 0.418083 0.852528 0.420015 0.852528 0.420402 0.852827 0.422334 0.852827 0.42272 0.853126 0.424652 0.853126 0.425039 0.853425 0.426971 0.853425 0.427357 0.853724 0.429289 0.853724 0.429675 0.854023 0.431607 0.854023 0.431994 0.854322 0.433926 0.854322 0.434312 0.854622 0.436244 0.854622 0.436631 0.854921 0.438563 0.854921 0.438949 0.85522 0.440881 0.85522 0.441267 0.855519 0.443199 0.855519 0.443586 0.855818 0.445518 0.855818 0.445904 0.856117 0.447836 0.856117 0.448223 0.856416 0.450155 0.856416 0.450541 0.856716 0.452473 0.856716 0.452859 0.857015 0.452473 0.857314 0.452473 0.857613 0.452859 0.857912 0.452859 0.857613 0.452473 0.857314 0.452859 0.857015 0.454791 0.857015 0.455178 0.857314 0.45711 0.857314 0.457496 0.857613 0.459428 0.857613 0.459815 0.857912 0.459042 0.85851 0.459428 0.85851 0.459428 0.858211 0.459815 0.857912 0.461747 0.857912 0.462133 0.858211 0.464065 0.858211 0.464451 0.85851 0.466383 0.85851 0.46677 0.858809 0.466383 0.859109 0.466383 0.859408 0.46677 0.859707 0.46677 0.859408 0.466383 0.859109 0.46677 0.858809 0.468702 0.858809 0.469088 0.859109 0.47102 0.859109 0.471406 0.859408 0.473338 0.859408 0.473725 0.859707 0.475657 0.859707 0.476043 0.860006 0.477975 0.860006 0.478362 0.860305 0.480294 0.860305 0.48068 0.860604 0.482612 0.860604 0.482998 0.860903 0.48493 0.860903 0.485317 0.861203 0.487249 0.861203 0.487635 0.861502 0.489567 0.861502 0.489954 0.861801 0.489181 0.862399 0.489567 0.862399 0.489954 0.862698 0.489954 0.862399 0.489567 0.8621 0.489954 0.861801 0.491886 0.861801 0.492272 0.8621 0.494204 0.8621 0.49459 0.862399 0.496522 0.862399 0.496909 0.862698 0.496522 0.862997 0.496522 0.863296 0.496909 0.863596 0.498454 0.863596 0.498454 0.863296 0.496909 0.863296 0.496522 0.862997 0.496909 0.862698 0.498841 0.862698 0.499227 0.862997 0.501159 0.862997 0.501546 0.863296 0.501159 0.863596 0.499227 0.863596 0.499227 0.863895 0.501159 0.863895 0.501546 0.864194 0.502318 0.864194 0.502318 0.863895 0.501546 0.863895 0.501159 0.863596 0.501546 0.863296 0.503478 0.863296 0.503864 0.863596 0.505796 0.863596 0.506182 0.863895 0.508114 0.863895 0.508501 0.864194 0.510433 0.864194 0.510819 0.864493 0.512751 0.864493 0.513138 0.864792 0.51507 0.864792 0.515456 0.865091 0.517388 0.865091 0.517774 0.86539 0.519706 0.86539 0.520093 0.86569 0.522025 0.86569 0.522411 0.865989 0.524343 0.865989 0.52473 0.866288 0.527048 0.866288 0.527434 0.866587 0.529366 0.866587 0.529753 0.866886 0.531685 0.866886 0.532071 0.867185 0.534003 0.867185 0.534389 0.867484 0.536321 0.867484 0.536708 0.867783 0.53864 0.867783 0.539026 0.868083 0.540958 0.868083 0.541345 0.868382 0.543277 0.868382 0.543663 0.868681 0.545595 0.868681 0.545981 0.86898 0.547913 0.86898 0.5483 0.869279 0.550232 0.869279 0.550618 0.869578 0.55255 0.869578 0.552937 0.869877 0.554869 0.869877 0.555255 0.870176 0.556801 0.870176 0.557573 0.870775 0.559505 0.870775 0.559892 0.871074 0.561824 0.871074 0.56221 0.871373 0.564142 0.871373 0.564529 0.871672 0.566461 0.871672 0.566847 0.871971 0.568779 0.871971 0.569552 0.87257 0.569165 0.872869 0.569552 0.872869 0.570325 0.87227 0.571097 0.87227 0.571484 0.87257 0.573416 0.87257 0.573802 0.872869 0.575734 0.872869 0.576121 0.873168 0.576507 0.873168 0.576893 0.873467 0.576893 0.873766 0.577666 0.873766 0.577666 0.873467 0.578053 0.873168 0.578439 0.873467 0.580371 0.873467 0.581144 0.874065 0.581144 0.874364 0.582303 0.874364 0.582303 0.874065 0.582689 0.873766 0.583076 0.874065 0.585008 0.874065 0.585394 0.874364 0.587326 0.874364 0.587713 0.874663 0.589645 0.874663 0.590031 0.874963 0.590031 0.875561 0.590417 0.875561 0.590417 0.875262 0.590804 0.874963 0.591963 0.874963 0.592349 0.875262 0.591963 0.875561 0.592349 0.87586 0.592736 0.87586 0.592736 0.875561 0.593122 0.875262 0.594281 0.875262 0.594668 0.875561 0.5966 0.875561 0.596986 0.87586 0.598918 0.87586 0.599304 0.876159 0.601236 0.876159 0.601623 0.876458 0.603555 0.876458 0.603941 0.876757 0.605873 0.876757 0.60626 0.877057 0.608192 0.877057 0.608578 0.877356 0.61051 0.877356 0.610896 0.877655 0.612828 0.877655 0.613215 0.877954 0.615147 0.877954 0.615533 0.878253 0.617465 0.878253 0.617852 0.878552 0.619784 0.878552 0.62017 0.878851 0.622102 0.878851 0.622488 0.87915 0.62442 0.87915 0.625193 0.879749 0.625193 0.880048 0.62558 0.880048 0.625966 0.879749 0.62558 0.87945 0.62558 0.878253 0.625966 0.877954 0.625966 0.876458 0.626352 0.876159 0.626352 0.874663 0.626739 0.874364 0.626739 0.872869 0.627125 0.87257 0.627125 0.871074 0.627512 0.870775 0.627512 0.869578 0.627898 0.869279 0.628671 0.869877 0.628671 0.871074 0.628284 0.871373 0.628284 0.871971 0.627898 0.87227 0.627898 0.872869 0.628284 0.87257 0.628671 0.87257 0.628671 0.871373 0.629057 0.871074 0.629057 0.869578 0.628671 0.869279 0.629057 0.86898 0.629057 0.867783 0.628671 0.867484 0.629057 0.867185 0.628671 0.867185 0.628284 0.866886 0.628284 0.866587 0.627898 0.866587 0.627898 0.866886 0.627512 0.867185 0.626352 0.867185 0.625966 0.866886 0.624034 0.866886 0.623648 0.866587 0.621716 0.866587 0.621329 0.866288 0.619397 0.866288 0.619011 0.865989 0.616692 0.865989 0.616306 0.86569 0.614374 0.86569 0.613988 0.86539 0.612056 0.86539 0.611669 0.865091 0.609737 0.865091 0.609351 0.864792 0.607419 0.864792 0.607032 0.864493 0.6051 0.864493 0.604714 0.864194 0.602782 0.864194 0.602396 0.863895 0.600464 0.863895 0.600077 0.863596 0.598145 0.863596 0.597759 0.863296 0.595827 0.863296 0.59544 0.862997 0.593509 0.862997 0.593122 0.862698 0.59119 0.862698 0.590804 0.862399 0.588872 0.862399 0.588485 0.8621 0.586553 0.8621 0.586167 0.861801 0.584235 0.861801 0.583849 0.861502 0.581917 0.861502 0.58153 0.861203 0.579598 0.861203 0.579212 0.860903 0.57728 0.860903 0.576893 0.860604 0.574961 0.860604 0.574575 0.860305 0.572643 0.860305 0.572257 0.860006 0.570325 0.860006 0.569938 0.859707 0.568006 0.859707 0.56762 0.859408 0.567233 0.859408 0.566847 0.859109 0.566847 0.858809 0.566074 0.858809 0.565688 0.85851 0.566461 0.857912 0.565688 0.857912 0.565301 0.857613 0.563369 0.857613 0.562597 0.857015 0.562597 0.856117 0.562983 0.855818 0.562983 0.854322 0.563369 0.854023 0.563369 0.852528 0.563756 0.852229 0.563756 0.850733 0.564142 0.850434 0.564142 0.848938 0.564529 0.848639 0.564529 0.847143 0.564915 0.846844 0.564915 0.845348 0.565301 0.845049 0.565301 0.843554 0.565688 0.843255 0.565688 0.841759 0.566074 0.84146 0.566074 0.839964 0.566461 0.839665 0.566461 0.838169 0.566847 0.83787 0.566847 0.836375 0.567233 0.836075 0.567233 0.83458 0.56762 0.834281 0.56762 0.832785 0.568006 0.832486 0.568006 0.83099 0.568393 0.830691 0.568393 0.829195 0.568779 0.828896 0.568779 0.827401 0.569165 0.827101 0.569165 0.825606 0.569552 0.825307 0.569552 0.823811 0.569938 0.823512 0.569938 0.821717 0.570325 0.821418 0.570325 0.819922 0.570711 0.819623 0.570711 0.818127 0.571097 0.817828 0.571097 0.816333 0.571484 0.816034 0.571484 0.814538 0.57187 0.814239 0.57187 0.812743 0.572257 0.812444 0.572257 0.810948 0.572643 0.810649 0.572643 0.809153 0.573029 0.808854 0.573029 0.807359 0.573416 0.80706 0.573416 0.805564 0.573802 0.805265 0.573802 0.803769 0.574189 0.80347 0.574189 0.801974 0.574575 0.801675 0.574575 0.800179 0.574961 0.79988 0.574961 0.798385 0.575348 0.798086 0.575348 0.79659 0.575734 0.796291 0.575734 0.794795 0.576121 0.794496 0.576121 0.793 0.576507 0.792701 0.576507 0.791505 0.576893 0.791206 0.57728 0.791206 0.577666 0.791505 0.579598 0.791505 0.579985 0.791804 0.581917 0.791804 0.582303 0.792103 0.584235 0.792103 0.584621 0.792402 0.586553 0.792402 0.58694 0.792701 0.588872 0.792701 0.589258 0.793 0.591577 0.793 0.591963 0.792701 0.592349 0.792701 0.592349 0.792402 0.592736 0.792103 0.592736 0.790308 0.593122 0.790009 0.593122 0.788513 0.593509 0.788214 0.593509 0.786719 0.593895 0.786419 0.593895 0.784924 0.594281 0.784625 0.594281 0.783129 0.594668 0.78283 0.594668 0.781334 0.595054 0.781035 0.595054 0.779539 0.59544 0.77924 0.59544 0.777745 0.595827 0.777445 0.595827 0.77595 0.596213 0.775651 0.596213 0.774155 0.5966 0.773856 0.5966 0.773258 0.596986 0.772958 0.596986 0.77236 0.597372 0.772061 0.597372 0.770565 0.597759 0.770266 0.597759 0.768771 0.598145 0.768471 0.598145 0.767873 0.598532 0.767574 0.598532 0.766976 0.598918 0.766677 0.599304 0.766677 0.599304 0.76548 0.599691 0.765181 0.600077 0.765181 0.600077 0.763685 0.600464 0.763386 0.60085 0.763386 0.60085 0.762788 0.601236 0.762489 0.601236 0.761891 0.601623 0.761591 0.601623 0.761292 0.602009 0.760993 0.602009 0.760096 0.602396 0.759797 0.602396 0.759497 0.602782 0.759198 0.602782 0.7586 0.603168 0.758301 0.604714 0.758301 0.6051 0.758002 0.605487 0.758002 0.605487 0.757703 0.60626 0.757104 0.60626 0.756506 0.606646 0.756207 0.606646 0.75501 0.607419 0.754412 0.607419 0.753216 0.607805 0.752917 0.609737 0.752917 0.610124 0.753216 0.610896 0.753216 0.611283 0.752917 0.612056 0.752917 0.612442 0.753216 0.614374 0.753216 0.61476 0.753515 0.615147 0.753515 0.615533 0.753216 0.61592 0.753216 0.61592 0.752318 0.615533 0.752318 0.615147 0.752019 0.61476 0.752019 0.613988 0.751421 0.612828 0.751421 0.612442 0.75172 0.612056 0.751421 0.611669 0.751421 0.611283 0.75172 0.610124 0.75172 0.609737 0.751421 0.609737 0.751122 0.608964 0.751122 0.608192 0.750523 0.608192 0.749327 0.608578 0.749028 0.608578 0.747532 0.608964 0.747233 0.608964 0.745737 0.609351 0.745438 0.609351 0.745139 0.609737 0.74484 0.61051 0.74484 0.610896 0.745139 0.612828 0.745139 0.613215 0.745438 0.615147 0.745438 0.615533 0.745737 0.61592 0.745737 0.616306 0.745438 0.616692 0.745438 0.617079 0.745139 0.617465 0.745139 0.617465 0.744242 0.617079 0.743943 0.61592 0.743943 0.615533 0.743643 0.61476 0.743643 0.614374 0.743344 0.613601 0.743344 0.613215 0.743045 0.611283 0.743045 0.610896 0.742746 0.61051 0.742746 0.610124 0.742447 0.610124 0.740951 0.61051 0.740652 0.611283 0.740652 0.611669 0.740951 0.613215 0.740951 0.613601 0.74125 0.615533 0.74125 0.61592 0.74155 0.617465 0.74155 0.617852 0.74125 0.618238 0.74125 0.618238 0.740951 0.618624 0.740652 0.618624 0.740353 0.618238 0.740054 0.618238 0.739755 0.616306 0.739755 0.61592 0.739456 0.613988 0.739456 0.613601 0.739156 0.611669 0.739156 0.610896 0.738558 0.611283 0.738259 0.611283 0.737063 0.611669 0.736763 0.613601 0.736763 0.613988 0.737063 0.61592 0.737063 0.616306 0.737362 0.617465 0.737362 0.617852 0.737063 0.618624 0.737063 0.619011 0.737362 0.619397 0.737063 0.619397 0.736763 0.619011 0.736763 0.618624 0.736464 0.618624 0.736165 0.617079 0.736165 0.616306 0.735567 0.614374 0.735567 0.613988 0.735268 0.613215 0.735268 0.612442 0.734669 0.612056 0.734669 0.611669 0.73437 0.611669 0.733772 0.611283 0.733473 0.611283 0.733174 0.611669 0.732875 0.612442 0.732875 0.612828 0.732576 0.614374 0.732576 0.61476 0.732875 0.616692 0.732875 0.617079 0.733174 0.619011 0.733174 0.619397 0.733473 0.619784 0.733473 0.62017 0.733174 0.62017 0.732276 0.619397 0.732276 0.619011 0.731977 0.619011 0.731678 0.617079 0.731678 0.616692 0.731379 0.61476 0.731379 0.613988 0.730781 0.613601 0.730781 0.612828 0.730182 0.612828 0.729584 0.613215 0.729285 0.613215 0.728986 0.613988 0.728388 0.61476 0.728388 0.615147 0.728687 0.615533 0.728687 0.61592 0.728986 0.617079 0.728986 0.617465 0.729285 0.619397 0.729285 0.619784 0.729584 0.620556 0.729584 0.620943 0.729285 0.620943 0.728986 0.621329 0.728687 0.621329 0.728388 0.621716 0.728089 0.619784 0.728089 0.619397 0.727789 0.617465 0.727789 0.617079 0.72749 0.615147 0.72749 0.61476 0.727191 0.61476 0.726892 0.613601 0.725995 0.613988 0.725695 0.613988 0.7242 0.614374 0.723901 0.614374 0.722106 0.613601 0.722106 0.612828 0.721508 0.611669 0.721508 0.611283 0.721208 0.610896 0.721208 0.61051 0.720909 0.610124 0.720909 0.609737 0.72061 0.609351 0.72061 0.608964 0.720311 0.609351 0.720012 0.608964 0.719713 0.608964 0.719414 0.608578 0.719115 0.608578 0.718516 0.608964 0.718217 0.608964 0.716722 0.609351 0.716422 0.609351 0.714927 0.609737 0.714628 0.609737 0.713132 0.610124 0.712833 0.610124 0.711337 0.61051 0.711038 0.61051 0.709542 0.610896 0.709243 0.610896 0.707748 0.611283 0.707448 0.611283 0.705953 0.611669 0.705654 0.611669 0.704158 0.612056 0.703859 0.612056 0.702363 0.612442 0.702064 0.612442 0.701765 0.612828 0.701466 0.613215 0.701765 0.613601 0.701765 0.613601 0.701167 0.613988 0.700867 0.61476 0.700867 0.615147 0.700568 0.615533 0.700867 0.61592 0.700568 0.616692 0.700568 0.617079 0.700867 0.617079 0.701167 0.616306 0.701765 0.616306 0.702064 0.617465 0.702064 0.617852 0.702363 0.619784 0.702363 0.62017 0.702662 0.620556 0.702363 0.620556 0.700867 0.620943 0.700568 0.620943 0.699073 0.621329 0.698774 0.621329 0.697278 0.621716 0.696979 0.621716 0.695483 0.622102 0.695184 0.622102 0.694586 0.621716 0.694586 0.621329 0.694885 0.620943 0.694885 0.620556 0.694586 0.621329 0.693987 0.622875 0.693987 0.623261 0.694287 0.625193 0.694287 0.625966 0.693688 0.626352 0.693688 0.626352 0.693389 0.626739 0.69309 0.626739 0.692791 0.627512 0.692193 0.627898 0.692193 0.628284 0.692492 0.628671 0.692492 0.629057 0.692791 0.629057 0.693389 0.628284 0.693987 0.627898 0.693987 0.627512 0.694287 0.627125 0.694287 0.626739 0.694586 0.626352 0.694586 0.626352 0.694885 0.627512 0.694885 0.627898 0.695184 0.62983 0.695184 0.630216 0.694885 0.630216 0.694287 0.630603 0.693987 0.630603 0.692492 0.630989 0.692193 0.630989 0.691894 0.631376 0.691594 0.632535 0.691594 0.632921 0.691894 0.632921 0.690697 0.633308 0.690398 0.633308 0.688902 0.633694 0.688603 0.633694 0.688304 0.63408 0.688005 0.63408 0.687706 0.633694 0.687407 0.634467 0.686808 0.634467 0.685612 0.63408 0.685313 0.634467 0.685013 0.634467 0.683518 0.63524 0.68292 0.63524 0.68262 0.634853 0.682321 0.634853 0.681723 0.63524 0.681424 0.63524 0.679928 0.635626 0.679629 0.635626 0.678133 0.636012 0.677834 0.636012 0.676339 0.636399 0.676039 0.636399 0.67574 0.636785 0.675441 0.636785 0.674544 0.637172 0.674245 0.637172 0.672749 0.637558 0.67245 0.637558 0.671253 0.637944 0.670954 0.638331 0.670954 0.638717 0.670655 0.638717 0.669159 0.63949 0.668561 0.63949 0.667365 0.639876 0.667066 0.639876 0.66557 0.640263 0.665271 0.639876 0.664972 0.639876 0.664373 0.640649 0.663775 0.641036 0.663775 0.641422 0.663476 0.641422 0.663177 0.641808 0.662878 0.642195 0.662878 0.642195 0.662279 0.642581 0.66198 0.642581 0.661681 0.642195 0.661681 0.641808 0.661382 0.642195 0.661083 0.642581 0.661083 0.642581 0.660784 0.642968 0.660485 0.643354 0.660485 0.64374 0.660185 0.64374 0.659886 0.644127 0.659587 0.644127 0.656895 0.644513 0.656596 0.644513 0.655998 0.644127 0.655698 0.644127 0.6551 0.645286 0.654203 0.646059 0.654203 0.646445 0.654502 0.646832 0.654502 0.646832 0.653904 0.647218 0.653605 0.647604 0.653605 0.647604 0.653305 0.647991 0.653006 0.647604 0.653006 0.647218 0.652707 0.647218 0.652109 0.646832 0.652109 0.646445 0.65181 0.646445 0.652109 0.646059 0.652408 0.645672 0.652109 0.645672 0.65181 0.645286 0.651511 0.645672 0.651211 0.645672 0.650314 0.644513 0.650314 0.644127 0.650015 0.644513 0.649716 0.6449 0.649716 0.6449 0.649417 0.645286 0.649118 0.645286 0.648818 0.6449 0.648818 0.644513 0.648519 0.642581 0.648519 0.642195 0.64822 0.640263 0.64822 0.639876 0.647921 0.637944 0.647921 0.637558 0.647622 0.636399 0.647622 0.636399 0.647921 0.636785 0.647921 0.637944 0.648818 0.637944 0.649716 0.638331 0.650015 0.638331 0.650314 0.638717 0.650613 0.638717 0.650912 0.638331 0.651211 0.637558 0.651211 0.636399 0.650314 0.636399 0.650015 0.636012 0.649716 0.636012 0.649118 0.636399 0.648818 0.636012 0.648519 0.63524 0.648519 0.634853 0.64822 0.632921 0.64822 0.632535 0.647921 0.630603 0.647921 0.62983 0.647323 0.62983 0.646724 0.630216 0.646425 0.630216 0.64493 0.630603 0.644631 0.630603 0.643135 0.630989 0.642836 0.630989 0.642238 0.62983 0.64134 0.62983 0.641041 0.628671 0.640144 0.628671 0.639545 0.629057 0.639246 0.629057 0.637451 0.629444 0.637152 0.629444 0.636554 0.62983 0.636255 0.630216 0.636554 0.630216 0.637451 0.62983 0.637751 0.62983 0.638648 0.630216 0.638947 0.630216 0.639246 0.62983 0.639545 0.62983 0.639844 0.630216 0.640144 0.630216 0.640443 0.631376 0.64134 0.631762 0.641041 0.631762 0.639844 0.631376 0.639844 0.630989 0.639545 0.630989 0.637751 0.631376 0.637451 0.631376 0.635956 0.631762 0.635657 0.631762 0.634161 0.632148 0.633862 0.632148 0.632366 0.632535 0.632067 0.632535 0.630571 0.632921 0.630272 0.632921 0.628777 0.633308 0.628477 0.633308 0.626982 0.633694 0.626683 0.633694 0.625187 0.63408 0.624888 0.63408 0.623392 0.634467 0.623093 0.634467 0.621597 0.634853 0.621298 0.634853 0.619803 0.63524 0.619503 0.63524 0.618008 0.635626 0.617709 0.635626 0.616213 0.636012 0.615914 0.636012 0.614418 0.636399 0.614119 0.636399 0.612623 0.636785 0.612324 0.636785 0.610829 0.637172 0.610529 0.637172 0.609034 0.637558 0.608735 0.637558 0.607239 0.637944 0.60694 0.637944 0.605444 0.638331 0.605145 0.638331 0.603949 0.637944 0.603949 0.637944 0.605145 0.637558 0.605444 0.637558 0.60694 0.637172 0.607239 0.637172 0.608735 0.636785 0.609034 0.636785 0.610529 0.636399 0.610829 0.636399 0.612324 0.636012 0.612623 0.636012 0.614119 0.635626 0.614418 0.635626 0.615615 0.634853 0.616213 0.634853 0.61711 0.634467 0.61741 0.634467 0.617709 0.63408 0.618008 0.63408 0.619503 0.633308 0.620102 0.632921 0.619803 0.632921 0.619503 0.633308 0.619204 0.633308 0.617709 0.633694 0.61741 0.633694 0.615914 0.63408 0.615615 0.63408 0.614119 0.634467 0.61382 0.634467 0.612324 0.634853 0.612025 0.634853 0.610529 0.63524 0.61023 0.63524 0.608735 0.635626 0.608436 0.635626 0.60694 0.636012 0.606641 0.636012 0.605145 0.636399 0.604846 0.636399 0.60335 0.636785 0.603051 0.636785 0.601555 0.637172 0.601256 0.637172 0.599761 0.637558 0.599462 0.637558 0.597966 0.637944 0.597667 0.637944 0.596171 0.638331 0.595872 0.638331 0.594376 0.638717 0.594077 0.638717 0.592582 0.639104 0.592282 0.639104 0.590787 0.63949 0.590488 0.639876 0.590787 0.639876 0.591385 0.640263 0.591684 0.640263 0.592282 0.639876 0.592582 0.640263 0.592881 0.640263 0.594077 0.639876 0.594376 0.639876 0.594675 0.640263 0.594675 0.640263 0.594376 0.640649 0.594077 0.640649 0.592582 0.641036 0.592282 0.641036 0.590787 0.641422 0.590488 0.641422 0.588992 0.641808 0.588693 0.641808 0.587197 0.642195 0.586898 0.642195 0.585402 0.642581 0.585103 0.642581 0.583608 0.642968 0.583308 0.642968 0.581813 0.643354 0.581514 0.643354 0.580018 0.64374 0.579719 0.64374 0.578223 0.644127 0.577924 0.644127 0.576428 0.644513 0.576129 0.644513 0.574634 0.6449 0.574334 0.6449 0.572839 0.645286 0.57254 0.645286 0.571044 0.645672 0.570745 0.645672 0.569249 0.646059 0.56895 0.646059 0.567454 0.646445 0.567155 0.646445 0.56566 0.646832 0.56536 0.646832 0.563865 0.647218 0.563566 0.647218 0.56207 0.647604 0.561771 0.647604 0.560275 0.647991 0.559976 0.647991 0.55848 0.648377 0.558181 0.648377 0.556686 0.648764 0.556386 0.648764 0.554891 0.64915 0.554592 0.64915 0.553096 0.649536 0.552797 0.649536 0.551301 0.649923 0.551002 0.649923 0.549506 0.650309 0.549207 0.650309 0.547712 0.650696 0.547413 0.650696 0.545917 0.651082 0.545618 0.651082 0.544122 0.651468 0.543823 0.651468 0.542926 0.651082 0.542626 0.651082 0.543823 0.650696 0.544122 0.650309 0.543823 0.650309 0.542327 0.650696 0.542028 0.650696 0.540532 0.651082 0.540233 0.651082 0.538738 0.651468 0.538439 0.651468 0.536644 0.651855 0.536345 0.651855 0.534849 0.652628 0.534251 0.652628 0.533952 0.653014 0.533652 0.6534 0.533952 0.6534 0.53455 0.654173 0.53455 0.65456 0.534849 0.654946 0.53455 0.656491 0.53455 0.656878 0.534849 0.65881 0.534849 0.659196 0.535148 0.661128 0.535148 0.661515 0.535447 0.663447 0.535447 0.663833 0.535746 0.665765 0.535746 0.666151 0.536045 0.668083 0.536045 0.66847 0.536345 0.670402 0.536345 0.670788 0.536644 0.67272 0.536644 0.673107 0.536943 0.675039 0.536943 0.675425 0.537242 0.677357 0.537242 0.677743 0.537541 0.679675 0.537541 0.680062 0.53784 0.681994 0.53784 0.68238 0.538139 0.684312 0.538139 0.684699 0.538439 0.686244 0.538439 0.686631 0.538139 0.687017 0.538439 0.687403 0.538139 0.68779 0.538139 0.688563 0.537541 0.689335 0.537541 0.689722 0.53784 0.690108 0.537541 0.690495 0.537541 0.690881 0.537242 0.691267 0.537242 0.691654 0.536943 0.69204 0.537242 0.69204 0.536644 0.692427 0.536345 0.692813 0.536345 0.692813 0.536045 0.693199 0.535746 0.693586 0.535746 0.693972 0.535447 0.694359 0.535447 0.694745 0.535148 0.695904 0.535148 0.695904 0.534251 0.696291 0.533952 0.697063 0.533952 0.69745 0.533652 0.697836 0.533652 0.698223 0.533353 0.698223 0.533054 0.698609 0.532755 0.698995 0.532755 0.698995 0.532456 0.699382 0.532157 0.699768 0.532456 0.700155 0.532157 0.7017 0.532157 0.702087 0.531858 0.702859 0.531858 0.702859 0.531259 0.703246 0.53096 0.703632 0.53096 0.704019 0.530661 0.705178 0.530661 0.705564 0.530362 0.705951 0.530362 0.705951 0.530063 0.706337 0.529764 0.707496 0.529764 0.707496 0.529465 0.707883 0.529165 0.707883 0.528866 0.708655 0.528268 0.709042 0.528268 0.709428 0.527969 0.709815 0.527969 0.710201 0.52767 0.710974 0.52767 0.71136 0.527371 0.71136 0.527071 0.711747 0.526772 0.712133 0.527071 0.712133 0.526772 0.713679 0.525576 0.714838 0.525576 0.714838 0.525277 0.715224 0.524978 0.715224 0.524379 0.715611 0.52408 0.716383 0.52408 0.716383 0.523781 0.71677 0.523482 0.717156 0.523781 0.717929 0.523781 0.718315 0.523482 0.719088 0.52408 0.719088 0.524379 0.718315 0.524978 0.718315 0.525277 0.718702 0.525277 0.718702 0.524678 0.719088 0.524379 0.719861 0.524978 0.719861 0.525576 0.720247 0.525576 0.720634 0.525875 0.720634 0.526174 0.72102 0.526473 0.72102 0.528268 0.720634 0.528567 0.720634 0.530063 0.720247 0.530362 0.720247 0.530661 0.719861 0.53096 0.719474 0.53096 0.719474 0.531259 0.719861 0.531259 0.720247 0.531558 0.720247 0.531858 0.719861 0.532157 0.719861 0.533652 0.719474 0.533952 0.719474 0.53455 0.720247 0.53455 0.720634 0.534849 0.720634 0.535746 0.72102 0.535746 0.721406 0.535447 0.721406 0.533952 0.721793 0.533652 0.721793 0.532157 0.722179 0.531858 0.722179 0.530362 0.722566 0.530063 0.722566 0.528567 0.722952 0.528268 0.722952 0.526772 0.723338 0.526473 0.723338 0.524978 0.723725 0.524678 0.723725 0.523183 0.724111 0.522884 0.724111 0.521388 0.724498 0.521089 0.724498 0.519593 0.724884 0.519294 0.724884 0.517798 0.72527 0.517499 0.72527 0.516004 0.725657 0.515704 0.725657 0.514209 0.726043 0.51391 0.726043 0.512414 0.72643 0.512115 0.72643 0.510619 0.726816 0.51032 0.726816 0.508824 0.727202 0.508525 0.727202 0.50703 0.727589 0.50673 0.727589 0.505235 0.727975 0.504936 0.727975 0.50344 0.728362 0.503141 0.728362 0.501645 0.728748 0.501346 0.728748 0.49985 0.729134 0.499551 0.729134 0.498056 0.729521 0.497757 0.729521 0.496261 0.729907 0.495962 0.729907 0.494466 0.730294 0.494167 0.730294 0.492671 0.73068 0.492372 0.73068 0.490876 0.731066 0.490577 0.731066 0.488783 0.731453 0.488483 0.731453 0.486988 0.731839 0.486689 0.731839 0.485193 0.732226 0.484894 0.732226 0.483398 0.732612 0.483099 0.732612 0.481603 0.732998 0.481304 0.732998 0.479809 0.733385 0.479509 0.733385 0.478014 0.733771 0.477715 0.733771 0.476219 0.734158 0.47592 0.734158 0.474424 0.734544 0.474125 0.734544 0.472629 0.73493 0.47233 0.73493 0.471134 0.734544 0.471134 0.734544 0.471732 0.734158 0.472031 0.733771 0.471732 0.731839 0.471732 0.731453 0.471433 0.729521 0.471433 0.729134 0.471134 0.727202 0.471134 0.726816 0.470835 0.724884 0.470835 0.724498 0.470535 0.722566 0.470535 0.722179 0.470236 0.720247 0.470236 0.719861 0.469937 0.717929 0.469937 0.717543 0.469638 0.715611 0.469638 0.715224 0.469339 0.713292 0.469339 0.712906 0.46904 0.710974 0.46904 0.710587 0.468741 0.710201 0.468741 0.709815 0.468442 0.709428 0.468442 0.709042 0.468142 0.709042 0.467843 0.708655 0.467544 0.708655 0.466946 0.708269 0.466647 0.706723 0.466647 0.706337 0.466348 0.706337 0.466048 0.705951 0.465749 0.706723 0.465151 0.706723 0.464553 0.706337 0.464254 0.706337 0.463955 0.704405 0.463955 0.704019 0.463655 0.702087 0.463655 0.7017 0.463356 0.699768 0.463356 0.699382 0.463057 0.69745 0.463057 0.697063 0.462758 0.695131 0.462758 0.694745 0.462459 0.693586 0.462459 0.693199 0.462758 0.693586 0.463057 0.693586 0.463655 0.692813 0.464254 0.692427 0.464254 0.69204 0.464553 0.691267 0.464553 0.690495 0.465151 0.690495 0.465749 0.690108 0.466048 0.689722 0.465749 0.68779 0.465749 0.687403 0.46545 0.685471 0.46545 0.685085 0.465151 0.683153 0.465151 0.682767 0.464852 0.680835 0.464852 0.680448 0.464553 0.678516 0.464553 0.67813 0.464254 0.676198 0.464254 0.675425 0.463655 0.675425 0.463356 0.675811 0.463057 0.675811 0.461561 0.675425 0.461561 0.675039 0.461262 0.675039 0.460066 0.674266 0.460066 0.673879 0.459767 0.671947 0.459767 0.671561 0.459468 0.669629 0.459468 0.669243 0.459168 0.667311 0.459168 0.666924 0.458869 0.664992 0.458869 0.664606 0.45857 0.662674 0.45857 0.662287 0.458271 0.660355 0.458271 0.659969 0.457972 0.658037 0.457972 0.657651 0.457673 0.655719 0.457673 0.655332 0.457374 0.6534 0.457374 0.653014 0.457074 0.651855 0.457074 0.651855 0.457673 0.651468 0.457972 0.651082 0.457673 0.651082 0.457074 0.650696 0.456775 0.648764 0.456775 0.648377 0.456476 0.646445 0.456476 0.646059 0.456177 0.644127 0.456177 0.64374 0.455878 0.641422 0.455878 0.641808 0.456177 0.64374 0.456177 0.644127 0.456476 0.64374 0.456775 0.641808 0.456775 0.641422 0.457074 0.641422 0.457374 0.641036 0.457673 0.640649 0.457673 0.640649 0.458869 0.641422 0.459468 0.641422 0.460365 0.641036 0.460664 0.640649 0.460365 0.640649 0.460066 0.638717 0.460066 0.638331 0.459767 0.636399 0.459767 0.636012 0.459468 0.63408 0.459468 0.633694 0.459168 0.631762 0.459168 0.631376 0.458869 0.629444 0.458869 0.629057 0.45857 0.627512 0.45857 0.626739 0.457972 0.624807 0.457972 0.62442 0.457673 0.622488 0.457673 0.622102 0.457374 0.620943 0.457374 0.620556 0.457673 0.62017 0.457673 0.619784 0.457374 0.617852 0.457374 0.617079 0.457972 0.617079 0.459468 0.616692 0.459767 0.616692 0.461262 0.616306 0.461561 0.616306 0.462758 0.616692 0.463057 0.61476 0.464553 0.614374 0.464254 0.612442 0.464254 0.612056 0.463955 0.610124 0.463955 0.609737 0.463655 0.608192 0.463655 0.607805 0.463356 0.607805 0.462758 0.608192 0.462459 0.607805 0.46216 0.607805 0.460963 0.608192 0.460664 0.607805 0.460365 0.607805 0.460066 0.608964 0.459168 0.61051 0.459168 0.610896 0.459468 0.612828 0.459468 0.613215 0.459767 0.613215 0.460365 0.613601 0.460664 0.613601 0.461262 0.613988 0.461262 0.614374 0.460963 0.614374 0.459468 0.61476 0.459168 0.61476 0.457673 0.615147 0.457374 0.615147 0.456177 0.61476 0.455878 0.615147 0.455579 0.615147 0.45528 0.61476 0.454981 0.61476 0.454382 0.614374 0.454083 0.61476 0.453784 0.613601 0.452887 0.613988 0.452587 0.613988 0.452288 0.613601 0.452288 0.613215 0.451989 0.611283 0.451989 0.610896 0.45169 0.608964 0.45169 0.608578 0.451391 0.606646 0.451391 0.60626 0.451092 0.604328 0.451092 0.603941 0.450793 0.602009 0.450793 0.601623 0.450494 0.599691 0.450494 0.599304 0.450194 0.597372 0.450194 0.596986 0.449895 0.595054 0.449895 0.594668 0.449596 0.592736 0.449596 0.592349 0.449297 0.590417 0.449297 0.590031 0.448998 0.588099 0.448998 0.587713 0.448699 0.585781 0.448699 0.585394 0.4484 0.583462 0.4484 0.583076 0.448101 0.581144 0.448101 0.580757 0.447801 0.578825 0.447801 0.578439 0.447502 0.576507 0.447502 0.576121 0.447203 0.574189 0.447203 0.573802 0.446904 0.57187 0.446904 0.571484 0.446605 0.569552 0.446605 0.569165 0.446306 0.567233 0.446306 0.566847 0.446007 0.564915 0.446007 0.564529 0.445707 0.562597 0.445707 0.56221 0.445408 0.560278 0.445408 0.559892 0.445109 0.55796 0.445109 0.557573 0.44481 0.555641 0.44481 0.555255 0.444511 0.553323 0.444511 0.552937 0.444212 0.551005 0.444212 0.550618 0.443913 0.548686 0.443913 0.5483 0.443614 0.546368 0.443614 0.545981 0.443314 0.544049 0.443314 0.543663 0.443015 0.541731 0.443015 0.541345 0.442716 0.539413 0.442716 0.539026 0.442417 0.537094 0.442417 0.536708 0.442118 0.534776 0.442118 0.534389 0.441819 0.532457 0.441819 0.532071 0.44152 0.530139 0.44152 0.529753 0.44122 0.527821 0.44122 0.527434 0.440921 0.525502 0.440921 0.525116 0.440622 0.523184 0.440622 0.522798 0.440323 0.520866 0.440323 0.520479 0.440024 0.518547 0.440024 0.518161 0.439725 0.516229 0.439725 0.515842 0.439426 0.51391 0.439426 0.513524 0.439127 0.511592 0.439127 0.511206 0.438827 0.509274 0.438827 0.508887 0.438528 0.506955 0.438528 0.506569 0.438229 0.504637 0.438229 0.50425 0.43793 0.501932 0.43793 0.501546 0.437631 0.499614 0.437631 0.499227 0.437332 0.497295 0.437332 0.496909 0.437033 0.494977 0.437033 0.49459 0.436733 0.493431 0.436733 0.493431 0.437033 0.493045 0.437332 0.493045 0.438827 0.492658 0.439127 0.492272 0.438827 0.49034 0.438827 0.489954 0.438528 0.488022 0.438528 0.487635 0.438229 0.485703 0.438229 0.485317 0.43793 0.483385 0.43793 0.482998 0.437631 0.481066 0.437631 0.48068 0.437332 0.478748 0.437332 0.478362 0.437033 0.47643 0.437033 0.476043 0.436733 0.474111 0.436733 0.473725 0.436434 0.471793 0.436434 0.471406 0.436135 0.469474 0.436135 0.469088 0.435836 0.467156 0.435836 0.46677 0.435537 0.464838 0.435537 0.464451 0.435238 0.462133 0.435238 0.461747 0.434939 0.459815 0.434939 0.459428 0.43464 0.457496 0.43464 0.45711 0.43434 0.455178 0.43434 0.454791 0.434041 0.452859 0.434041 0.452473 0.433742 0.450541 0.433742 0.450155 0.433443 0.448223 0.433443 0.447836 0.433144 0.445904 0.433144 0.445518 0.432845 0.443586 0.432845 0.443199 0.432546 0.441267 0.432546 0.440881 0.432246 0.438949 0.432246 0.438563 0.431947 0.436631 0.431947 0.436244 0.431648 0.434312 0.431648 0.433926 0.431349 0.431994 0.431349 0.431607 0.43105 0.429675 0.43105 0.429289 0.430751 0.427357 0.430751 0.426971 0.430452 0.425039 0.430452 0.424652 0.430153 0.424266 0.430153 0.423879 0.429853 0.42272 0.429853 0.422334 0.429554 0.420402 0.429554 0.420015 0.429255 0.418083 0.429255 0.417697 0.428956 0.415765 0.428956 0.415379 0.428657 0.413447 0.428657 0.41306 0.428358 0.411128 0.428358 0.410742 0.428059 0.40881 0.428059 0.408423 0.427759 0.406491 0.427759 0.406105 0.42746 0.404173 0.42746 0.403787 0.427161 0.401855 0.427161 0.401468 0.426862 0.399536 0.426862 0.39915 0.426563 0.397218 0.426563 0.396832 0.426264 0.3949 0.426264 0.394513 0.425965 0.392581 0.425965 0.392195 0.425666 0.390263 0.425666 0.389876 0.425366 0.387944 0.425366 0.387558 0.425067 0.385626 0.425067 0.38524 0.424768 0.383308 0.424768 0.382921 0.424469 0.380989 0.424469 0.380603 0.42417 0.378671 0.42417 0.378284 0.423871 0.376352 0.423871 0.375966 0.423572 0.375966 0.423273 0.374034 0.423273 0.373648 0.422973 0.371716 0.422973 0.371329 0.422674 0.370943 0.422973 0.369397 0.422973 0.369011 0.422674 0.367079 0.422674 0.366692 0.422375 0.36476 0.422375 0.364374 0.422076 0.362442 0.422076 0.362056 0.421777 0.360124 0.421777 0.359737 0.421478 0.357805 0.421478 0.357419 0.421179 0.355487 0.421179 0.3551 0.420879 0.353168 0.420879 0.352782 0.42058 0.35085 0.42058 0.350464 0.420281 0.348532 0.420281 0.348145 0.419982 0.346213 0.419982 0.345827 0.419683 0.343895 0.419683 0.343509 0.419384 0.34119 0.419384 0.340804 0.419085 0.338872 0.419085 0.338485 0.418786 0.336553 0.418786 0.336167 0.418486 0.334235 0.418486 0.333849 0.418187 0.331917 0.418187 0.33153 0.417888 0.329598 0.417888 0.329212 0.417589 0.32728 0.417589 0.326893 0.41729
0 0.292117 0.413102 0.291731 0.413401 0.291731 0.4137 0.292117 0.4137 0.292504 0.413999 0.292504 0.413401
