0 0.131545 0.812357 0.131545 0.812684 0.133276 0.813992 0.133276 0.814318 0.134141 0.814972 0.134574 0.814645
0 0.073129 0.76136 0.072263 0.762014 0.072696 0.762341 0.073129 0.762341 0.073561 0.762014 0.073561 0.76136
0 0.068801 0.758418 0.068369 0.758745 0.068369 0.759072 0.069234 0.759725 0.0701 0.759072 0.069234 0.758418
0 0.104284 0.677019 0.104284 0.677346 0.104717 0.677672 0.104717 0.677346
0 0.105582 0.676038 0.105149 0.676365 0.105582 0.676692 0.106015 0.676692 0.106015 0.676365
0 0.122458 0.667538 0.121592 0.668192 0.12116 0.667865 0.119862 0.668846 0.120294 0.669173 0.119862 0.6695 0.119862 0.669827 0.120294 0.670154 0.120294 0.670807 0.120727 0.671134 0.120727 0.671461 0.122025 0.672442 0.123323 0.672442 0.125054 0.671134 0.124621 0.670807 0.124621 0.670154 0.124189 0.669827 0.124189 0.6695 0.124621 0.669173
0 0.113804 0.662308 0.113371 0.662635 0.113371 0.663289 0.114236 0.663289 0.114669 0.662962
0 0.891389 0.639425 0.890956 0.639752 0.890956 0.640078 0.891389 0.640405 0.891822 0.640078 0.891822 0.639425
0 0.861099 0.616868 0.860666 0.617195 0.860666 0.617522 0.861099 0.617849 0.861965 0.617195 0.861532 0.616868
0 0.860666 0.611965 0.859801 0.612619 0.859801 0.612945 0.860234 0.613272 0.861099 0.612619 0.861099 0.612292
0 0.721333 0.49526 0.7209 0.495587 0.721765 0.496241 0.721765 0.49526
0 0.718304 0.492645 0.717871 0.492972 0.717871 0.493298 0.718304 0.493625 0.718736 0.493298 0.718736 0.492972
0 0.708784 0.485126 0.708351 0.485453 0.708351 0.48578 0.708784 0.485453
0 0.63003 0.423014 0.629598 0.423341 0.630896 0.424322 0.631328 0.423995 0.631328 0.423668 0.630463 0.423014
0 0.554738 0.372344 0.554738 0.372671 0.555171 0.372998 0.555604 0.372671 0.555171 0.372344
0 0.561662 0.369075 0.561662 0.369402 0.562094 0.369729 0.561662 0.370056 0.561229 0.370056 0.559065 0.37169 0.558633 0.37169 0.549546 0.378555 0.549113 0.378555 0.54868 0.378882 0.548248 0.378555 0.548248 0.378228 0.547815 0.377901 0.550844 0.375613 0.551277 0.37594 0.551709 0.37594 0.552142 0.375613 0.551277 0.374959 0.54868 0.376921 0.548248 0.376921 0.547382 0.377574 0.547815 0.377901 0.547815 0.378228 0.546084 0.379536 0.546084 0.379863 0.545219 0.380517 0.545219 0.380843 0.546084 0.381497 0.546517 0.38117 0.546949 0.38117 0.553007 0.385747 0.553007 0.386074 0.562094 0.392939 0.562094 0.393266 0.570749 0.399804 0.570749 0.400131 0.579403 0.406669 0.579403 0.406996 0.58849 0.413861 0.58849 0.414188 0.597144 0.420726 0.597144 0.421053 0.602769 0.425302 0.602337 0.425629 0.602337 0.425956 0.603202 0.42661 0.603202 0.427264 0.602769 0.427591 0.601904 0.426937 0.601471 0.427264 0.604933 0.429879 0.604933 0.430206 0.601039 0.433148 0.600606 0.433148 0.591519 0.440013 0.591086 0.440013 0.582432 0.446551 0.581999 0.446551 0.572912 0.453416 0.572479 0.453416 0.563825 0.459954 0.563392 0.459954 0.554305 0.466819 0.553873 0.466819 0.545219 0.473357 0.544786 0.473357 0.535699 0.480222 0.535266 0.480222 0.526612 0.48676 0.526179 0.48676 0.522285 0.489703 0.514496 0.483818 0.514496 0.483491 0.508871 0.479242 0.508438 0.479242 0.508005 0.478915 0.507572 0.479242 0.50714 0.478915 0.501514 0.483164 0.501082 0.483164 0.492428 0.489703 0.491995 0.489703 0.483341 0.496241 0.482908 0.496241 0.478148 0.499837 0.477715 0.499837 0.477283 0.500163 0.47685 0.500163 0.475552 0.501144 0.475119 0.501144 0.474254 0.501798 0.473388 0.501798 0.47209 0.502779 0.471657 0.502779 0.470359 0.503759 0.469926 0.503432 0.469061 0.504086 0.468628 0.504086 0.46733 0.505067 0.466897 0.505067 0.466465 0.505394 0.466032 0.505394 0.465167 0.506048 0.464301 0.506048 0.46257 0.507355 0.462138 0.507355 0.461705 0.507682 0.461272 0.507682 0.460839 0.507355 0.459974 0.507355 0.459541 0.507028 0.458676 0.507028 0.458243 0.506702 0.45781 0.506702 0.456945 0.507355 0.456512 0.507355 0.455647 0.508009 0.455214 0.507682 0.453483 0.50899 0.453051 0.50899 0.451752 0.509971 0.45132 0.509971 0.450454 0.510624 0.449156 0.509644 0.448723 0.509644 0.443531 0.505721 0.443098 0.505721 0.442666 0.505394 0.442233 0.505394 0.441367 0.506048 0.441367 0.506375 0.4418 0.506702 0.4418 0.507028 0.442233 0.507355 0.442233 0.507682 0.442666 0.508009 0.442666 0.508336 0.443964 0.509317 0.444396 0.509317 0.447858 0.511932 0.447858 0.512259 0.447425 0.512586 0.447425 0.512913 0.442666 0.516509 0.442233 0.516509 0.440502 0.517816 0.434444 0.51324 0.434011 0.51324 0.433579 0.512913 0.433146 0.512913 0.432713 0.512586 0.431848 0.51324 0.431848 0.514547 0.434011 0.516182 0.434011 0.516509 0.434877 0.517162 0.434877 0.517489 0.437906 0.519778 0.435309 0.521739 0.43228 0.519451 0.43228 0.518797 0.430117 0.517162 0.429251 0.517162 0.428819 0.516836 0.428819 0.516509 0.428386 0.516182 0.427953 0.516509 0.427521 0.516509 0.426655 0.517162 0.426655 0.517816 0.427088 0.518143 0.426655 0.51847 0.427953 0.519451 0.428386 0.519451 0.43228 0.522393 0.43228 0.52272 0.432713 0.523047 0.432713 0.523374 0.430117 0.525335 0.427088 0.523047 0.427088 0.52272 0.424492 0.520758 0.423626 0.520758 0.423193 0.520432 0.423193 0.520105 0.422761 0.519778 0.421895 0.520432 0.422328 0.520758 0.422328 0.521085 0.423193 0.521739 0.422761 0.522066 0.423626 0.52272 0.423626 0.523047 0.426655 0.525335 0.426655 0.525662 0.427088 0.525989 0.427088 0.526643 0.427521 0.52697 0.427521 0.527297 0.427088 0.527623 0.427088 0.52795 0.42579 0.528931 0.425357 0.528931 0.424492 0.528277 0.423626 0.528277 0.421463 0.526643 0.421463 0.526316 0.42103 0.525989 0.42103 0.525662 0.418866 0.524027 0.418434 0.524027 0.417568 0.523374 0.417135 0.523374 0.41627 0.524027 0.416703 0.524354 0.416703 0.524681 0.417135 0.525008 0.417135 0.525662 0.421463 0.528931 0.421463 0.529585 0.422328 0.530239 0.422328 0.530566 0.421895 0.530892 0.421895 0.531219 0.42103 0.531873 0.420597 0.531873 0.420164 0.5322 0.419299 0.5322 0.417568 0.530892 0.417568 0.530566 0.414972 0.528604 0.414972 0.528277 0.413674 0.527297 0.411943 0.527297 0.41151 0.52697 0.410645 0.527623 0.410645 0.52795 0.414539 0.530892 0.414539 0.531219 0.416703 0.532854 0.416703 0.533181 0.417135 0.533508 0.416703 0.533835 0.416703 0.534488 0.412808 0.537431 0.412808 0.537757 0.412376 0.538084 0.412376 0.538738 0.413241 0.539392 0.412808 0.539719 0.414972 0.541353 0.414972 0.54168 0.415405 0.542007 0.415405 0.542661 0.415837 0.542988 0.415837 0.543315 0.415405 0.543642 0.415405 0.543969 0.414972 0.544296 0.415405 0.544622 0.412376 0.546911 0.411943 0.546911 0.403289 0.553449 0.402856 0.553449 0.393769 0.560314 0.392904 0.560314 0.392038 0.55966 0.391173 0.560314 0.390307 0.560314 0.389875 0.559987 0.389442 0.559987 0.388576 0.559333 0.388144 0.559333 0.387711 0.559006 0.387711 0.558679 0.388576 0.558025 0.389442 0.558025 0.389875 0.557699 0.386413 0.555083 0.385547 0.555083 0.376893 0.561621 0.37646 0.561621 0.376028 0.561948 0.376028 0.562275 0.376893 0.562929 0.37646 0.563256 0.376028 0.563256 0.372133 0.560314 0.370835 0.560314 0.36997 0.560968 0.369537 0.560968 0.369104 0.561295 0.368672 0.561295 0.368239 0.560968 0.367806 0.561295 0.366508 0.560314 0.366508 0.55966 0.366941 0.559333 0.367373 0.559333 0.367806 0.559006 0.368239 0.559333 0.368672 0.559006 0.369104 0.559006 0.369537 0.559333 0.36997 0.559006 0.370402 0.559006 0.370835 0.559333 0.371268 0.559333 0.371701 0.559006 0.369104 0.557045 0.368672 0.557045 0.368239 0.556718 0.367806 0.557045 0.367373 0.557045 0.366941 0.557372 0.366508 0.557372 0.366075 0.557699 0.365643 0.557699 0.363046 0.55966 0.361748 0.558679 0.361315 0.558679 0.356988 0.561948 0.356556 0.561621 0.353959 0.563583 0.353959 0.56391 0.350498 0.566525 0.350065 0.566198 0.349632 0.566525 0.349632 0.567179 0.347469 0.568813 0.347036 0.568813 0.341411 0.573063 0.340545 0.573063 0.340113 0.57339 0.33968 0.57339 0.339247 0.573717 0.339247 0.574044 0.337084 0.575678 0.336651 0.575678 0.335785 0.576332 0.335353 0.576332 0.334487 0.576986 0.334055 0.576659 0.333622 0.576986 0.333189 0.576986 0.331026 0.57862 0.330593 0.57862 0.327997 0.580582 0.327564 0.580582 0.326698 0.581236 0.327131 0.581563 0.325833 0.582543 0.3254 0.582216 0.324535 0.58287 0.324102 0.582543 0.323669 0.582543 0.322804 0.583197 0.321939 0.582543 0.321506 0.58287 0.322371 0.583524 0.321939 0.583851 0.321506 0.583851 0.321073 0.583524 0.321073 0.583851 0.321506 0.584178 0.321073 0.584505 0.32064 0.584505 0.320208 0.584178 0.319775 0.584178 0.319342 0.584505 0.31891 0.584505 0.318477 0.584178 0.317179 0.585159 0.316746 0.584832 0.315448 0.585812 0.315448 0.586139 0.313717 0.587447 0.313717 0.587774 0.313284 0.588101 0.312852 0.588101 0.312419 0.588428 0.312852 0.588754 0.311553 0.589735 0.310688 0.589735 0.310255 0.590062 0.309823 0.590062 0.30939 0.589735 0.30939 0.589408 0.308524 0.588754 0.308092 0.588754 0.307226 0.589408 0.306794 0.589081 0.306361 0.589081 0.305928 0.589408 0.306361 0.589735 0.306361 0.590062 0.305495 0.590716 0.305928 0.591043 0.306361 0.591043 0.306794 0.590716 0.307659 0.59137 0.307226 0.591697 0.307226 0.59235 0.306361 0.593004 0.306361 0.593331 0.305495 0.593985 0.305495 0.594312 0.305063 0.594639 0.305063 0.594966 0.30463 0.595293 0.30463 0.595619 0.310255 0.599869 0.310255 0.600196 0.312419 0.601831 0.312852 0.601831 0.313284 0.601504 0.312852 0.601177 0.312852 0.60085 0.312419 0.600523 0.312419 0.598889 0.312852 0.598562 0.312852 0.598235 0.313284 0.597908 0.313284 0.597581 0.312852 0.597254 0.313717 0.5966 0.315448 0.597908 0.315015 0.598235 0.315881 0.598889 0.315881 0.599215 0.315015 0.599869 0.314582 0.599869 0.31415 0.600196 0.314582 0.600523 0.31415 0.60085 0.31415 0.601831 0.319342 0.605754 0.318477 0.606407 0.318044 0.606407 0.313284 0.610003 0.313284 0.61033 0.312852 0.610657 0.313284 0.610984 0.312852 0.611311 0.312852 0.611965 0.313284 0.612292 0.312852 0.612619 0.312852 0.612945 0.313284 0.613272 0.313284 0.613599 0.312852 0.613926 0.312852 0.614253 0.310255 0.616214 0.309823 0.615888 0.309823 0.615234 0.310255 0.614907 0.310255 0.61458 0.311553 0.613599 0.311553 0.611965 0.311986 0.611638 0.311121 0.610984 0.30939 0.612292 0.30939 0.612619 0.310255 0.613272 0.310255 0.613599 0.307659 0.615561 0.307226 0.615561 0.298572 0.622099 0.298139 0.622099 0.289052 0.628964 0.28862 0.628964 0.279965 0.635502 0.279533 0.635502 0.270446 0.642367 0.270013 0.642367 0.265686 0.645636 0.266119 0.645963 0.266551 0.645963 0.269148 0.644001 0.26958 0.644001 0.278667 0.637136 0.2791 0.637136 0.282994 0.634194 0.283427 0.634194 0.284293 0.63354 0.284725 0.63354 0.285158 0.633213 0.285591 0.633213 0.286023 0.63354 0.283427 0.635502 0.282994 0.635502 0.280831 0.637136 0.280398 0.637136 0.271311 0.644001 0.270878 0.644001 0.262224 0.650539 0.261791 0.650539 0.252704 0.657404 0.252272 0.657404 0.251839 0.657731 0.251406 0.657404 0.251406 0.657077 0.254868 0.654462 0.254435 0.654135 0.254003 0.654135 0.251839 0.65577 0.251406 0.65577 0.242752 0.662308 0.242319 0.662308 0.233232 0.669173 0.2328 0.669173 0.224145 0.675711 0.223713 0.675711 0.215058 0.682249 0.214626 0.682249 0.205539 0.689114 0.205106 0.689114 0.196452 0.695652 0.196019 0.695652 0.189528 0.700556 0.189528 0.700883 0.190394 0.701536 0.189961 0.701863 0.189528 0.701863 0.185634 0.704805 0.185201 0.704805 0.179576 0.709055 0.178711 0.708401 0.179143 0.708075 0.179143 0.707748 0.178278 0.707094 0.177845 0.707094 0.177412 0.707421 0.174816 0.705459 0.174816 0.705132 0.165729 0.698267 0.165729 0.697941 0.157075 0.691402 0.157075 0.691076 0.148421 0.684537 0.147988 0.684537 0.147555 0.684211 0.147122 0.684211 0.14669 0.683884 0.145392 0.683884 0.144526 0.68323 0.144093 0.68323 0.142795 0.682249 0.142363 0.682576 0.141497 0.682576 0.141064 0.682249 0.140632 0.682576 0.139766 0.682576 0.139334 0.682249 0.138901 0.682249 0.138035 0.682903 0.137603 0.682576 0.136737 0.682576 0.136305 0.682903 0.135872 0.682576 0.135439 0.682576 0.135006 0.682249 0.134574 0.682249 0.134141 0.682576 0.133708 0.682576 0.133276 0.682903 0.132843 0.682576 0.13241 0.682576 0.131977 0.682903 0.131545 0.682903 0.131112 0.682576 0.130247 0.682576 0.129814 0.682903 0.128949 0.682249 0.128516 0.682576 0.128083 0.682576 0.12765 0.682249 0.127218 0.682249 0.126785 0.681922 0.126352 0.681922 0.12592 0.681595 0.125487 0.681595 0.125054 0.681922 0.124189 0.681268 0.123323 0.681922 0.122891 0.681595 0.122458 0.681922 0.122025 0.681922 0.121592 0.681595 0.12116 0.681595 0.120727 0.681268 0.119862 0.681268 0.119429 0.680941 0.118563 0.681595 0.117265 0.680615 0.116833 0.680615 0.115534 0.681595 0.115102 0.681595 0.114669 0.681268 0.112938 0.681268 0.112505 0.680941 0.112073 0.681268 0.111207 0.680615 0.110775 0.680941 0.110342 0.680615 0.109909 0.680941 0.109476 0.680941 0.109044 0.680615 0.108611 0.680941 0.107746 0.680941 0.107313 0.681268 0.10688 0.681268 0.106015 0.680615 0.105582 0.680615 0.105149 0.680288 0.104717 0.680288 0.102986 0.681595 0.102553 0.681268 0.100822 0.681268 0.098659 0.679634 0.099091 0.679307 0.099524 0.679307 0.099524 0.67898 0.099957 0.678653 0.100389 0.67898 0.100822 0.67898 0.101255 0.678653 0.100822 0.678326 0.100389 0.678326 0.099957 0.678653 0.099524 0.678653 0.099091 0.678326 0.099091 0.677999 0.099524 0.677672 0.099524 0.677346 0.099091 0.677019 0.099091 0.676692 0.099524 0.676365 0.099524 0.676038 0.099091 0.675711 0.099524 0.675384 0.099957 0.675384 0.104717 0.671788 0.105149 0.672115 0.105582 0.672115 0.106015 0.671788 0.105582 0.671461 0.105582 0.671134 0.107313 0.669827 0.107313 0.6695 0.107746 0.669173 0.108178 0.669173 0.108178 0.668846 0.108611 0.668519 0.109044 0.668519 0.109476 0.668192 0.108611 0.667538 0.109476 0.666885 0.108611 0.666231 0.105582 0.668519 0.105149 0.668519 0.096495 0.675057 0.096062 0.675057 0.086975 0.681922 0.086543 0.681922 0.077888 0.68846 0.077456 0.68846 0.068369 0.695325 0.067936 0.695325 0.059282 0.701863 0.058849 0.701863 0.049762 0.708728 0.049329 0.708728 0.040675 0.715266 0.040242 0.715266 0.031588 0.721805 0.031155 0.721805 0.027694 0.72442 0.028126 0.724747 0.029424 0.723766 0.032886 0.726381 0.032886 0.726708 0.04154 0.733246 0.04154 0.733573 0.050627 0.740438 0.050627 0.740765 0.052358 0.742073 0.052358 0.742726 0.051926 0.743053 0.052358 0.74338 0.051493 0.744034 0.051926 0.744361 0.051493 0.744688 0.051926 0.745015 0.051926 0.745342 0.053224 0.746322 0.053224 0.746649 0.052791 0.746976 0.052358 0.746976 0.05106 0.747957 0.05106 0.748284 0.050627 0.748611 0.053656 0.750899 0.053656 0.751226 0.062743 0.758091 0.062743 0.758418 0.063176 0.758091 0.063176 0.757764 0.064474 0.756783 0.066205 0.756783 0.066638 0.75711 0.067071 0.75711 0.067503 0.757437 0.067936 0.75711 0.068369 0.75711 0.068801 0.757437 0.0701 0.756456 0.07183 0.757764 0.07183 0.758418 0.077888 0.762994 0.077888 0.763321 0.083081 0.767244 0.083081 0.767571 0.080485 0.769533 0.08135 0.770186 0.079619 0.771494 0.080485 0.772148 0.080485 0.772475 0.089139 0.779013 0.089139 0.77934 0.098226 0.786205 0.098226 0.786532 0.10688 0.79307 0.10688 0.793397 0.110342 0.796012 0.111207 0.796012 0.105582 0.791762 0.106015 0.791435 0.106447 0.791435 0.109476 0.793723 0.109909 0.793723 0.11164 0.795031 0.112505 0.795031 0.112938 0.794704 0.113371 0.794704 0.115102 0.793397 0.115102 0.79307 0.114669 0.792743 0.114669 0.792416 0.115967 0.791435 0.1164 0.791762 0.1164 0.792416 0.118563 0.79405 0.118563 0.794377 0.12116 0.796339 0.12116 0.796666 0.130247 0.803531 0.130247 0.803857 0.135872 0.808107 0.136305 0.808107 0.13717 0.808761 0.137603 0.808434 0.138035 0.808761 0.138468 0.808761 0.143661 0.804838 0.144093 0.804838 0.144526 0.804511 0.144526 0.803857 0.145392 0.803204 0.147988 0.803204 0.154479 0.808107 0.154479 0.808434 0.151017 0.811049 0.151017 0.811376 0.150151 0.81203 0.148853 0.81203 0.144959 0.809088 0.144959 0.808107 0.145824 0.807453 0.145824 0.8068 0.145392 0.806473 0.144526 0.807127 0.144093 0.807127 0.141064 0.809415 0.141064 0.809742 0.139334 0.811049 0.139334 0.811703 0.138468 0.812357 0.138468 0.812684 0.137603 0.813338 0.137603 0.813665 0.13717 0.813992 0.137603 0.814318 0.13717 0.814645 0.13717 0.815953 0.136737 0.81628 0.136305 0.815953 0.135872 0.815953 0.135872 0.81628 0.142363 0.821183 0.142363 0.82151 0.151017 0.828048 0.151017 0.828375 0.160104 0.83524 0.160104 0.835567 0.168758 0.842105 0.168758 0.842432 0.177845 0.849297 0.177845 0.849624 0.186499 0.856162 0.186499 0.856489 0.195586 0.863354 0.195586 0.863681 0.204241 0.870219 0.204241 0.870546 0.213328 0.877411 0.213328 0.877738 0.221982 0.884276 0.221982 0.884603 0.230636 0.891141 0.230636 0.891468 0.239723 0.898333 0.239723 0.89866 0.247512 0.904544 0.250541 0.902256 0.252704 0.90389 0.252704 0.904217 0.261791 0.911082 0.261791 0.911409 0.262224 0.911736 0.262224 0.912063 0.266551 0.915332 0.266551 0.915659 0.275638 0.922524 0.275638 0.922851 0.284293 0.929389 0.284293 0.929716 0.293379 0.936581 0.293379 0.936907 0.302034 0.943446 0.302034 0.943772 0.310688 0.950311 0.310688 0.950637 0.313717 0.952926 0.313717 0.953253 0.316313 0.955214 0.316313 0.955541 0.324968 0.962079 0.324968 0.962406 0.334055 0.969271 0.334055 0.969598 0.342276 0.975809 0.342276 0.976136 0.351363 0.983001 0.351363 0.983328 0.357854 0.988231 0.357854 0.988885 0.361748 0.991827 0.362181 0.991827 0.368672 0.996731 0.368672 0.997058 0.372133 0.999673 0.513198 0.999673 0.521419 0.993462 0.521852 0.993462 0.530939 0.986597 0.531372 0.986597 0.540026 0.980059 0.540459 0.980059 0.549546 0.973194 0.549978 0.973194 0.558633 0.966656 0.559065 0.966656 0.568152 0.959791 0.568585 0.959791 0.577239 0.953253 0.577672 0.953253 0.586326 0.946715 0.586759 0.946715 0.595846 0.93985 0.596279 0.93985 0.59974 0.937234 0.600173 0.937234 0.600606 0.937561 0.601039 0.937561 0.603635 0.9356 0.604068 0.9356 0.613154 0.928735 0.613587 0.928735 0.622241 0.922197 0.622674 0.922197 0.631761 0.915332 0.632194 0.915332 0.640848 0.908794 0.641281 0.908794 0.650368 0.901929 0.650801 0.901929 0.659455 0.895391 0.659887 0.895391 0.668542 0.888853 0.668974 0.888853 0.678061 0.881988 0.678494 0.881988 0.687148 0.875449 0.687581 0.875449 0.696668 0.868585 0.697101 0.868585 0.705755 0.862046 0.706188 0.862046 0.715275 0.855181 0.715707 0.855181 0.724362 0.848643 0.724794 0.848643 0.733881 0.841778 0.734314 0.841778 0.742968 0.83524 0.743401 0.83524 0.752488 0.828375 0.752921 0.828375 0.761575 0.821837 0.762008 0.821837 0.771095 0.814972 0.771527 0.814972 0.780182 0.808434 0.780614 0.808434 0.789269 0.801896 0.789701 0.801896 0.798788 0.795031 0.799221 0.795031 0.800519 0.79405 0.800519 0.793723 0.796625 0.790781 0.796625 0.790454 0.793596 0.788166 0.793596 0.786858 0.794029 0.786532 0.793596 0.786205 0.795759 0.78457 0.796192 0.78457 0.805279 0.777705 0.805712 0.777705 0.813501 0.771821 0.814366 0.771821 0.819991 0.767571 0.820424 0.767571 0.829511 0.760706 0.829944 0.760706 0.831242 0.759725 0.830809 0.759398 0.830809 0.759072 0.83254 0.757764 0.833405 0.757764 0.84206 0.751226 0.842492 0.751226 0.849849 0.745669 0.850714 0.745669 0.857205 0.740765 0.857637 0.740765 0.866724 0.7339 0.867157 0.7339 0.875811 0.727362 0.876244 0.727362 0.881437 0.723439 0.881869 0.723766 0.890956 0.716901 0.891389 0.716901 0.900043 0.710363 0.900476 0.710363 0.906534 0.705786 0.907399 0.705786 0.912159 0.70219 0.91389 0.70219 0.918217 0.705459 0.91865 0.705459 0.919515 0.706113 0.919948 0.706113 0.922544 0.704152 0.92341 0.704152 0.9299 0.699248 0.930333 0.699248 0.93942 0.692383 0.939853 0.692383 0.940718 0.691729 0.940286 0.691402 0.942882 0.689441 0.943315 0.689441 0.942882 0.689114 0.943315 0.688787 0.943315 0.68846 0.943747 0.688133 0.943747 0.687153 0.94418 0.686826 0.94418 0.686172 0.943747 0.685845 0.94418 0.685518 0.94418 0.684864 0.943315 0.684211 0.943747 0.683884 0.943747 0.68323 0.943315 0.682903 0.942882 0.682903 0.942449 0.682576 0.943747 0.681595 0.943747 0.679961 0.94418 0.679634 0.94418 0.679307 0.943747 0.67898 0.94418 0.678653 0.94418 0.678326 0.943747 0.677999 0.94418 0.677672 0.94418 0.675711 0.943747 0.675384 0.943747 0.674076 0.943315 0.67375 0.943315 0.673423 0.942882 0.673096 0.942882 0.672769 0.933795 0.665904 0.933795 0.665577 0.933362 0.66525 0.932929 0.665577 0.932497 0.66525 0.925141 0.670807 0.924708 0.670807 0.924275 0.671134 0.923842 0.671134 0.919515 0.674403 0.919083 0.674403 0.918217 0.675057 0.917352 0.675057 0.916919 0.67473 0.916486 0.67473 0.910861 0.670481 0.910861 0.670154 0.901774 0.663289 0.901774 0.662962 0.89312 0.656424 0.89312 0.656097 0.884033 0.649232 0.884033 0.648905 0.875811 0.642694 0.875811 0.642367 0.874946 0.641713 0.874946 0.641386 0.871051 0.638444 0.871051 0.638117 0.861965 0.631252 0.861965 0.630925 0.853743 0.624714 0.85331 0.624714 0.849416 0.621772 0.849416 0.621445 0.840329 0.61458 0.840762 0.614253 0.840329 0.613926 0.840329 0.613599 0.839896 0.613272 0.840329 0.612945 0.840329 0.612619 0.842925 0.610657 0.842925 0.61033 0.84855 0.60608 0.848983 0.60608 0.849849 0.605427 0.850281 0.605427 0.854608 0.602158 0.855041 0.602158 0.858503 0.599542 0.858503 0.599215 0.858936 0.598889 0.855907 0.5966 0.855907 0.596273 0.84682 0.589408 0.84682 0.589081 0.838165 0.582543 0.838165 0.582216 0.829078 0.575351 0.829078 0.575025 0.82778 0.574044 0.827347 0.574044 0.826482 0.574698 0.826049 0.574371 0.825184 0.575025 0.824318 0.574371 0.823886 0.574371 0.821289 0.572409 0.820857 0.572409 0.815232 0.56816 0.815232 0.567833 0.806145 0.560968 0.806145 0.560641 0.800952 0.556718 0.800952 0.556064 0.798356 0.554103 0.797923 0.554103 0.796192 0.552795 0.795327 0.552795 0.794461 0.553449 0.794029 0.553122 0.793596 0.553122 0.793163 0.553449 0.791432 0.552141 0.791432 0.551814 0.782345 0.544949 0.782345 0.544622 0.778884 0.542007 0.778451 0.542007 0.769797 0.535469 0.769797 0.535142 0.76071 0.528277 0.76071 0.52795 0.752055 0.521412 0.752055 0.521085 0.742968 0.51422 0.742968 0.513893 0.734314 0.507355 0.734314 0.507028 0.725227 0.500163 0.725227 0.499837 0.716573 0.493298 0.716573 0.492972 0.714842 0.491664 0.715707 0.49101 0.715707 0.490683 0.714842 0.490683 0.714842 0.49101 0.714409 0.491337 0.712678 0.490029 0.713977 0.489049 0.713111 0.489049 0.712246 0.489703 0.707486 0.486107 0.707486 0.48578 0.698832 0.479242 0.698832 0.478915 0.696668 0.47728 0.697101 0.476953 0.697534 0.476953 0.697966 0.476626 0.697534 0.476299 0.697101 0.476299 0.696235 0.476953 0.689745 0.47205 0.689745 0.471723 0.690177 0.471396 0.69061 0.471723 0.691043 0.471396 0.691043 0.471069 0.69061 0.470742 0.690177 0.470742 0.689312 0.471396 0.686716 0.469434 0.687581 0.468781 0.687581 0.468127 0.687148 0.468127 0.686716 0.468454 0.686716 0.468781 0.686283 0.469108 0.68109 0.465185 0.68109 0.464858 0.680225 0.464204 0.68109 0.46355 0.68109 0.463223 0.679792 0.462243 0.678927 0.462243 0.678927 0.462569 0.678494 0.462896 0.677196 0.461916 0.677629 0.461589 0.678061 0.461589 0.678494 0.461262 0.678494 0.460935 0.675898 0.458974 0.675465 0.4593 0.675465 0.459627 0.677196 0.460935 0.677196 0.461262 0.676763 0.461589 0.672436 0.45832 0.672436 0.457993 0.663349 0.451128 0.663349 0.450801 0.654695 0.444263 0.654695 0.443936 0.645608 0.437071 0.645608 0.436744 0.636954 0.430206 0.636954 0.429879 0.627867 0.423014 0.627867 0.422687 0.624405 0.420072 0.624405 0.419745 0.623107 0.418764 0.623107 0.418437 0.614453 0.411899 0.614453 0.411572 0.613587 0.410919 0.613587 0.410592 0.61402 0.410265 0.61402 0.409938 0.613587 0.409938 0.613154 0.410265 0.612722 0.410265 0.606231 0.405361 0.606231 0.405034 0.607096 0.404381 0.606664 0.404054 0.606231 0.404054 0.605798 0.404381 0.605366 0.404381 0.602769 0.402419 0.602769 0.402092 0.603202 0.401765 0.603202 0.401438 0.602337 0.400785 0.601904 0.400785 0.601471 0.401111 0.601039 0.401111 0.596711 0.397842 0.596711 0.397516 0.594548 0.395881 0.594981 0.395554 0.594981 0.3949 0.594548 0.3949 0.594115 0.395227 0.593682 0.395227 0.592384 0.394246 0.59325 0.393593 0.592817 0.393266 0.591952 0.39392 0.587624 0.390651 0.587624 0.390324 0.57897 0.383786 0.57897 0.383459 0.569883 0.376594 0.569883 0.376267 0.561662 0.370056 0.562094 0.369729 0.562527 0.369729 0.562527 0.369075
0 0.560796 0.368094 0.558633 0.369729 0.558633 0.370056 0.559498 0.369402 0.559931 0.369729 0.560796 0.369075 0.560796 0.368748 0.561229 0.368421 0.561229 0.368094
