0 0.211983 0.703221 0.211983 0.703604 0.212397 0.703221
0 0.218595 0.701304 0.218182 0.701687 0.218595 0.702071 0.219008 0.702071 0.219008 0.701304
0 0.496281 0.560199 0.496281 0.560583 0.496694 0.560583 0.496694 0.560199
0 0.488843 0.543328 0.48843 0.543712 0.488843 0.544095
0 0.488843 0.541028 0.488843 0.541411 0.489256 0.541411 0.489669 0.541028
0 0.134711 0.532209 0.134711 0.532975 0.135124 0.533359 0.135124 0.534126 0.135537 0.534126 0.135537 0.533359 0.135124 0.532975 0.135124 0.532592
0 0.120661 0.496933 0.120661 0.497316 0.121074 0.497316 0.121074 0.496933
0 0.120248 0.494632 0.119835 0.495015 0.119835 0.495399 0.120248 0.495015
0 0.152893 0.457439 0.152893 0.457822 0.153306 0.457822 0.153306 0.457439
0 0.161983 0.455138 0.161157 0.455905 0.161157 0.456288 0.16157 0.456672 0.161157 0.457055 0.161157 0.457439 0.161983 0.458206 0.162397 0.458206 0.16281 0.457822 0.163223 0.457822 0.163223 0.456288 0.16281 0.455905 0.16281 0.455521 0.162397 0.455521
0 0.159917 0.451304 0.160331 0.451687 0.160744 0.451687 0.160331 0.451304
0 0.412397 0.367715 0.411983 0.368098 0.412397 0.368098
0 0.415702 0.366564 0.415289 0.366948 0.414463 0.366948 0.414463 0.367331 0.415289 0.367331 0.415702 0.367715 0.415289 0.368098 0.414876 0.368098 0.414463 0.368482 0.413636 0.368482 0.413223 0.368865 0.41281 0.368865 0.412397 0.369248 0.41157 0.369248 0.411157 0.369632 0.410744 0.369632 0.410331 0.369248 0.410331 0.368865 0.409504 0.368865 0.409091 0.369248 0.408264 0.369248 0.407025 0.370399 0.407025 0.370782 0.406612 0.371166 0.407025 0.371549 0.407025 0.371933 0.407438 0.372316 0.407438 0.373083 0.407851 0.373466 0.407851 0.37385 0.408264 0.374233 0.408264 0.374617 0.408678 0.375 0.408678 0.375767 0.409091 0.37615 0.409091 0.376534 0.409504 0.376917 0.409504 0.377684 0.409917 0.378067 0.409917 0.378451 0.410331 0.378834 0.410331 0.379601 0.410744 0.379985 0.410744 0.380368 0.411157 0.380752 0.411157 0.381518 0.41157 0.381902 0.41157 0.382285 0.411983 0.382669 0.411983 0.383052 0.412397 0.383436 0.412397 0.384202 0.41281 0.384586 0.41281 0.384969 0.413223 0.385353 0.413223 0.38612 0.413636 0.386503 0.413636 0.386887 0.41405 0.38727 0.41405 0.388037 0.414463 0.38842 0.414463 0.388804 0.414876 0.389187 0.414876 0.389954 0.415289 0.390337 0.415289 0.390721 0.415702 0.391104 0.415702 0.391871 0.416116 0.392255 0.416116 0.392638 0.416529 0.393021 0.416529 0.393405 0.416942 0.393788 0.416942 0.394555 0.417355 0.394939 0.417355 0.395322 0.417769 0.395706 0.417769 0.396472 0.418182 0.396856 0.418182 0.397239 0.418595 0.397623 0.418595 0.39839 0.419008 0.398773 0.419008 0.399156 0.419421 0.39954 0.419421 0.400307 0.419835 0.40069 0.419835 0.401074 0.420248 0.401457 0.420248 0.40184 0.420661 0.402224 0.420661 0.403374 0.419835 0.404141 0.420248 0.404525 0.420248 0.404908 0.420661 0.405291 0.420661 0.406058 0.420248 0.406442 0.419421 0.406442 0.419008 0.406825 0.418595 0.406825 0.418182 0.407209 0.417355 0.407209 0.416942 0.407592 0.416529 0.407592 0.416116 0.407975 0.415702 0.407975 0.415289 0.408359 0.414463 0.408359 0.41405 0.408742 0.413636 0.408742 0.413223 0.409126 0.412397 0.409126 0.411983 0.409509 0.41157 0.409509 0.411157 0.409893 0.410331 0.409893 0.409917 0.410276 0.409504 0.410276 0.409091 0.41066 0.408264 0.41066 0.407851 0.411043 0.407438 0.411043 0.407025 0.411426 0.406612 0.411426 0.406198 0.41181 0.405372 0.41181 0.404959 0.412193 0.404545 0.412193 0.404132 0.412577 0.403306 0.412577 0.402893 0.41296 0.402479 0.41296 0.402066 0.413344 0.40124 0.413344 0.400826 0.413727 0.400413 0.413727 0.4 0.41411 0.399174 0.41411 0.39876 0.414494 0.398347 0.414494 0.397934 0.414877 0.397107 0.414877 0.396694 0.415261 0.396281 0.415261 0.395868 0.415644 0.395455 0.415644 0.395041 0.416028 0.394215 0.416028 0.393802 0.416411 0.393388 0.416411 0.392975 0.416794 0.392149 0.416794 0.391736 0.417178 0.391322 0.417178 0.390909 0.417561 0.390083 0.417561 0.389669 0.417945 0.389256 0.417945 0.388843 0.418328 0.388017 0.418328 0.387603 0.418712 0.38719 0.418712 0.386777 0.419095 0.386364 0.419095 0.38595 0.419479 0.385124 0.419479 0.384711 0.419862 0.384298 0.419862 0.383884 0.420245 0.383058 0.420245 0.382645 0.420629 0.382231 0.420629 0.381818 0.421012 0.380992 0.421012 0.380579 0.421396 0.380165 0.421396 0.379752 0.421779 0.378926 0.421779 0.378512 0.422163 0.378099 0.422163 0.377686 0.422546 0.37686 0.422546 0.376446 0.422929 0.376033 0.422929 0.37562 0.423313 0.375207 0.423313 0.374793 0.423696 0.373967 0.423696 0.373554 0.42408 0.37314 0.42408 0.372727 0.424463 0.372314 0.42408 0.372314 0.423313 0.371901 0.422929 0.371901 0.422546 0.371488 0.422163 0.371488 0.421396 0.371074 0.421012 0.371074 0.420629 0.370661 0.420245 0.370661 0.419479 0.370248 0.419095 0.370248 0.418712 0.369835 0.418328 0.369835 0.417561 0.369421 0.417178 0.369421 0.416794 0.369008 0.416411 0.368182 0.416411 0.367769 0.416794 0.366942 0.416794 0.366529 0.417178 0.366116 0.417178 0.365702 0.417561 0.364876 0.417561 0.364463 0.417945 0.36405 0.417945 0.363636 0.418328 0.363223 0.418328 0.36281 0.418712 0.361983 0.418712 0.36157 0.419095 0.361157 0.419095 0.360744 0.419479 0.359917 0.419479 0.359504 0.419862 0.359091 0.419862 0.358678 0.420245 0.357851 0.420245 0.357438 0.420629 0.357025 0.420629 0.356612 0.421012 0.355785 0.421012 0.355372 0.421396 0.354959 0.421396 0.354545 0.421779 0.354132 0.421779 0.353719 0.422163 0.352893 0.422163 0.352479 0.422546 0.352066 0.422546 0.351653 0.422929 0.35124 0.422929 0.350826 0.422546 0.350413 0.422929 0.35 0.422929 0.349587 0.423313 0.347521 0.423313 0.347107 0.423696 0.344628 0.423696 0.344215 0.42408 0.343388 0.42408 0.342975 0.424463 0.342149 0.423696 0.341736 0.423696 0.341322 0.423313 0.340909 0.423696 0.340496 0.423313 0.340083 0.423313 0.339669 0.423696 0.338017 0.423696 0.337603 0.42408 0.336777 0.423313 0.336777 0.422546 0.335537 0.421396 0.335537 0.421012 0.335124 0.420629 0.335124 0.420245 0.334711 0.420245 0.334298 0.420629 0.334298 0.421779 0.334711 0.422163 0.334711 0.422546 0.335537 0.423313 0.335537 0.424463 0.334711 0.42523 0.333884 0.42523 0.333471 0.425613 0.333058 0.425613 0.332645 0.425997 0.331405 0.425997 0.330579 0.42523 0.330579 0.424847 0.330165 0.424463 0.330165 0.42408 0.329752 0.423696 0.329752 0.422929 0.329339 0.422546 0.328926 0.422546 0.328512 0.422929 0.328512 0.423696 0.328926 0.42408 0.328926 0.424847 0.329339 0.42523 0.329339 0.425613 0.329752 0.425997 0.329752 0.426764 0.329339 0.427147 0.328512 0.427147 0.328099 0.426764 0.328099 0.42638 0.327686 0.425997 0.327686 0.42523 0.327273 0.424847 0.327273 0.424463 0.32686 0.42408 0.32686 0.423696 0.326033 0.423696 0.32562 0.42408 0.325207 0.42408 0.325207 0.424463 0.32562 0.424847 0.32562 0.42523 0.326033 0.425613 0.326033 0.42638 0.326446 0.426764 0.326446 0.427147 0.32686 0.427531 0.32686 0.427914 0.326446 0.428298 0.32562 0.428298 0.324793 0.427531 0.324793 0.426764 0.32438 0.42638 0.32438 0.425997 0.323967 0.425613 0.323967 0.42523 0.323554 0.424847 0.322727 0.424847 0.32314 0.42523 0.32314 0.425613 0.322727 0.425997 0.32314 0.42638 0.32314 0.426764 0.323554 0.427147 0.323554 0.427914 0.323967 0.428298 0.323554 0.428681 0.323967 0.429064 0.32314 0.429831 0.322727 0.429831 0.321901 0.429064 0.321901 0.428298 0.321488 0.427914 0.321488 0.427531 0.321074 0.427147 0.321074 0.426764 0.320661 0.42638 0.320661 0.425613 0.320248 0.425997 0.319835 0.425613 0.319835 0.427531 0.320248 0.427914 0.320248 0.428298 0.320661 0.428681 0.320661 0.430215 0.320248 0.430598 0.319835 0.430598 0.319421 0.430982 0.319008 0.430598 0.319008 0.429831 0.318595 0.429448 0.318595 0.429064 0.318182 0.428681 0.318182 0.428298 0.317769 0.427914 0.317769 0.427147 0.317355 0.427147 0.316942 0.426764 0.316529 0.426764 0.316529 0.427147 0.316942 0.427531 0.316942 0.427914 0.317355 0.428298 0.317355 0.429064 0.317769 0.429448 0.317769 0.429831 0.318182 0.430215 0.317769 0.430598 0.317769 0.431365 0.317355 0.431748 0.316529 0.431748 0.316116 0.432132 0.315702 0.432132 0.315289 0.432515 0.314876 0.432515 0.314876 0.433282 0.315289 0.433666 0.315289 0.434049 0.314876 0.434433 0.315289 0.434816 0.315289 0.435966 0.314876 0.43635 0.314463 0.43635 0.31405 0.436733 0.313223 0.436733 0.31281 0.437117 0.312397 0.437117 0.311983 0.4375 0.311157 0.4375 0.310744 0.437883 0.310331 0.437883 0.309917 0.438267 0.309504 0.438267 0.309091 0.43865 0.308264 0.43865 0.307851 0.439034 0.307438 0.439034 0.307025 0.439417 0.306198 0.439417 0.305785 0.439801 0.305372 0.439801 0.304959 0.440184 0.304132 0.440184 0.303719 0.440567 0.303306 0.440567 0.302893 0.440951 0.300826 0.440951 0.3 0.440184 0.3 0.439801 0.300413 0.439417 0.30124 0.439417 0.300826 0.439034 0.300826 0.438267 0.300413 0.437883 0.300413 0.4375 0.299174 0.4375 0.29876 0.437883 0.298347 0.437883 0.297934 0.438267 0.297107 0.438267 0.296694 0.43865 0.296281 0.43865 0.295868 0.439034 0.295455 0.439034 0.295041 0.439417 0.294215 0.439417 0.293802 0.439801 0.293388 0.439417 0.293388 0.43865 0.292975 0.438267 0.292975 0.437883 0.291736 0.437883 0.291322 0.438267 0.290909 0.437883 0.290909 0.437117 0.291322 0.436733 0.291736 0.436733 0.292149 0.437117 0.292975 0.437117 0.292975 0.436733 0.292562 0.43635 0.292562 0.435966 0.292149 0.435583 0.291322 0.435583 0.290909 0.435966 0.290083 0.435966 0.290083 0.43635 0.289669 0.436733 0.288843 0.435966 0.288843 0.435583 0.288017 0.435583 0.287603 0.435966 0.286777 0.435966 0.286364 0.43635 0.28595 0.43635 0.285537 0.436733 0.285124 0.436733 0.284711 0.437117 0.283884 0.437117 0.283471 0.4375 0.283058 0.4375 0.282645 0.437883 0.281818 0.437883 0.281405 0.438267 0.280992 0.438267 0.280579 0.43865 0.279752 0.43865 0.279339 0.439034 0.278926 0.439034 0.278512 0.439417 0.277686 0.439417 0.277273 0.439801 0.276033 0.439801 0.275207 0.440567 0.272727 0.440567 0.272314 0.440951 0.271488 0.440951 0.271074 0.441334 0.270661 0.441334 0.270248 0.441718 0.269421 0.441718 0.269008 0.442101 0.268595 0.442101 0.268182 0.442485 0.267769 0.442485 0.267355 0.442101 0.266942 0.442485 0.265702 0.442485 0.265289 0.442101 0.26405 0.442101 0.263636 0.442485 0.263223 0.442485 0.26281 0.442868 0.261983 0.442868 0.262397 0.443252 0.261983 0.443635 0.261157 0.443635 0.260744 0.444018 0.260331 0.443635 0.259917 0.443635 0.259504 0.443252 0.259504 0.442868 0.258264 0.442868 0.257851 0.443252 0.257851 0.443635 0.258264 0.443635 0.258678 0.444018 0.257851 0.444785 0.257438 0.444785 0.257438 0.445169 0.257025 0.445552 0.256612 0.445552 0.256198 0.445936 0.256612 0.446319 0.256612 0.447086 0.257025 0.447469 0.257025 0.447853 0.257438 0.448236 0.257438 0.449003 0.257851 0.449387 0.257851 0.44977 0.258264 0.450153 0.258264 0.450537 0.259091 0.450537 0.259504 0.45092 0.259504 0.451687 0.259917 0.452071 0.259917 0.452454 0.260331 0.452837 0.260331 0.453221 0.259504 0.453988 0.259091 0.453988 0.258678 0.454371 0.257851 0.454371 0.257438 0.454755 0.257025 0.454755 0.256612 0.455138 0.256612 0.455521 0.256198 0.455905 0.255785 0.455905 0.255372 0.455521 0.255785 0.455138 0.254959 0.455138 0.254545 0.455521 0.254959 0.455905 0.254545 0.456288 0.254132 0.456288 0.253719 0.456672 0.252893 0.456672 0.252479 0.457055 0.252066 0.457055 0.251653 0.457439 0.25124 0.457439 0.250826 0.457822 0.25 0.457822 0.249587 0.458206 0.249174 0.458206 0.24876 0.458589 0.247934 0.458589 0.247521 0.458972 0.247107 0.458972 0.246694 0.459356 0.245868 0.459356 0.245455 0.459739 0.245041 0.459739 0.244628 0.460123 0.243802 0.460123 0.243388 0.460506 0.242975 0.460506 0.242562 0.46089 0.241736 0.46089 0.241322 0.461273 0.240909 0.461273 0.240496 0.461656 0.240083 0.461656 0.239669 0.46204 0.238843 0.46204 0.23843 0.462423 0.238017 0.462423 0.237603 0.462807 0.236777 0.462807 0.236364 0.46319 0.23595 0.46319 0.235537 0.463574 0.234711 0.463574 0.234298 0.463957 0.233884 0.463957 0.233471 0.46434 0.232645 0.46434 0.232231 0.464724 0.231818 0.464724 0.231405 0.465107 0.230992 0.465107 0.230579 0.465491 0.229752 0.465491 0.229339 0.465874 0.228926 0.465874 0.228926 0.466258 0.229339 0.466258 0.229752 0.465874 0.230579 0.465874 0.230992 0.466258 0.230579 0.466641 0.230165 0.466641 0.229752 0.467025 0.228926 0.467025 0.228512 0.467408 0.228099 0.467408 0.227686 0.467791 0.22686 0.467791 0.226446 0.468175 0.226033 0.468175 0.22562 0.468558 0.224793 0.468558 0.22438 0.468942 0.223967 0.468942 0.223554 0.469325 0.22314 0.469325 0.222727 0.469709 0.221901 0.469709 0.221488 0.469325 0.221901 0.468942 0.222314 0.468942 0.221901 0.468558 0.221488 0.468558 0.221074 0.468942 0.220661 0.468942 0.220248 0.469325 0.219835 0.469325 0.219421 0.469709 0.218595 0.469709 0.218182 0.470092 0.217769 0.470092 0.217355 0.470475 0.216529 0.470475 0.216116 0.470859 0.215702 0.470859 0.215289 0.471242 0.214463 0.471242 0.21405 0.471626 0.213636 0.471626 0.213223 0.472009 0.212397 0.472009 0.211983 0.472393 0.21157 0.472393 0.211157 0.472776 0.210744 0.472776 0.210331 0.47316 0.209504 0.47316 0.209091 0.473543 0.208678 0.473543 0.208264 0.473926 0.207438 0.473926 0.207025 0.47431 0.206612 0.47431 0.206198 0.474693 0.205372 0.474693 0.204959 0.475077 0.204545 0.475077 0.204132 0.47546 0.203306 0.47546 0.202893 0.475844 0.202479 0.475844 0.202066 0.476227 0.20124 0.476227 0.200826 0.47661 0.200413 0.47661 0.2 0.476994 0.199587 0.476994 0.199174 0.477377 0.198347 0.477377 0.197934 0.477761 0.197521 0.477761 0.197107 0.478144 0.196281 0.478144 0.195868 0.478528 0.195455 0.478528 0.195041 0.478911 0.194215 0.478911 0.193802 0.479294 0.193388 0.479294 0.192975 0.479678 0.192149 0.479678 0.191736 0.480061 0.191322 0.480061 0.190909 0.480445 0.190496 0.480445 0.190083 0.480828 0.189256 0.480828 0.188843 0.481212 0.18843 0.481212 0.188017 0.481595 0.18719 0.481595 0.186777 0.481979 0.186364 0.481979 0.18595 0.482362 0.185124 0.482362 0.184711 0.482745 0.184298 0.482745 0.184298 0.483512 0.183884 0.483896 0.183471 0.483896 0.183058 0.484279 0.182231 0.484279 0.181818 0.484663 0.181405 0.484663 0.180992 0.485046 0.180165 0.485046 0.179752 0.485429 0.179339 0.485429 0.178926 0.485813 0.178512 0.485813 0.178099 0.486196 0.177686 0.485813 0.177686 0.485429 0.178099 0.485046 0.17686 0.483896 0.17686 0.483129 0.176446 0.482745 0.176446 0.482362 0.176033 0.481979 0.176033 0.481595 0.17562 0.481212 0.17562 0.480445 0.175207 0.480061 0.175207 0.479678 0.174793 0.479294 0.174793 0.478528 0.17438 0.478144 0.17438 0.477761 0.173967 0.477377 0.173967 0.47661 0.173554 0.476227 0.173554 0.475844 0.17314 0.47546 0.17314 0.474693 0.172727 0.47431 0.172727 0.473926 0.172314 0.473543 0.172314 0.472776 0.171901 0.472393 0.171901 0.472009 0.171488 0.471626 0.171488 0.471242 0.171074 0.470859 0.171074 0.470092 0.170661 0.469709 0.170661 0.469325 0.170248 0.468942 0.170248 0.468175 0.169835 0.468175 0.169421 0.467791 0.169421 0.467408 0.169008 0.467408 0.168595 0.467025 0.168595 0.466641 0.167769 0.465874 0.166942 0.465874 0.166529 0.465491 0.166116 0.465874 0.165289 0.465107 0.164463 0.465107 0.16405 0.464724 0.16405 0.46434 0.163636 0.464724 0.163223 0.46434 0.162397 0.46434 0.160744 0.462807 0.160331 0.462807 0.159917 0.46319 0.159091 0.462423 0.159091 0.46204 0.158264 0.46204 0.157851 0.461656 0.157851 0.461273 0.156198 0.461273 0.155785 0.46089 0.155372 0.46089 0.154545 0.460123 0.153306 0.460123 0.152893 0.459739 0.152893 0.459356 0.152479 0.459739 0.152066 0.459356 0.150826 0.459356 0.150413 0.458972 0.150413 0.458589 0.150826 0.458206 0.15124 0.458206 0.15124 0.457822 0.150826 0.457822 0.150413 0.457439 0.150826 0.457055 0.150826 0.456288 0.15124 0.455905 0.152066 0.455905 0.152479 0.455521 0.152893 0.455521 0.153306 0.455138 0.153719 0.455138 0.154132 0.454755 0.154545 0.455138 0.154959 0.455138 0.154959 0.454755 0.155372 0.454371 0.155785 0.454371 0.156198 0.453988 0.156612 0.453988 0.156612 0.453221 0.157025 0.452837 0.157438 0.452837 0.157438 0.452454 0.157025 0.452454 0.156612 0.452837 0.156198 0.452837 0.155785 0.453221 0.154959 0.453221 0.154545 0.453604 0.154132 0.453604 0.153719 0.453988 0.152893 0.453988 0.152479 0.454371 0.152066 0.454371 0.151653 0.454755 0.150826 0.454755 0.150413 0.455138 0.15 0.455138 0.149587 0.455521 0.14876 0.455521 0.148347 0.455905 0.147934 0.455905 0.147521 0.456288 0.147107 0.456288 0.146694 0.456672 0.145868 0.456672 0.145455 0.457055 0.145041 0.457055 0.144628 0.457439 0.143802 0.457439 0.143388 0.457822 0.142975 0.457822 0.142562 0.458206 0.141736 0.458206 0.141322 0.458589 0.140909 0.458589 0.140496 0.458972 0.139669 0.458972 0.139256 0.459356 0.138843 0.459356 0.13843 0.459739 0.138017 0.459739 0.137603 0.460123 0.136777 0.460123 0.136364 0.460506 0.13595 0.460506 0.135537 0.46089 0.134711 0.46089 0.134298 0.461273 0.133884 0.461273 0.133471 0.461656 0.132645 0.461656 0.132231 0.46204 0.131818 0.46204 0.131405 0.462423 0.130579 0.462423 0.130165 0.462807 0.129752 0.462807 0.129339 0.46319 0.128512 0.46319 0.128099 0.463574 0.127686 0.463574 0.127273 0.463957 0.12686 0.463957 0.126446 0.46434 0.12562 0.46434 0.125207 0.464724 0.124793 0.464724 0.12438 0.465107 0.123554 0.465107 0.12314 0.465491 0.122727 0.465491 0.122314 0.465874 0.121488 0.465874 0.121074 0.466258 0.120661 0.466258 0.120248 0.466641 0.119421 0.466641 0.119008 0.467025 0.118595 0.467025 0.118182 0.467408 0.117769 0.467408 0.117355 0.467791 0.116529 0.467791 0.116116 0.468175 0.115702 0.468175 0.115289 0.468558 0.114463 0.468558 0.11405 0.468942 0.113636 0.468942 0.113223 0.469325 0.112397 0.469325 0.111983 0.469709 0.11157 0.469709 0.111157 0.470092 0.110331 0.470092 0.109917 0.470475 0.109917 0.470859 0.110331 0.470859 0.110744 0.470475 0.111157 0.470859 0.111157 0.471626 0.11157 0.472009 0.11157 0.472393 0.111983 0.472776 0.111983 0.473543 0.112397 0.473926 0.112397 0.47431 0.11281 0.474693 0.11281 0.475077 0.113223 0.47546 0.113223 0.476227 0.113636 0.47661 0.113636 0.476994 0.11405 0.477377 0.11405 0.478144 0.114463 0.478528 0.114463 0.478911 0.114876 0.479294 0.114876 0.480061 0.115289 0.480445 0.115289 0.480828 0.115702 0.481212 0.115702 0.481979 0.116116 0.482362 0.116116 0.482745 0.116529 0.483129 0.116529 0.483512 0.115702 0.484279 0.115702 0.484663 0.115289 0.485046 0.115702 0.485429 0.115702 0.485813 0.115289 0.486196 0.114876 0.486196 0.114463 0.48658 0.114463 0.486963 0.114876 0.487347 0.114876 0.488113 0.115289 0.488497 0.115289 0.48888 0.115702 0.489264 0.115702 0.490031 0.116116 0.490414 0.116116 0.490798 0.116529 0.491181 0.116529 0.491948 0.116942 0.492331 0.116942 0.492715 0.117355 0.493098 0.117355 0.493482 0.117769 0.493482 0.118182 0.493098 0.118595 0.493098 0.119008 0.493482 0.119421 0.493482 0.119835 0.493865 0.121074 0.493865 0.121488 0.494248 0.121488 0.494632 0.121074 0.495015 0.121488 0.495399 0.121488 0.496166 0.121901 0.496549 0.121901 0.496933 0.122314 0.497316 0.122314 0.497699 0.122727 0.498083 0.122727 0.49885 0.12314 0.499233 0.12314 0.499617 0.123554 0.5 0.123554 0.500767 0.123967 0.50115 0.12314 0.501917 0.122727 0.501917 0.122727 0.502301 0.122314 0.502684 0.121901 0.502684 0.121488 0.503067 0.121901 0.503451 0.121901 0.504218 0.122314 0.504601 0.122314 0.504985 0.122727 0.505368 0.122727 0.505752 0.12314 0.506135 0.12314 0.506902 0.123554 0.507285 0.123554 0.507669 0.123967 0.508052 0.123967 0.508819 0.12438 0.509202 0.12438 0.509586 0.124793 0.509969 0.124793 0.510736 0.125207 0.51112 0.125207 0.511503 0.12562 0.511887 0.12562 0.512653 0.126033 0.513037 0.126033 0.51342 0.126446 0.513804 0.126446 0.514187 0.12686 0.514571 0.12686 0.514954 0.127273 0.514954 0.127686 0.515337 0.127273 0.515721 0.127273 0.516104 0.127686 0.516488 0.127686 0.517255 0.128099 0.517638 0.128099 0.518021 0.128512 0.518405 0.128512 0.519172 0.128926 0.519555 0.128926 0.519939 0.129339 0.520322 0.129339 0.520706 0.130579 0.520706 0.130992 0.520322 0.131405 0.520322 0.131818 0.519939 0.131818 0.519555 0.132231 0.519172 0.132645 0.519172 0.133058 0.519555 0.133058 0.521089 0.133471 0.521472 0.133471 0.522239 0.133884 0.522623 0.133884 0.523006 0.134298 0.52339 0.134298 0.524156 0.134711 0.52454 0.134711 0.524923 0.135124 0.525307 0.135124 0.526074 0.135537 0.526457 0.135537 0.52684 0.13595 0.527224 0.13595 0.527991 0.136364 0.528374 0.136364 0.528758 0.136777 0.529141 0.136777 0.529908 0.13719 0.530291 0.13719 0.530675 0.138017 0.531442 0.139256 0.531442 0.139669 0.531058 0.140496 0.531058 0.140909 0.530675 0.141322 0.530675 0.141736 0.530291 0.142149 0.530291 0.142562 0.529908 0.142975 0.529908 0.144215 0.531058 0.144215 0.531442 0.144628 0.531825 0.144628 0.532209 0.145041 0.532592 0.145041 0.533359 0.145455 0.533742 0.145041 0.534126 0.144628 0.534126 0.144215 0.534509 0.143802 0.534509 0.143388 0.534893 0.142975 0.534893 0.142562 0.535276 0.141322 0.534126 0.141322 0.533359 0.140909 0.532975 0.141736 0.532209 0.141736 0.531825 0.140909 0.531825 0.140496 0.532209 0.140083 0.532209 0.139669 0.532592 0.138843 0.532592 0.137603 0.533742 0.13719 0.533742 0.13719 0.534126 0.136777 0.534509 0.136364 0.534509 0.136364 0.534893 0.13595 0.535276 0.13595 0.536043 0.136364 0.536426 0.136364 0.53681 0.136777 0.537193 0.136777 0.53796 0.13719 0.538344 0.13719 0.538727 0.137603 0.53911 0.137603 0.539877 0.138017 0.540261 0.138017 0.540644 0.13843 0.541028 0.13843 0.541794 0.138843 0.542178 0.138843 0.542561 0.139256 0.542945 0.139256 0.543328 0.139669 0.543712 0.139669 0.544479 0.140083 0.544862 0.140083 0.545245 0.140496 0.545629 0.140496 0.546396 0.140909 0.546779 0.140909 0.547163 0.141322 0.547546 0.141322 0.548313 0.141736 0.548696 0.141736 0.54908 0.142149 0.549463 0.142149 0.55023 0.142562 0.550613 0.142562 0.550997 0.142975 0.55138 0.142975 0.551764 0.143388 0.552147 0.143388 0.552914 0.143802 0.553298 0.143802 0.553681 0.144215 0.554064 0.144215 0.554831 0.144628 0.555215 0.144628 0.555598 0.145041 0.555982 0.145041 0.556748 0.145455 0.557132 0.145455 0.557515 0.145868 0.557899 0.145868 0.558666 0.146281 0.559049 0.146281 0.559433 0.146694 0.559816 0.146694 0.560583 0.147107 0.560966 0.147107 0.56135 0.147521 0.561733 0.147521 0.562117 0.147934 0.5625 0.147934 0.563267 0.148347 0.56365 0.148347 0.564034 0.14876 0.564417 0.14876 0.565184 0.149174 0.565567 0.149174 0.565951 0.149587 0.566334 0.149587 0.567101 0.15 0.567485 0.15 0.567868 0.150413 0.568252 0.150413 0.569018 0.150826 0.569402 0.150826 0.569785 0.15124 0.570169 0.15124 0.570552 0.151653 0.570936 0.151653 0.571702 0.152066 0.572086 0.152066 0.572469 0.152479 0.572853 0.152479 0.57362 0.152893 0.574003 0.152893 0.574387 0.153306 0.57477 0.153306 0.575537 0.153719 0.57592 0.153719 0.576304 0.154132 0.576687 0.154132 0.577454 0.154545 0.577837 0.154545 0.578221 0.154959 0.578604 0.154959 0.579371 0.155372 0.579755 0.155372 0.580138 0.155785 0.580521 0.155785 0.580905 0.156198 0.581288 0.156198 0.582055 0.156612 0.582439 0.156612 0.582822 0.157025 0.583206 0.157025 0.583972 0.157438 0.584356 0.157438 0.584739 0.157851 0.585123 0.157851 0.58589 0.158264 0.586273 0.158264 0.586656 0.158678 0.58704 0.158678 0.587807 0.159091 0.58819 0.159091 0.588574 0.159504 0.588957 0.159504 0.58934 0.159917 0.589724 0.159917 0.590491 0.160331 0.590874 0.160331 0.591258 0.160744 0.591641 0.160744 0.592408 0.161157 0.592791 0.161157 0.593175 0.16157 0.593558 0.16157 0.594325 0.161983 0.594709 0.161983 0.595092 0.162397 0.595475 0.162397 0.596242 0.16281 0.596626 0.16281 0.597009 0.163223 0.597393 0.163223 0.597776 0.163636 0.59816 0.163636 0.598926 0.16405 0.598543 0.164463 0.598543 0.164876 0.59816 0.165289 0.59816 0.166116 0.598926 0.166116 0.59931 0.166529 0.599693 0.166529 0.60046 0.166942 0.600844 0.166942 0.601227 0.167355 0.60161 0.167355 0.602377 0.167769 0.602761 0.167769 0.603144 0.168182 0.603528 0.168182 0.604294 0.168595 0.604678 0.168182 0.605061 0.168595 0.605445 0.168595 0.606212 0.169008 0.606595 0.169008 0.606979 0.169421 0.607362 0.169421 0.608129 0.169835 0.608512 0.169835 0.608896 0.170248 0.609279 0.170248 0.610046 0.170661 0.610429 0.170661 0.610813 0.171074 0.611196 0.171074 0.61158 0.171488 0.611963 0.171488 0.61273 0.171901 0.613113 0.171901 0.613497 0.172314 0.61388 0.172314 0.614647 0.172727 0.615031 0.172727 0.615414 0.17314 0.615798 0.17314 0.616564 0.173554 0.616948 0.173554 0.617331 0.173967 0.617715 0.173967 0.618482 0.17438 0.618865 0.17438 0.619248 0.174793 0.619632 0.174793 0.620399 0.175207 0.620782 0.175207 0.621166 0.17562 0.621549 0.17562 0.621933 0.176033 0.622316 0.176033 0.623083 0.176446 0.623466 0.176446 0.62385 0.17686 0.624233 0.17686 0.625 0.177273 0.625383 0.177273 0.625767 0.177686 0.62615 0.177686 0.626917 0.178099 0.627301 0.178099 0.627684 0.178512 0.628067 0.178512 0.628834 0.178926 0.629218 0.178926 0.629601 0.179339 0.629985 0.179339 0.630368 0.179752 0.630752 0.179752 0.631518 0.180165 0.631902 0.180165 0.632285 0.180579 0.632669 0.180579 0.633436 0.180992 0.633819 0.180992 0.634202 0.181405 0.634586 0.181405 0.635353 0.181818 0.635736 0.181818 0.63612 0.182231 0.636503 0.182231 0.63727 0.182645 0.637653 0.182645 0.638037 0.183058 0.63842 0.183058 0.639187 0.183471 0.639571 0.183471 0.639954 0.183884 0.640337 0.183884 0.640721 0.184298 0.641104 0.184298 0.641871 0.184711 0.642255 0.184711 0.642638 0.185124 0.643021 0.185124 0.643788 0.185537 0.644172 0.185537 0.644555 0.18595 0.644939 0.18595 0.645706 0.186364 0.646089 0.186364 0.646472 0.186777 0.646856 0.186777 0.647623 0.18719 0.648006 0.18719 0.64839 0.187603 0.648773 0.187603 0.649156 0.188017 0.64954 0.188017 0.650307 0.18843 0.65069 0.18843 0.651074 0.188843 0.651457 0.188843 0.652224 0.189256 0.652607 0.189256 0.652991 0.189669 0.653374 0.189669 0.654141 0.190083 0.654525 0.190083 0.654908 0.190496 0.655291 0.190496 0.656058 0.190909 0.656442 0.190909 0.656825 0.191322 0.657209 0.191322 0.657592 0.191736 0.657975 0.191736 0.658742 0.192149 0.659126 0.192149 0.659509 0.191736 0.659893 0.192149 0.660276 0.192149 0.66066 0.192562 0.661043 0.192562 0.661426 0.192975 0.66181 0.192975 0.662193 0.193802 0.66296 0.193802 0.663344 0.194215 0.663727 0.194215 0.664494 0.194628 0.664877 0.194628 0.665261 0.195041 0.665644 0.195041 0.666411 0.195455 0.666794 0.195455 0.667178 0.195868 0.667561 0.195868 0.667945 0.196281 0.668328 0.196281 0.669095 0.196694 0.669479 0.196694 0.669862 0.197107 0.670245 0.197107 0.671012 0.197521 0.671396 0.197521 0.671779 0.197934 0.672163 0.197934 0.672929 0.198347 0.673313 0.198347 0.673696 0.19876 0.67408 0.19876 0.674847 0.199174 0.67523 0.199174 0.675613 0.199587 0.675997 0.199587 0.67638 0.2 0.676764 0.2 0.677531 0.200413 0.677914 0.200413 0.678298 0.200826 0.678681 0.200826 0.679448 0.20124 0.679831 0.20124 0.680215 0.201653 0.680598 0.201653 0.681365 0.202066 0.681748 0.202066 0.682132 0.202479 0.682515 0.202479 0.683282 0.202893 0.683666 0.202893 0.684049 0.203306 0.684433 0.203306 0.685199 0.203719 0.685583 0.203719 0.685966 0.204959 0.685966 0.205372 0.685583 0.205785 0.685583 0.206198 0.685199 0.207025 0.685199 0.207438 0.684816 0.207851 0.684816 0.208264 0.684433 0.209091 0.684433 0.209504 0.684049 0.209917 0.684049 0.210331 0.683666 0.211157 0.683666 0.21157 0.683282 0.211983 0.683282 0.212397 0.682899 0.213223 0.682899 0.214876 0.684433 0.214876 0.684816 0.215289 0.685199 0.215289 0.685966 0.215702 0.68635 0.215702 0.686733 0.216116 0.687117 0.216116 0.6875 0.215702 0.687883 0.216116 0.688267 0.216116 0.68865 0.216529 0.689034 0.216529 0.689801 0.216942 0.690184 0.216942 0.690567 0.217355 0.690951 0.217355 0.691718 0.217769 0.692101 0.217769 0.692485 0.218182 0.692868 0.218182 0.693635 0.218595 0.694018 0.218595 0.694402 0.219008 0.694785 0.219008 0.695169 0.219421 0.695552 0.219421 0.696319 0.219835 0.696702 0.219835 0.697086 0.220248 0.697469 0.220248 0.698236 0.220661 0.69862 0.220661 0.699003 0.221074 0.699387 0.221074 0.700153 0.221488 0.700537 0.221488 0.70092 0.222727 0.702071 0.22314 0.701687 0.223554 0.701687 0.223967 0.701304 0.22438 0.701304 0.224793 0.70092 0.22562 0.70092 0.226033 0.700537 0.226446 0.700537 0.22686 0.70092 0.227686 0.70092 0.228099 0.700537 0.228926 0.700537 0.229339 0.700153 0.229752 0.700153 0.230165 0.69977 0.230579 0.69977 0.230992 0.699387 0.231818 0.699387 0.232231 0.699003 0.232645 0.699003 0.233058 0.69862 0.233884 0.69862 0.234298 0.698236 0.234711 0.698236 0.235124 0.697853 0.23595 0.697853 0.236364 0.697469 0.236777 0.697469 0.23719 0.697086 0.238017 0.697086 0.23843 0.696702 0.238843 0.696702 0.239256 0.696319 0.240083 0.696319 0.242149 0.694402 0.242562 0.694402 0.242975 0.694018 0.243802 0.694018 0.244215 0.693635 0.244628 0.693635 0.245041 0.693252 0.245868 0.693252 0.246281 0.692868 0.246694 0.692868 0.247107 0.692485 0.247934 0.692485 0.248347 0.692101 0.24876 0.692101 0.249174 0.691718 0.25 0.691718 0.250413 0.691334 0.250826 0.691334 0.25124 0.690951 0.252066 0.690951 0.252479 0.690567 0.252893 0.690567 0.253306 0.690184 0.253719 0.690184 0.254132 0.689801 0.254959 0.689801 0.255372 0.689417 0.255785 0.689417 0.256198 0.689034 0.257025 0.689034 0.257438 0.68865 0.257851 0.68865 0.258264 0.688267 0.259091 0.688267 0.259504 0.687883 0.259917 0.687883 0.260331 0.6875 0.261157 0.6875 0.26157 0.687117 0.261983 0.687117 0.262397 0.686733 0.26281 0.686733 0.263223 0.68635 0.26405 0.68635 0.264463 0.685966 0.264876 0.685966 0.265289 0.685583 0.266116 0.685583 0.266529 0.685199 0.266942 0.685199 0.267355 0.684816 0.268182 0.684816 0.268595 0.684433 0.269008 0.684433 0.269421 0.684049 0.270248 0.684049 0.270661 0.683666 0.271074 0.683666 0.271488 0.683282 0.272314 0.683282 0.272727 0.682899 0.27314 0.682899 0.273554 0.682515 0.273967 0.682515 0.27438 0.682132 0.275207 0.682132 0.27562 0.681748 0.276033 0.681748 0.276446 0.681365 0.277273 0.681365 0.277686 0.680982 0.278099 0.680982 0.278512 0.680598 0.279339 0.680598 0.279752 0.680215 0.280165 0.680215 0.280579 0.679831 0.281405 0.679831 0.281818 0.679448 0.282231 0.679448 0.282645 0.679064 0.283058 0.679064 0.283471 0.678681 0.284298 0.678681 0.284711 0.678298 0.285124 0.678298 0.285537 0.677914 0.286364 0.677914 0.286777 0.677531 0.28719 0.677531 0.287603 0.677147 0.28843 0.677147 0.288843 0.676764 0.289256 0.676764 0.289669 0.67638 0.290496 0.67638 0.290909 0.675997 0.291322 0.675997 0.291736 0.675613 0.292562 0.675613 0.292975 0.67523 0.293388 0.67523 0.293802 0.674847 0.294215 0.674847 0.294628 0.674463 0.295455 0.674463 0.295868 0.67408 0.296281 0.67408 0.296694 0.673696 0.297521 0.673696 0.297934 0.673313 0.298347 0.673313 0.29876 0.672929 0.299587 0.672929 0.3 0.672546 0.300413 0.672546 0.300826 0.672163 0.301653 0.672163 0.302066 0.671779 0.302479 0.671779 0.302893 0.671396 0.303306 0.671396 0.303719 0.671012 0.304545 0.671012 0.304959 0.670629 0.305372 0.670629 0.305785 0.670245 0.306612 0.670245 0.307025 0.670629 0.307851 0.670629 0.308264 0.670245 0.308678 0.670245 0.309091 0.669862 0.309917 0.669862 0.310331 0.669479 0.310744 0.669479 0.311157 0.669095 0.31157 0.669095 0.311983 0.668712 0.31281 0.668712 0.313223 0.668328 0.313636 0.668328 0.31405 0.667945 0.314876 0.667945 0.315289 0.667561 0.315702 0.667561 0.316116 0.667178 0.316942 0.667178 0.317355 0.666794 0.317769 0.666794 0.318182 0.666411 0.319008 0.666411 0.319421 0.666028 0.319835 0.666028 0.320248 0.665644 0.321074 0.665644 0.321488 0.665261 0.321901 0.665261 0.322314 0.664877 0.322727 0.664877 0.32314 0.664494 0.323967 0.664494 0.32438 0.66411 0.324793 0.66411 0.325207 0.663727 0.326033 0.663727 0.326446 0.663344 0.32686 0.663344 0.327273 0.66296 0.328099 0.66296 0.328512 0.662577 0.328926 0.662577 0.329339 0.662193 0.330165 0.662193 0.330579 0.66181 0.330992 0.66181 0.331405 0.661426 0.331818 0.661426 0.332231 0.661043 0.333058 0.661043 0.333471 0.66066 0.333884 0.66066 0.334298 0.660276 0.335124 0.660276 0.335537 0.659893 0.33595 0.659893 0.336364 0.659509 0.33719 0.659509 0.337603 0.659126 0.338017 0.659126 0.33843 0.658742 0.339256 0.658742 0.339669 0.658359 0.340083 0.658359 0.340496 0.657975 0.341322 0.657975 0.341736 0.657592 0.342149 0.657592 0.342562 0.657209 0.342975 0.657209 0.343388 0.656825 0.344215 0.656825 0.344628 0.656442 0.345041 0.656442 0.345455 0.656058 0.346281 0.656058 0.346694 0.655675 0.347107 0.655675 0.347521 0.655291 0.348347 0.655291 0.34876 0.654908 0.349174 0.654908 0.349587 0.654525 0.350413 0.654525 0.350826 0.654141 0.35124 0.654141 0.351653 0.653758 0.352066 0.653758 0.352479 0.653374 0.353306 0.653374 0.353719 0.652991 0.354132 0.652991 0.354545 0.652607 0.355372 0.652607 0.355785 0.652224 0.356198 0.652224 0.356612 0.65184 0.357438 0.65184 0.357851 0.651457 0.358264 0.651457 0.358678 0.651074 0.359504 0.651074 0.359917 0.65069 0.360331 0.65069 0.360744 0.650307 0.36157 0.650307 0.361983 0.649923 0.362397 0.649923 0.36281 0.64954 0.363223 0.64954 0.363636 0.649156 0.364463 0.649156 0.364876 0.648773 0.365289 0.648773 0.365702 0.64839 0.366529 0.64839 0.366942 0.648006 0.367355 0.648006 0.367769 0.647623 0.368595 0.647623 0.369008 0.647239 0.369421 0.647239 0.369835 0.646856 0.370661 0.646856 0.371074 0.646472 0.371488 0.646472 0.371901 0.646089 0.372314 0.646089 0.372727 0.645706 0.373554 0.645706 0.373967 0.645322 0.37438 0.645322 0.374793 0.644939 0.37562 0.644939 0.376033 0.644555 0.376446 0.644555 0.37686 0.644172 0.377686 0.644172 0.378099 0.643788 0.378512 0.643788 0.378926 0.643405 0.379752 0.643405 0.380165 0.643021 0.380579 0.643021 0.380992 0.642638 0.381405 0.642638 0.381818 0.642255 0.382645 0.642255 0.383058 0.641871 0.383471 0.641871 0.383884 0.641488 0.384711 0.641488 0.385124 0.641104 0.385537 0.641104 0.38595 0.640721 0.386777 0.640721 0.38719 0.640337 0.387603 0.640337 0.388017 0.639954 0.388843 0.639954 0.389256 0.639571 0.389669 0.639571 0.390083 0.639187 0.390909 0.639187 0.391322 0.638804 0.391736 0.638804 0.392149 0.63842 0.392562 0.63842 0.392975 0.638037 0.393802 0.638037 0.394215 0.637653 0.394628 0.637653 0.395041 0.63727 0.395868 0.63727 0.396281 0.636887 0.396694 0.636887 0.397107 0.636503 0.397934 0.636503 0.398347 0.63612 0.39876 0.63612 0.399174 0.635736 0.4 0.635736 0.400413 0.635353 0.400826 0.635353 0.40124 0.634969 0.401653 0.634969 0.402066 0.634586 0.402893 0.634586 0.403306 0.634202 0.403719 0.634202 0.404132 0.633819 0.404959 0.633819 0.405372 0.633436 0.405785 0.633436 0.406198 0.633052 0.407025 0.633052 0.407438 0.632669 0.407851 0.632669 0.408264 0.632285 0.409091 0.632285 0.409504 0.631902 0.409917 0.631902 0.410331 0.631518 0.411157 0.631518 0.41157 0.631135 0.411983 0.631135 0.412397 0.630752 0.41281 0.630752 0.413223 0.630368 0.41405 0.630368 0.414463 0.629985 0.414876 0.629985 0.415289 0.629601 0.416116 0.629601 0.416529 0.629218 0.416942 0.629218 0.417355 0.628834 0.418182 0.628834 0.418595 0.628451 0.419008 0.628451 0.419421 0.628067 0.420248 0.628067 0.420661 0.627684 0.421074 0.627684 0.421488 0.627301 0.421901 0.627301 0.422314 0.626917 0.42314 0.626917 0.423554 0.626534 0.423554 0.62615 0.42314 0.625767 0.42314 0.625 0.422727 0.624617 0.422727 0.624233 0.422314 0.62385 0.422314 0.622316 0.421901 0.621933 0.422314 0.621549 0.422727 0.621549 0.423554 0.620782 0.423967 0.620782 0.42438 0.620399 0.425207 0.620399 0.42562 0.620015 0.427273 0.620015 0.427686 0.619632 0.428099 0.619632 0.428512 0.619248 0.429339 0.619248 0.429752 0.618865 0.430165 0.618865 0.430579 0.618482 0.430992 0.618482 0.431405 0.618098 0.432231 0.618098 0.432645 0.617715 0.433058 0.617715 0.433471 0.617331 0.434298 0.617331 0.434711 0.616948 0.435124 0.616948 0.435537 0.616564 0.436364 0.616564 0.436777 0.616181 0.43719 0.616181 0.437603 0.615798 0.43843 0.615798 0.438843 0.615414 0.439256 0.615414 0.439669 0.615031 0.440083 0.615031 0.440496 0.614647 0.441322 0.614647 0.441736 0.614264 0.442149 0.614264 0.442562 0.61388 0.443388 0.61388 0.443802 0.613497 0.444215 0.613497 0.445041 0.61273 0.445455 0.61273 0.445868 0.612347 0.447521 0.612347 0.447934 0.611963 0.448347 0.611963 0.44876 0.61158 0.449587 0.61158 0.45 0.611196 0.450413 0.611196 0.450826 0.610813 0.45124 0.610813 0.451653 0.610429 0.452479 0.610429 0.452893 0.610046 0.453306 0.610046 0.453719 0.609663 0.454545 0.609663 0.454959 0.609279 0.455372 0.609279 0.455785 0.608896 0.456612 0.608896 0.457025 0.608512 0.457438 0.608512 0.457851 0.608129 0.458678 0.608129 0.459091 0.607745 0.459504 0.607745 0.459917 0.607362 0.460331 0.607362 0.460744 0.606979 0.46157 0.606979 0.461983 0.606595 0.462397 0.606595 0.46281 0.606212 0.463636 0.606212 0.46405 0.605828 0.464463 0.605828 0.464876 0.605445 0.465702 0.605445 0.466116 0.605061 0.466529 0.605061 0.466942 0.604678 0.467769 0.604678 0.468182 0.604294 0.468595 0.604294 0.469008 0.603911 0.469835 0.603911 0.470248 0.603528 0.470661 0.603528 0.471074 0.603144 0.471488 0.603144 0.471901 0.602761 0.472727 0.602761 0.47314 0.602377 0.473554 0.602377 0.473967 0.601994 0.474793 0.601994 0.475207 0.60161 0.47562 0.60161 0.476033 0.601227 0.47686 0.601227 0.477273 0.600844 0.477686 0.600844 0.478099 0.60046 0.478926 0.60046 0.479339 0.600077 0.479752 0.600077 0.480165 0.599693 0.480579 0.599693 0.480992 0.59931 0.481818 0.59931 0.482231 0.598926 0.482645 0.598926 0.483058 0.598543 0.483884 0.598543 0.484298 0.59816 0.484711 0.59816 0.485124 0.597776 0.48595 0.597776 0.486364 0.597393 0.486777 0.597393 0.48719 0.597009 0.488017 0.597009 0.48843 0.596626 0.488843 0.597009 0.489256 0.596626 0.490083 0.596626 0.490496 0.596242 0.490909 0.596242 0.491322 0.595859 0.491736 0.595859 0.492149 0.596242 0.492149 0.597009 0.492562 0.597009 0.492975 0.597393 0.492975 0.597776 0.493388 0.59816 0.493388 0.598543 0.493802 0.598926 0.493802 0.59931 0.494215 0.598926 0.494628 0.598926 0.495041 0.598543 0.495868 0.598543 0.496281 0.59816 0.496694 0.59816 0.497107 0.597776 0.497934 0.597776 0.498347 0.597393 0.49876 0.597393 0.499174 0.597009 0.5 0.597009 0.500413 0.596626 0.500826 0.596626 0.50124 0.596242 0.502066 0.596242 0.502479 0.595859 0.502893 0.595859 0.503306 0.595475 0.504132 0.595475 0.504545 0.595092 0.504959 0.595092 0.505372 0.594709 0.505785 0.594709 0.506198 0.594325 0.507025 0.594325 0.507438 0.593942 0.507851 0.593942 0.507851 0.593558 0.508264 0.593175 0.508678 0.593175 0.508678 0.591641 0.509091 0.591258 0.509091 0.590874 0.509504 0.590491 0.509504 0.589724 0.510331 0.588957 0.510331 0.58819 0.510744 0.587807 0.510744 0.58704 0.511157 0.586656 0.511157 0.58589 0.510744 0.585506 0.510744 0.584739 0.510331 0.584356 0.510331 0.583972 0.509917 0.583589 0.509917 0.582822 0.509504 0.582439 0.509504 0.582055 0.509091 0.581672 0.509091 0.580905 0.508678 0.580521 0.508678 0.580138 0.507851 0.580138 0.507438 0.580521 0.506612 0.580521 0.506198 0.580905 0.505785 0.580905 0.505372 0.581288 0.504545 0.581288 0.504132 0.581672 0.502479 0.581672 0.502066 0.582055 0.501653 0.582055 0.50124 0.582439 0.499587 0.582439 0.499174 0.582055 0.499174 0.581672 0.49876 0.581288 0.49876 0.580905 0.498347 0.580521 0.498347 0.580138 0.497934 0.579755 0.497934 0.578988 0.497521 0.578604 0.497521 0.578221 0.497107 0.577837 0.497107 0.577071 0.496694 0.576687 0.496694 0.576304 0.496281 0.57592 0.496281 0.575153 0.495868 0.57477 0.495868 0.574387 0.495455 0.574003 0.495455 0.573236 0.495041 0.572853 0.495041 0.572469 0.494628 0.572086 0.494628 0.571702 0.494215 0.571319 0.494215 0.570552 0.493802 0.570169 0.493802 0.569785 0.493388 0.569402 0.493388 0.568635 0.492975 0.568252 0.492975 0.567868 0.492562 0.567485 0.492562 0.566718 0.492149 0.566334 0.492149 0.565951 0.491736 0.565567 0.491736 0.564801 0.491322 0.564417 0.491322 0.564034 0.490909 0.56365 0.490909 0.562883 0.490496 0.5625 0.490496 0.562117 0.490083 0.561733 0.490083 0.56135 0.489669 0.560966 0.489669 0.560199 0.489256 0.559816 0.489256 0.559433 0.488843 0.559049 0.488843 0.558666 0.489256 0.558282 0.488843 0.557899 0.488843 0.557515 0.48843 0.557132 0.48843 0.556365 0.488017 0.555982 0.488017 0.555598 0.487603 0.555215 0.487603 0.554448 0.48719 0.554064 0.48719 0.553681 0.486777 0.553298 0.486777 0.552531 0.486364 0.552147 0.486364 0.551764 0.48595 0.55138 0.48595 0.550613 0.485537 0.55023 0.485537 0.549847 0.485124 0.549463 0.485124 0.54908 0.484711 0.548696 0.484711 0.547929 0.484298 0.547546 0.484298 0.547163 0.483884 0.546779 0.483884 0.546012 0.483471 0.546012 0.483058 0.545629 0.483058 0.545245 0.482645 0.544862 0.482645 0.544095 0.482231 0.543712 0.482231 0.543328 0.481818 0.542945 0.481818 0.542561 0.481405 0.542178 0.481405 0.541411 0.480992 0.541028 0.480992 0.540644 0.480579 0.540261 0.480579 0.539494 0.480165 0.53911 0.480992 0.538344 0.480992 0.53796 0.481405 0.537577 0.481818 0.537577 0.482231 0.537193 0.483058 0.537193 0.483471 0.53681 0.483884 0.53681 0.484298 0.536426 0.484711 0.536426 0.485124 0.536043 0.48595 0.536043 0.486364 0.53566 0.486777 0.53566 0.48719 0.535276 0.488017 0.535276 0.48843 0.534893 0.488843 0.534893 0.489256 0.534509 0.490083 0.534509 0.490496 0.534126 0.490909 0.534126 0.491322 0.533742 0.491736 0.533742 0.491736 0.533359 0.491322 0.532975 0.491322 0.532592 0.490909 0.532209 0.490909 0.531442 0.490496 0.531058 0.490496 0.530675 0.490083 0.530291 0.490083 0.529908 0.489669 0.529525 0.489669 0.528758 0.489256 0.528374 0.489256 0.527991 0.488843 0.527607 0.488843 0.52684 0.48843 0.526457 0.48843 0.526074 0.488017 0.52569 0.488017 0.524923 0.487603 0.52454 0.487603 0.524156 0.48719 0.523773 0.48719 0.523006 0.486777 0.522623 0.486777 0.522239 0.486364 0.521856 0.486364 0.521089 0.48595 0.520706 0.48595 0.520322 0.485537 0.519939 0.485537 0.519555 0.485124 0.519172 0.485124 0.518405 0.484711 0.518021 0.484711 0.517638 0.484298 0.517255 0.484298 0.516488 0.483884 0.516104 0.483884 0.515721 0.482645 0.515721 0.482231 0.515337 0.482231 0.514954 0.481818 0.514571 0.481818 0.513804 0.481405 0.514187 0.480992 0.513804 0.480992 0.513037 0.480579 0.512653 0.480579 0.51227 0.480165 0.511887 0.480165 0.51112 0.479752 0.510736 0.479752 0.510353 0.479339 0.509969 0.479339 0.509202 0.478926 0.508819 0.478926 0.508436 0.478512 0.508052 0.478512 0.507669 0.478099 0.507285 0.478099 0.506518 0.477686 0.506135 0.477686 0.505752 0.477273 0.505368 0.477273 0.504601 0.47686 0.504218 0.47686 0.503834 0.476446 0.503451 0.476446 0.501917 0.476033 0.501534 0.476033 0.500767 0.47562 0.500767 0.475207 0.500383 0.475207 0.5 0.474793 0.5 0.47438 0.499617 0.473967 0.499617 0.47314 0.49885 0.47314 0.498466 0.472727 0.498083 0.472727 0.497316 0.472314 0.496933 0.472314 0.496549 0.471901 0.496166 0.471901 0.495399 0.471488 0.495015 0.471488 0.494632 0.471074 0.494248 0.471074 0.493482 0.470661 0.493098 0.470661 0.492715 0.470248 0.492331 0.470248 0.491564 0.469835 0.491181 0.469835 0.490798 0.469421 0.490414 0.469421 0.490031 0.469008 0.489647 0.469008 0.48888 0.468595 0.488497 0.468595 0.488113 0.468182 0.48773 0.468182 0.486963 0.467769 0.48658 0.467769 0.486196 0.467355 0.485813 0.467355 0.485046 0.466942 0.484663 0.466942 0.484279 0.466529 0.483896 0.466529 0.483129 0.466116 0.482745 0.466116 0.482362 0.465702 0.481979 0.465702 0.481595 0.465289 0.481212 0.465289 0.480445 0.464876 0.480061 0.464876 0.479678 0.464463 0.479294 0.464463 0.478528 0.46405 0.478144 0.46405 0.477761 0.463636 0.477377 0.463636 0.47661 0.463223 0.476227 0.463223 0.475844 0.46281 0.47546 0.46281 0.474693 0.462397 0.47431 0.462397 0.473926 0.461983 0.473543 0.461983 0.472776 0.46157 0.472393 0.46157 0.472009 0.461157 0.471626 0.461157 0.471242 0.460744 0.470859 0.460744 0.470092 0.460331 0.469709 0.460331 0.469325 0.459917 0.468942 0.459917 0.468175 0.459504 0.467791 0.459504 0.467408 0.459091 0.467025 0.459091 0.466258 0.458678 0.465874 0.458678 0.465491 0.458264 0.465107 0.458264 0.46434 0.457851 0.463957 0.457851 0.463574 0.457438 0.46319 0.457438 0.462807 0.457025 0.462423 0.457025 0.461656 0.456612 0.461273 0.456612 0.46089 0.456198 0.460506 0.456198 0.459739 0.455785 0.459356 0.455785 0.458972 0.456198 0.458589 0.456198 0.458206 0.455785 0.458206 0.454959 0.457439 0.454959 0.457055 0.454545 0.456672 0.454545 0.455905 0.454132 0.455521 0.454545 0.455138 0.454545 0.454755 0.454132 0.454755 0.453719 0.454371 0.454132 0.453988 0.454132 0.453604 0.453719 0.453604 0.452893 0.452837 0.452893 0.452454 0.452479 0.452071 0.452479 0.451304 0.452893 0.45092 0.452893 0.450537 0.452479 0.45092 0.451653 0.450153 0.451653 0.449387 0.45124 0.449003 0.45124 0.44862 0.450826 0.448236 0.450826 0.447469 0.450413 0.447086 0.450413 0.446702 0.45 0.446319 0.45 0.445552 0.449587 0.445169 0.45 0.444785 0.45 0.444402 0.449587 0.444402 0.44876 0.443635 0.44876 0.442868 0.448347 0.442485 0.448347 0.442101 0.447934 0.441718 0.447934 0.441334 0.448347 0.440951 0.448347 0.440567 0.447934 0.440567 0.447107 0.439801 0.447107 0.439417 0.447521 0.439034 0.447934 0.439034 0.447521 0.43865 0.447107 0.43865 0.446281 0.437883 0.446281 0.437117 0.445868 0.436733 0.445868 0.43635 0.445455 0.435966 0.445455 0.435583 0.445868 0.435199 0.445868 0.434433 0.445041 0.434433 0.444628 0.434049 0.445041 0.433666 0.445455 0.433666 0.445455 0.433282 0.445041 0.432899 0.445041 0.432515 0.444628 0.432132 0.444215 0.432515 0.443802 0.432132 0.443802 0.431748 0.443388 0.431365 0.443388 0.430598 0.442975 0.430215 0.442975 0.429831 0.442562 0.429448 0.442562 0.428681 0.442149 0.428298 0.442149 0.427914 0.441736 0.427531 0.441736 0.426764 0.441322 0.42638 0.441322 0.425997 0.440909 0.425613 0.440909 0.42523 0.440496 0.424847 0.440496 0.42408 0.440083 0.423696 0.440083 0.423313 0.439669 0.422929 0.439669 0.422163 0.439256 0.421779 0.439256 0.421396 0.438843 0.421012 0.438843 0.420245 0.43843 0.419862 0.43843 0.419479 0.438017 0.419095 0.438017 0.418328 0.437603 0.417945 0.437603 0.417561 0.43719 0.417178 0.43719 0.416411 0.436777 0.416028 0.436777 0.415644 0.436364 0.415261 0.436364 0.414877 0.43595 0.414494 0.43595 0.413727 0.435537 0.413344 0.435537 0.41296 0.435124 0.412577 0.435124 0.41181 0.434711 0.411426 0.434711 0.411043 0.434298 0.41066 0.434298 0.409893 0.433884 0.409509 0.433884 0.409126 0.433471 0.408742 0.433471 0.407975 0.433058 0.407592 0.433058 0.407209 0.432645 0.406825 0.432645 0.406442 0.432231 0.406058 0.432231 0.405291 0.431818 0.404908 0.431818 0.404525 0.431405 0.404141 0.431405 0.403374 0.430992 0.402991 0.430992 0.402607 0.430579 0.402224 0.430579 0.401457 0.430165 0.401074 0.430165 0.40069 0.429752 0.400307 0.429752 0.39954 0.429339 0.399156 0.429339 0.398773 0.428926 0.39839 0.428926 0.397623 0.428512 0.397239 0.428512 0.396856 0.428099 0.396472 0.428099 0.396089 0.427686 0.395706 0.427686 0.394939 0.427273 0.394555 0.427273 0.394172 0.42686 0.393788 0.42686 0.393405 0.427273 0.393021 0.427273 0.392638 0.42686 0.392638 0.426033 0.391871 0.426033 0.391104 0.42562 0.390721 0.426033 0.390337 0.426446 0.390337 0.426033 0.389954 0.42562 0.390337 0.425207 0.389954 0.425207 0.389187 0.424793 0.388804 0.424793 0.38842 0.42438 0.388037 0.42438 0.387653 0.423967 0.38727 0.423967 0.386503 0.42438 0.38612 0.42438 0.385736 0.423967 0.38612 0.42314 0.385353 0.423554 0.384969 0.423967 0.384969 0.423967 0.384586 0.42314 0.384586 0.422727 0.384202 0.422727 0.383819 0.422314 0.383436 0.422314 0.382669 0.421901 0.382285 0.421901 0.381902 0.421488 0.381518 0.421488 0.380752 0.421074 0.380368 0.421074 0.379985 0.420661 0.379601 0.420661 0.379218 0.420248 0.378834 0.420248 0.378067 0.419835 0.377684 0.419835 0.377301 0.419421 0.376917 0.419421 0.37615 0.419008 0.375767 0.419008 0.375383 0.418595 0.375 0.418595 0.374233 0.418182 0.37385 0.418182 0.373466 0.417769 0.373083 0.417769 0.372316 0.417355 0.371933 0.417355 0.371549 0.416942 0.371166 0.416942 0.370399 0.416529 0.370015 0.416529 0.369632 0.416116 0.369248 0.416116 0.368865 0.415702 0.368482 0.415702 0.368098 0.416116 0.367715 0.416116 0.366564
