0 0.777551 0.7548 0.777551 0.7568 0.777891 0.7568 0.777891 0.7548
0 0.778571 0.7392 0.778571 0.7396 0.779252 0.7396 0.779252 0.7392
0 0.779932 0.724 0.779932 0.7248 0.780272 0.7248 0.780272 0.724
0 0.780612 0.7076 0.780612 0.708 0.780952 0.708 0.780952 0.7076
0 0.782653 0.6868 0.782653 0.6876 0.782993 0.6876 0.782993 0.6868
0 0.782313 0.6844 0.782313 0.6848 0.782653 0.6852 0.782993 0.6852 0.782993 0.6844
0 0.783333 0.6804 0.783333 0.6808 0.783673 0.6808 0.783673 0.6804
0 0.783673 0.6756 0.783673 0.6764 0.784014 0.6764 0.784014 0.6756
0 0.783673 0.6712 0.783673 0.6716 0.784014 0.672 0.784354 0.672 0.784694 0.6724 0.784694 0.6728 0.785034 0.6728 0.785034 0.6716 0.784694 0.6716 0.784354 0.6712
0 0.785034 0.668 0.785034 0.6696 0.785374 0.6696 0.785374 0.6684
0 0.784014 0.6632 0.783673 0.6636 0.783673 0.664 0.784354 0.664 0.784354 0.6632
0 0.785714 0.658 0.785374 0.6584 0.785714 0.6584
0 0.785714 0.6512 0.785714 0.6516 0.786054 0.6516
0 0.786395 0.6452 0.786395 0.646 0.787075 0.646 0.787075 0.6456 0.786735 0.6452
0 0.786735 0.6412 0.786735 0.6416 0.787075 0.6416 0.787415 0.642 0.787075 0.6424 0.786395 0.6424 0.787075 0.6432 0.787075 0.6444 0.787415 0.6444 0.787415 0.6424 0.787755 0.642 0.787415 0.642 0.787075 0.6416 0.787075 0.6412
0 0.786395 0.6316 0.786395 0.632 0.787075 0.6328 0.787415 0.6328 0.787415 0.632 0.787075 0.632 0.786735 0.6316
0 0.788776 0.6192 0.788776 0.62 0.789456 0.62 0.789456 0.6192
0 0.789796 0.6136 0.789796 0.614 0.789456 0.6144 0.789456 0.6152 0.789116 0.6156 0.788776 0.6156 0.788776 0.6164 0.789796 0.6164 0.789796 0.6144 0.790136 0.614 0.790136 0.6136
0 0.790136 0.6096 0.790136 0.61 0.789796 0.6104 0.789796 0.6112 0.789456 0.6116 0.789456 0.612 0.790136 0.612 0.790136 0.6104 0.790476 0.61 0.790476 0.6096
0 0.789116 0.604 0.789116 0.6044 0.790136 0.6044 0.790136 0.604
0 0.790476 0.59 0.790476 0.5904 0.790136 0.5908 0.790816 0.5908 0.790816 0.59
0 0.792177 0.586 0.791497 0.5868 0.791837 0.5872 0.791837 0.5876 0.792177 0.5876 0.792177 0.5868 0.792517 0.5864
0 0.792177 0.5812 0.792177 0.5824 0.792517 0.5824 0.792857 0.582 0.792857 0.5816 0.792517 0.5816
0 0.790476 0.5796 0.790476 0.5804 0.790816 0.5804 0.790816 0.5796
0 0.791156 0.5772 0.791156 0.5776 0.791497 0.578 0.791837 0.578 0.792177 0.5776 0.792517 0.578 0.792857 0.578 0.792857 0.5776 0.792517 0.5772
0 0.792517 0.5688 0.792517 0.5692 0.792857 0.5692 0.792857 0.5688
0 0.793537 0.5644 0.793537 0.5652 0.793878 0.5652 0.793878 0.5644
0 0.793197 0.5596 0.793197 0.56 0.793537 0.5604 0.793878 0.56 0.793878 0.5596
0 0.792517 0.556 0.792177 0.5564 0.792177 0.5568 0.792517 0.5568 0.792857 0.5564 0.793197 0.5564 0.793197 0.556
0 0.793878 0.542 0.793878 0.5424 0.793537 0.5428 0.793878 0.5428 0.794218 0.5424
0 0.794898 0.5288 0.794898 0.5292 0.795238 0.5292 0.795238 0.5288
0 0.795238 0.5156 0.795238 0.516 0.795578 0.5164 0.795578 0.5156
0 0.795918 0.5048 0.795918 0.5052 0.796599 0.5052 0.796599 0.5048
0 0.797959 0.4932 0.797959 0.4936 0.798299 0.4936 0.798299 0.4932
0 0.797279 0.4904 0.797279 0.4908 0.797959 0.4908 0.797959 0.4904
0 0.79898 0.488 0.79898 0.4884 0.79932 0.4888 0.79932 0.4892 0.79966 0.4892 0.79966 0.488
0 0.798639 0.4732 0.798639 0.4736 0.79932 0.4736 0.79932 0.4732
0 0.790816 0.428 0.790816 0.4284 0.791497 0.4284 0.791497 0.428
0 0.796939 0.4276 0.796939 0.428 0.797619 0.428 0.797619 0.4276
0 0.787755 0.4268 0.787415 0.4272 0.787415 0.428 0.788095 0.428 0.788435 0.4276 0.788776 0.4276 0.789116 0.428 0.789116 0.4276 0.788776 0.4272 0.788776 0.4268
0 0.797279 0.426 0.797279 0.4264 0.797959 0.4264 0.797959 0.426
0 0.794898 0.4244 0.794898 0.4252 0.795578 0.4252 0.795578 0.4244
0 0.796259 0.424 0.796259 0.4248 0.796939 0.4248 0.796939 0.4244 0.796599 0.424
0 0.788435 0.424 0.788435 0.4244 0.788776 0.4244 0.788776 0.424
0 0.804762 0.4232 0.804422 0.4236 0.804422 0.424 0.804762 0.424 0.805102 0.4244 0.805442 0.4244 0.805442 0.4236 0.805102 0.4232
0 0.790816 0.4232 0.790816 0.4236 0.791156 0.4236 0.791156 0.4232
0 0.778571 0.4232 0.778571 0.4236 0.778912 0.424 0.779252 0.424 0.779252 0.4236 0.778912 0.4236
0 0.785714 0.4224 0.785714 0.4228 0.786054 0.4228 0.786054 0.4224
0 0.789796 0.422 0.789796 0.4224 0.790476 0.4224 0.790476 0.422
0 0.787075 0.4216 0.787075 0.422 0.787755 0.422 0.787755 0.4216
0 0.783673 0.4216 0.783673 0.422 0.784354 0.422 0.784354 0.4216
0 0.786054 0.4212 0.786054 0.4216 0.786395 0.4216 0.786395 0.4212
0 0.784014 0.4196 0.784014 0.42 0.784354 0.4204 0.784694 0.4204 0.784694 0.42 0.784354 0.4196
0 0.778231 0.4188 0.778231 0.4196 0.778912 0.4196 0.778912 0.4192 0.778571 0.4188
0 0.788776 0.4184 0.788435 0.4188 0.788435 0.4192 0.788776 0.4192
0 0.781633 0.4184 0.781633 0.4188 0.781973 0.4188 0.781973 0.4184
0 0.793197 0.418 0.793197 0.4184 0.793537 0.4184 0.793537 0.418
0 0.791497 0.418 0.790816 0.4188 0.791497 0.4188
0 0.783333 0.4168 0.783333 0.4172 0.783673 0.4172 0.783673 0.4168
0 0.779592 0.4168 0.779592 0.418 0.780272 0.418 0.780612 0.4176 0.780612 0.4172 0.780272 0.4168
0 0.796259 0.4164 0.796259 0.4168 0.796599 0.4168 0.796599 0.4164
0 0.786054 0.4164 0.786054 0.4172 0.786395 0.4176 0.786395 0.418 0.786054 0.4184 0.786054 0.4192 0.785714 0.4196 0.785714 0.42 0.786054 0.4204 0.786735 0.4204 0.786735 0.42 0.786395 0.4196 0.786395 0.4184 0.786735 0.418 0.786735 0.4164
0 0.787415 0.416 0.787415 0.4164 0.788095 0.4164 0.788095 0.416
0 0.784694 0.416 0.784694 0.4168 0.785374 0.4168 0.785374 0.4164 0.785034 0.416
0 0.792517 0.4156 0.792517 0.416 0.792857 0.4164 0.792857 0.4172 0.793537 0.4172 0.793537 0.4168 0.793197 0.4168 0.792857 0.4164 0.792857 0.416
0 0.803741 0.4152 0.803401 0.4156 0.804082 0.4164 0.804082 0.4172 0.804422 0.4172 0.804422 0.4168 0.804762 0.4164 0.804762 0.416 0.804082 0.416 0.803741 0.4156 0.804082 0.4152
0 0.797619 0.4152 0.797619 0.4156 0.797959 0.4156 0.797959 0.4152
0 0.780952 0.4148 0.780952 0.4152 0.781293 0.4156 0.781973 0.4156 0.781973 0.4148
0 0.788776 0.4144 0.788435 0.4148 0.789116 0.4148 0.789456 0.4152 0.789456 0.4144
0 0.782993 0.4144 0.782993 0.4148 0.783673 0.4148 0.783673 0.4144
0 0.795918 0.414 0.795918 0.4144 0.796259 0.4148 0.796599 0.4144 0.796259 0.4144
0 0.793197 0.414 0.793197 0.4144 0.793537 0.4144 0.793537 0.414
0 0.791156 0.4136 0.791156 0.4144 0.791497 0.414 0.791497 0.4136
0 0.790136 0.4136 0.790136 0.4144 0.790476 0.414 0.790476 0.4136
0 0.781633 0.4136 0.781293 0.414 0.781973 0.414 0.782313 0.4136
0 0.788435 0.4132 0.788435 0.4136 0.788776 0.4136 0.788776 0.4132
0 0.778231 0.4132 0.778231 0.4136 0.777891 0.414 0.778571 0.414 0.778912 0.4136 0.778571 0.4132
0 0.779592 0.4128 0.779592 0.4136 0.779932 0.4136 0.780272 0.4132 0.780272 0.4128
0 0.609184 0.4056 0.609184 0.4064 0.609524 0.4064 0.609864 0.4068 0.610204 0.4064 0.610544 0.4064 0.610544 0.4056 0.609864 0.4056 0.609524 0.406
0 0.578571 0.4036 0.578571 0.4044 0.578912 0.4044 0.579252 0.4048 0.579252 0.404 0.578912 0.4036
0 0.528231 0.3824 0.528231 0.3828 0.527891 0.3832 0.528571 0.3832 0.528912 0.3828 0.528571 0.3824
0 0.387075 0.366 0.387075 0.3664 0.386735 0.3668 0.386735 0.3676 0.386395 0.368 0.386395 0.3688 0.386054 0.3692 0.383333 0.3692 0.382993 0.3688 0.379932 0.3688 0.379592 0.3684 0.379252 0.3684 0.378912 0.3688 0.376871 0.3688 0.376531 0.3684 0.37551 0.3684 0.37517 0.3688 0.37449 0.3688 0.37381 0.3696 0.373469 0.3696 0.372789 0.3704 0.372789 0.3736 0.372449 0.374 0.372449 0.3776 0.372109 0.378 0.372109 0.3784 0.372449 0.3788 0.372449 0.3812 0.372109 0.3816 0.369388 0.3816 0.369048 0.3812 0.367687 0.3812 0.367347 0.3808 0.365986 0.3808 0.365646 0.3804 0.364626 0.3804 0.364286 0.3808 0.363605 0.3808 0.363605 0.3812 0.362925 0.382 0.362925 0.3828 0.362585 0.3832 0.361905 0.3832 0.361565 0.3836 0.361565 0.3844 0.361224 0.3848 0.360884 0.3848 0.360544 0.3852 0.358844 0.3852 0.358503 0.3848 0.355782 0.3848 0.355442 0.3844 0.354422 0.3844 0.354082 0.3848 0.352381 0.3848 0.352041 0.3844 0.34898 0.3844 0.348639 0.384 0.346599 0.384 0.346259 0.3844 0.346259 0.388 0.345918 0.3884 0.345918 0.392 0.345578 0.3924 0.345578 0.396 0.345238 0.3964 0.345238 0.4 0.344898 0.4004 0.344898 0.404 0.344558 0.4044 0.344558 0.408 0.344218 0.4084 0.344218 0.412 0.343878 0.4124 0.343878 0.416 0.343537 0.4164 0.343537 0.42 0.343197 0.4204 0.343197 0.424 0.342857 0.4244 0.342857 0.428 0.342517 0.4284 0.342517 0.432 0.342177 0.4324 0.342177 0.436 0.341837 0.4364 0.341837 0.44 0.341497 0.4404 0.341497 0.444 0.341156 0.4444 0.341156 0.4476 0.340816 0.448 0.340816 0.4516 0.340476 0.452 0.340476 0.4556 0.340136 0.456 0.340136 0.4596 0.339796 0.46 0.339796 0.4636 0.339456 0.464 0.339456 0.4676 0.339116 0.468 0.339116 0.4716 0.338776 0.472 0.338776 0.4756 0.338435 0.476 0.338435 0.4796 0.338095 0.48 0.338095 0.4836 0.337755 0.484 0.337755 0.4876 0.337415 0.488 0.337415 0.4916 0.337075 0.492 0.337075 0.4956 0.336735 0.496 0.336735 0.4996 0.336395 0.5 0.336395 0.5036 0.336054 0.504 0.336054 0.5076 0.335714 0.508 0.335714 0.5116 0.335374 0.512 0.335374 0.5124 0.335714 0.5128 0.335714 0.5156 0.335374 0.516 0.335374 0.5196 0.335034 0.52 0.335034 0.5232 0.334694 0.5236 0.334694 0.5272 0.334354 0.5276 0.334354 0.5312 0.334014 0.5316 0.334014 0.5352 0.333673 0.5356 0.333673 0.5388 0.334014 0.5392 0.333673 0.5396 0.333673 0.5432 0.333333 0.5436 0.333333 0.5472 0.332993 0.5476 0.332993 0.5512 0.332653 0.5516 0.332653 0.5552 0.332313 0.5556 0.332313 0.5592 0.331973 0.5596 0.331973 0.5632 0.331633 0.5636 0.331633 0.5672 0.331293 0.5676 0.331293 0.5712 0.330952 0.5716 0.330952 0.5752 0.330612 0.5756 0.330612 0.5792 0.330272 0.5796 0.330272 0.5832 0.329932 0.5836 0.329932 0.5872 0.329592 0.5876 0.329592 0.5912 0.329252 0.5916 0.329252 0.5952 0.328912 0.5956 0.328912 0.5988 0.328571 0.5992 0.328571 0.5996 0.328912 0.6 0.328912 0.6028 0.328571 0.6032 0.328571 0.6068 0.328231 0.6072 0.328231 0.6108 0.327891 0.6112 0.327891 0.6148 0.327551 0.6152 0.327551 0.6188 0.327211 0.6192 0.327211 0.6228 0.326871 0.6232 0.326871 0.6268 0.326531 0.6272 0.326531 0.6308 0.32619 0.6312 0.32619 0.6348 0.32585 0.6352 0.32585 0.6388 0.32551 0.6392 0.32551 0.6428 0.32517 0.6432 0.32517 0.6468 0.32483 0.6472 0.32483 0.6508 0.32449 0.6512 0.32449 0.6548 0.32415 0.6552 0.32415 0.6588 0.32381 0.6592 0.32381 0.66 0.32415 0.6604 0.32415 0.6628 0.32381 0.6632 0.32381 0.6668 0.323469 0.6672 0.323469 0.6708 0.323129 0.6712 0.323129 0.6744 0.322789 0.6748 0.322789 0.6784 0.322449 0.6788 0.322449 0.6824 0.322109 0.6828 0.322109 0.6864 0.321769 0.6868 0.321769 0.6904 0.321429 0.6908 0.321429 0.6916 0.321769 0.692 0.321769 0.6944 0.321429 0.6948 0.321429 0.6984 0.321088 0.6988 0.321088 0.7024 0.320748 0.7028 0.320748 0.7064 0.320408 0.7068 0.320408 0.7104 0.320068 0.7108 0.320068 0.7136 0.320408 0.714 0.320408 0.7144 0.320068 0.7148 0.319728 0.7148 0.319728 0.7184 0.319388 0.7188 0.319388 0.7224 0.319048 0.7228 0.319048 0.7264 0.318707 0.7268 0.318707 0.7304 0.318367 0.7308 0.318367 0.7344 0.318027 0.7348 0.318027 0.7384 0.317687 0.7388 0.317687 0.7424 0.317347 0.7428 0.317687 0.7432 0.317687 0.7464 0.317347 0.7468 0.317347 0.7504 0.317007 0.7508 0.317007 0.754 0.316667 0.7544 0.316667 0.758 0.316327 0.7584 0.316327 0.762 0.315986 0.7624 0.315986 0.766 0.315646 0.7664 0.315646 0.77 0.315306 0.7704 0.315306 0.774 0.314966 0.7744 0.314966 0.778 0.314626 0.7784 0.314626 0.782 0.314286 0.7824 0.314286 0.7844 0.314626 0.7848 0.314626 0.786 0.314286 0.7864 0.314286 0.79 0.313946 0.7904 0.313946 0.794 0.313605 0.7944 0.313605 0.798 0.313265 0.7984 0.313265 0.802 0.312925 0.8024 0.312925 0.806 0.312585 0.8064 0.312585 0.81 0.312245 0.8104 0.312245 0.814 0.311905 0.8144 0.311905 0.818 0.311565 0.8184 0.311565 0.822 0.311224 0.8224 0.311224 0.826 0.310884 0.8264 0.310884 0.8296 0.310544 0.83 0.310544 0.8336 0.310204 0.834 0.310204 0.8376 0.309864 0.838 0.309864 0.8416 0.309524 0.842 0.309524 0.8444 0.309864 0.8448 0.309864 0.8456 0.309524 0.846 0.309524 0.8496 0.309184 0.85 0.309184 0.8536 0.308844 0.854 0.308844 0.8576 0.308503 0.858 0.308503 0.8616 0.308163 0.862 0.308163 0.8656 0.307823 0.866 0.307823 0.8696 0.307483 0.87 0.307483 0.8736 0.307143 0.874 0.307143 0.8776 0.306803 0.878 0.306803 0.8816 0.306463 0.882 0.306463 0.8856 0.306122 0.886 0.306122 0.8896 0.305782 0.89 0.305782 0.8936 0.305442 0.894 0.305442 0.8976 0.305102 0.898 0.305102 0.8996 0.305442 0.9 0.305442 0.9016 0.305102 0.902 0.305102 0.9056 0.304762 0.906 0.304762 0.9092 0.304422 0.9096 0.304422 0.9132 0.304082 0.9136 0.304082 0.9172 0.303741 0.9176 0.303741 0.9212 0.303401 0.9216 0.303401 0.9252 0.303061 0.9256 0.303061 0.9292 0.302721 0.9296 0.302721 0.9332 0.302381 0.9336 0.302381 0.9372 0.302041 0.9376 0.302041 0.9452 0.301701 0.9456 0.301701 0.9492 0.301361 0.9496 0.301361 0.9532 0.30102 0.9536 0.30102 0.9572 0.30068 0.9576 0.3 0.9576 0.29966 0.958 0.29898 0.958 0.298639 0.9584 0.298299 0.9584 0.297959 0.9588 0.297279 0.9588 0.297279 0.9608 0.296939 0.9612 0.296939 0.9648 0.296599 0.9652 0.296599 0.9688 0.296259 0.9692 0.296259 0.9728 0.295918 0.9732 0.295918 0.9768 0.295578 0.9772 0.295578 0.9804 0.295918 0.9804 0.296259 0.9808 0.29932 0.9808 0.29966 0.9812 0.302721 0.9812 0.303061 0.9816 0.306122 0.9816 0.306463 0.982 0.309524 0.982 0.309864 0.9824 0.312925 0.9824 0.313265 0.9828 0.316327 0.9828 0.316667 0.9832 0.319728 0.9832 0.320068 0.9836 0.323129 0.9836 0.323469 0.984 0.326531 0.984 0.326871 0.9844 0.329932 0.9844 0.330272 0.9848 0.333333 0.9848 0.333673 0.9852 0.336395 0.9852 0.336735 0.9856 0.339796 0.9856 0.340136 0.986 0.343197 0.986 0.343537 0.9864 0.346599 0.9864 0.346939 0.9868 0.35 0.9868 0.35034 0.9872 0.353401 0.9872 0.353741 0.9876 0.356803 0.9876 0.357143 0.988 0.360204 0.988 0.360544 0.9884 0.363605 0.9884 0.363946 0.9888 0.367007 0.9888 0.367347 0.9892 0.370408 0.9892 0.370748 0.9896 0.37381 0.9896 0.37415 0.99 0.377211 0.99 0.377551 0.9904 0.380612 0.9904 0.380952 0.9908 0.384014 0.9908 0.384354 0.9912 0.387415 0.9912 0.387755 0.9916 0.390816 0.9916 0.391156 0.992 0.394218 0.992 0.394558 0.9924 0.397279 0.9924 0.397619 0.9928 0.40068 0.9928 0.40102 0.9932 0.404082 0.9932 0.404422 0.9936 0.407483 0.9936 0.407823 0.994 0.410884 0.994 0.411224 0.9944 0.414286 0.9944 0.414626 0.9948 0.417687 0.9948 0.418027 0.9952 0.421088 0.9952 0.421429 0.9956 0.42449 0.9956 0.42483 0.996 0.427891 0.996 0.428231 0.9964 0.431293 0.9964 0.431633 0.9968 0.434694 0.9968 0.435034 0.9972 0.438095 0.9972 0.438435 0.9976 0.441497 0.9976 0.441837 0.998 0.444898 0.998 0.445238 0.9984 0.448299 0.9984 0.448639 0.9988 0.451701 0.9988 0.452041 0.9992 0.455102 0.9992 0.455442 0.9996 0.757143 0.9996 0.757143 0.9964 0.757483 0.996 0.757483 0.9924 0.757823 0.992 0.757823 0.9884 0.758163 0.988 0.758163 0.9844 0.758503 0.984 0.758503 0.9804 0.758844 0.98 0.758844 0.9764 0.759184 0.976 0.759184 0.9724 0.759524 0.972 0.759524 0.9684 0.759864 0.968 0.759864 0.9644 0.760204 0.964 0.760204 0.9604 0.760544 0.96 0.760544 0.9564 0.760884 0.956 0.760884 0.9524 0.761224 0.952 0.761224 0.9488 0.761565 0.9484 0.761565 0.9448 0.761905 0.9444 0.761905 0.9408 0.762245 0.9404 0.762245 0.9368 0.762585 0.9364 0.762585 0.9328 0.762925 0.9324 0.762925 0.9288 0.763265 0.9284 0.763265 0.9248 0.763605 0.9244 0.763605 0.9208 0.763946 0.9204 0.763946 0.9168 0.764286 0.9164 0.764286 0.9128 0.764626 0.9124 0.764626 0.9088 0.764966 0.9084 0.764966 0.9048 0.765306 0.9044 0.765306 0.9008 0.765646 0.9004 0.765646 0.8968 0.765986 0.8964 0.765986 0.8928 0.766327 0.8924 0.766327 0.8888 0.766667 0.8884 0.766667 0.8848 0.767007 0.8844 0.767007 0.8808 0.767347 0.8804 0.767347 0.8772 0.767687 0.8768 0.767687 0.8732 0.768027 0.8728 0.768027 0.8692 0.768367 0.8688 0.768367 0.8652 0.768707 0.8648 0.768707 0.8612 0.769048 0.8608 0.769048 0.8572 0.769388 0.8568 0.769388 0.8532 0.769728 0.8528 0.769728 0.8492 0.770068 0.8488 0.770068 0.8452 0.770408 0.8448 0.770408 0.8412 0.770748 0.8408 0.770748 0.8372 0.771088 0.8368 0.771088 0.8332 0.771429 0.8328 0.771429 0.8292 0.771769 0.8288 0.771769 0.8252 0.772109 0.8248 0.772109 0.8212 0.772449 0.8208 0.772449 0.8172 0.772789 0.8168 0.772789 0.8132 0.773129 0.8128 0.773129 0.8092 0.773469 0.8088 0.773469 0.8056 0.77381 0.8052 0.77381 0.8016 0.77415 0.8012 0.77415 0.7976 0.77449 0.7972 0.77449 0.7936 0.77483 0.7932 0.77483 0.7896 0.77517 0.7892 0.77517 0.7856 0.77551 0.7852 0.77551 0.7816 0.77585 0.7812 0.77585 0.7776 0.77619 0.7772 0.77619 0.7768 0.77585 0.7768 0.77585 0.7772 0.77551 0.7776 0.77517 0.7772 0.77517 0.7764 0.77483 0.776 0.77483 0.7748 0.77517 0.7744 0.77551 0.7744 0.77585 0.7748 0.77551 0.7752 0.77551 0.7756 0.77619 0.7756 0.77619 0.7744 0.77585 0.774 0.776531 0.7732 0.776531 0.7724 0.77619 0.7724 0.77585 0.7728 0.77551 0.7724 0.77551 0.7716 0.77585 0.7712 0.776531 0.7712 0.776531 0.7708 0.77585 0.7708 0.77551 0.7704 0.77551 0.77 0.77517 0.7696 0.77551 0.7692 0.77551 0.7688 0.77585 0.7684 0.77619 0.7684 0.776531 0.7688 0.776531 0.7692 0.776871 0.7692 0.776871 0.766 0.776531 0.766 0.776531 0.7668 0.77619 0.7672 0.77585 0.7668 0.77585 0.7656 0.77619 0.7652 0.77585 0.7648 0.776531 0.764 0.776531 0.7632 0.77619 0.7628 0.77619 0.7616 0.77585 0.7612 0.77619 0.7608 0.77619 0.7604 0.776531 0.76 0.776531 0.7592 0.776871 0.7588 0.777211 0.7588 0.777211 0.758 0.776531 0.758 0.77619 0.7576 0.776531 0.7572 0.776531 0.752 0.776871 0.7516 0.776871 0.75 0.776531 0.7496 0.776871 0.7492 0.776871 0.7488 0.777211 0.7484 0.777211 0.7476 0.777551 0.7472 0.778231 0.748 0.778571 0.748 0.778571 0.7472 0.777891 0.7464 0.777891 0.746 0.777551 0.746 0.777551 0.7464 0.777211 0.7468 0.776871 0.7464 0.776871 0.7456 0.777551 0.7448 0.777551 0.744 0.777211 0.7436 0.777551 0.7432 0.777551 0.7392 0.777891 0.7388 0.777891 0.738 0.777551 0.7376 0.777891 0.7372 0.777891 0.7364 0.778231 0.736 0.778571 0.7364 0.778571 0.7372 0.778912 0.7372 0.778912 0.7368 0.778571 0.7364 0.778571 0.7352 0.777891 0.7344 0.778231 0.734 0.778912 0.734 0.778912 0.7332 0.779252 0.7328 0.779252 0.7324 0.778912 0.732 0.778912 0.7328 0.778571 0.7332 0.778231 0.7328 0.778231 0.73 0.778912 0.7292 0.778571 0.7288 0.778571 0.7256 0.778912 0.7252 0.778912 0.7232 0.779252 0.7228 0.779592 0.7228 0.779252 0.7224 0.779592 0.722 0.779932 0.722 0.780272 0.7216 0.780272 0.72 0.779592 0.7192 0.779252 0.7192 0.778912 0.7188 0.778912 0.718 0.779252 0.7176 0.779592 0.7176 0.778912 0.7168 0.779252 0.7164 0.779592 0.7164 0.779592 0.7156 0.778912 0.7148 0.778912 0.714 0.779252 0.7136 0.779592 0.7136 0.779592 0.7132 0.779252 0.7128 0.779252 0.7116 0.779592 0.7112 0.780272 0.712 0.780612 0.712 0.780612 0.7116 0.780272 0.7116 0.779592 0.7108 0.779932 0.7104 0.779932 0.71 0.780272 0.7096 0.780272 0.7088 0.779592 0.708 0.779592 0.706 0.779932 0.7056 0.779932 0.7044 0.780272 0.704 0.780272 0.7036 0.780612 0.7032 0.780952 0.7032 0.780952 0.7024 0.780612 0.7024 0.780272 0.702 0.780272 0.698 0.780612 0.6976 0.780612 0.6972 0.780952 0.6968 0.780952 0.6952 0.780612 0.6948 0.780612 0.694 0.780952 0.6936 0.781293 0.694 0.781633 0.6936 0.781633 0.6932 0.780952 0.6924 0.780952 0.692 0.781293 0.6916 0.781293 0.6904 0.780952 0.69 0.781293 0.6896 0.781293 0.6884 0.781973 0.6876 0.781973 0.6872 0.781293 0.6864 0.781293 0.686 0.781633 0.6856 0.781633 0.6828 0.781293 0.6824 0.781293 0.682 0.781633 0.6816 0.781633 0.6804 0.781973 0.68 0.782313 0.68 0.782313 0.6792 0.781973 0.6788 0.781973 0.6784 0.781633 0.678 0.781973 0.6776 0.781973 0.6768 0.782653 0.676 0.782653 0.6756 0.782313 0.6752 0.782993 0.6744 0.782993 0.674 0.782653 0.674 0.782313 0.6736 0.782313 0.672 0.782653 0.6716 0.782993 0.6716 0.782993 0.6708 0.782653 0.6704 0.782653 0.67 0.782993 0.6696 0.782993 0.6692 0.782653 0.6688 0.782653 0.666 0.782993 0.6656 0.782993 0.6624 0.783673 0.6616 0.783673 0.6612 0.783333 0.6608 0.783333 0.6584 0.784014 0.6576 0.784014 0.6564 0.784354 0.656 0.784694 0.656 0.784694 0.6556 0.784014 0.6556 0.783673 0.6552 0.783673 0.654 0.784014 0.6536 0.784014 0.65 0.784354 0.6496 0.784694 0.6496 0.785034 0.65 0.784694 0.6504 0.785374 0.6504 0.786054 0.6496 0.786395 0.6496 0.786054 0.6492 0.785714 0.6496 0.785034 0.6496 0.784694 0.6492 0.784694 0.6488 0.784354 0.6484 0.784354 0.648 0.784694 0.6476 0.785034 0.6476 0.785374 0.6472 0.785714 0.6472 0.786395 0.648 0.786735 0.6476 0.787075 0.6476 0.787075 0.6472 0.786735 0.6468 0.784694 0.6468 0.784354 0.6464 0.784354 0.646 0.784694 0.6456 0.784694 0.642 0.785034 0.6416 0.785034 0.6392 0.785374 0.6388 0.785714 0.6388 0.786054 0.6392 0.786054 0.64 0.786395 0.64 0.786735 0.6404 0.786735 0.6392 0.786054 0.6384 0.786395 0.638 0.786395 0.6372 0.786054 0.6372 0.786054 0.6376 0.785714 0.638 0.785374 0.6376 0.785374 0.6372 0.785034 0.6368 0.785374 0.6364 0.785714 0.6364 0.785714 0.6352 0.786054 0.6348 0.786735 0.6348 0.787075 0.6344 0.787415 0.6348 0.787415 0.6352 0.787755 0.6352 0.787755 0.6344 0.787415 0.634 0.787075 0.634 0.786735 0.6336 0.786054 0.6344 0.785714 0.634 0.785714 0.6304 0.786054 0.63 0.786395 0.63 0.786735 0.6296 0.787075 0.63 0.787075 0.6304 0.787415 0.63 0.788095 0.63 0.788095 0.6292 0.787755 0.6292 0.787415 0.6296 0.787075 0.6296 0.786735 0.6292 0.786395 0.6296 0.785714 0.6288 0.785714 0.628 0.786054 0.6276 0.787075 0.6276 0.787075 0.6272 0.786395 0.6264 0.786735 0.626 0.786735 0.6256 0.786395 0.6256 0.786054 0.6252 0.786054 0.624 0.786395 0.6236 0.786735 0.6236 0.786735 0.6228 0.786395 0.6224 0.786395 0.6216 0.786735 0.6212 0.786735 0.6208 0.786395 0.6204 0.786395 0.62 0.786735 0.6196 0.786735 0.6188 0.786395 0.6184 0.786735 0.618 0.786735 0.6176 0.787075 0.6172 0.787075 0.6164 0.786735 0.616 0.786735 0.6148 0.787075 0.6144 0.787075 0.6124 0.786735 0.612 0.786735 0.6116 0.787415 0.6108 0.787755 0.6108 0.787755 0.61 0.787415 0.6096 0.787415 0.6064 0.787755 0.606 0.788095 0.6064 0.788435 0.6064 0.788776 0.606 0.789116 0.606 0.789116 0.6056 0.788776 0.6056 0.788435 0.6052 0.788435 0.6044 0.788095 0.6044 0.787755 0.604 0.787755 0.6028 0.788095 0.6024 0.788435 0.6028 0.788435 0.6024 0.788776 0.602 0.789116 0.602 0.789456 0.6024 0.789796 0.6024 0.790136 0.602 0.790136 0.6016 0.790476 0.6012 0.790476 0.6004 0.790136 0.6 0.790476 0.5996 0.790476 0.5992 0.790816 0.5988 0.791156 0.5988 0.791156 0.5984 0.791497 0.598 0.791497 0.5968 0.791156 0.5968 0.790816 0.5964 0.790816 0.5956 0.791156 0.5952 0.791497 0.5952 0.791497 0.594 0.791497 0.5944 0.791156 0.5948 0.790136 0.5948 0.789456 0.5956 0.789456 0.596 0.789796 0.5964 0.789796 0.5968 0.789456 0.5972 0.789456 0.5976 0.789796 0.5976 0.790136 0.5972 0.790816 0.5972 0.791156 0.5976 0.791156 0.5984 0.790476 0.5992 0.790136 0.5988 0.789456 0.5988 0.789456 0.5992 0.789796 0.5992 0.790136 0.5996 0.789796 0.6 0.789456 0.6 0.789456 0.6004 0.789796 0.6008 0.789796 0.6012 0.789456 0.6016 0.789116 0.6012 0.788435 0.6012 0.788095 0.6008 0.788095 0.6004 0.788435 0.6 0.788435 0.5996 0.788095 0.5992 0.788095 0.5984 0.788435 0.598 0.788435 0.5972 0.788095 0.5968 0.788095 0.5948 0.788435 0.5944 0.788776 0.5948 0.788776 0.5944 0.789116 0.594 0.788435 0.5932 0.788776 0.5928 0.788776 0.592 0.789116 0.5916 0.789116 0.5912 0.788776 0.5912 0.788435 0.5908 0.788435 0.5904 0.788776 0.59 0.788776 0.5884 0.789116 0.588 0.789456 0.588 0.789456 0.5864 0.789116 0.586 0.789456 0.5856 0.789456 0.5848 0.789116 0.5844 0.789116 0.5832 0.790136 0.582 0.789796 0.582 0.789456 0.5816 0.789456 0.5788 0.790136 0.578 0.790136 0.576 0.789796 0.5756 0.789796 0.5744 0.790136 0.574 0.790136 0.5704 0.790476 0.57 0.790476 0.5664 0.791497 0.5652 0.791497 0.5648 0.791156 0.5648 0.790816 0.5644 0.790816 0.564 0.791156 0.5636 0.791497 0.5636 0.791497 0.5628 0.791156 0.5628 0.790816 0.5624 0.791156 0.562 0.791156 0.5612 0.791497 0.5608 0.791497 0.5604 0.791156 0.56 0.791156 0.5584 0.791497 0.558 0.791156 0.5576 0.791156 0.5564 0.791497 0.556 0.791497 0.5552 0.791837 0.5548 0.792177 0.5548 0.792517 0.5544 0.792517 0.554 0.792177 0.554 0.791497 0.5532 0.791497 0.5528 0.791837 0.5524 0.791837 0.5516 0.791497 0.5512 0.791497 0.5508 0.791837 0.5504 0.791837 0.5484 0.792177 0.548 0.792177 0.5472 0.791837 0.5468 0.792177 0.5464 0.792177 0.5436 0.792517 0.5432 0.792517 0.5424 0.792857 0.542 0.792857 0.5412 0.793197 0.5408 0.793537 0.5408 0.793537 0.54 0.793197 0.54 0.792857 0.5396 0.792517 0.5396 0.792177 0.5392 0.792517 0.5388 0.792517 0.5372 0.792857 0.5368 0.792857 0.536 0.792517 0.5356 0.792857 0.5352 0.792857 0.5344 0.793197 0.534 0.793878 0.534 0.793878 0.5336 0.793537 0.5332 0.793537 0.5328 0.793197 0.5328 0.792857 0.5324 0.792857 0.5308 0.793537 0.53 0.793537 0.5296 0.793197 0.5292 0.793197 0.5288 0.793537 0.5284 0.793878 0.5284 0.793878 0.5276 0.793537 0.5276 0.793197 0.5272 0.793197 0.5268 0.793537 0.5264 0.793537 0.526 0.793878 0.5256 0.794218 0.5256 0.794218 0.5252 0.793878 0.5248 0.793878 0.5236 0.793537 0.5232 0.793537 0.5228 0.793878 0.5224 0.793878 0.52 0.794218 0.5196 0.794218 0.5192 0.793878 0.5188 0.794218 0.5184 0.794218 0.5176 0.794558 0.5172 0.794558 0.5152 0.794218 0.5148 0.794558 0.5144 0.794558 0.5112 0.795238 0.5104 0.795918 0.5104 0.795918 0.51 0.795578 0.51 0.795238 0.5096 0.795238 0.5044 0.795578 0.504 0.795578 0.5032 0.795238 0.5032 0.794898 0.5028 0.795238 0.5024 0.795238 0.502 0.795578 0.5016 0.795918 0.502 0.796259 0.502 0.796259 0.5012 0.795578 0.5012 0.795238 0.5008 0.795578 0.5004 0.795918 0.5004 0.795918 0.498 0.796259 0.4976 0.796259 0.4964 0.796599 0.496 0.797279 0.496 0.797279 0.4956 0.796599 0.4956 0.796259 0.4952 0.796259 0.4944 0.795918 0.494 0.795918 0.4928 0.796259 0.4924 0.796599 0.4928 0.796599 0.4924 0.795918 0.4916 0.795918 0.4908 0.796259 0.4904 0.796259 0.49 0.796939 0.4892 0.796939 0.4888 0.796599 0.4888 0.796259 0.4884 0.796259 0.4876 0.796599 0.4872 0.796599 0.4852 0.796939 0.4848 0.796939 0.4832 0.797619 0.4824 0.797279 0.482 0.797619 0.4816 0.797959 0.4816 0.797959 0.4812 0.797619 0.4808 0.797619 0.4792 0.797279 0.4788 0.797279 0.478 0.797619 0.4776 0.797959 0.4776 0.798299 0.4772 0.798299 0.4768 0.797619 0.4768 0.797279 0.4764 0.797279 0.4756 0.797959 0.4748 0.797959 0.4744 0.797619 0.474 0.797619 0.4732 0.797959 0.4728 0.797959 0.4716 0.797619 0.4712 0.797959 0.4708 0.797959 0.4676 0.797619 0.4672 0.797959 0.4668 0.79898 0.4668 0.79898 0.4664 0.798299 0.4664 0.797959 0.466 0.798299 0.4656 0.798299 0.4652 0.798639 0.4648 0.79898 0.4648 0.79898 0.4644 0.798299 0.4636 0.798299 0.4632 0.798639 0.4628 0.798639 0.4624 0.798299 0.462 0.798639 0.4616 0.798639 0.4612 0.798299 0.4608 0.798639 0.4604 0.798639 0.46 0.79932 0.4592 0.79932 0.4588 0.79898 0.4588 0.798639 0.4584 0.79898 0.458 0.79898 0.4576 0.79932 0.4572 0.79966 0.4572 0.79966 0.4564 0.79898 0.4564 0.798639 0.456 0.79898 0.4556 0.79898 0.4552 0.79932 0.4548 0.79932 0.4532 0.79898 0.4528 0.79898 0.4516 0.79966 0.4508 0.79966 0.45 0.79932 0.4496 0.79932 0.4472 0.79966 0.4468 0.79966 0.446 0.79932 0.4456 0.79932 0.4432 0.79966 0.4428 0.8 0.4428 0.8 0.4392 0.80034 0.4388 0.80034 0.4364 0.8 0.436 0.80034 0.4356 0.80034 0.4352 0.80068 0.4348 0.80068 0.4344 0.80034 0.434 0.80034 0.4336 0.80068 0.4332 0.80068 0.4324 0.8 0.4324 0.79966 0.4328 0.79932 0.4324 0.79898 0.4324 0.798639 0.432 0.798639 0.4316 0.797959 0.4308 0.797959 0.43 0.797619 0.43 0.797619 0.4308 0.797279 0.4312 0.796939 0.4312 0.796599 0.4308 0.796599 0.4304 0.795918 0.4304 0.795918 0.4316 0.795578 0.432 0.795238 0.4316 0.794218 0.4316 0.793878 0.4312 0.793878 0.4308 0.792177 0.4308 0.791837 0.4304 0.792177 0.43 0.791837 0.4296 0.791837 0.4292 0.790476 0.4292 0.790476 0.43 0.791156 0.43 0.791497 0.4304 0.791156 0.4308 0.790816 0.4308 0.790476 0.4312 0.790136 0.4308 0.789796 0.4308 0.789456 0.4304 0.789116 0.4304 0.788776 0.4308 0.787755 0.4308 0.787075 0.43 0.786395 0.43 0.785714 0.4292 0.785714 0.4288 0.785374 0.4284 0.785374 0.428 0.785034 0.4276 0.784694 0.4276 0.784354 0.4272 0.784014 0.4272 0.783673 0.4268 0.783673 0.426 0.782313 0.426 0.781973 0.4256 0.780952 0.4256 0.780612 0.4252 0.780272 0.4252 0.779932 0.4256 0.779252 0.4256 0.778571 0.4248 0.778231 0.4252 0.777891 0.4248 0.777551 0.4248 0.777211 0.4244 0.777211 0.424 0.776871 0.424 0.776871 0.4248 0.776531 0.4252 0.77619 0.4248 0.77619 0.4244 0.77517 0.4232 0.77517 0.4216 0.77551 0.4212 0.77585 0.4212 0.77619 0.4216 0.776531 0.4212 0.776531 0.4204 0.776871 0.42 0.777551 0.42 0.777551 0.4196 0.77619 0.4196 0.77551 0.4188 0.77619 0.418 0.77619 0.4176 0.776531 0.4172 0.776871 0.4172 0.776871 0.4164 0.776531 0.4164 0.776531 0.4168 0.77619 0.4172 0.77585 0.4168 0.77585 0.414 0.77551 0.4136 0.77619 0.4128 0.776531 0.4128 0.776531 0.412 0.77619 0.412 0.77619 0.4128 0.77585 0.4132 0.77551 0.4128 0.77551 0.412 0.77517 0.412 0.77483 0.4116 0.772449 0.4116 0.772109 0.4112 0.769388 0.4112 0.769048 0.4108 0.765986 0.4108 0.765646 0.4104 0.762585 0.4104 0.762245 0.41 0.759184 0.41 0.758844 0.4096 0.755782 0.4096 0.755442 0.4092 0.752381 0.4092 0.752041 0.4088 0.74898 0.4088 0.748639 0.4084 0.745578 0.4084 0.745238 0.408 0.742177 0.408 0.741837 0.4076 0.738776 0.4076 0.738435 0.4072 0.735374 0.4072 0.735034 0.4068 0.731973 0.4068 0.731633 0.4064 0.728571 0.4064 0.728231 0.406 0.72517 0.406 0.72483 0.4056 0.721769 0.4056 0.721429 0.4052 0.718367 0.4052 0.718027 0.4048 0.714966 0.4048 0.714626 0.4044 0.711565 0.4044 0.711224 0.404 0.708503 0.404 0.708163 0.4036 0.705102 0.4036 0.704762 0.4032 0.701701 0.4032 0.701361 0.4028 0.698299 0.4028 0.697959 0.4024 0.694898 0.4024 0.694558 0.402 0.691497 0.402 0.691156 0.4016 0.688095 0.4016 0.687755 0.4012 0.684694 0.4012 0.684354 0.4008 0.681293 0.4008 0.680952 0.4004 0.677891 0.4004 0.677551 0.4 0.67449 0.4 0.67415 0.3996 0.671088 0.3996 0.670748 0.3992 0.667687 0.3992 0.667347 0.3988 0.664286 0.3988 0.663946 0.3984 0.660884 0.3984 0.660544 0.398 0.657483 0.398 0.657143 0.3976 0.654082 0.3976 0.653741 0.3972 0.65068 0.3972 0.65034 0.3968 0.647619 0.3968 0.647279 0.3964 0.644218 0.3964 0.643878 0.3968 0.642517 0.3968 0.642177 0.3964 0.642177 0.396 0.641497 0.396 0.641497 0.3964 0.641156 0.3968 0.640816 0.3968 0.640476 0.3964 0.638435 0.3964 0.638095 0.3968 0.637415 0.3968 0.637075 0.3964 0.634014 0.3964 0.633673 0.396 0.630612 0.396 0.630272 0.3956 0.627211 0.3956 0.626871 0.3952 0.62381 0.3952 0.623469 0.3948 0.622109 0.3948 0.621769 0.3952 0.621429 0.3952 0.621088 0.3956 0.620408 0.3956 0.620068 0.3952 0.619388 0.396 0.619048 0.396 0.618367 0.3968 0.618367 0.4 0.618027 0.4004 0.618027 0.404 0.617687 0.4044 0.617687 0.4076 0.617347 0.408 0.616327 0.408 0.615986 0.4076 0.612925 0.4076 0.612585 0.4072 0.610544 0.4072 0.610204 0.4076 0.609864 0.4076 0.609524 0.408 0.609524 0.4084 0.608844 0.4092 0.608503 0.4092 0.608163 0.4096 0.606803 0.4096 0.606463 0.4092 0.606122 0.4092 0.605782 0.4088 0.602721 0.4088 0.602381 0.4084 0.59932 0.4084 0.59898 0.408 0.595918 0.408 0.595578 0.4076 0.592517 0.4076 0.592177 0.4072 0.589116 0.4072 0.588776 0.4068 0.585714 0.4068 0.585374 0.4064 0.582313 0.4064 0.581973 0.406 0.579592 0.406 0.579252 0.4064 0.578912 0.4064 0.578571 0.406 0.57585 0.406 0.57551 0.4056 0.572449 0.4056 0.572109 0.4052 0.569048 0.4052 0.568707 0.4048 0.565646 0.4048 0.565306 0.4044 0.562245 0.4044 0.561905 0.404 0.558844 0.404 0.558503 0.4036 0.555442 0.4036 0.555102 0.4032 0.552041 0.4032 0.551701 0.4028 0.548639 0.4028 0.548299 0.4024 0.545238 0.4024 0.544898 0.402 0.542517 0.402 0.542177 0.4016 0.541837 0.4016 0.541497 0.4012 0.540816 0.4012 0.540476 0.4016 0.538435 0.4016 0.537755 0.4008 0.537415 0.4008 0.537075 0.4004 0.537075 0.4 0.536735 0.3996 0.537075 0.3992 0.536054 0.3992 0.535714 0.3988 0.535034 0.3988 0.534694 0.3984 0.533673 0.3984 0.533333 0.3988 0.531633 0.3988 0.531293 0.3984 0.530272 0.3984 0.529592 0.3976 0.529592 0.3952 0.529932 0.3948 0.529932 0.3936 0.530272 0.3932 0.530272 0.3912 0.530612 0.3908 0.530612 0.3888 0.530272 0.3884 0.530272 0.388 0.529932 0.3876 0.529932 0.3864 0.529592 0.386 0.529252 0.386 0.528571 0.3852 0.527891 0.3852 0.527211 0.3844 0.52551 0.3844 0.52517 0.384 0.522109 0.384 0.521769 0.3836 0.518707 0.3836 0.518367 0.3832 0.515306 0.3832 0.514966 0.3828 0.515306 0.3824 0.517007 0.3824 0.517347 0.382 0.518707 0.382 0.519048 0.3824 0.522109 0.3824 0.522449 0.3828 0.52551 0.3828 0.52585 0.3832 0.527211 0.3832 0.527211 0.3828 0.527551 0.3824 0.52585 0.3824 0.52551 0.382 0.522449 0.382 0.522109 0.3816 0.519048 0.3816 0.518707 0.3812 0.515646 0.3812 0.515306 0.3808 0.512245 0.3808 0.511905 0.3804 0.508844 0.3804 0.508503 0.38 0.505442 0.38 0.505102 0.3796 0.502041 0.3796 0.501701 0.3792 0.498639 0.3792 0.498299 0.3788 0.495238 0.3788 0.494898 0.3784 0.491837 0.3784 0.491497 0.378 0.488435 0.378 0.488095 0.3776 0.485034 0.3776 0.484694 0.3772 0.481633 0.3772 0.481293 0.3768 0.478231 0.3768 0.477891 0.3764 0.47483 0.3764 0.47449 0.376 0.471429 0.376 0.471088 0.3756 0.468367 0.3756 0.468027 0.3752 0.464966 0.3752 0.464626 0.3748 0.461565 0.3748 0.461224 0.3744 0.458163 0.3744 0.457823 0.374 0.454762 0.374 0.454422 0.3736 0.451361 0.3736 0.45102 0.3732 0.447959 0.3732 0.447619 0.3728 0.444558 0.3728 0.444218 0.3724 0.441156 0.3724 0.440816 0.372 0.437755 0.372 0.437415 0.3716 0.434354 0.3716 0.434014 0.3712 0.430952 0.3712 0.430612 0.3708 0.427551 0.3708 0.427211 0.3704 0.42415 0.3704 0.42381 0.37 0.420748 0.37 0.420408 0.3696 0.417347 0.3696 0.417007 0.3692 0.413946 0.3692 0.413605 0.3688 0.410544 0.3688 0.410204 0.3684 0.407143 0.3684 0.406803 0.368 0.404082 0.368 0.403741 0.3676 0.40068 0.3676 0.40034 0.3672 0.397279 0.3672 0.396939 0.3668 0.393878 0.3668 0.393537 0.3664 0.390476 0.3664 0.390136 0.366 0.388095 0.366 0.388095 0.3668 0.387755 0.3672 0.387755 0.3692 0.387415 0.3696 0.387075 0.3692 0.387075 0.3668 0.387415 0.3664 0.387415 0.366
