0 0.725042 0.699452 0.725042 0.700097 0.725458 0.700419 0.725458 0.701064 0.725874 0.701064 0.725874 0.700419 0.725458 0.700097 0.725458 0.699452
0 0.722962 0.687198 0.722546 0.68752 0.72213 0.68752 0.72213 0.687843 0.722546 0.687843 0.722962 0.68752
0 0.717138 0.666237 0.717138 0.666882 0.717554 0.666882 0.717554 0.666559
0 0.716306 0.663012 0.716306 0.663657 0.716722 0.663657 0.716722 0.663012
0 0.713394 0.647211 0.713394 0.647533 0.71381 0.647533 0.71381 0.647211
0 0.712562 0.642373 0.712562 0.642696 0.712978 0.642696 0.712978 0.642373
0 0.71173 0.638826 0.71173 0.639471 0.712146 0.639471 0.712146 0.639149 0.712562 0.638826
0 0.710483 0.635279 0.710483 0.635601 0.71173 0.635601 0.712146 0.635924 0.712146 0.636246 0.712562 0.636246 0.712562 0.635924 0.712146 0.635601 0.712146 0.635279 0.71173 0.635601 0.711314 0.635279
0 0.71173 0.632699 0.711314 0.633022 0.711314 0.633667 0.71173 0.633989
0 0.709235 0.62496 0.709235 0.625282 0.709651 0.625282 0.709651 0.62496
0 0.707987 0.6198 0.707987 0.620123 0.708403 0.620123 0.708403 0.6198
0 0.706739 0.614963 0.706739 0.615608 0.707155 0.615608 0.707571 0.615285 0.707571 0.614963
0 0.706323 0.612061 0.706323 0.613028 0.707571 0.613995 0.707571 0.614318 0.707987 0.614318 0.707987 0.613995 0.707571 0.613673 0.707571 0.612383 0.707155 0.612383 0.706739 0.612061
0 0.704243 0.606579 0.703827 0.606901 0.703827 0.607546 0.704659 0.607546 0.704659 0.607223 0.705075 0.606901 0.705491 0.607223 0.705491 0.607546 0.705907 0.607546 0.705907 0.606901 0.705491 0.606901 0.705075 0.606579
0 0.702995 0.594969 0.702995 0.595614 0.703827 0.595614 0.703827 0.594969
0 0.702579 0.590777 0.702579 0.591422 0.702995 0.591745 0.702163 0.59239 0.702163 0.593035 0.702579 0.592712 0.703411 0.592712 0.703411 0.591745 0.702995 0.591422 0.702995 0.590777
0 0.702163 0.587552 0.702163 0.589487 0.702579 0.589487 0.702579 0.587875
0 0.699667 0.58336 0.700083 0.583683 0.700083 0.584005 0.700915 0.584005 0.700915 0.583683 0.700499 0.58336
0 0.698835 0.579168 0.698835 0.57949 0.699251 0.579813 0.699251 0.581103 0.699667 0.581425 0.699667 0.58207 0.700083 0.58207 0.700083 0.58078 0.699667 0.580458 0.700083 0.580135 0.700083 0.579813 0.699667 0.579813 0.699251 0.57949 0.699251 0.579168
0 0.699667 0.575943 0.699251 0.576266 0.698419 0.576266 0.698419 0.576588 0.697587 0.577233 0.698419 0.577878 0.698419 0.578201 0.698003 0.578523 0.698003 0.578846 0.698419 0.578523 0.698835 0.578523 0.699251 0.578201 0.699667 0.578201 0.700083 0.578523 0.700083 0.579168 0.700499 0.579168 0.700499 0.577878 0.700083 0.577878 0.699251 0.577233 0.700083 0.576588 0.700083 0.575943
0 0.698003 0.572718 0.697587 0.573041 0.697171 0.573041 0.697171 0.573363 0.698003 0.573363
0 0.698419 0.569494 0.698419 0.570784 0.698835 0.570784 0.698835 0.569494
0 0.697171 0.565946 0.697171 0.566591 0.697587 0.566591 0.698003 0.566269 0.698003 0.565946
0 0.694676 0.564979 0.694676 0.565302 0.695092 0.565302 0.695092 0.564979
0 0.695092 0.562722 0.694676 0.563044 0.694676 0.563367 0.696339 0.563367 0.696755 0.563044 0.696755 0.562722 0.696339 0.562722 0.695923 0.563044 0.695507 0.562722
0 0.69426 0.556272 0.69426 0.556595 0.694676 0.556595 0.694676 0.556272
0 0.69426 0.552725 0.69426 0.553047 0.694676 0.55337 0.694676 0.552725
0 0.693012 0.549178 0.693012 0.5495 0.693844 0.5495 0.693428 0.549178
0 0.690516 0.54692 0.690516 0.547243 0.690932 0.547565 0.691348 0.547565 0.691764 0.547243 0.691764 0.54692
0 0.688852 0.535956 0.688852 0.536601 0.689268 0.536601 0.689268 0.535956
0 0.686772 0.525959 0.686772 0.526282 0.687188 0.526282 0.687188 0.525959
0 0.682196 0.507578 0.682196 0.507901 0.682612 0.507901 0.682612 0.507578
0 0.680948 0.498549 0.680948 0.498871 0.681364 0.498871 0.681364 0.498549
0 0.6797 0.496292 0.679285 0.496614 0.680532 0.496614 0.680532 0.496292
0 0.68178 0.494034 0.681364 0.494357 0.681364 0.495002 0.68178 0.495002
0 0.677205 0.48307 0.677205 0.483715 0.677621 0.483715 0.677621 0.483392
0 0.408486 0.482748 0.408486 0.48307 0.409318 0.48307 0.409318 0.482748
0 0.345258 0.478555 0.345258 0.478878 0.345674 0.4792 0.34609 0.4792 0.34609 0.478555
0 0.444676 0.47662 0.44426 0.476943 0.443844 0.476943 0.44426 0.477265 0.445507 0.477265 0.445092 0.476943 0.445092 0.47662
0 0.656406 0.450822 0.65599 0.451145 0.656822 0.451145 0.656822 0.450822
0 0.65391 0.450822 0.653494 0.451145 0.652246 0.451145 0.652246 0.45179 0.652662 0.452112 0.653078 0.452112 0.65391 0.451467 0.654326 0.451467 0.654326 0.451145
0 0.641015 0.4505 0.641431 0.450822 0.642263 0.450822 0.641847 0.4505
0 0.663478 0.449532 0.663478 0.449855 0.663894 0.449855 0.663894 0.449532
0 0.652662 0.448887 0.652662 0.44921 0.653078 0.44921 0.653078 0.448887
0 0.663062 0.448243 0.663062 0.448565 0.663478 0.448565 0.663478 0.448243
0 0.646423 0.44792 0.646423 0.448243 0.646839 0.448243 0.646839 0.44792
0 0.655158 0.447598 0.655574 0.44792 0.655574 0.447598
0 0.661398 0.446953 0.661398 0.447275 0.660982 0.447598 0.66015 0.447598 0.66015 0.448243 0.660566 0.448243 0.660982 0.44792 0.660982 0.447598 0.661398 0.447275 0.66223 0.447275 0.66223 0.446953
0 0.653494 0.44663 0.653494 0.446953 0.65391 0.446953 0.65391 0.44663
0 0.646839 0.446308 0.646423 0.44663 0.646839 0.446953 0.647255 0.446953 0.647255 0.44663
0 0.643095 0.445985 0.643095 0.446308 0.643511 0.44663 0.643927 0.44663 0.643927 0.445985
0 0.648087 0.445663 0.648087 0.445985 0.648918 0.44663 0.648918 0.44792 0.649334 0.448243 0.649334 0.448565 0.64975 0.448565 0.64975 0.44792 0.650582 0.447275 0.650998 0.447275 0.650998 0.446953 0.650582 0.446953 0.650166 0.447275 0.64975 0.446953 0.64975 0.446308 0.648918 0.445663
0 0.640599 0.44534 0.640599 0.445985 0.641847 0.445985 0.641847 0.445663 0.641431 0.44534
0 0.671797 0.444695 0.671797 0.445018 0.672213 0.445018 0.672213 0.444695
0 0.651414 0.444695 0.651414 0.445018 0.65183 0.445018 0.65183 0.444695
0 0.670549 0.444373 0.670549 0.444695 0.670965 0.445018 0.670965 0.444373
0 0.645175 0.444373 0.645175 0.444695 0.645591 0.444695
0 0.65391 0.443728 0.654326 0.44405 0.654326 0.444373 0.654742 0.444373 0.654742 0.44405 0.654326 0.443728
0 0.646007 0.443728 0.646007 0.44405 0.646839 0.44405 0.646839 0.443728
0 0.642679 0.443405 0.642263 0.443728 0.641847 0.443728 0.641847 0.44405 0.642263 0.44405 0.642679 0.443728 0.643095 0.443728 0.643095 0.443405
0 0.656406 0.443083 0.656406 0.443405 0.656822 0.443405 0.656822 0.443083
0 0.648087 0.443083 0.647671 0.443405 0.647671 0.443728 0.648502 0.444373 0.648502 0.445018 0.649334 0.445018 0.649334 0.444373 0.648918 0.444373 0.648502 0.44405 0.648502 0.443405
0 0.638103 0.443083 0.638103 0.443405 0.638935 0.443405 0.638935 0.443083
0 0.649334 0.44276 0.649334 0.443405 0.64975 0.443405 0.650166 0.443083 0.650166 0.44276
0 0.644343 0.44276 0.644343 0.443083 0.644759 0.443083 0.644759 0.44276
0 0.642263 0.442438 0.642263 0.44276 0.643095 0.44276 0.642679 0.442438
0 0.635191 0.442438 0.634359 0.443083 0.633943 0.443083 0.633527 0.44276 0.631864 0.44276 0.631448 0.443083 0.629368 0.443083 0.628952 0.443405 0.626872 0.443405 0.626456 0.443728 0.62396 0.443728 0.623544 0.44405 0.621464 0.44405 0.621048 0.444373 0.618968 0.444373 0.618552 0.444695 0.616473 0.444695 0.616057 0.445018 0.613977 0.445018 0.613561 0.44534 0.611065 0.44534 0.610649 0.445663 0.608569 0.445663 0.608153 0.445985 0.606073 0.445985 0.605657 0.446308 0.603577 0.446308 0.603161 0.44663 0.600666 0.44663 0.60025 0.446953 0.59817 0.446953 0.597754 0.447275 0.595674 0.447275 0.595258 0.447598 0.593178 0.447598 0.592762 0.44792 0.590266 0.44792 0.58985 0.448243 0.58777 0.448243 0.587354 0.448565 0.585275 0.448565 0.584859 0.448887 0.582779 0.448887 0.582363 0.44921 0.579867 0.44921 0.579451 0.449532 0.577371 0.449532 0.576955 0.449855 0.574875 0.449855 0.574459 0.450177 0.572379 0.450177 0.571963 0.4505 0.569468 0.4505 0.569052 0.450822 0.566972 0.450822 0.566556 0.451145 0.564476 0.451145 0.56406 0.451467 0.56198 0.451467 0.561564 0.45179 0.559068 0.45179 0.558652 0.452112 0.556572 0.452112 0.556156 0.452435 0.554077 0.452435 0.553661 0.452757 0.551581 0.452757 0.551165 0.45308 0.549085 0.45308 0.548669 0.453402 0.546173 0.453402 0.545757 0.453725 0.543677 0.453725 0.543261 0.454047 0.541181 0.454047 0.540765 0.45437 0.538686 0.45437 0.53827 0.454692 0.535774 0.454692 0.535358 0.455015 0.533278 0.455015 0.532862 0.455337 0.530782 0.455337 0.530366 0.455659 0.528286 0.455659 0.52787 0.455982 0.525374 0.455982 0.524958 0.456304 0.522879 0.456304 0.522463 0.456627 0.520383 0.456627 0.519967 0.456949 0.517887 0.456949 0.517471 0.457272 0.514975 0.457272 0.514559 0.457594 0.512479 0.457594 0.512063 0.457917 0.509983 0.457917 0.509567 0.458239 0.507488 0.458239 0.507072 0.458562 0.504576 0.458562 0.50416 0.458884 0.50208 0.458884 0.501664 0.459207 0.499584 0.459207 0.499168 0.459529 0.497088 0.459529 0.496672 0.459852 0.494176 0.459852 0.49376 0.460174 0.491681 0.460174 0.491265 0.460497 0.489185 0.460497 0.488769 0.460819 0.486689 0.460819 0.486273 0.461142 0.484193 0.461142 0.483777 0.461464 0.481281 0.461464 0.481281 0.462109 0.480865 0.462431 0.479201 0.462431 0.478785 0.462109 0.478785 0.461787 0.478369 0.462109 0.477953 0.462109 0.477953 0.462431 0.477537 0.462754 0.47629 0.462754 0.475874 0.463076 0.475042 0.463076 0.474626 0.463399 0.473794 0.463399 0.473378 0.463721 0.471298 0.463721 0.470882 0.464044 0.468386 0.464044 0.46797 0.464366 0.46589 0.464366 0.465474 0.464689 0.463394 0.464689 0.462978 0.465011 0.460899 0.465011 0.460483 0.465334 0.457987 0.465334 0.457571 0.465656 0.455491 0.465656 0.455491 0.465979 0.455075 0.466301 0.453827 0.466301 0.452163 0.467591 0.452163 0.468236 0.452579 0.468559 0.452579 0.470171 0.452995 0.470493 0.452995 0.472428 0.453411 0.472751 0.453411 0.474041 0.452995 0.474363 0.453411 0.474686 0.453411 0.476298 0.453827 0.47662 0.453411 0.476943 0.451331 0.476943 0.450915 0.477265 0.448835 0.477265 0.448419 0.477588 0.446339 0.477588 0.445923 0.47791 0.445507 0.47791 0.444676 0.478555 0.444676 0.4792 0.44426 0.479523 0.443844 0.479523 0.443844 0.479845 0.443428 0.480168 0.44218 0.480168 0.441764 0.479845 0.441348 0.479845 0.440932 0.480168 0.438436 0.480168 0.43802 0.48049 0.43594 0.48049 0.435524 0.480813 0.433444 0.480813 0.433028 0.481135 0.430948 0.481135 0.430532 0.481458 0.428453 0.481458 0.428037 0.48178 0.425541 0.48178 0.425125 0.482103 0.423045 0.482103 0.422629 0.482425 0.420549 0.482425 0.420133 0.482748 0.418053 0.482748 0.417637 0.48307 0.415141 0.48307 0.414725 0.483392 0.412646 0.483392 0.41223 0.483715 0.41015 0.483715 0.41015 0.484037 0.409734 0.48436 0.407654 0.48436 0.407238 0.484682 0.404742 0.484682 0.404326 0.485005 0.402246 0.485005 0.40183 0.485327 0.39975 0.485327 0.399334 0.48565 0.397255 0.48565 0.396839 0.485972 0.394343 0.485972 0.393927 0.486295 0.391847 0.486295 0.391431 0.486617 0.389351 0.486617 0.388935 0.48694 0.387687 0.48694 0.387271 0.487262 0.386855 0.487262 0.386439 0.487585 0.384359 0.487585 0.383943 0.487907 0.381448 0.487907 0.381032 0.48823 0.378952 0.48823 0.378536 0.488552 0.376456 0.488552 0.37604 0.488875 0.37396 0.488875 0.373544 0.489197 0.372712 0.489197 0.372296 0.488875 0.371048 0.488875 0.370632 0.489197 0.368552 0.489197 0.368136 0.48952 0.366473 0.48952 0.366057 0.489197 0.365641 0.48952 0.364809 0.48952 0.364393 0.489842 0.363561 0.489842 0.363145 0.490164 0.361481 0.490164 0.361065 0.489842 0.360649 0.489842 0.360233 0.48952 0.360233 0.489197 0.359817 0.489197 0.359401 0.488875 0.358153 0.488875 0.357737 0.489197 0.355241 0.489197 0.354825 0.48952 0.352745 0.48952 0.352329 0.489842 0.351498 0.489842 0.351082 0.48952 0.351082 0.489197 0.350666 0.488875 0.350666 0.487262 0.35025 0.48694 0.35025 0.486295 0.350666 0.485972 0.350666 0.485005 0.35025 0.484682 0.35025 0.48307 0.349834 0.482748 0.349834 0.482425 0.349418 0.482103 0.349418 0.48178 0.348586 0.481135 0.34817 0.481135 0.347754 0.480813 0.347754 0.48049 0.345258 0.48049 0.344426 0.479845 0.34401 0.479845 0.343594 0.480168 0.341514 0.480168 0.341098 0.48049 0.339018 0.48049 0.338602 0.480813 0.336106 0.480813 0.335691 0.48049 0.336106 0.480168 0.338186 0.480168 0.338602 0.479845 0.340682 0.479845 0.341098 0.479523 0.34193 0.479523 0.342346 0.4792 0.343594 0.4792 0.34401 0.478878 0.344426 0.478878 0.344426 0.478555 0.34401 0.478555 0.343594 0.478878 0.341098 0.478878 0.340682 0.4792 0.338602 0.4792 0.338186 0.479523 0.336106 0.479523 0.335691 0.479845 0.333611 0.479845 0.333195 0.480168 0.330699 0.480168 0.330283 0.48049 0.328203 0.48049 0.327787 0.480813 0.325707 0.480813 0.325291 0.481135 0.323211 0.481135 0.322795 0.481458 0.3203 0.481458 0.319884 0.48178 0.317804 0.48178 0.317388 0.482103 0.315308 0.482103 0.314892 0.482425 0.312812 0.482425 0.312396 0.482748 0.3099 0.482748 0.309484 0.48307 0.307404 0.48307 0.306988 0.483392 0.304908 0.483392 0.304493 0.483715 0.302413 0.483715 0.301997 0.484037 0.299917 0.484037 0.299501 0.48436 0.297005 0.48436 0.296589 0.484682 0.294509 0.484682 0.294093 0.485005 0.292013 0.485005 0.291597 0.485327 0.289517 0.485327 0.289101 0.48565 0.286606 0.48565 0.28619 0.485972 0.28411 0.485972 0.283694 0.486295 0.281614 0.486295 0.281198 0.486617 0.279118 0.486617 0.278702 0.48694 0.276206 0.48694 0.27579 0.487262 0.27371 0.487262 0.273295 0.487585 0.271215 0.487585 0.270799 0.487907 0.268719 0.487907 0.268303 0.48823 0.265807 0.48823 0.265391 0.488552 0.263311 0.488552 0.262895 0.488875 0.260815 0.488875 0.260399 0.489197 0.258319 0.489197 0.257903 0.48952 0.255408 0.48952 0.254992 0.489842 0.252912 0.489842 0.252496 0.490164 0.250416 0.490164 0.25 0.490487 0.24792 0.490487 0.247504 0.490809 0.245008 0.490809 0.244592 0.491132 0.242512 0.491132 0.242097 0.491454 0.240017 0.491454 0.239601 0.491777 0.237521 0.491777 0.237105 0.492099 0.235025 0.492099 0.234609 0.492422 0.232113 0.492422 0.231697 0.492744 0.229617 0.492744 0.229201 0.493067 0.227121 0.493067 0.226705 0.493389 0.224626 0.493389 0.22421 0.493712 0.221714 0.493712 0.221298 0.494034 0.219218 0.494034 0.218802 0.494357 0.216722 0.494357 0.216306 0.494679 0.214226 0.494679 0.21381 0.495002 0.211314 0.495002 0.210899 0.495324 0.208819 0.495324 0.208403 0.495647 0.206323 0.495647 0.205907 0.495969 0.203827 0.495969 0.203411 0.496292 0.200915 0.496292 0.200499 0.496614 0.198419 0.496614 0.198003 0.496936 0.195923 0.496936 0.195507 0.497259 0.193428 0.497259 0.193012 0.497581 0.190516 0.497581 0.1901 0.497904 0.18802 0.497904 0.187604 0.498226 0.185524 0.498226 0.185108 0.498549 0.183028 0.498549 0.182612 0.498871 0.18178 0.498871 0.18178 0.499194 0.181364 0.499516 0.180948 0.499194 0.180948 0.498871 0.180532 0.498871 0.180116 0.499194 0.180532 0.499516 0.180532 0.501129 0.181364 0.501129 0.181364 0.499516 0.18178 0.499194 0.182196 0.499516 0.182196 0.501129 0.182612 0.501129 0.183028 0.501451 0.182612 0.501774 0.180532 0.501774 0.180116 0.502096 0.178037 0.502096 0.177621 0.502419 0.175541 0.502419 0.175125 0.502741 0.172629 0.502741 0.172213 0.503064 0.170133 0.503064 0.169717 0.503386 0.168469 0.503386 0.168053 0.503708 0.167637 0.503708 0.167637 0.504031 0.166389 0.504998 0.165973 0.504998 0.165973 0.505321 0.165557 0.505643 0.165557 0.506288 0.165973 0.506611 0.165973 0.508223 0.166389 0.508546 0.166389 0.51048 0.166805 0.510803 0.166805 0.51177 0.167221 0.512093 0.167221 0.512415 0.167637 0.512738 0.167637 0.514028 0.167221 0.51435 0.165973 0.51435 0.165557 0.514673 0.163478 0.514673 0.163062 0.514995 0.16223 0.514995 0.161814 0.514673 0.160982 0.514673 0.160566 0.514995 0.158902 0.514995 0.158486 0.515318 0.158486 0.51564 0.15807 0.515963 0.157654 0.515963 0.157654 0.516608 0.157238 0.51693 0.157654 0.517252 0.156822 0.517897 0.156406 0.517897 0.15599 0.51822 0.15599 0.51951 0.155574 0.519832 0.153494 0.519832 0.153078 0.520155 0.150998 0.520155 0.150582 0.520477 0.148502 0.520477 0.147671 0.521122 0.146007 0.521122 0.145591 0.521445 0.143095 0.521445 0.142679 0.521767 0.140599 0.521767 0.140183 0.52209 0.138935 0.52209 0.138935 0.522412 0.139351 0.522735 0.139351 0.524347 0.139767 0.524669 0.139767 0.526282 0.140183 0.526604 0.140183 0.528217 0.140599 0.528539 0.140599 0.530474 0.141015 0.530797 0.141015 0.532409 0.141431 0.532731 0.141431 0.534344 0.141847 0.534666 0.141847 0.536279 0.142263 0.536601 0.142263 0.538213 0.142679 0.538536 0.142679 0.540471 0.143095 0.540793 0.143095 0.542406 0.143511 0.542728 0.143511 0.544341 0.143927 0.544663 0.143927 0.546275 0.144343 0.546598 0.144343 0.548533 0.144759 0.548855 0.144759 0.550468 0.145175 0.55079 0.145175 0.552402 0.145591 0.552725 0.145591 0.554337 0.146007 0.55466 0.146007 0.556595 0.146423 0.556917 0.146423 0.55853 0.146839 0.558852 0.146839 0.560464 0.147255 0.560787 0.147255 0.562399 0.147671 0.562722 0.147671 0.564657 0.148087 0.564979 0.148087 0.566591 0.148502 0.566914 0.148502 0.568526 0.148918 0.568849 0.148918 0.570461 0.149334 0.570784 0.149334 0.572718 0.14975 0.573041 0.14975 0.574653 0.150166 0.574976 0.150166 0.576588 0.150582 0.576911 0.150582 0.578523 0.150998 0.578846 0.150998 0.58078 0.151414 0.581103 0.151414 0.582715 0.15183 0.583038 0.15183 0.58465 0.152246 0.584973 0.152246 0.586585 0.152662 0.586907 0.152662 0.58852 0.153078 0.588842 0.153078 0.590777 0.153494 0.5911 0.153494 0.592712 0.15391 0.593035 0.15391 0.594647 0.154326 0.594969 0.154326 0.596582 0.154742 0.596904 0.154742 0.598839 0.155158 0.599162 0.155158 0.600774 0.155574 0.601096 0.155574 0.602709 0.15599 0.603031 0.15599 0.604644 0.156406 0.604966 0.156406 0.606901 0.156822 0.607223 0.156822 0.608836 0.157238 0.609158 0.157238 0.610771 0.157654 0.611093 0.157654 0.612706 0.15807 0.613028 0.15807 0.614963 0.158486 0.615285 0.158486 0.616898 0.158902 0.61722 0.158902 0.618833 0.159318 0.619155 0.159318 0.620767 0.16015 0.621412 0.16015 0.622702 0.160566 0.623025 0.160566 0.62496 0.160982 0.625282 0.160982 0.626895 0.161398 0.627217 0.161398 0.628829 0.161814 0.629152 0.161814 0.630764 0.16223 0.631087 0.16223 0.633022 0.162646 0.633344 0.162646 0.634956 0.163062 0.635279 0.163062 0.636891 0.163478 0.637214 0.163478 0.638826 0.163894 0.639149 0.163894 0.641084 0.164309 0.641406 0.164309 0.642373 0.164725 0.642696 0.164725 0.644631 0.165141 0.644953 0.165141 0.646566 0.165557 0.646888 0.165557 0.6485 0.165973 0.648823 0.165973 0.650435 0.166389 0.650758 0.166389 0.652693 0.166805 0.653015 0.166805 0.654628 0.167221 0.65495 0.167221 0.656562 0.167637 0.656885 0.167637 0.658497 0.168053 0.65882 0.168053 0.660755 0.168469 0.661077 0.168469 0.662689 0.168885 0.663012 0.168885 0.664624 0.169301 0.664947 0.169301 0.666559 0.169717 0.666882 0.169717 0.668817 0.170133 0.669139 0.170133 0.670106 0.170549 0.670429 0.170549 0.671074 0.170965 0.671396 0.170965 0.673009 0.171381 0.673331 0.171381 0.675266 0.171797 0.675589 0.171797 0.677201 0.172213 0.677523 0.172213 0.679136 0.172629 0.679458 0.172629 0.681071 0.173045 0.681393 0.173045 0.683328 0.173461 0.68365 0.173461 0.685263 0.173877 0.685585 0.173877 0.687198 0.174293 0.68752 0.174293 0.688165 0.174709 0.688488 0.174709 0.689133 0.175125 0.689455 0.175125 0.691067 0.175541 0.69139 0.175541 0.693325 0.175957 0.693647 0.175957 0.69526 0.176373 0.695582 0.176373 0.697194 0.176789 0.697517 0.176789 0.699129 0.177205 0.699452 0.177205 0.701387 0.177621 0.701709 0.177621 0.703322 0.178037 0.703644 0.178037 0.705256 0.178453 0.705579 0.178453 0.707191 0.178869 0.707514 0.178869 0.709449 0.179285 0.709771 0.179285 0.711383 0.1797 0.711706 0.1797 0.713318 0.180116 0.713641 0.180116 0.715253 0.180532 0.715576 0.180532 0.71751 0.180948 0.717833 0.180948 0.719445 0.181364 0.719768 0.181364 0.72138 0.18178 0.721703 0.18178 0.723315 0.182196 0.723638 0.182196 0.725572 0.182612 0.725895 0.182612 0.727507 0.183028 0.72783 0.183028 0.729442 0.183444 0.729765 0.183444 0.731377 0.18386 0.731699 0.18386 0.733312 0.184276 0.733634 0.184276 0.734279 0.184692 0.734602 0.184692 0.735569 0.185108 0.735892 0.185108 0.737504 0.185524 0.737827 0.185524 0.739439 0.18594 0.739761 0.18594 0.741374 0.186356 0.741696 0.186356 0.743631 0.186772 0.743954 0.186772 0.745566 0.187188 0.745888 0.187188 0.747501 0.187604 0.747823 0.187604 0.749436 0.18802 0.749758 0.18802 0.751693 0.188436 0.752015 0.188436 0.753628 0.188852 0.75395 0.188852 0.755563 0.189268 0.755885 0.189268 0.757498 0.189684 0.75782 0.189684 0.759432 0.1901 0.759755 0.1901 0.76169 0.190516 0.762012 0.190516 0.763625 0.190932 0.763947 0.190932 0.765559 0.191348 0.765882 0.191348 0.767494 0.191764 0.767817 0.191764 0.769752 0.19218 0.770074 0.19218 0.771687 0.193012 0.772332 0.193012 0.773621 0.193428 0.773944 0.193428 0.775556 0.193844 0.775556 0.19426 0.775879 0.19426 0.776201 0.193844 0.776524 0.193844 0.777814 0.19426 0.778136 0.19426 0.779748 0.194676 0.780071 0.194676 0.781683 0.195092 0.782006 0.195092 0.783618 0.195507 0.783941 0.195507 0.785876 0.195923 0.786198 0.195923 0.78781 0.196339 0.788133 0.196339 0.789745 0.196755 0.790068 0.196755 0.79168 0.197171 0.792003 0.197171 0.793937 0.197587 0.79426 0.197587 0.795872 0.198003 0.796195 0.198003 0.797807 0.198419 0.797807 0.198835 0.79813 0.198835 0.799742 0.199251 0.800064 0.199251 0.801677 0.199667 0.801999 0.199667 0.803934 0.200083 0.804257 0.200083 0.805869 0.200499 0.806192 0.200499 0.807804 0.200915 0.808126 0.200915 0.809739 0.201331 0.810061 0.201331 0.811996 0.201747 0.812319 0.201747 0.813931 0.202163 0.814253 0.202163 0.815866 0.202579 0.816188 0.202579 0.817801 0.202995 0.818123 0.202995 0.820058 0.203411 0.820381 0.203411 0.821993 0.203827 0.822315 0.203827 0.823928 0.204243 0.82425 0.204243 0.825863 0.204659 0.826185 0.204659 0.82812 0.205075 0.828442 0.205075 0.830055 0.205491 0.830377 0.205491 0.83199 0.205907 0.832312 0.205907 0.833925 0.206323 0.834247 0.206323 0.835859 0.206739 0.836182 0.206739 0.838117 0.207155 0.838439 0.207155 0.840052 0.207571 0.840374 0.207571 0.841986 0.207987 0.842309 0.207987 0.843921 0.208403 0.844244 0.208403 0.846179 0.208819 0.846501 0.208819 0.848114 0.209235 0.848436 0.209235 0.850048 0.209651 0.850048 0.210067 0.850371 0.210067 0.851983 0.210483 0.852306 0.210483 0.854241 0.210899 0.854563 0.210899 0.856175 0.211314 0.856498 0.211314 0.85811 0.21173 0.858433 0.21173 0.860045 0.212146 0.860368 0.212146 0.862302 0.212562 0.862625 0.212562 0.864237 0.212978 0.86456 0.212978 0.866172 0.213394 0.866495 0.213394 0.868107 0.21381 0.86843 0.21381 0.870042 0.214226 0.870364 0.214226 0.872299 0.214642 0.872622 0.214642 0.874234 0.215058 0.874557 0.215058 0.876169 0.215474 0.876491 0.215474 0.878104 0.21589 0.878426 0.21589 0.880361 0.216306 0.880684 0.216306 0.882296 0.216722 0.882619 0.216722 0.884231 0.217138 0.884553 0.217138 0.886166 0.217554 0.886488 0.217554 0.888423 0.21797 0.888746 0.21797 0.890358 0.218386 0.89068 0.218386 0.892293 0.218802 0.892615 0.218802 0.894228 0.219218 0.89455 0.219218 0.896485 0.219634 0.896807 0.219634 0.89842 0.22005 0.898742 0.22005 0.899387 0.220466 0.89971 0.220466 0.900355 0.220882 0.900677 0.220882 0.90229 0.221298 0.902612 0.221298 0.904224 0.221714 0.904547 0.221714 0.906482 0.22213 0.906804 0.22213 0.908417 0.222546 0.908739 0.222546 0.910351 0.222962 0.910674 0.222962 0.912286 0.223378 0.912609 0.223378 0.914544 0.223794 0.914866 0.223794 0.916479 0.22421 0.916801 0.22421 0.918413 0.224626 0.918413 0.225042 0.918736 0.225042 0.920348 0.225458 0.920671 0.225458 0.922606 0.225874 0.922928 0.225874 0.92454 0.22629 0.924863 0.22629 0.926475 0.226705 0.926798 0.226705 0.92841 0.227121 0.928733 0.227121 0.930668 0.227537 0.93099 0.227537 0.932602 0.227953 0.932925 0.227953 0.934537 0.228369 0.93486 0.228369 0.936472 0.228785 0.936795 0.228785 0.938407 0.229201 0.938729 0.229201 0.940664 0.229617 0.940987 0.229617 0.942599 0.230033 0.942922 0.230033 0.944534 0.230449 0.944856 0.230449 0.946469 0.230865 0.946791 0.230865 0.948726 0.231281 0.949049 0.231281 0.950661 0.231697 0.950984 0.231697 0.952596 0.232113 0.952918 0.232113 0.954531 0.232529 0.954853 0.232529 0.956788 0.232945 0.957111 0.232945 0.958723 0.233361 0.959045 0.233361 0.960658 0.233777 0.96098 0.233777 0.962593 0.234193 0.962915 0.233777 0.963238 0.233361 0.963238 0.233361 0.96356 0.232945 0.963883 0.232529 0.963883 0.232113 0.964205 0.231697 0.964205 0.231281 0.964528 0.230865 0.964528 0.230449 0.96485 0.230865 0.965173 0.230865 0.967107 0.231281 0.96743 0.231281 0.969042 0.231697 0.969365 0.231697 0.970977 0.232113 0.9713 0.232113 0.972912 0.232529 0.973234 0.232529 0.975169 0.232945 0.975492 0.232945 0.977104 0.233361 0.977427 0.233361 0.979039 0.233777 0.979361 0.233777 0.980974 0.234193 0.981296 0.237105 0.981296 0.237521 0.980974 0.240017 0.980974 0.240433 0.980651 0.242512 0.980651 0.242928 0.980329 0.245008 0.980329 0.245424 0.980006 0.247504 0.980006 0.24792 0.979684 0.250416 0.979684 0.250832 0.979361 0.252912 0.979361 0.253328 0.979039 0.255408 0.979039 0.255824 0.978717 0.257903 0.978717 0.258319 0.978394 0.260815 0.978394 0.261231 0.978072 0.263311 0.978072 0.263727 0.977749 0.265807 0.977749 0.266223 0.977427 0.268303 0.977427 0.268719 0.977104 0.270799 0.977104 0.271215 0.976782 0.27371 0.976782 0.274126 0.976459 0.276206 0.976459 0.276622 0.976137 0.278702 0.976137 0.279118 0.975814 0.281198 0.975814 0.281614 0.975492 0.28411 0.975492 0.284526 0.975169 0.286606 0.975169 0.287022 0.974847 0.289101 0.974847 0.289517 0.974524 0.291597 0.974524 0.292013 0.974202 0.294509 0.974202 0.294925 0.973879 0.297005 0.973879 0.297421 0.973557 0.299501 0.973557 0.299917 0.973234 0.301997 0.973234 0.302413 0.972912 0.304908 0.972912 0.305324 0.972589 0.307404 0.972589 0.30782 0.972267 0.3099 0.972267 0.310316 0.971945 0.312396 0.971945 0.312812 0.971622 0.315308 0.971622 0.315724 0.9713 0.317804 0.9713 0.31822 0.970977 0.3203 0.970977 0.320715 0.970655 0.322795 0.970655 0.323211 0.970332 0.325707 0.970332 0.326123 0.97001 0.328203 0.97001 0.328619 0.969687 0.330699 0.969687 0.331115 0.969365 0.333195 0.969365 0.333611 0.969042 0.335691 0.969042 0.336106 0.96872 0.338602 0.96872 0.339018 0.968397 0.341098 0.968397 0.341514 0.968075 0.343594 0.968075 0.34401 0.967752 0.34609 0.967752 0.346506 0.96743 0.349002 0.96743 0.349418 0.967107 0.351498 0.967107 0.351913 0.966785 0.353993 0.966785 0.354409 0.966462 0.356489 0.966462 0.356905 0.96614 0.359401 0.96614 0.359817 0.965817 0.361897 0.965817 0.362313 0.965495 0.364393 0.965495 0.364809 0.965173 0.366889 0.965173 0.367304 0.96485 0.3698 0.96485 0.370216 0.964528 0.372296 0.964528 0.372712 0.964205 0.374792 0.964205 0.375208 0.963883 0.377288 0.963883 0.377704 0.96356 0.3802 0.96356 0.380616 0.963238 0.382696 0.963238 0.383111 0.962915 0.385191 0.962915 0.385607 0.962593 0.387687 0.962593 0.388103 0.96227 0.390599 0.96227 0.391015 0.961948 0.393095 0.961948 0.393511 0.961625 0.395591 0.961625 0.396007 0.961303 0.398087 0.961303 0.398502 0.96098 0.400582 0.96098 0.400998 0.960658 0.403494 0.960658 0.40391 0.960335 0.40599 0.960335 0.406406 0.960013 0.408486 0.960013 0.408902 0.95969 0.410982 0.95969 0.411398 0.959368 0.413894 0.959368 0.414309 0.959045 0.416389 0.959045 0.416805 0.958723 0.418885 0.958723 0.419301 0.958401 0.421381 0.958401 0.421797 0.958078 0.424293 0.958078 0.424709 0.957756 0.426789 0.957756 0.427205 0.957433 0.429285 0.957433 0.4297 0.957111 0.43178 0.957111 0.432196 0.956788 0.434692 0.956788 0.435108 0.956466 0.437188 0.956466 0.437604 0.956143 0.439684 0.956143 0.4401 0.955821 0.44218 0.955821 0.442596 0.955498 0.445092 0.955498 0.445507 0.955176 0.447587 0.955176 0.448003 0.954853 0.450083 0.954853 0.450499 0.954531 0.452579 0.954531 0.452995 0.954208 0.455075 0.954208 0.455491 0.953886 0.457987 0.953886 0.458403 0.953563 0.460483 0.953563 0.460899 0.953241 0.462978 0.953241 0.463394 0.952918 0.465474 0.952918 0.46589 0.952596 0.468386 0.952596 0.468802 0.952273 0.470882 0.952273 0.471298 0.951951 0.473378 0.951951 0.473794 0.951629 0.475874 0.951629 0.47629 0.951306 0.478785 0.951306 0.479201 0.950984 0.481281 0.950984 0.481697 0.950661 0.483777 0.950661 0.484193 0.950339 0.486273 0.950339 0.486689 0.950016 0.489185 0.950016 0.489601 0.949694 0.491681 0.949694 0.492097 0.949371 0.494176 0.949371 0.494592 0.949049 0.496672 0.949049 0.497088 0.948726 0.499584 0.948726 0.5 0.948404 0.50208 0.948404 0.502496 0.948081 0.504576 0.948081 0.504992 0.947759 0.507072 0.947759 0.507488 0.947436 0.509983 0.947436 0.510399 0.947114 0.512479 0.947114 0.512895 0.946791 0.514975 0.946791 0.515391 0.946469 0.517471 0.946469 0.517887 0.946146 0.519967 0.946146 0.520383 0.945824 0.522879 0.945824 0.523295 0.945501 0.525374 0.945501 0.52579 0.945179 0.52787 0.945179 0.528286 0.944856 0.530366 0.944856 0.530782 0.944534 0.533278 0.944534 0.533694 0.944212 0.535774 0.944212 0.53619 0.943889 0.53827 0.943889 0.538686 0.943567 0.540765 0.943567 0.541181 0.943244 0.543677 0.943244 0.544093 0.942922 0.546173 0.942922 0.546589 0.942599 0.548669 0.942599 0.549085 0.942277 0.551165 0.942277 0.551581 0.941954 0.554077 0.941954 0.554493 0.941632 0.556572 0.941632 0.556988 0.941309 0.559068 0.941309 0.559484 0.940987 0.561564 0.940987 0.56198 0.940664 0.564476 0.940664 0.564892 0.940342 0.566972 0.940342 0.567388 0.940019 0.569468 0.940019 0.569884 0.939697 0.571963 0.939697 0.572379 0.939374 0.574875 0.939374 0.575291 0.939052 0.577371 0.939052 0.577787 0.938729 0.579867 0.938729 0.580283 0.938407 0.582363 0.938407 0.582779 0.938084 0.584859 0.938084 0.585275 0.937762 0.58777 0.937762 0.588186 0.93744 0.590266 0.93744 0.590682 0.937117 0.592762 0.937117 0.593178 0.936795 0.595258 0.936795 0.595674 0.936472 0.59817 0.936472 0.598586 0.93615 0.600666 0.93615 0.601082 0.935827 0.603161 0.935827 0.603577 0.935505 0.605657 0.935505 0.606073 0.935182 0.608569 0.935182 0.608985 0.93486 0.611065 0.93486 0.611481 0.934537 0.613561 0.934537 0.613977 0.934215 0.616057 0.934215 0.616473 0.933892 0.618968 0.933892 0.619384 0.93357 0.621464 0.93357 0.62188 0.933247 0.62396 0.933247 0.624376 0.932925 0.626456 0.932925 0.626872 0.932602 0.629368 0.932602 0.629784 0.93228 0.631864 0.93228 0.63228 0.931957 0.634359 0.931957 0.634775 0.931635 0.636855 0.931635 0.637271 0.931312 0.639767 0.931312 0.640183 0.93099 0.642263 0.93099 0.642679 0.930668 0.644759 0.930668 0.645175 0.930345 0.647255 0.930345 0.647671 0.930023 0.64975 0.930023 0.650166 0.9297 0.652662 0.9297 0.653078 0.929378 0.655158 0.929378 0.655574 0.929055 0.657654 0.929055 0.65807 0.928733 0.66015 0.928733 0.660566 0.92841 0.663062 0.92841 0.663478 0.928088 0.665557 0.928088 0.665973 0.927765 0.668053 0.927765 0.668469 0.927443 0.670549 0.927443 0.670965 0.92712 0.673461 0.92712 0.673877 0.926798 0.675957 0.926798 0.676373 0.926475 0.678453 0.926475 0.678869 0.926153 0.680948 0.926153 0.681364 0.92583 0.68386 0.92583 0.684276 0.925508 0.686356 0.925508 0.686772 0.925185 0.688852 0.925185 0.689268 0.924863 0.691348 0.924863 0.691764 0.92454 0.69426 0.92454 0.694676 0.924218 0.696755 0.924218 0.697171 0.923896 0.699251 0.923896 0.699667 0.923573 0.701747 0.923573 0.702163 0.923251 0.704659 0.923251 0.705075 0.922928 0.707155 0.922928 0.707571 0.922606 0.709651 0.922606 0.710067 0.922283 0.712146 0.922283 0.712562 0.921961 0.714642 0.921961 0.715058 0.921638 0.717554 0.921638 0.71797 0.921316 0.72005 0.921316 0.720466 0.920993 0.722546 0.920993 0.722962 0.920671 0.725042 0.920671 0.725458 0.920348 0.727953 0.920348 0.728369 0.920026 0.730033 0.920026 0.730865 0.919381 0.732529 0.919381 0.732945 0.919058 0.733777 0.919058 0.734193 0.919381 0.735441 0.919381 0.735857 0.919058 0.738353 0.919058 0.738769 0.918736 0.740433 0.918736 0.741265 0.918091 0.742928 0.918091 0.743344 0.917768 0.74376 0.917768 0.744176 0.917446 0.74584 0.917446 0.74584 0.917124 0.746256 0.916801 0.748336 0.916801 0.748752 0.916479 0.749168 0.916479 0.749584 0.916156 0.750832 0.916156 0.751248 0.915834 0.753744 0.915834 0.75416 0.915511 0.754992 0.915511 0.755408 0.915834 0.75624 0.915834 0.756656 0.915511 0.758735 0.915511 0.759151 0.915189 0.761647 0.915189 0.762063 0.914866 0.766639 0.914866 0.767055 0.914544 0.767471 0.914866 0.768719 0.914866 0.769135 0.914544 0.769551 0.914544 0.769551 0.911641 0.769135 0.911319 0.769135 0.909707 0.768719 0.909384 0.768719 0.907772 0.768303 0.907449 0.768303 0.905514 0.767887 0.905192 0.767887 0.903579 0.767471 0.903257 0.767471 0.901645 0.767055 0.901322 0.767055 0.89971 0.766639 0.899387 0.766639 0.897452 0.766223 0.89713 0.766223 0.895518 0.765807 0.895195 0.765807 0.893583 0.765391 0.89326 0.765391 0.891648 0.764975 0.891325 0.764975 0.889391 0.764559 0.889068 0.764559 0.887456 0.764143 0.887133 0.764143 0.885521 0.763727 0.885198 0.763727 0.883586 0.763311 0.883263 0.763311 0.881651 0.762895 0.881329 0.762895 0.879394 0.762479 0.879071 0.762479 0.877459 0.762063 0.877136 0.762063 0.875524 0.761647 0.875202 0.761647 0.873589 0.761231 0.873267 0.761231 0.871332 0.760815 0.871009 0.760815 0.869397 0.760399 0.869074 0.760399 0.867462 0.759983 0.86714 0.759983 0.865527 0.759567 0.865205 0.759567 0.86327 0.759151 0.862947 0.759151 0.861335 0.758735 0.861013 0.758735 0.8594 0.758319 0.859078 0.758319 0.857465 0.757903 0.857143 0.757903 0.855208 0.757488 0.854886 0.757488 0.853273 0.757072 0.852951 0.757072 0.851338 0.756656 0.851016 0.756656 0.849403 0.75624 0.849081 0.75624 0.847146 0.755824 0.846824 0.755824 0.845211 0.755408 0.844889 0.755408 0.843276 0.754992 0.842954 0.754992 0.841342 0.754576 0.841019 0.754576 0.839084 0.75416 0.838762 0.75416 0.837149 0.753744 0.836827 0.753744 0.835214 0.753328 0.834892 0.753328 0.83328 0.752912 0.832957 0.752912 0.831345 0.752496 0.831022 0.752496 0.829087 0.75208 0.828765 0.75208 0.827153 0.751664 0.82683 0.751664 0.825218 0.751248 0.824895 0.751248 0.823283 0.750832 0.82296 0.750832 0.821025 0.750416 0.820703 0.750416 0.819091 0.75 0.818768 0.75 0.817156 0.749584 0.816833 0.749584 0.815221 0.749168 0.814898 0.749168 0.812964 0.748752 0.812641 0.748752 0.811029 0.748336 0.810706 0.748336 0.809094 0.74792 0.808771 0.74792 0.807159 0.747504 0.806837 0.747504 0.804902 0.747088 0.804579 0.747088 0.802967 0.746672 0.802644 0.746672 0.801032 0.746256 0.800709 0.746256 0.799097 0.74584 0.798775 0.74584 0.79684 0.745424 0.796517 0.745424 0.794905 0.745008 0.794582 0.745008 0.79297 0.744592 0.792648 0.744592 0.791035 0.744176 0.790713 0.744176 0.788778 0.74376 0.788455 0.74376 0.786843 0.743344 0.78652 0.743344 0.784908 0.742928 0.784586 0.742928 0.782973 0.742512 0.782651 0.742512 0.781038 0.742097 0.780716 0.742097 0.778781 0.741681 0.778459 0.741681 0.776846 0.741265 0.776524 0.741265 0.774911 0.740849 0.774589 0.740849 0.772976 0.740433 0.772654 0.740433 0.770719 0.740017 0.770397 0.740017 0.768784 0.739601 0.768462 0.739601 0.766849 0.739185 0.766527 0.739185 0.764915 0.738769 0.764592 0.738769 0.762657 0.738353 0.762335 0.738353 0.760722 0.737937 0.7604 0.737937 0.758787 0.737521 0.758465 0.737521 0.756853 0.737105 0.75653 0.737105 0.754595 0.736689 0.754273 0.736689 0.75266 0.736273 0.752338 0.736273 0.750726 0.735857 0.750403 0.735857 0.748791 0.735441 0.748468 0.735441 0.746533 0.735025 0.746211 0.735025 0.744599 0.734609 0.744276 0.734609 0.742664 0.734193 0.742341 0.734193 0.740729 0.733777 0.740406 0.733777 0.738471 0.733361 0.738149 0.733361 0.736537 0.732945 0.736214 0.732945 0.734602 0.732529 0.734279 0.732529 0.732667 0.732113 0.732344 0.732113 0.730732 0.731697 0.73041 0.731697 0.728475 0.731281 0.728152 0.731281 0.72654 0.730865 0.726217 0.730865 0.724605 0.730449 0.724282 0.730449 0.72267 0.730033 0.722348 0.730033 0.720413 0.729617 0.72009 0.729617 0.718478 0.729201 0.718155 0.729201 0.716543 0.728785 0.716221 0.728369 0.716221 0.727953 0.716543 0.727121 0.715898 0.727121 0.715253 0.727953 0.714608 0.728369 0.714931 0.728369 0.715576 0.728785 0.715576 0.728785 0.714608 0.728369 0.714608 0.727953 0.714286 0.728369 0.713963 0.728369 0.712996 0.727953 0.712996 0.727953 0.713963 0.727537 0.714286 0.727121 0.713963 0.727121 0.712673 0.727953 0.712028 0.727953 0.711706 0.727537 0.712028 0.727121 0.712028 0.726705 0.711706 0.726705 0.711383 0.72629 0.711061 0.72629 0.710094 0.726705 0.709771 0.727537 0.710416 0.727953 0.710416 0.727537 0.710094 0.727537 0.708481 0.727121 0.708159 0.726705 0.708159 0.72629 0.708481 0.725874 0.708159 0.725874 0.706869 0.72629 0.706546 0.725874 0.706224 0.725874 0.705901 0.725458 0.705579 0.725458 0.704934 0.724626 0.704289 0.724626 0.703644 0.725042 0.703322 0.725042 0.702999 0.724626 0.702677 0.725042 0.702354 0.725874 0.702354 0.725458 0.702032 0.724626 0.702032 0.72421 0.701709 0.72421 0.700419 0.723794 0.700097 0.723794 0.698484 0.723378 0.698162 0.723378 0.69655 0.722962 0.696227 0.722962 0.694615 0.722546 0.694292 0.722962 0.69397 0.723794 0.69397 0.72421 0.694292 0.724626 0.694292 0.72421 0.69397 0.72421 0.693325 0.723794 0.693325 0.723378 0.693002 0.723378 0.69268 0.722962 0.693002 0.722546 0.69268 0.722546 0.692357 0.72213 0.692035 0.72213 0.690422 0.721714 0.6901 0.721714 0.688488 0.720882 0.687843 0.721298 0.68752 0.721298 0.686553 0.721714 0.68623 0.72213 0.68623 0.72213 0.685585 0.721714 0.685585 0.721298 0.685263 0.721298 0.684618 0.720882 0.684295 0.720466 0.684295 0.72005 0.683973 0.720466 0.68365 0.721298 0.68365 0.721298 0.683328 0.720882 0.683005 0.721298 0.682683 0.721298 0.682038 0.720466 0.682038 0.72005 0.681716 0.72005 0.681393 0.719634 0.681071 0.719634 0.680748 0.72005 0.680426 0.719634 0.680103 0.719634 0.679781 0.719218 0.679458 0.719218 0.678491 0.718802 0.678168 0.718802 0.675911 0.718386 0.675589 0.718802 0.675266 0.719218 0.675266 0.719634 0.675589 0.719634 0.675911 0.72005 0.676233 0.720466 0.676233 0.72005 0.675911 0.72005 0.675589 0.719634 0.675589 0.719218 0.675266 0.719218 0.674621 0.719634 0.674299 0.719218 0.673976 0.719218 0.673331 0.719634 0.673009 0.719218 0.672686 0.719218 0.672364 0.718802 0.672364 0.718386 0.672686 0.71797 0.672686 0.717138 0.672041 0.717138 0.671719 0.717554 0.671396 0.717554 0.671074 0.717138 0.670751 0.717138 0.669784 0.716722 0.669461 0.716722 0.668494 0.716306 0.668172 0.716306 0.666237 0.71589 0.665914 0.716306 0.665592 0.716306 0.664302 0.71589 0.664302 0.715474 0.663979 0.715474 0.662367 0.714642 0.661722 0.714642 0.661077 0.715058 0.660755 0.715058 0.660432 0.714642 0.66011 0.715058 0.659787 0.715474 0.659787 0.715474 0.659142 0.715058 0.659142 0.714642 0.65882 0.714642 0.658175 0.714226 0.657852 0.714226 0.65753 0.71381 0.657207 0.71381 0.654628 0.713394 0.654305 0.713394 0.653015 0.71381 0.652693 0.71381 0.65237 0.713394 0.65237 0.712978 0.652048 0.712978 0.650113 0.712562 0.650113 0.712146 0.64979 0.712146 0.6485 0.712562 0.648178 0.712562 0.647533 0.712146 0.647211 0.712146 0.646566 0.71173 0.646243 0.712146 0.645921 0.712562 0.645921 0.712978 0.646243 0.712978 0.645598 0.712146 0.645598 0.712146 0.645921 0.71173 0.646243 0.711314 0.645921 0.711314 0.644953 0.71173 0.644631 0.71173 0.644308 0.711314 0.644308 0.710899 0.643986 0.710899 0.642373 0.711314 0.642051 0.710899 0.641728 0.710899 0.641084 0.710483 0.640761 0.710483 0.640116 0.710067 0.639794 0.710483 0.639471 0.710483 0.637536 0.710067 0.637536 0.709651 0.637214 0.709651 0.636891 0.709235 0.636569 0.709651 0.636246 0.709235 0.635924 0.709651 0.635601 0.709651 0.634956 0.709235 0.634634 0.709651 0.634312 0.708403 0.633344 0.708819 0.633022 0.708819 0.632054 0.707987 0.631409 0.707987 0.630119 0.708403 0.629797 0.709235 0.629797 0.709235 0.629152 0.708819 0.629152 0.708819 0.629474 0.708403 0.629797 0.707987 0.629797 0.707571 0.629474 0.707571 0.628829 0.708403 0.628184 0.707571 0.62754 0.707571 0.626572 0.706739 0.625927 0.707155 0.625605 0.707155 0.624315 0.707571 0.623992 0.707571 0.623347 0.706739 0.623347 0.706323 0.623025 0.706323 0.62238 0.706739 0.622057 0.706323 0.621735 0.706323 0.620767 0.705907 0.620445 0.705907 0.620123 0.705491 0.6198 0.705491 0.619155 0.705907 0.618833 0.706323 0.619155 0.706323 0.619478 0.707155 0.619478 0.707155 0.619155 0.707987 0.61851 0.707987 0.618188 0.707155 0.618833 0.706739 0.618833 0.705907 0.618188 0.705491 0.618188 0.705075 0.617865 0.705075 0.617543 0.705491 0.61722 0.705907 0.61722 0.706323 0.616898 0.706739 0.616898 0.707155 0.61722 0.707155 0.617543 0.707571 0.61722 0.707571 0.616898 0.707987 0.616575 0.708403 0.616575 0.708403 0.616253 0.707571 0.616253 0.707155 0.616575 0.705491 0.616575 0.704659 0.61593 0.704659 0.613995 0.704243 0.613673 0.704659 0.613351 0.704659 0.613028 0.704243 0.612706 0.704243 0.612061 0.703827 0.611738 0.703827 0.610771 0.704243 0.610448 0.705075 0.610448 0.705491 0.610771 0.705491 0.611416 0.705907 0.611416 0.705907 0.610448 0.705491 0.610448 0.704659 0.609803 0.704659 0.609158 0.704243 0.609158 0.703827 0.608836 0.704243 0.608513 0.704243 0.608191 0.703411 0.608191 0.702995 0.607868 0.702995 0.606256 0.703411 0.605934 0.703411 0.605611 0.703827 0.605289 0.704243 0.605611 0.704659 0.605611 0.704659 0.604966 0.704243 0.604644 0.703827 0.604644 0.703411 0.604966 0.702995 0.604644 0.702995 0.603999 0.703411 0.603676 0.703827 0.603676 0.704243 0.603354 0.704659 0.603354 0.704659 0.602709 0.704243 0.602709 0.703827 0.603031 0.703411 0.603031 0.702579 0.603676 0.701747 0.603031 0.701747 0.602386 0.702163 0.602064 0.702995 0.602064 0.702995 0.601741 0.702163 0.601096 0.702163 0.600451 0.701747 0.600451 0.700915 0.599807 0.700915 0.599162 0.701331 0.598839 0.701747 0.598839 0.701747 0.598194 0.701331 0.597872 0.700915 0.597872 0.700499 0.597549 0.700915 0.597227 0.700915 0.596904 0.700499 0.596582 0.700499 0.596259 0.700915 0.595937 0.700915 0.595292 0.700499 0.595292 0.700083 0.594969 0.700083 0.594324 0.700499 0.594002 0.700499 0.593357 0.700083 0.593357 0.699667 0.593035 0.699667 0.59239 0.700083 0.592067 0.700499 0.592067 0.700083 0.591745 0.700083 0.591422 0.699667 0.591422 0.699251 0.5911 0.699251 0.58981 0.698835 0.589487 0.699667 0.588842 0.699667 0.58852 0.699251 0.58852 0.698835 0.588197 0.698835 0.587875 0.698419 0.587552 0.698419 0.585618 0.698835 0.585295 0.699251 0.585295 0.699667 0.584973 0.699667 0.58465 0.699251 0.584328 0.699251 0.584005 0.698835 0.583683 0.698835 0.584328 0.699251 0.58465 0.698419 0.585295 0.698003 0.584973 0.698003 0.584005 0.697587 0.583683 0.697587 0.58336 0.698419 0.582715 0.698835 0.582715 0.698835 0.581748 0.698003 0.581748 0.697587 0.58207 0.697171 0.581748 0.697171 0.581103 0.697587 0.58078 0.697587 0.580458 0.697171 0.580135 0.697171 0.579813 0.696755 0.57949 0.696755 0.577878 0.696339 0.577556 0.696339 0.576911 0.696755 0.576588 0.696755 0.575943 0.696339 0.575943 0.695923 0.575621 0.695923 0.574653 0.696339 0.574331 0.696755 0.574331 0.696755 0.574008 0.696339 0.574008 0.695507 0.573363 0.695507 0.571106 0.695923 0.570784 0.695923 0.570139 0.695507 0.570139 0.694676 0.569494 0.694676 0.567881 0.69426 0.567559 0.694676 0.567236 0.694676 0.566591 0.69426 0.566269 0.69426 0.565946 0.693428 0.565302 0.693844 0.564979 0.693844 0.563689 0.693428 0.563367 0.693428 0.561754 0.692596 0.561109 0.692596 0.559819 0.69218 0.559497 0.692596 0.559174 0.692596 0.557885 0.69218 0.557562 0.69218 0.556917 0.691764 0.556595 0.691764 0.555627 0.691348 0.555305 0.691348 0.554982 0.691764 0.55466 0.691764 0.554337 0.69218 0.554015 0.69218 0.553692 0.691764 0.553692 0.690932 0.553047 0.691348 0.552725 0.69218 0.552725 0.69218 0.552402 0.691764 0.55208 0.691348 0.55208 0.690516 0.551435 0.690516 0.551113 0.690932 0.55079 0.690932 0.550145 0.690516 0.549823 0.690516 0.548855 0.6901 0.548533 0.6901 0.547888 0.689684 0.547565 0.689684 0.546275 0.6901 0.545953 0.690516 0.545953 0.690516 0.54563 0.6901 0.545308 0.689684 0.545308 0.689268 0.544985 0.689268 0.544341 0.689684 0.544018 0.689684 0.543696 0.689268 0.543696 0.688852 0.543373 0.688852 0.542083 0.68802 0.541438 0.688436 0.541116 0.688436 0.539826 0.68802 0.539503 0.68802 0.538213 0.687604 0.537891 0.687604 0.537569 0.68802 0.537246 0.68802 0.536924 0.687604 0.536924 0.687188 0.536601 0.687604 0.536279 0.68802 0.536279 0.68802 0.535956 0.687604 0.535634 0.68802 0.535311 0.68802 0.534989 0.688436 0.534666 0.687604 0.534666 0.686772 0.534021 0.686772 0.533699 0.68594 0.533054 0.68594 0.532409 0.686356 0.532086 0.686356 0.531764 0.68594 0.531764 0.685524 0.531441 0.68594 0.531119 0.68594 0.530474 0.686356 0.530152 0.686772 0.530152 0.686772 0.529507 0.686356 0.529507 0.68594 0.529184 0.685524 0.529184 0.685108 0.528862 0.685108 0.526604 0.684692 0.526282 0.684692 0.525959 0.685108 0.525637 0.685524 0.525637 0.685108 0.525314 0.684692 0.525637 0.684276 0.525314 0.684276 0.524025 0.684692 0.523702 0.685108 0.523702 0.684276 0.523057 0.684276 0.522412 0.68386 0.52209 0.68386 0.521767 0.683444 0.521445 0.683444 0.518865 0.683028 0.518542 0.683028 0.517897 0.683444 0.517575 0.683444 0.516608 0.68386 0.516285 0.684692 0.516285 0.684692 0.51564 0.684276 0.51564 0.68386 0.515963 0.683028 0.515963 0.682196 0.515318 0.682196 0.513705 0.68178 0.513383 0.68178 0.512738 0.682196 0.512415 0.682612 0.512415 0.682612 0.512093 0.683028 0.51177 0.683028 0.511448 0.682612 0.511448 0.682196 0.511125 0.682196 0.510803 0.68178 0.51048 0.68178 0.510158 0.682196 0.509836 0.682196 0.509513 0.68178 0.509191 0.681364 0.509191 0.680948 0.508868 0.680948 0.507256 0.681364 0.506933 0.681364 0.506611 0.680948 0.506611 0.680532 0.506288 0.680532 0.505643 0.680948 0.505321 0.681364 0.505321 0.681364 0.504676 0.680948 0.504676 0.680532 0.504353 0.680532 0.503386 0.680116 0.503064 0.680116 0.502741 0.6797 0.502419 0.6797 0.502096 0.680116 0.501774 0.680532 0.501774 0.680532 0.501451 0.680116 0.501129 0.680532 0.500806 0.680948 0.500806 0.680948 0.500161 0.680532 0.500161 0.680532 0.500806 0.680116 0.501129 0.6797 0.501129 0.679285 0.500806 0.6797 0.500484 0.6797 0.499839 0.678453 0.498871 0.678869 0.498549 0.679285 0.498549 0.679285 0.497904 0.678453 0.497259 0.678453 0.496292 0.678869 0.495969 0.678869 0.495647 0.679285 0.495324 0.678453 0.495324 0.678037 0.495002 0.678037 0.493712 0.677205 0.493067 0.677205 0.492744 0.677621 0.492422 0.677621 0.491454 0.677205 0.491132 0.677621 0.490809 0.677621 0.490487 0.677205 0.490164 0.677621 0.489842 0.678037 0.489842 0.678037 0.48952 0.677621 0.489197 0.677621 0.488875 0.677205 0.488552 0.677205 0.487907 0.676789 0.487585 0.676789 0.487262 0.676373 0.487262 0.675957 0.48694 0.676373 0.486617 0.677205 0.486617 0.677205 0.485972 0.676789 0.485972 0.676373 0.48565 0.676373 0.485327 0.675957 0.485005 0.675957 0.484037 0.675541 0.483715 0.675541 0.48178 0.674709 0.481135 0.674709 0.480168 0.675125 0.479845 0.675125 0.479523 0.674709 0.479523 0.674293 0.4792 0.674293 0.478878 0.674709 0.478555 0.675541 0.478555 0.675541 0.47791 0.675125 0.47791 0.674709 0.478233 0.674293 0.47791 0.674293 0.477265 0.674709 0.476943 0.674709 0.47662 0.673877 0.475975 0.673877 0.475331 0.673461 0.475008 0.673461 0.473073 0.673877 0.472751 0.673877 0.472428 0.673461 0.472428 0.673045 0.472106 0.673461 0.471783 0.673461 0.471461 0.673877 0.471138 0.673877 0.470493 0.673045 0.470493 0.672629 0.470171 0.672629 0.468236 0.672213 0.467914 0.672213 0.467269 0.671797 0.466946 0.671797 0.466624 0.672213 0.466301 0.672213 0.465979 0.671797 0.465656 0.671797 0.465334 0.671381 0.465011 0.671381 0.463399 0.670965 0.463076 0.670965 0.462754 0.670549 0.462431 0.670549 0.461464 0.670133 0.461142 0.670133 0.460174 0.670549 0.459852 0.670549 0.459207 0.670133 0.458884 0.670133 0.457272 0.669717 0.456949 0.669717 0.455337 0.669301 0.455337 0.668885 0.455015 0.669301 0.454692 0.669301 0.453725 0.668885 0.453402 0.668469 0.453402 0.668053 0.45308 0.668469 0.452757 0.668885 0.452757 0.668885 0.452435 0.668469 0.452112 0.668053 0.452112 0.667637 0.452435 0.666805 0.452435 0.666389 0.452112 0.665557 0.452112 0.665141 0.45179 0.665141 0.451467 0.664725 0.451145 0.664725 0.450822 0.664309 0.450822 0.663478 0.451467 0.662646 0.451467 0.662646 0.452112 0.663062 0.452435 0.662646 0.452757 0.661814 0.452757 0.661398 0.45308 0.660982 0.45308 0.660566 0.452757 0.660566 0.452435 0.66015 0.452435 0.659734 0.452757 0.659318 0.452757 0.658902 0.45308 0.658486 0.45308 0.65807 0.452757 0.658486 0.452435 0.65807 0.452112 0.656406 0.452112 0.656406 0.452757 0.656822 0.452757 0.657238 0.45308 0.656822 0.453402 0.654742 0.453402 0.654326 0.453725 0.65391 0.453725 0.653494 0.454047 0.653078 0.453725 0.651414 0.453725 0.650998 0.453402 0.650998 0.45308 0.650582 0.45308 0.650166 0.452757 0.650166 0.452435 0.648918 0.452435 0.648502 0.452112 0.648502 0.45179 0.648087 0.452112 0.647255 0.451467 0.647255 0.451145 0.646007 0.451145 0.645591 0.451467 0.643511 0.451467 0.643511 0.45179 0.643095 0.452112 0.642263 0.452112 0.641847 0.45179 0.641431 0.45179 0.641015 0.452112 0.640599 0.45179 0.640183 0.452112 0.639767 0.45179 0.639767 0.451467 0.639351 0.451467 0.639351 0.452112 0.638935 0.452435 0.638519 0.452112 0.638519 0.45179 0.638103 0.451467 0.638103 0.451145 0.637687 0.451467 0.636855 0.450822 0.636855 0.449855 0.637271 0.449532 0.638103 0.449532 0.638103 0.448565 0.638519 0.448243 0.639351 0.448243 0.640183 0.447598 0.640599 0.447598 0.640599 0.447275 0.639767 0.447275 0.639767 0.447598 0.639351 0.44792 0.637687 0.44792 0.637271 0.448243 0.636855 0.448243 0.636439 0.44792 0.636439 0.447598 0.636855 0.447275 0.637271 0.447275 0.637271 0.446953 0.636855 0.44663 0.637687 0.445985 0.637687 0.445663 0.636855 0.445663 0.636439 0.44534 0.636439 0.445018 0.636023 0.444695 0.636023 0.443728 0.635607 0.443728 0.635191 0.443405 0.635191 0.443083 0.635607 0.44276 0.635607 0.442438
0 0.639767 0.442115 0.639351 0.442438 0.639767 0.44276 0.640183 0.44276 0.640183 0.442115
0 0.654742 0.44147 0.655158 0.441793 0.655158 0.442115 0.655574 0.441793 0.65599 0.442115 0.65599 0.442438 0.656406 0.442438 0.656406 0.441793 0.655574 0.441793 0.655158 0.44147
0 0.659318 0.440826 0.659318 0.441148 0.659734 0.44147 0.66015 0.44147 0.659734 0.441148 0.659734 0.440826
0 0.650166 0.440503 0.64975 0.440826 0.64975 0.441148 0.650166 0.440826
0 0.652662 0.440181 0.652246 0.440503 0.651414 0.440503 0.651414 0.440826 0.650166 0.441793 0.651414 0.441793 0.651414 0.441148 0.65183 0.440826 0.652246 0.440826 0.652662 0.440503 0.653494 0.440503 0.653494 0.440181
0 0.660982 0.439858 0.660982 0.440181 0.661398 0.440181 0.661398 0.439858
0 0.655158 0.439858 0.655158 0.440181 0.65599 0.440181 0.655574 0.439858
0 0.658486 0.439536 0.658486 0.439858 0.659318 0.439858 0.659318 0.439536
0 0.668885 0.438568 0.668885 0.438891 0.668469 0.439213 0.668469 0.439536 0.668885 0.439536 0.669301 0.439213 0.669301 0.438891
0 0.667221 0.438568 0.667637 0.438891 0.667637 0.438568
0 0.671381 0.438246 0.670965 0.438568 0.671381 0.438891 0.671381 0.440181 0.671797 0.440181 0.671797 0.438891 0.671381 0.438568
