0 0.860724 0.719359 0.861188 0.719673 0.861188 0.719359
0 0.860724 0.711188 0.860724 0.711502 0.861188 0.711502 0.861188 0.711188
0 0.86026 0.697674 0.86026 0.697989 0.860724 0.697989 0.860724 0.697674
0 0.86026 0.693589 0.86026 0.693903 0.860724 0.693903 0.860724 0.693589
0 0.858867 0.669705 0.859331 0.670019 0.859331 0.669705
0 0.854225 0.650534 0.854225 0.650849 0.854689 0.650849 0.854689 0.650534
0 0.850046 0.648963 0.850046 0.649277 0.850511 0.649277 0.850511 0.648963
0 0.848654 0.648963 0.848189 0.649277 0.848189 0.649591 0.848654 0.649591 0.849118 0.649277 0.849118 0.648963
0 0.844475 0.64802 0.844475 0.648334 0.84494 0.648334 0.84494 0.64802
0 0.853296 0.647077 0.853296 0.647392 0.85376 0.647392 0.85376 0.647077
0 0.849582 0.646763 0.849118 0.647077 0.849582 0.647077
0 0.845404 0.646763 0.845404 0.647392 0.845868 0.647392 0.846332 0.647706 0.846332 0.64802 0.846797 0.64802 0.847261 0.647706 0.847725 0.647706 0.847725 0.647392 0.847261 0.647392 0.846797 0.647706 0.846332 0.647706 0.845868 0.647392 0.845868 0.646763
0 0.843547 0.646763 0.843547 0.647077 0.844011 0.647077 0.844011 0.646763
0 0.840761 0.646449 0.840297 0.646763 0.814299 0.646763 0.813835 0.647077 0.787837 0.647077 0.787372 0.647392 0.770195 0.647392 0.769731 0.647706 0.761374 0.647706 0.76091 0.64802 0.75766 0.64802 0.757196 0.648334 0.756267 0.648334 0.755803 0.648649 0.755803 0.652106 0.755339 0.65242 0.751625 0.65242 0.750232 0.653363 0.749768 0.653048 0.734912 0.653048 0.734912 0.653363 0.734448 0.653677 0.714949 0.653677 0.714485 0.653363 0.713556 0.653363 0.713092 0.653677 0.712163 0.653677 0.710771 0.652734 0.709378 0.652734 0.708914 0.653048 0.708449 0.653048 0.707985 0.653363 0.707057 0.652734 0.707057 0.651477 0.707521 0.651163 0.707521 0.65022 0.707057 0.649906 0.707057 0.649591 0.706592 0.649277 0.706128 0.649277 0.705664 0.648963 0.706128 0.648649 0.706128 0.648334 0.681523 0.648334 0.681058 0.648649 0.65506 0.648649 0.654596 0.648963 0.628598 0.648963 0.628598 0.649591 0.628134 0.649906 0.627669 0.649906 0.628134 0.649906 0.628598 0.65022 0.628134 0.650534 0.621634 0.650534 0.62117 0.650849 0.620706 0.650849 0.620706 0.65462 0.620241 0.654934 0.618384 0.654934 0.61792 0.65462 0.616527 0.65462 0.615135 0.655563 0.615135 0.655877 0.614206 0.656505 0.606778 0.656505 0.607242 0.65682 0.607242 0.674419 0.607707 0.674733 0.607707 0.692332 0.608171 0.692646 0.608171 0.705531 0.608635 0.705845 0.608635 0.710245 0.609099 0.710559 0.609099 0.728473 0.609564 0.728787 0.609564 0.743872 0.610028 0.744186 0.610028 0.746386 0.610492 0.7467 0.610492 0.764299 0.610956 0.764613 0.610956 0.782212 0.611421 0.782527 0.611421 0.78347 0.611885 0.783784 0.611885 0.80044 0.612349 0.800754 0.612349 0.818353 0.612813 0.818668 0.612813 0.819925 0.613278 0.820239 0.613278 0.836266 0.613742 0.836581 0.613742 0.838152 0.613278 0.838466 0.612349 0.838466 0.611885 0.838781 0.611885 0.84538 0.656453 0.84538 0.656917 0.845066 0.682916 0.845066 0.68338 0.844752 0.709378 0.844752 0.709842 0.844437 0.73584 0.844437 0.736305 0.844123 0.762767 0.844123 0.763231 0.843809 0.789229 0.843809 0.789694 0.843495 0.815692 0.843495 0.816156 0.84318 0.842154 0.84318 0.842618 0.842866 0.846797 0.842866 0.847261 0.842552 0.848189 0.842552 0.848654 0.842866 0.851439 0.842866 0.851903 0.842552 0.854689 0.842552 0.855153 0.842238 0.85701 0.842238 0.857474 0.842552 0.86351 0.842552 0.86351 0.799811 0.863045 0.799497 0.863045 0.781584 0.862581 0.78127 0.862581 0.763671 0.862117 0.763356 0.862117 0.762099 0.861653 0.761785 0.861653 0.760842 0.861188 0.760528 0.861653 0.760214 0.861653 0.758957 0.861188 0.758642 0.861653 0.758328 0.862117 0.758328 0.862117 0.758014 0.861653 0.7577 0.861653 0.757385 0.861188 0.757071 0.861653 0.756757 0.861653 0.7555 0.861188 0.755185 0.861188 0.752357 0.861653 0.752043 0.862117 0.752043 0.862117 0.751728 0.861653 0.751728 0.861188 0.751414 0.861188 0.748586 0.861653 0.748272 0.861653 0.747329 0.861188 0.747014 0.861188 0.745757 0.860724 0.745443 0.860724 0.7445 0.861188 0.744186 0.861653 0.7445 0.861653 0.744186 0.861188 0.743872 0.861188 0.742929 0.860724 0.742615 0.860724 0.741672 0.86026 0.741358 0.86026 0.740729 0.860724 0.740415 0.860724 0.739472 0.86026 0.739158 0.86026 0.738529 0.860724 0.738215 0.860724 0.737272 0.86026 0.736958 0.86026 0.736015 0.860724 0.735701 0.860724 0.733815 0.86026 0.733501 0.86026 0.733187 0.860724 0.732872 0.860724 0.732558 0.86026 0.732244 0.86026 0.730673 0.860724 0.730358 0.860724 0.730044 0.86026 0.72973 0.86026 0.729101 0.860724 0.728787 0.860724 0.728473 0.86026 0.728158 0.860724 0.727844 0.860724 0.72753 0.86026 0.72753 0.859796 0.727216 0.859796 0.72313 0.86026 0.722816 0.86026 0.722502 0.859796 0.722187 0.859796 0.718102 0.86026 0.717788 0.860724 0.717788 0.860724 0.717473 0.86026 0.717159 0.86026 0.716845 0.859796 0.716845 0.859331 0.71653 0.859796 0.716216 0.861188 0.716216 0.861188 0.715902 0.86026 0.715902 0.859796 0.715588 0.859796 0.714331 0.86026 0.714016 0.86026 0.713702 0.859796 0.713388 0.859796 0.713074 0.859331 0.712759 0.859796 0.712445 0.859796 0.712131 0.859331 0.711816 0.859331 0.710874 0.859796 0.710559 0.859796 0.710245 0.858867 0.709617 0.858867 0.707417 0.859331 0.707102 0.859796 0.707102 0.859796 0.706788 0.86026 0.706474 0.86026 0.704588 0.860724 0.704274 0.860724 0.703331 0.859796 0.703331 0.858867 0.702703 0.858867 0.70176 0.859331 0.701446 0.859331 0.700817 0.858867 0.700503 0.858867 0.699874 0.859331 0.69956 0.859331 0.699246 0.859796 0.698931 0.86026 0.699246 0.86026 0.69956 0.860724 0.69956 0.860724 0.699246 0.86026 0.699246 0.859796 0.698931 0.859796 0.698617 0.859331 0.698617 0.858867 0.698303 0.858867 0.694532 0.859331 0.694217 0.859331 0.693275 0.858867 0.69296 0.858867 0.691703 0.859331 0.691389 0.859331 0.691075 0.858867 0.690761 0.858867 0.690446 0.858403 0.690132 0.858403 0.689189 0.857939 0.688875 0.858403 0.688561 0.858403 0.687618 0.857939 0.687304 0.857939 0.686989 0.858403 0.686675 0.858867 0.686989 0.859331 0.686989 0.859331 0.686675 0.858867 0.686361 0.858867 0.686047 0.858403 0.686047 0.857939 0.685732 0.857939 0.684475 0.858403 0.684161 0.858403 0.683847 0.857939 0.683532 0.857939 0.681961 0.858403 0.681647 0.858403 0.681332 0.857939 0.681018 0.857939 0.678818 0.858403 0.678504 0.858867 0.678504 0.858867 0.67819 0.858403 0.67819 0.857939 0.677876 0.857939 0.677247 0.858403 0.676933 0.858403 0.676618 0.857939 0.676304 0.857939 0.675361 0.858403 0.675047 0.858867 0.675047 0.858867 0.674733 0.858403 0.674419 0.858403 0.67379 0.857939 0.67379 0.857474 0.673476 0.857474 0.672847 0.858403 0.672219 0.858403 0.671904 0.857939 0.671904 0.857474 0.67159 0.857474 0.670333 0.857939 0.670019 0.858403 0.670333 0.858403 0.670647 0.858403 0.670333 0.857939 0.670019 0.857939 0.669705 0.857474 0.66939 0.857474 0.667819 0.857939 0.667505 0.857939 0.66719 0.857474 0.666876 0.857474 0.666562 0.857939 0.666248 0.857939 0.665933 0.857474 0.665619 0.857474 0.663105 0.85701 0.662791 0.857474 0.662476 0.857474 0.661534 0.85701 0.661219 0.857474 0.660905 0.857474 0.658391 0.85701 0.658077 0.857474 0.657762 0.857474 0.657448 0.85701 0.657134 0.85701 0.655877 0.856546 0.655563 0.856546 0.65242 0.855153 0.651477 0.85376 0.651477 0.85376 0.651791 0.853296 0.652106 0.852832 0.651791 0.852368 0.651791 0.851439 0.651163 0.851439 0.650849 0.850975 0.650849 0.850975 0.651163 0.851439 0.651477 0.850975 0.651791 0.849118 0.651791 0.848654 0.651477 0.849118 0.651163 0.850046 0.651163 0.850046 0.650849 0.849582 0.650849 0.848654 0.651477 0.847261 0.650534 0.844011 0.650534 0.843547 0.65022 0.842618 0.65022 0.842154 0.649906 0.842618 0.649591 0.843083 0.649591 0.843083 0.649277 0.842618 0.648963 0.842618 0.648334 0.843083 0.64802 0.843083 0.647706 0.842618 0.647392 0.842618 0.646449
