0 0.738172 0.744674 0.738172 0.745017 0.737712 0.745361 0.737712 0.745704 0.738172 0.745704 0.738172 0.745361 0.738631 0.745017 0.738631 0.744674
0 0.759302 0.713058 0.759302 0.713402 0.759761 0.713402 0.759761 0.713058
0 0.771704 0.695189 0.771704 0.695876 0.772164 0.695533
0 0.778135 0.687629 0.777676 0.687973 0.777676 0.688316 0.777216 0.68866 0.777676 0.68866 0.778594 0.687973
0 0.778594 0.684192 0.778594 0.684536 0.779054 0.684536 0.779054 0.684192
0 0.782269 0.680756 0.782269 0.6811 0.782729 0.6811
0 0.785485 0.676289 0.785025 0.676632 0.785025 0.676976 0.785485 0.676976
0 0.800184 0.655326 0.799724 0.65567 0.799724 0.656014 0.800643 0.656014 0.801102 0.65567 0.800643 0.655326
0 0.80294 0.65189 0.80294 0.652234 0.802021 0.652921 0.801102 0.652921 0.801102 0.653265 0.801562 0.653608 0.80248 0.653608 0.80248 0.653265 0.80294 0.652921 0.80294 0.652577 0.803399 0.652234 0.803399 0.65189
0 0.804777 0.649141 0.804777 0.649485 0.804318 0.649828 0.804318 0.650172 0.803859 0.650515 0.803859 0.650859 0.804318 0.650859 0.804318 0.650515 0.805237 0.649828 0.805237 0.649485
0 0.806155 0.645017 0.806155 0.645704 0.807074 0.645704 0.807074 0.645017
0 0.812127 0.636082 0.812127 0.636426 0.813045 0.636426 0.813045 0.636082
0 0.815802 0.633677 0.815342 0.634021 0.815342 0.634364 0.814883 0.634708 0.815342 0.634708 0.816261 0.634021
0 0.81718 0.630584 0.81718 0.630928 0.81672 0.631271 0.818098 0.631271 0.818098 0.630928 0.817639 0.630584
0 0.81672 0.628866 0.816261 0.62921 0.816261 0.629553 0.81672 0.629553 0.81672 0.62921 0.81718 0.628866
0 0.818098 0.627491 0.818098 0.627835 0.818558 0.627835 0.819017 0.628179 0.819476 0.628179 0.819476 0.627835 0.819017 0.627835 0.818558 0.627491
0 0.822692 0.622337 0.822692 0.62268 0.823151 0.622337
0 0.825448 0.619244 0.824989 0.619588 0.825448 0.619931
0 0.827285 0.615808 0.826826 0.616151 0.826826 0.616495 0.827285 0.616495
0 0.833716 0.604124 0.833716 0.604811 0.834175 0.604467 0.834175 0.604124
0 0.839688 0.595533 0.839688 0.595876 0.840147 0.595876 0.840147 0.595533
0 0.856224 0.572165 0.855765 0.572509 0.856224 0.572509 0.856684 0.572165
0 0.856224 0.569759 0.856224 0.570103 0.856684 0.570447 0.857143 0.570103 0.856684 0.570103
0 0.85944 0.569072 0.85898 0.569416 0.85944 0.569759 0.859899 0.569759 0.85944 0.569416
0 0.864492 0.558763 0.864492 0.559107 0.864952 0.559107 0.864952 0.558763
0 0.888379 0.52646 0.888379 0.526804 0.889297 0.527491 0.889297 0.527835 0.889757 0.527835 0.889757 0.527491 0.890216 0.527148 0.889757 0.527148 0.889297 0.526804 0.889297 0.52646
0 0.88011 0.526117 0.88011 0.52646 0.879651 0.526804 0.879192 0.526804 0.879192 0.527148 0.879651 0.527491 0.879651 0.526804 0.88057 0.526117
0 0.879651 0.524399 0.879651 0.525086 0.88011 0.525086 0.88011 0.524399
0 0.878273 0.524399 0.877814 0.524742 0.878273 0.524742
0 0.869545 0.523368 0.869086 0.523711 0.869086 0.524055 0.868627 0.524399 0.869086 0.524399 0.869545 0.524742 0.870005 0.524399 0.870464 0.524742 0.870923 0.524399 0.870464 0.524055 0.870464 0.523711 0.870005 0.523711
0 0.893431 0.522337 0.893431 0.52268 0.892972 0.523024 0.892972 0.523711 0.893431 0.523368
0 0.871383 0.521649 0.870923 0.521993 0.871383 0.522337
0 0.87322 0.520619 0.87322 0.520962 0.873679 0.521306 0.873679 0.520619
0 0.890675 0.520275 0.890675 0.520962 0.891135 0.521306 0.890675 0.521649 0.890675 0.521993 0.891135 0.522337 0.892053 0.521649 0.891135 0.520962 0.891135 0.520619
0 0.878732 0.519244 0.878273 0.519588 0.878732 0.519588
0 0.884704 0.5189 0.884244 0.519244 0.884704 0.519244 0.885163 0.5189
0 0.882407 0.5189 0.881948 0.519244 0.882407 0.519588 0.882866 0.519244 0.882866 0.5189
0 0.875976 0.518557 0.875976 0.5189 0.876435 0.519244 0.876895 0.5189 0.876435 0.5189
0 0.867249 0.518557 0.866789 0.5189 0.867249 0.5189
0 0.873679 0.518213 0.873679 0.518557 0.874139 0.518213
0 0.861277 0.518213 0.860818 0.518557 0.861277 0.518557
0 0.882866 0.517526 0.882866 0.517869 0.883326 0.517869 0.883326 0.517526
0 0.878732 0.517526 0.878732 0.518557 0.879192 0.518557 0.879192 0.517526
0 0.867708 0.517526 0.868167 0.517869 0.868627 0.517869 0.868627 0.517526
0 0.88011 0.516151 0.88011 0.516838 0.88057 0.516495
0 0.871842 0.515808 0.871383 0.516151 0.871383 0.516495 0.870464 0.517182 0.870464 0.517526 0.870005 0.517869 0.870005 0.5189 0.868627 0.519931 0.869086 0.520275 0.869545 0.520275 0.869545 0.519931 0.869086 0.519588 0.869545 0.519244 0.870005 0.519244 0.870464 0.519588 0.870464 0.519931 0.870923 0.519931 0.870923 0.519588 0.870464 0.519244 0.870464 0.5189 0.870923 0.518557 0.870464 0.518213 0.870923 0.517869 0.870923 0.517526 0.871383 0.517182 0.871842 0.517182 0.871842 0.516151 0.872301 0.515808 0.87322 0.516495 0.873679 0.516151 0.87322 0.515808 0.872761 0.516151 0.872301 0.515808
0 0.868167 0.515464 0.868627 0.515808 0.868627 0.515464
0 0.86633 0.515464 0.86587 0.515808 0.86587 0.516151 0.86633 0.516151
0 0.876895 0.51512 0.876895 0.515464 0.877354 0.515464 0.878273 0.516151 0.878273 0.515464 0.877814 0.515464 0.877354 0.51512
0 0.870005 0.51512 0.870005 0.515464 0.870464 0.515808 0.870923 0.515464 0.870464 0.51512
0 0.862196 0.51512 0.862196 0.515464 0.862655 0.515464 0.862655 0.51512
0 0.874598 0.514433 0.875057 0.514777 0.875057 0.515464 0.875517 0.515808 0.875976 0.515808 0.875976 0.515464 0.875517 0.51512 0.875517 0.514433
0 0.864492 0.514089 0.864492 0.514433 0.864033 0.514777 0.864492 0.514777 0.864952 0.51512 0.864952 0.514777 0.865411 0.514433 0.864952 0.514089
0 0.869086 0.513402 0.869086 0.513746 0.869545 0.513746 0.869545 0.513402
0 0.867708 0.512371 0.867708 0.512715 0.867249 0.513058 0.866789 0.513058 0.866789 0.513746 0.867249 0.514089 0.867708 0.514089 0.867708 0.513402 0.867249 0.513058 0.867708 0.512715 0.868627 0.512715 0.868167 0.512371
0 0.86587 0.51134 0.86587 0.512027 0.86633 0.511684 0.86633 0.51134
0 0.864033 0.51134 0.864033 0.511684 0.864492 0.511684 0.864492 0.51134
0 0.685347 0.451546 0.685347 0.452234 0.686266 0.452234 0.686725 0.45189 0.686725 0.451546
0 0.653192 0.44055 0.653192 0.440893 0.653652 0.440893 0.653652 0.44055
0 0.606339 0.409622 0.60588 0.409966 0.606339 0.409966 0.606798 0.410309 0.607258 0.409966 0.607258 0.409622
0 0.446027 0.350515 0.445567 0.350859 0.444649 0.350859 0.443271 0.35189 0.443271 0.352234 0.442811 0.352577 0.442811 0.352921 0.442352 0.353265 0.442352 0.353608 0.441893 0.353952 0.441893 0.354296 0.441433 0.354639 0.441433 0.354983 0.440974 0.355326 0.440974 0.35567 0.440514 0.356014 0.440514 0.357045 0.440055 0.357388 0.440055 0.357732 0.439136 0.358419 0.438677 0.358076 0.438218 0.358076 0.437299 0.357388 0.43684 0.357388 0.43638 0.357045 0.435921 0.357045 0.435462 0.356701 0.435002 0.356701 0.434543 0.356357 0.434084 0.356357 0.433624 0.356014 0.433165 0.356014 0.432706 0.35567 0.432246 0.35567 0.431787 0.355326 0.431328 0.355326 0.430868 0.354983 0.42949 0.356014 0.429031 0.356014 0.428571 0.356357 0.427193 0.356357 0.425815 0.357388 0.425356 0.357045 0.424897 0.357045 0.424437 0.356701 0.423978 0.356701 0.423519 0.356357 0.423059 0.356357 0.4226 0.356014 0.422141 0.356014 0.421681 0.35567 0.421222 0.35567 0.420763 0.355326 0.420303 0.355326 0.419844 0.354983 0.418466 0.354983 0.418006 0.354639 0.417547 0.354639 0.417088 0.354296 0.416628 0.354296 0.41571 0.353608 0.41525 0.353608 0.414791 0.353265 0.414332 0.353265 0.413872 0.352921 0.413413 0.352921 0.412954 0.352577 0.412494 0.352577 0.412035 0.352234 0.411576 0.352234 0.411116 0.35189 0.410657 0.35189 0.410657 0.352234 0.410198 0.352577 0.410198 0.352921 0.409738 0.353265 0.409738 0.353608 0.409279 0.353952 0.409279 0.354296 0.408819 0.354639 0.408819 0.354983 0.40836 0.355326 0.40836 0.35567 0.407901 0.356014 0.407901 0.356357 0.407441 0.356701 0.407441 0.357045 0.406523 0.357732 0.406523 0.358076 0.406063 0.358419 0.406063 0.358763 0.405604 0.359107 0.405604 0.35945 0.405145 0.359794 0.405145 0.360137 0.404685 0.360481 0.404685 0.360825 0.404226 0.361168 0.404226 0.361512 0.403767 0.361856 0.403767 0.362199 0.403307 0.362543 0.403307 0.362887 0.402848 0.36323 0.402848 0.363574 0.402389 0.363918 0.402389 0.364261 0.401929 0.364605 0.401929 0.364948 0.401011 0.365636 0.401011 0.365979 0.400551 0.366323 0.400551 0.366667 0.400092 0.36701 0.400092 0.367354 0.399633 0.367698 0.399633 0.368041 0.399173 0.368385 0.399173 0.368729 0.398714 0.369072 0.398714 0.369416 0.398254 0.369759 0.398254 0.370103 0.397795 0.370447 0.397795 0.37079 0.397336 0.371134 0.397336 0.371478 0.396876 0.371821 0.396876 0.372165 0.395958 0.372852 0.395958 0.373196 0.395498 0.37354 0.395498 0.373883 0.395039 0.374227 0.395039 0.37457 0.39458 0.374914 0.39458 0.375258 0.39412 0.375601 0.39412 0.375945 0.393661 0.376289 0.393661 0.376632 0.393202 0.376976 0.393202 0.37732 0.392742 0.377663 0.392742 0.378007 0.392283 0.378351 0.392283 0.378694 0.391824 0.379038 0.391824 0.379381 0.391364 0.379725 0.391364 0.380069 0.390446 0.380756 0.390446 0.3811 0.389986 0.381443 0.389986 0.381787 0.389527 0.382131 0.389527 0.382474 0.389068 0.382818 0.389068 0.383162 0.388608 0.383505 0.388608 0.383849 0.388149 0.384192 0.388149 0.384536 0.387689 0.38488 0.387689 0.385223 0.38723 0.385567 0.38723 0.385911 0.386771 0.386254 0.386771 0.386598 0.386311 0.386942 0.386311 0.387285 0.385852 0.387629 0.385852 0.387973 0.384933 0.38866 0.384933 0.389003 0.384474 0.389347 0.384474 0.389691 0.384015 0.390034 0.384015 0.390378 0.383555 0.390722 0.383555 0.391065 0.383096 0.391409 0.383096 0.391753 0.382637 0.392096 0.382637 0.39244 0.382177 0.392784 0.382177 0.393127 0.381718 0.393471 0.381718 0.393814 0.381259 0.394158 0.381259 0.394502 0.380799 0.394845 0.380799 0.395189 0.379881 0.395876 0.379881 0.39622 0.379421 0.396564 0.379421 0.396907 0.378962 0.397251 0.378962 0.397595 0.378503 0.397938 0.378503 0.398282 0.378043 0.398625 0.378043 0.398969 0.377584 0.399313 0.377584 0.399656 0.377124 0.4 0.377124 0.400344 0.376665 0.400687 0.376665 0.401031 0.376206 0.401375 0.376206 0.401718 0.375746 0.402062 0.375746 0.402405 0.375287 0.402749 0.375287 0.403093 0.374368 0.40378 0.374368 0.404124 0.373909 0.404467 0.373909 0.404811 0.37345 0.405155 0.37345 0.405498 0.37299 0.405842 0.37299 0.406186 0.372531 0.406529 0.372531 0.406873 0.372072 0.407216 0.372072 0.40756 0.371612 0.407904 0.371612 0.408247 0.371153 0.408591 0.371153 0.408935 0.370694 0.409278 0.370694 0.409622 0.370234 0.409966 0.370234 0.410309 0.369316 0.410997 0.369316 0.41134 0.368856 0.411684 0.368856 0.412027 0.368397 0.412371 0.368397 0.412715 0.367938 0.413058 0.367938 0.413402 0.367478 0.413746 0.367478 0.414089 0.367019 0.414433 0.367019 0.414777 0.366559 0.41512 0.366559 0.415464 0.3661 0.415808 0.3661 0.416151 0.365641 0.416495 0.365641 0.416838 0.365181 0.417182 0.365181 0.417526 0.364722 0.417869 0.364722 0.418213 0.363803 0.4189 0.363803 0.419244 0.363344 0.419588 0.363344 0.419931 0.362885 0.420275 0.362885 0.420619 0.362425 0.420962 0.362425 0.421306 0.361966 0.421649 0.361966 0.421993 0.361507 0.422337 0.361507 0.42268 0.361047 0.423024 0.361047 0.423368 0.360588 0.423711 0.360588 0.424055 0.360129 0.424399 0.360129 0.424742 0.359669 0.425086 0.359669 0.42543 0.35921 0.425773 0.35921 0.426117 0.358291 0.426804 0.358291 0.427148 0.357832 0.427491 0.357832 0.427835 0.357373 0.428179 0.357373 0.428522 0.356913 0.428866 0.356913 0.42921 0.356454 0.429553 0.356454 0.429897 0.355994 0.430241 0.355994 0.430584 0.355535 0.430928 0.355535 0.431271 0.355076 0.431615 0.355076 0.431959 0.354616 0.432302 0.354616 0.432646 0.354157 0.43299 0.354157 0.433333 0.353238 0.434021 0.353238 0.434364 0.352779 0.434708 0.352779 0.435052 0.35232 0.435395 0.35232 0.435739 0.35186 0.436082 0.35232 0.436426 0.35186 0.43677 0.35186 0.437113 0.351401 0.437457 0.351401 0.437801 0.350942 0.438144 0.350942 0.438488 0.350482 0.438832 0.350482 0.439175 0.350023 0.439519 0.350023 0.439863 0.349564 0.440206 0.349564 0.44055 0.349104 0.440893 0.349104 0.441237 0.348645 0.441581 0.348645 0.441924 0.348186 0.442268 0.348186 0.442612 0.347726 0.442955 0.347726 0.443299 0.346808 0.443986 0.346808 0.44433 0.346348 0.444674 0.346348 0.445017 0.345889 0.445361 0.345889 0.445704 0.345429 0.446048 0.345429 0.446392 0.34497 0.446735 0.34497 0.447079 0.344511 0.447423 0.344511 0.447766 0.344051 0.44811 0.344051 0.448454 0.343592 0.448797 0.343592 0.449141 0.343133 0.449485 0.343133 0.449828 0.342673 0.450172 0.342673 0.450515 0.341755 0.451203 0.341755 0.451546 0.341295 0.45189 0.341295 0.452234 0.340836 0.452577 0.340836 0.452921 0.340377 0.453265 0.340377 0.453608 0.339917 0.453952 0.339917 0.454296 0.339458 0.454639 0.339458 0.454983 0.338999 0.455326 0.338999 0.45567 0.338539 0.456014 0.338539 0.456357 0.33808 0.456701 0.33808 0.457045 0.337621 0.457388 0.337621 0.457732 0.337161 0.458076 0.337161 0.458419 0.336243 0.459107 0.336243 0.45945 0.335783 0.459794 0.335783 0.460137 0.335324 0.460481 0.335324 0.460825 0.334864 0.461168 0.334864 0.461512 0.334405 0.461856 0.334405 0.462199 0.333946 0.462543 0.333946 0.462887 0.333486 0.46323 0.333486 0.463574 0.333027 0.463918 0.333027 0.464261 0.332568 0.464605 0.332568 0.464948 0.332108 0.465292 0.332108 0.465636 0.331649 0.465979 0.331649 0.466323 0.33073 0.46701 0.33073 0.467354 0.330271 0.467698 0.330271 0.468041 0.329812 0.468385 0.329812 0.468729 0.329352 0.469072 0.329352 0.469416 0.328893 0.469759 0.328893 0.470103 0.328434 0.470447 0.328434 0.47079 0.327974 0.471134 0.327974 0.471478 0.327515 0.471821 0.327515 0.472165 0.327056 0.472509 0.327056 0.472852 0.326596 0.473196 0.326596 0.47354 0.325678 0.474227 0.325678 0.47457 0.325218 0.474914 0.325218 0.475258 0.324759 0.475601 0.324759 0.475945 0.324299 0.476289 0.324299 0.476632 0.32384 0.476976 0.32384 0.47732 0.323381 0.477663 0.323381 0.478694 0.322921 0.479038 0.322921 0.479381 0.322462 0.479725 0.322462 0.480069 0.322003 0.480412 0.322003 0.480756 0.321543 0.4811 0.321543 0.481443 0.321084 0.481787 0.321084 0.482131 0.320625 0.482474 0.320625 0.482818 0.320165 0.483162 0.320165 0.483505 0.319247 0.484192 0.319247 0.484536 0.318787 0.48488 0.318787 0.485223 0.318328 0.485567 0.318328 0.485911 0.317869 0.486254 0.317869 0.486598 0.317409 0.486942 0.317409 0.487285 0.31695 0.487629 0.31695 0.487973 0.316491 0.488316 0.316491 0.48866 0.316031 0.489003 0.316031 0.489347 0.315572 0.489691 0.315572 0.490034 0.315113 0.490378 0.315113 0.490722 0.314194 0.491409 0.314194 0.491753 0.313734 0.492096 0.313734 0.49244 0.313275 0.492784 0.313275 0.493127 0.312816 0.493471 0.312816 0.493814 0.312356 0.494158 0.312356 0.494502 0.311897 0.494845 0.311897 0.495189 0.311438 0.495533 0.311438 0.495876 0.310978 0.49622 0.310978 0.496564 0.310519 0.496907 0.310519 0.497251 0.31006 0.497595 0.31006 0.497938 0.3096 0.498282 0.3096 0.498625 0.308682 0.499313 0.308682 0.499656 0.308222 0.5 0.308222 0.500344 0.307763 0.500687 0.307763 0.501031 0.307304 0.501375 0.307304 0.501718 0.306844 0.502062 0.306844 0.502405 0.306385 0.502749 0.306385 0.503093 0.305926 0.503436 0.305926 0.50378 0.305466 0.504124 0.305466 0.504467 0.305007 0.504811 0.305007 0.505155 0.304548 0.505498 0.304548 0.505842 0.304088 0.506186 0.304088 0.506529 0.303169 0.507216 0.303169 0.50756 0.30271 0.507904 0.30271 0.508247 0.302251 0.508591 0.302251 0.508935 0.301791 0.509278 0.301791 0.509622 0.301332 0.509966 0.301332 0.510309 0.300873 0.510653 0.300873 0.510997 0.300413 0.51134 0.300413 0.511684 0.299954 0.512027 0.299954 0.512371 0.299495 0.512715 0.299495 0.513058 0.299035 0.513402 0.299035 0.513746 0.298117 0.514433 0.298117 0.514777 0.297657 0.51512 0.297657 0.515464 0.297198 0.515808 0.297198 0.516151 0.296739 0.516495 0.297198 0.516838 0.296739 0.517182 0.296739 0.517526 0.296279 0.517869 0.296279 0.518213 0.29582 0.518557 0.29582 0.5189 0.295361 0.519244 0.295361 0.519588 0.294901 0.519931 0.294901 0.520275 0.294442 0.520619 0.294442 0.520962 0.293983 0.521306 0.293983 0.521649 0.293523 0.521993 0.293523 0.522337 0.293064 0.52268 0.293064 0.523024 0.292605 0.523368 0.292605 0.523711 0.291686 0.524399 0.291686 0.524742 0.291226 0.525086 0.291226 0.52543 0.290767 0.525773 0.290767 0.526117 0.290308 0.52646 0.290308 0.526804 0.289848 0.527148 0.289848 0.527491 0.289389 0.527835 0.289389 0.528179 0.28893 0.528522 0.28893 0.528866 0.28847 0.52921 0.28847 0.529553 0.288011 0.529897 0.288011 0.530241 0.287552 0.530584 0.287552 0.530928 0.286633 0.531615 0.286633 0.531959 0.286174 0.532302 0.286174 0.532646 0.285714 0.53299 0.285714 0.533333 0.285255 0.533677 0.285255 0.534021 0.284796 0.534364 0.284796 0.534708 0.284336 0.535052 0.284336 0.535395 0.283877 0.535739 0.283877 0.536082 0.283418 0.536426 0.283418 0.53677 0.282958 0.537113 0.282958 0.537457 0.282499 0.537801 0.282499 0.538144 0.28204 0.538488 0.28204 0.538832 0.281121 0.539519 0.281121 0.539863 0.280661 0.540206 0.280661 0.54055 0.280202 0.540893 0.280202 0.541237 0.279743 0.541581 0.279743 0.541924 0.279283 0.542268 0.279283 0.542612 0.278824 0.542955 0.278824 0.543299 0.278365 0.543643 0.278365 0.543986 0.277905 0.54433 0.277905 0.544674 0.277446 0.545017 0.277446 0.545361 0.276987 0.545704 0.276987 0.546048 0.276527 0.546392 0.276527 0.546735 0.275609 0.547423 0.275609 0.547766 0.275149 0.54811 0.275149 0.548454 0.27469 0.548797 0.27469 0.549141 0.274231 0.549485 0.274231 0.549828 0.273771 0.550172 0.273771 0.550515 0.273312 0.550859 0.273312 0.551203 0.272853 0.551546 0.272853 0.55189 0.272393 0.552234 0.272393 0.552577 0.271934 0.552921 0.271934 0.553265 0.271475 0.553608 0.271475 0.554639 0.271015 0.554983 0.271015 0.555326 0.270556 0.55567 0.270556 0.556014 0.269637 0.556701 0.269637 0.557045 0.269178 0.557388 0.269178 0.557732 0.268718 0.558076 0.268718 0.558419 0.268259 0.558763 0.268259 0.559107 0.2678 0.55945 0.2678 0.559794 0.26734 0.560137 0.26734 0.560481 0.266881 0.560825 0.266881 0.561168 0.266422 0.561512 0.266422 0.561856 0.265962 0.562199 0.265962 0.562543 0.265503 0.562887 0.265503 0.56323 0.265044 0.563574 0.265044 0.563918 0.264125 0.564605 0.264125 0.564948 0.263666 0.565292 0.263666 0.566323 0.263206 0.566667 0.263206 0.56701 0.262747 0.567354 0.262747 0.567698 0.262288 0.568041 0.262288 0.568385 0.261828 0.568729 0.261828 0.569072 0.261369 0.569416 0.261369 0.569759 0.26091 0.570103 0.26091 0.570447 0.26045 0.57079 0.26045 0.571134 0.259991 0.571478 0.259991 0.571821 0.259531 0.572165 0.259531 0.572509 0.259072 0.572852 0.259072 0.573196 0.258153 0.573883 0.258153 0.574227 0.257694 0.57457 0.257694 0.574914 0.257235 0.575258 0.257235 0.575601 0.256775 0.575945 0.256775 0.576289 0.256316 0.576632 0.256316 0.576976 0.255857 0.57732 0.255857 0.577663 0.255397 0.578007 0.255397 0.578351 0.254938 0.578694 0.254938 0.579038 0.254479 0.579381 0.254479 0.579725 0.254019 0.580069 0.254019 0.580412 0.25356 0.580756 0.25356 0.5811 0.252641 0.581787 0.252641 0.582131 0.252182 0.582474 0.252182 0.582818 0.251723 0.583162 0.251723 0.583505 0.251263 0.583849 0.251263 0.584192 0.250804 0.584536 0.250804 0.58488 0.250345 0.585223 0.250345 0.585567 0.249885 0.585911 0.249885 0.586254 0.249426 0.586598 0.249426 0.586942 0.248966 0.587285 0.248966 0.587629 0.248507 0.587973 0.248507 0.588316 0.247588 0.589003 0.247588 0.589347 0.247129 0.589691 0.247129 0.590034 0.24667 0.590378 0.24667 0.590722 0.24621 0.591065 0.24621 0.591409 0.245751 0.591753 0.245751 0.592096 0.245292 0.59244 0.245292 0.592784 0.244832 0.593127 0.244832 0.593471 0.244373 0.593814 0.244373 0.594158 0.243914 0.594502 0.243914 0.594845 0.243454 0.595189 0.243454 0.595533 0.242995 0.595876 0.242995 0.59622 0.242076 0.596907 0.242076 0.597251 0.241617 0.597595 0.241617 0.597938 0.241158 0.598282 0.241158 0.598625 0.240698 0.598969 0.240698 0.599313 0.240239 0.599656 0.240239 0.6 0.23978 0.600344 0.23978 0.600687 0.23932 0.601031 0.23932 0.601375 0.238861 0.601718 0.238861 0.602062 0.238401 0.602405 0.238401 0.602749 0.237942 0.603093 0.237942 0.603436 0.237483 0.60378 0.237483 0.604124 0.236564 0.604811 0.236564 0.605155 0.236105 0.605498 0.236105 0.605842 0.235645 0.606186 0.235645 0.606529 0.235186 0.606873 0.235186 0.607216 0.234727 0.60756 0.234727 0.607904 0.234267 0.608247 0.234267 0.608591 0.233808 0.608935 0.233808 0.609278 0.233349 0.609622 0.233349 0.609966 0.232889 0.610309 0.232889 0.610653 0.23243 0.610997 0.23243 0.61134 0.231511 0.612027 0.231511 0.612371 0.231052 0.612715 0.231052 0.613058 0.230593 0.613402 0.230593 0.613746 0.230133 0.614089 0.230133 0.614433 0.229674 0.614777 0.229674 0.615808 0.229215 0.616151 0.229215 0.616495 0.228755 0.616838 0.228755 0.617182 0.228296 0.617526 0.228296 0.617869 0.227836 0.618213 0.227836 0.618557 0.227377 0.6189 0.227377 0.619244 0.226918 0.619588 0.226918 0.619931 0.226458 0.620275 0.226458 0.620619 0.225999 0.620962 0.225999 0.621306 0.22508 0.621993 0.22508 0.622337 0.224621 0.62268 0.224621 0.623024 0.224162 0.623368 0.224162 0.623711 0.223702 0.624055 0.223702 0.624399 0.223243 0.624742 0.223243 0.625086 0.222784 0.62543 0.222784 0.625773 0.222324 0.626117 0.222324 0.62646 0.221865 0.626804 0.221865 0.627148 0.221406 0.627491 0.221406 0.627835 0.220946 0.628179 0.220946 0.628522 0.220028 0.62921 0.220028 0.629553 0.219568 0.629897 0.219568 0.630241 0.219109 0.630584 0.219109 0.630928 0.21865 0.631271 0.21865 0.631615 0.21819 0.631959 0.21819 0.632302 0.217731 0.632646 0.217731 0.63299 0.217271 0.633333 0.217271 0.633677 0.216812 0.634021 0.216812 0.634364 0.216353 0.634708 0.216353 0.635052 0.215893 0.635395 0.215893 0.635739 0.215434 0.636082 0.215434 0.636426 0.214515 0.637113 0.214515 0.637457 0.214056 0.637801 0.214056 0.638144 0.213597 0.638488 0.213597 0.638832 0.213137 0.639175 0.213137 0.639519 0.212678 0.639863 0.212678 0.640206 0.212219 0.64055 0.212219 0.640893 0.211759 0.641237 0.211759 0.641581 0.2113 0.641924 0.2113 0.642268 0.210841 0.642612 0.210841 0.642955 0.210381 0.643299 0.210381 0.643643 0.209922 0.643986 0.209922 0.64433 0.209003 0.645017 0.209003 0.645361 0.208544 0.645704 0.208544 0.646048 0.208085 0.646392 0.208085 0.646735 0.207625 0.647079 0.207625 0.647423 0.207166 0.647766 0.207166 0.64811 0.206706 0.648454 0.206706 0.648797 0.206247 0.649141 0.206247 0.649485 0.205788 0.649828 0.205788 0.650172 0.205328 0.650515 0.205328 0.650859 0.204869 0.651203 0.204869 0.651546 0.20395 0.652234 0.20395 0.652577 0.203491 0.652921 0.203491 0.653265 0.203032 0.653608 0.203032 0.653952 0.202572 0.654296 0.202572 0.655326 0.202113 0.65567 0.202113 0.656014 0.201654 0.656357 0.201654 0.656701 0.201194 0.657045 0.201194 0.657388 0.200735 0.657732 0.200735 0.658076 0.200276 0.658419 0.200276 0.658763 0.199816 0.659107 0.199816 0.65945 0.199357 0.659794 0.199357 0.660137 0.198898 0.660481 0.198898 0.660825 0.198438 0.661168 0.198438 0.661512 0.19752 0.662199 0.19752 0.662543 0.19706 0.662887 0.19706 0.66323 0.196601 0.663574 0.196601 0.663918 0.196141 0.664261 0.196141 0.664605 0.195682 0.664948 0.195682 0.665292 0.195223 0.665636 0.195223 0.665979 0.194763 0.666323 0.194763 0.666667 0.194304 0.66701 0.194304 0.667354 0.193845 0.667698 0.193845 0.668041 0.193385 0.668385 0.193385 0.668729 0.192467 0.669416 0.192467 0.669759 0.192007 0.670103 0.192007 0.670447 0.191548 0.67079 0.191548 0.671134 0.191089 0.671478 0.191089 0.671821 0.190629 0.672165 0.190629 0.672509 0.19017 0.672852 0.19017 0.673196 0.189711 0.67354 0.189711 0.673883 0.189251 0.674227 0.189251 0.67457 0.188792 0.674914 0.188792 0.675258 0.188333 0.675601 0.188333 0.675945 0.187873 0.676289 0.187873 0.676632 0.186955 0.67732 0.186955 0.677663 0.186495 0.678007 0.186495 0.678351 0.186036 0.678694 0.186036 0.679038 0.185576 0.679381 0.185576 0.679725 0.185117 0.680069 0.185117 0.680412 0.184658 0.680756 0.184658 0.6811 0.184198 0.681443 0.184198 0.681787 0.183739 0.682131 0.183739 0.682474 0.18328 0.682818 0.18328 0.683162 0.18282 0.683505 0.18282 0.683849 0.181902 0.684536 0.181902 0.68488 0.181442 0.685223 0.181442 0.685567 0.180983 0.685911 0.180983 0.686254 0.180524 0.686598 0.180524 0.686942 0.180064 0.687285 0.180064 0.687629 0.179605 0.687973 0.179605 0.688316 0.179146 0.68866 0.179146 0.689003 0.178686 0.689347 0.178686 0.689691 0.178227 0.690034 0.178227 0.690378 0.177768 0.690722 0.177768 0.691753 0.177308 0.692096 0.177308 0.69244 0.176849 0.692784 0.176849 0.693127 0.17639 0.693471 0.17639 0.693814 0.175471 0.694502 0.175471 0.694845 0.175011 0.695189 0.175011 0.695533 0.174552 0.695876 0.174552 0.69622 0.174093 0.696564 0.174093 0.696907 0.173633 0.697251 0.173633 0.697595 0.173174 0.697938 0.173174 0.698282 0.172715 0.698625 0.172715 0.698969 0.172255 0.699313 0.172255 0.699656 0.171796 0.7 0.171796 0.700344 0.171337 0.700687 0.171337 0.701031 0.170877 0.701375 0.170877 0.701718 0.169959 0.702405 0.169959 0.702749 0.169499 0.703093 0.169499 0.703436 0.16904 0.70378 0.16904 0.704124 0.168581 0.704467 0.168581 0.704811 0.168121 0.705155 0.168121 0.705498 0.167662 0.705842 0.167662 0.706186 0.167203 0.706529 0.167203 0.706873 0.166743 0.707216 0.166743 0.70756 0.166284 0.707904 0.166284 0.708247 0.165825 0.708591 0.165825 0.708935 0.164906 0.709622 0.164906 0.709966 0.164446 0.710309 0.164446 0.710653 0.163987 0.710997 0.163987 0.71134 0.163528 0.711684 0.163528 0.712027 0.163068 0.712371 0.163068 0.712715 0.162609 0.713058 0.162609 0.713402 0.16215 0.713746 0.16215 0.714089 0.16169 0.714433 0.16169 0.714777 0.161231 0.71512 0.161231 0.715464 0.160772 0.715808 0.160772 0.716151 0.160312 0.716495 0.160312 0.716838 0.159394 0.717526 0.159394 0.717869 0.158934 0.718213 0.158934 0.718557 0.158475 0.7189 0.158475 0.719244 0.158016 0.719588 0.158016 0.719931 0.157556 0.720275 0.157556 0.720619 0.157097 0.720962 0.157097 0.721306 0.156638 0.721649 0.156638 0.721993 0.156178 0.722337 0.156178 0.72268 0.155719 0.723024 0.155719 0.723368 0.15526 0.723711 0.15526 0.724055 0.154341 0.724742 0.154341 0.725086 0.153881 0.72543 0.153881 0.725773 0.153422 0.726117 0.153422 0.72646 0.152963 0.726804 0.152963 0.727148 0.152503 0.727491 0.152503 0.727835 0.152044 0.728179 0.152044 0.728522 0.150666 0.729553 0.150207 0.72921 0.148829 0.72921 0.148369 0.728866 0.147451 0.728866 0.147451 0.72921 0.146991 0.729553 0.146991 0.729897 0.146532 0.730241 0.146532 0.730584 0.146073 0.730928 0.146073 0.731271 0.145154 0.731959 0.145154 0.732302 0.144695 0.732646 0.144695 0.73299 0.144235 0.733333 0.144235 0.733677 0.143776 0.734021 0.143776 0.734364 0.143316 0.734708 0.143316 0.735052 0.142857 0.735395 0.142857 0.735739 0.142398 0.736082 0.142398 0.736426 0.141938 0.73677 0.141938 0.737113 0.141479 0.737457 0.141479 0.737801 0.14102 0.738144 0.14102 0.738488 0.14056 0.738832 0.14056 0.739175 0.139642 0.739863 0.139642 0.740206 0.139182 0.74055 0.139182 0.740893 0.138723 0.741237 0.138723 0.741581 0.138264 0.741924 0.138264 0.742268 0.137804 0.742612 0.137804 0.742955 0.137345 0.743299 0.137804 0.743299 0.138264 0.743643 0.138723 0.743643 0.139182 0.743986 0.139642 0.743986 0.140101 0.74433 0.14056 0.74433 0.14102 0.744674 0.141479 0.744674 0.142398 0.745361 0.142857 0.745361 0.143316 0.745704 0.143776 0.745704 0.144235 0.746048 0.144695 0.746048 0.145154 0.746392 0.145613 0.746392 0.146073 0.746735 0.146532 0.746735 0.146991 0.747079 0.147451 0.747079 0.14791 0.747423 0.148369 0.747423 0.148829 0.747766 0.149288 0.747766 0.149747 0.74811 0.150207 0.74811 0.150666 0.748454 0.151125 0.748454 0.151585 0.748797 0.152044 0.748797 0.152963 0.749485 0.153422 0.749485 0.153881 0.749828 0.154341 0.749828 0.1548 0.750172 0.15526 0.750172 0.155719 0.750515 0.156178 0.750515 0.156638 0.750859 0.157097 0.750859 0.157556 0.751203 0.158016 0.751203 0.158475 0.751546 0.158934 0.751546 0.159394 0.75189 0.159853 0.75189 0.160312 0.752234 0.160772 0.752234 0.161231 0.752577 0.16169 0.752577 0.162609 0.753265 0.163068 0.753265 0.163528 0.753608 0.163987 0.753608 0.164446 0.753952 0.164906 0.753952 0.165365 0.754296 0.165825 0.754296 0.166284 0.754639 0.166743 0.754639 0.167203 0.754983 0.167662 0.754983 0.168121 0.755326 0.168581 0.755326 0.16904 0.75567 0.169499 0.75567 0.169959 0.756014 0.170418 0.756014 0.170877 0.756357 0.171337 0.756357 0.171796 0.756701 0.172255 0.756701 0.173174 0.757388 0.173633 0.757388 0.174093 0.757732 0.174552 0.757732 0.175011 0.758076 0.175471 0.758076 0.17593 0.758419 0.17639 0.758419 0.176849 0.758763 0.177308 0.758763 0.177768 0.759107 0.178227 0.759107 0.178686 0.75945 0.179146 0.75945 0.179605 0.759794 0.180064 0.759794 0.180524 0.760137 0.180983 0.760137 0.181442 0.760481 0.181902 0.760481 0.182361 0.760825 0.18282 0.760825 0.183739 0.761512 0.184198 0.761512 0.184658 0.761856 0.185117 0.761856 0.185576 0.762199 0.186036 0.762199 0.186495 0.762543 0.186955 0.762543 0.187414 0.762887 0.187873 0.762887 0.188333 0.76323 0.188792 0.76323 0.189251 0.763574 0.189711 0.763574 0.19017 0.763918 0.190629 0.763918 0.191089 0.764261 0.191548 0.764261 0.192007 0.764605 0.192467 0.764605 0.193385 0.765292 0.193845 0.765292 0.194304 0.765636 0.194763 0.765636 0.195223 0.765979 0.195682 0.765979 0.196141 0.766323 0.196601 0.766323 0.19706 0.766667 0.19752 0.766667 0.197979 0.76701 0.198438 0.76701 0.198898 0.767354 0.199357 0.767354 0.199816 0.767698 0.200276 0.767698 0.200735 0.768041 0.201194 0.768041 0.201654 0.768385 0.202113 0.768385 0.202572 0.768729 0.203032 0.768729 0.20395 0.769416 0.20441 0.769416 0.204869 0.769759 0.205328 0.769759 0.205788 0.770103 0.206247 0.770103 0.206706 0.770447 0.207166 0.770447 0.207625 0.77079 0.208085 0.77079 0.208544 0.771134 0.209003 0.771134 0.209463 0.771478 0.209922 0.771478 0.210381 0.771821 0.210841 0.771821 0.2113 0.772165 0.211759 0.772165 0.212219 0.772509 0.212678 0.772509 0.213597 0.773196 0.214056 0.773196 0.214515 0.77354 0.214975 0.77354 0.215434 0.773883 0.215893 0.773883 0.216353 0.774227 0.216812 0.774227 0.217271 0.77457 0.217731 0.77457 0.21819 0.774914 0.21865 0.774914 0.219109 0.775258 0.219568 0.775258 0.220028 0.775601 0.220487 0.775601 0.220946 0.775945 0.221406 0.775945 0.221865 0.776289 0.222324 0.776289 0.222784 0.776632 0.223243 0.776632 0.224162 0.77732 0.224621 0.77732 0.22508 0.777663 0.22554 0.777663 0.225999 0.778007 0.226458 0.778007 0.226918 0.778351 0.227377 0.778351 0.227836 0.778694 0.228296 0.778694 0.228755 0.779038 0.229215 0.779038 0.229674 0.779381 0.230133 0.779381 0.230593 0.779725 0.231052 0.779725 0.231511 0.780069 0.231971 0.780069 0.23243 0.780412 0.232889 0.780412 0.233349 0.780756 0.233808 0.780756 0.234727 0.781443 0.235186 0.781443 0.235645 0.781787 0.236105 0.781787 0.236564 0.782131 0.237023 0.782131 0.237483 0.782474 0.237942 0.782474 0.238401 0.782818 0.238861 0.782818 0.23932 0.783162 0.23978 0.783162 0.240239 0.783505 0.240698 0.783505 0.241158 0.783849 0.241617 0.783849 0.242076 0.784192 0.242536 0.784192 0.242995 0.784536 0.243454 0.784536 0.244373 0.785223 0.244832 0.785223 0.245292 0.785567 0.245751 0.785567 0.24621 0.785911 0.24667 0.785911 0.247129 0.786254 0.247588 0.786254 0.248048 0.786598 0.248507 0.786598 0.248966 0.786942 0.249426 0.786942 0.249885 0.787285 0.250345 0.787285 0.250804 0.787629 0.251263 0.787629 0.251723 0.787973 0.252182 0.787973 0.252641 0.788316 0.253101 0.788316 0.25356 0.78866 0.254019 0.78866 0.254938 0.789347 0.255397 0.789347 0.255857 0.789691 0.256316 0.789691 0.256775 0.790034 0.257235 0.790034 0.257694 0.790378 0.258153 0.790378 0.258613 0.790722 0.259072 0.790722 0.259531 0.791065 0.259991 0.791065 0.26045 0.791409 0.26091 0.791409 0.261369 0.791753 0.261828 0.791753 0.262288 0.792096 0.262747 0.792096 0.263206 0.79244 0.263666 0.79244 0.264125 0.792784 0.264584 0.792784 0.265503 0.793471 0.265962 0.793471 0.266422 0.793814 0.266881 0.793814 0.26734 0.794158 0.2678 0.794158 0.268259 0.794502 0.268718 0.794502 0.269178 0.794845 0.269637 0.794845 0.270096 0.795189 0.270556 0.795189 0.271015 0.795533 0.271475 0.795533 0.271934 0.795876 0.272393 0.795876 0.272853 0.79622 0.273312 0.79622 0.273771 0.796564 0.274231 0.796564 0.275149 0.797251 0.275609 0.797251 0.276068 0.797595 0.276527 0.797595 0.276987 0.797938 0.277446 0.797938 0.277905 0.798282 0.278365 0.798282 0.278824 0.798625 0.279283 0.798625 0.279743 0.798969 0.280202 0.798969 0.280661 0.799313 0.281121 0.799313 0.28158 0.799656 0.28204 0.799656 0.282499 0.8 0.282958 0.8 0.283418 0.800344 0.283877 0.800344 0.284336 0.800687 0.284796 0.800687 0.285714 0.801375 0.286174 0.801375 0.286633 0.801718 0.287092 0.801718 0.287552 0.802062 0.288011 0.802062 0.28847 0.802405 0.28893 0.802405 0.289389 0.802749 0.289848 0.802749 0.290308 0.803093 0.290767 0.803093 0.291226 0.803436 0.291686 0.803436 0.292145 0.80378 0.292605 0.80378 0.293064 0.804124 0.293523 0.804124 0.293983 0.804467 0.294442 0.804467 0.295361 0.805155 0.29582 0.805155 0.296279 0.805498 0.296739 0.805498 0.297198 0.805842 0.297657 0.805842 0.298117 0.806186 0.298576 0.806186 0.299035 0.806529 0.299495 0.806529 0.299954 0.806873 0.300413 0.806873 0.300873 0.807216 0.301332 0.807216 0.301791 0.80756 0.302251 0.80756 0.30271 0.807904 0.303169 0.807904 0.303629 0.808247 0.304088 0.808247 0.304548 0.808591 0.305007 0.808591 0.305926 0.809278 0.306385 0.809278 0.306844 0.809622 0.307304 0.809622 0.307763 0.809966 0.308222 0.809966 0.308682 0.810309 0.309141 0.810309 0.3096 0.810653 0.31006 0.810653 0.310519 0.810997 0.310978 0.810997 0.311438 0.81134 0.311897 0.81134 0.312356 0.811684 0.312816 0.811684 0.313275 0.812027 0.313734 0.812027 0.314194 0.812371 0.314653 0.812371 0.315113 0.812715 0.315572 0.812715 0.316491 0.813402 0.31695 0.813402 0.317409 0.813746 0.317869 0.813746 0.318328 0.814089 0.318787 0.814089 0.319247 0.814433 0.319706 0.814433 0.320165 0.814777 0.320625 0.814777 0.321084 0.81512 0.321543 0.81512 0.322003 0.815464 0.322462 0.815464 0.322921 0.815808 0.323381 0.815808 0.32384 0.816151 0.324299 0.816151 0.324759 0.816495 0.325218 0.816495 0.326137 0.817182 0.326596 0.817182 0.327056 0.817526 0.327515 0.817526 0.327974 0.817869 0.328434 0.817869 0.328893 0.818213 0.329352 0.818213 0.329812 0.818557 0.330271 0.818557 0.33073 0.8189 0.33119 0.8189 0.331649 0.819244 0.332108 0.819244 0.332568 0.819588 0.333027 0.819588 0.333486 0.819931 0.333946 0.819931 0.334405 0.820275 0.334864 0.820275 0.335324 0.820619 0.335783 0.820619 0.336702 0.821306 0.337161 0.821306 0.337621 0.821649 0.33808 0.821649 0.338539 0.821993 0.338999 0.821993 0.339458 0.822337 0.339917 0.822337 0.340377 0.82268 0.340836 0.82268 0.341295 0.823024 0.341755 0.823024 0.342214 0.823368 0.342673 0.823368 0.343133 0.823711 0.343592 0.823711 0.344051 0.824055 0.344511 0.824055 0.34497 0.824399 0.345429 0.824399 0.346348 0.825086 0.346808 0.825086 0.347267 0.82543 0.347726 0.82543 0.348186 0.825773 0.348645 0.825773 0.349104 0.826117 0.349564 0.826117 0.350023 0.82646 0.350482 0.82646 0.350942 0.826804 0.351401 0.826804 0.35186 0.827148 0.35232 0.827148 0.352779 0.827491 0.353238 0.827491 0.353698 0.827835 0.354157 0.827835 0.354616 0.828179 0.355076 0.828179 0.355535 0.828522 0.355994 0.828522 0.356913 0.82921 0.357373 0.82921 0.357832 0.829553 0.358291 0.829553 0.358751 0.829897 0.35921 0.829897 0.359669 0.830241 0.360129 0.830241 0.360588 0.830584 0.361047 0.830584 0.361507 0.830928 0.361966 0.830928 0.362425 0.831271 0.362885 0.831271 0.363344 0.831615 0.363803 0.831615 0.364263 0.831959 0.364722 0.831959 0.365181 0.832302 0.365641 0.832302 0.3661 0.832646 0.366559 0.832646 0.367478 0.833333 0.367938 0.833333 0.368397 0.833677 0.368856 0.833677 0.369316 0.834021 0.369775 0.834021 0.370234 0.834364 0.370694 0.834364 0.371153 0.834708 0.371612 0.834708 0.372072 0.835052 0.372531 0.835052 0.37299 0.835395 0.37345 0.835395 0.373909 0.835739 0.374368 0.835739 0.374828 0.836082 0.375287 0.836082 0.375746 0.836426 0.376206 0.836426 0.377124 0.837113 0.377584 0.837113 0.378043 0.837457 0.378503 0.837457 0.378962 0.837801 0.379421 0.837801 0.379881 0.838144 0.38034 0.838144 0.380799 0.838488 0.381259 0.838488 0.381718 0.838832 0.382177 0.838832 0.382637 0.839175 0.383096 0.839175 0.383555 0.839519 0.384015 0.839519 0.384474 0.839863 0.384933 0.839863 0.385393 0.840206 0.385852 0.840206 0.386311 0.84055 0.386771 0.84055 0.387689 0.841237 0.388149 0.841237 0.388608 0.841581 0.389068 0.841581 0.389527 0.841924 0.389986 0.841924 0.390446 0.842268 0.390905 0.842268 0.391364 0.842612 0.391824 0.842612 0.392283 0.842955 0.392742 0.842955 0.393202 0.843299 0.393661 0.843299 0.39412 0.843643 0.39458 0.843643 0.395039 0.843986 0.395498 0.843986 0.395958 0.84433 0.396417 0.84433 0.396876 0.844674 0.397336 0.844674 0.398254 0.845361 0.398714 0.845361 0.399173 0.845704 0.399633 0.845704 0.400092 0.846048 0.400551 0.846048 0.401011 0.846392 0.40147 0.846392 0.401929 0.846735 0.402389 0.846735 0.402848 0.847079 0.403307 0.847079 0.403767 0.847423 0.404226 0.847423 0.404685 0.847766 0.405145 0.847766 0.405604 0.84811 0.406063 0.84811 0.406523 0.848454 0.406982 0.848454 0.407901 0.849141 0.40836 0.849141 0.408819 0.849485 0.409279 0.849485 0.409738 0.849828 0.410198 0.849828 0.410657 0.850172 0.411116 0.850172 0.411576 0.850515 0.412035 0.850515 0.412494 0.850859 0.412954 0.850859 0.413413 0.851203 0.413872 0.851203 0.414332 0.851546 0.414791 0.851546 0.41525 0.85189 0.41571 0.85189 0.416169 0.852234 0.416628 0.852234 0.417088 0.852577 0.417547 0.852577 0.418466 0.853265 0.418925 0.853265 0.419384 0.853608 0.419844 0.853608 0.420303 0.853952 0.420763 0.853952 0.421222 0.854296 0.421681 0.854296 0.422141 0.854639 0.4226 0.854639 0.423059 0.854983 0.423519 0.854983 0.423978 0.855326 0.424437 0.855326 0.424897 0.85567 0.425356 0.85567 0.425815 0.856014 0.426275 0.856014 0.426734 0.856357 0.427193 0.856357 0.428112 0.857045 0.428571 0.857045 0.429031 0.857388 0.42949 0.857388 0.429949 0.857732 0.430409 0.857732 0.430868 0.858076 0.431328 0.858076 0.431787 0.858419 0.432246 0.858419 0.432706 0.858763 0.433165 0.858763 0.433624 0.859107 0.434084 0.859107 0.434543 0.85945 0.435002 0.85945 0.435462 0.859794 0.435921 0.859794 0.43638 0.860137 0.43684 0.860137 0.437299 0.860481 0.437758 0.860481 0.438677 0.861168 0.439136 0.861168 0.439596 0.861512 0.440055 0.861512 0.440514 0.861856 0.440974 0.861856 0.441433 0.862199 0.441893 0.862199 0.442352 0.862543 0.442811 0.862543 0.443271 0.862887 0.44373 0.862887 0.444189 0.86323 0.444649 0.86323 0.445108 0.863574 0.445567 0.863574 0.446027 0.863918 0.446486 0.863918 0.446945 0.864261 0.447405 0.864261 0.447864 0.864605 0.448323 0.864605 0.449242 0.865292 0.449701 0.865292 0.450161 0.865636 0.45062 0.865636 0.451079 0.865979 0.451539 0.865979 0.451998 0.866323 0.452458 0.866323 0.452917 0.866667 0.453376 0.866667 0.453836 0.86701 0.454295 0.86701 0.454754 0.867354 0.455214 0.867354 0.455673 0.867698 0.456132 0.867698 0.456592 0.868041 0.457051 0.868041 0.45751 0.868385 0.45797 0.868385 0.458888 0.869072 0.459348 0.869072 0.459807 0.869416 0.460266 0.869416 0.460726 0.869759 0.461185 0.869759 0.461644 0.870103 0.462104 0.870103 0.462563 0.870447 0.463023 0.870447 0.463482 0.87079 0.463941 0.87079 0.464401 0.871134 0.46486 0.871134 0.465319 0.871478 0.465779 0.871478 0.466238 0.871821 0.466697 0.871821 0.467157 0.872165 0.467616 0.872165 0.468075 0.872509 0.468535 0.872509 0.469453 0.873196 0.469913 0.873196 0.470372 0.87354 0.470831 0.87354 0.471291 0.873883 0.47175 0.873883 0.472209 0.874227 0.472669 0.874227 0.473128 0.87457 0.473588 0.87457 0.474047 0.874914 0.474506 0.874914 0.474966 0.875258 0.475425 0.875258 0.475884 0.875601 0.476344 0.875601 0.476803 0.875945 0.477262 0.875945 0.477722 0.876289 0.478181 0.876289 0.47864 0.876632 0.4791 0.876632 0.480018 0.87732 0.480478 0.87732 0.480937 0.877663 0.481396 0.877663 0.481856 0.878007 0.482315 0.878007 0.482774 0.878351 0.483234 0.878351 0.483693 0.878694 0.484153 0.878694 0.484612 0.879038 0.485071 0.879038 0.485531 0.879381 0.48599 0.879381 0.486449 0.879725 0.486909 0.879725 0.487368 0.880069 0.487827 0.880069 0.488287 0.880412 0.488746 0.880412 0.489665 0.8811 0.490124 0.8811 0.490583 0.881443 0.491043 0.881443 0.491502 0.881787 0.491961 0.881787 0.492421 0.882131 0.49288 0.882131 0.493339 0.882474 0.493799 0.882474 0.494258 0.882818 0.494718 0.882818 0.495177 0.883162 0.495636 0.883162 0.496096 0.883505 0.496555 0.883505 0.497014 0.883849 0.497474 0.883849 0.497933 0.884192 0.498392 0.884192 0.498852 0.884536 0.499311 0.884536 0.50023 0.885223 0.500689 0.885223 0.501148 0.885567 0.501608 0.885567 0.502067 0.885911 0.502526 0.885911 0.502986 0.886254 0.503445 0.886254 0.503904 0.886598 0.504364 0.886598 0.504823 0.886942 0.505282 0.886942 0.505742 0.887285 0.506201 0.887285 0.506661 0.887629 0.50712 0.887629 0.507579 0.887973 0.508039 0.887973 0.508498 0.888316 0.508957 0.888316 0.509876 0.889003 0.510335 0.889003 0.510795 0.889347 0.511254 0.889347 0.511713 0.889691 0.512173 0.889691 0.512632 0.890034 0.513091 0.890034 0.513551 0.890378 0.51401 0.890378 0.514469 0.890722 0.514929 0.890722 0.515388 0.891065 0.515847 0.891065 0.516307 0.891409 0.516766 0.891409 0.517226 0.891753 0.517685 0.891753 0.518144 0.892096 0.518604 0.892096 0.519063 0.89244 0.519522 0.89244 0.520441 0.893127 0.5209 0.893127 0.52136 0.893471 0.521819 0.893471 0.522278 0.893814 0.522738 0.893814 0.523197 0.894158 0.523656 0.894158 0.524116 0.894502 0.524575 0.894502 0.525034 0.894845 0.525494 0.894845 0.525953 0.895189 0.526412 0.895189 0.526872 0.895533 0.527331 0.895533 0.527791 0.895876 0.52825 0.895876 0.528709 0.89622 0.529169 0.89622 0.529628 0.896564 0.530087 0.896564 0.531006 0.897251 0.531465 0.897251 0.531925 0.897595 0.532384 0.897595 0.532843 0.897938 0.533303 0.897938 0.533762 0.898282 0.534221 0.898282 0.534681 0.898625 0.53514 0.898625 0.535599 0.898969 0.536059 0.898969 0.536518 0.899313 0.536977 0.899313 0.537437 0.899656 0.537896 0.899656 0.538356 0.9 0.538815 0.9 0.539274 0.900344 0.539734 0.900344 0.540652 0.901031 0.541112 0.901031 0.541571 0.901375 0.54203 0.901375 0.54249 0.901718 0.542949 0.901718 0.543408 0.902062 0.543868 0.902062 0.544327 0.902405 0.544786 0.902405 0.545246 0.902749 0.545705 0.902749 0.546164 0.903093 0.546624 0.903093 0.547083 0.903436 0.547542 0.903436 0.548002 0.90378 0.548461 0.90378 0.548921 0.904124 0.54938 0.904124 0.549839 0.904467 0.550299 0.904467 0.551217 0.905155 0.551677 0.905155 0.552136 0.905498 0.552595 0.905498 0.553055 0.905842 0.553514 0.905842 0.553973 0.906186 0.554433 0.906186 0.554892 0.906529 0.555351 0.906529 0.555811 0.906873 0.55627 0.906873 0.556729 0.907216 0.557189 0.907216 0.557648 0.90756 0.558107 0.90756 0.558567 0.907904 0.559026 0.907904 0.559486 0.908247 0.559945 0.908247 0.560404 0.908591 0.560864 0.908591 0.561782 0.909278 0.562242 0.909278 0.562701 0.909622 0.56316 0.909622 0.56362 0.909966 0.564079 0.909966 0.564538 0.910309 0.564998 0.910309 0.565457 0.910653 0.565916 0.910653 0.566376 0.910997 0.566835 0.910997 0.567294 0.91134 0.567754 0.91134 0.568213 0.911684 0.568672 0.911684 0.569132 0.912027 0.569591 0.912027 0.570051 0.912371 0.57051 0.912371 0.571429 0.913058 0.571888 0.913058 0.572347 0.913402 0.572807 0.913402 0.573266 0.913746 0.573725 0.913746 0.574185 0.914089 0.574644 0.914089 0.575103 0.914433 0.576481 0.914433 0.576941 0.914777 0.5774 0.914777 0.577859 0.91512 0.578319 0.91512 0.579697 0.916151 0.580156 0.916151 0.580616 0.916495 0.581075 0.916495 0.581994 0.917182 0.582453 0.917182 0.582912 0.917526 0.583372 0.917526 0.583831 0.917869 0.585209 0.917869 0.585668 0.918213 0.586128 0.918213 0.586587 0.918557 0.587046 0.918557 0.587506 0.9189 0.587965 0.918557 0.588424 0.9189 0.588884 0.9189 0.589343 0.919244 0.589802 0.919244 0.590262 0.919588 0.590721 0.919588 0.591181 0.919931 0.59164 0.919588 0.592099 0.919931 0.592559 0.919931 0.593018 0.920275 0.593477 0.920275 0.593937 0.920619 0.595315 0.920619 0.595774 0.920962 0.596233 0.920962 0.596693 0.921306 0.596693 0.921649 0.597152 0.921649 0.597611 0.921993 0.598071 0.921993 0.59853 0.922337 0.598989 0.922337 0.599908 0.923024 0.600367 0.923024 0.600827 0.923368 0.601286 0.923368 0.602664 0.924399 0.603124 0.924399 0.603583 0.924742 0.604042 0.924742 0.604502 0.925086 0.604961 0.925086 0.60542 0.92543 0.60588 0.92543 0.606339 0.925773 0.606798 0.925773 0.607717 0.92646 0.608176 0.92646 0.608636 0.926804 0.608636 0.927148 0.609095 0.927148 0.609554 0.927491 0.610014 0.927491 0.610473 0.927835 0.610932 0.927835 0.610932 0.927491 0.611392 0.927148 0.611392 0.926804 0.611851 0.92646 0.611851 0.926117 0.612311 0.925773 0.612311 0.92543 0.613229 0.924742 0.613229 0.924399 0.613689 0.924055 0.613689 0.923711 0.614148 0.923368 0.614148 0.923024 0.614607 0.92268 0.614607 0.922337 0.615067 0.921993 0.615067 0.921649 0.615526 0.921306 0.615526 0.920962 0.615985 0.920619 0.615985 0.920275 0.616445 0.919931 0.616445 0.919588 0.616904 0.919244 0.616904 0.9189 0.617363 0.918557 0.617363 0.918213 0.617823 0.917869 0.617823 0.917526 0.618741 0.916838 0.618741 0.916495 0.619201 0.916151 0.619201 0.915808 0.61966 0.915464 0.61966 0.91512 0.620119 0.914777 0.620119 0.914433 0.620579 0.914089 0.620579 0.913746 0.621038 0.913402 0.621038 0.913058 0.621497 0.912715 0.621497 0.912371 0.621957 0.912027 0.621957 0.911684 0.622416 0.91134 0.622416 0.910997 0.622876 0.910653 0.622876 0.910309 0.623794 0.909622 0.623794 0.909278 0.624254 0.908935 0.624254 0.908591 0.624713 0.908247 0.624713 0.907904 0.625172 0.90756 0.625172 0.907216 0.625632 0.906873 0.625632 0.906529 0.626091 0.906186 0.626091 0.905842 0.62655 0.905498 0.62655 0.905155 0.62701 0.904811 0.62701 0.904467 0.627469 0.904124 0.627469 0.90378 0.627928 0.903436 0.627928 0.903093 0.628388 0.902749 0.628388 0.902405 0.629306 0.901718 0.629306 0.901375 0.629766 0.901031 0.629766 0.900687 0.630225 0.900344 0.630225 0.9 0.630684 0.899656 0.630684 0.899313 0.631144 0.898969 0.631144 0.898625 0.631603 0.898282 0.631603 0.897938 0.632062 0.897595 0.632062 0.897251 0.632522 0.896907 0.632522 0.896564 0.632981 0.89622 0.632981 0.895876 0.633441 0.895533 0.633441 0.895189 0.634359 0.894502 0.634359 0.894158 0.634819 0.893814 0.634819 0.893471 0.635278 0.893127 0.635278 0.892784 0.635737 0.89244 0.635737 0.892096 0.636197 0.891753 0.636197 0.891409 0.636656 0.891065 0.636656 0.890722 0.637115 0.890378 0.637115 0.890034 0.637575 0.889691 0.637575 0.889347 0.638034 0.889003 0.638034 0.88866 0.638493 0.888316 0.638493 0.887973 0.638953 0.887629 0.638953 0.887285 0.639871 0.886598 0.639871 0.886254 0.640331 0.885911 0.640331 0.885567 0.64079 0.885223 0.64079 0.88488 0.641249 0.884536 0.641249 0.884192 0.641709 0.883849 0.641709 0.883505 0.642168 0.883162 0.642168 0.882818 0.642627 0.882474 0.642627 0.882131 0.643087 0.881787 0.643087 0.881443 0.643546 0.8811 0.643546 0.880756 0.644006 0.880412 0.644006 0.880069 0.644465 0.879725 0.644465 0.879381 0.645384 0.878694 0.645384 0.878351 0.645843 0.878007 0.645843 0.877663 0.646302 0.87732 0.646302 0.876976 0.646762 0.876632 0.646762 0.876289 0.647221 0.875945 0.647221 0.875601 0.64768 0.875258 0.64768 0.874914 0.64814 0.87457 0.64814 0.874227 0.648599 0.873883 0.648599 0.87354 0.649058 0.873196 0.649058 0.872852 0.649518 0.872509 0.649518 0.872165 0.650436 0.871478 0.650436 0.871134 0.650896 0.87079 0.650896 0.870447 0.651355 0.870103 0.651355 0.869759 0.651814 0.869416 0.651814 0.869072 0.652274 0.868729 0.652274 0.868385 0.652733 0.868041 0.652733 0.867698 0.653192 0.867354 0.653192 0.86701 0.653652 0.866667 0.653652 0.866323 0.654111 0.865979 0.654111 0.865636 0.654571 0.865292 0.654571 0.864948 0.65503 0.864605 0.65503 0.864261 0.655949 0.863574 0.655949 0.86323 0.656408 0.862887 0.656408 0.862543 0.656867 0.862199 0.656867 0.861856 0.657327 0.861512 0.657327 0.861168 0.657786 0.860825 0.657786 0.860481 0.658245 0.860137 0.658245 0.859794 0.658705 0.85945 0.658705 0.859107 0.659164 0.858763 0.659164 0.858419 0.659623 0.858076 0.659623 0.857732 0.660083 0.857388 0.660083 0.857045 0.660542 0.856701 0.660542 0.856357 0.661461 0.85567 0.661461 0.855326 0.66192 0.854983 0.66192 0.854639 0.662379 0.854296 0.662379 0.853952 0.662839 0.853608 0.662839 0.853265 0.663298 0.852921 0.663298 0.852577 0.663757 0.852234 0.663757 0.85189 0.664217 0.851546 0.664217 0.851203 0.664676 0.850859 0.664676 0.850515 0.665136 0.850172 0.665136 0.849828 0.665595 0.849485 0.665595 0.849141 0.666514 0.848454 0.666514 0.84811 0.666973 0.847766 0.666973 0.847423 0.667432 0.847079 0.667432 0.846735 0.667892 0.846392 0.667892 0.846048 0.668351 0.845704 0.668351 0.845361 0.66881 0.845017 0.66881 0.844674 0.66927 0.84433 0.66927 0.843986 0.669729 0.843643 0.669729 0.843299 0.670188 0.842955 0.670188 0.842612 0.670648 0.842268 0.670648 0.841924 0.671107 0.841581 0.671107 0.841237 0.672026 0.84055 0.672026 0.840206 0.672485 0.839863 0.672485 0.839519 0.672944 0.839175 0.672944 0.838832 0.673404 0.838488 0.673404 0.838144 0.673863 0.837801 0.673863 0.837457 0.674322 0.837113 0.674322 0.83677 0.674782 0.836426 0.674782 0.836082 0.675241 0.835739 0.675241 0.835395 0.675701 0.835052 0.675701 0.834708 0.67616 0.834364 0.67616 0.834021 0.677079 0.833333 0.677079 0.83299 0.677538 0.832646 0.677538 0.832302 0.677997 0.831959 0.677997 0.831615 0.678457 0.831271 0.678457 0.830928 0.678916 0.830584 0.678916 0.830241 0.679375 0.829897 0.679375 0.829553 0.679835 0.82921 0.679835 0.828866 0.680294 0.828522 0.680294 0.828179 0.680753 0.827835 0.680753 0.827491 0.681213 0.827148 0.681213 0.826804 0.681672 0.82646 0.681672 0.826117 0.682591 0.82543 0.682591 0.825086 0.68305 0.824742 0.68305 0.824399 0.683509 0.824055 0.683509 0.823711 0.683969 0.823368 0.683969 0.823024 0.684428 0.82268 0.684428 0.822337 0.684887 0.821993 0.684887 0.821649 0.685347 0.821306 0.685347 0.820962 0.685806 0.820619 0.685806 0.820275 0.686266 0.819931 0.686266 0.819588 0.686725 0.819244 0.686725 0.8189 0.687184 0.818557 0.687184 0.818213 0.688103 0.817526 0.688103 0.817182 0.688562 0.816838 0.688562 0.816495 0.689022 0.816151 0.689022 0.815808 0.689481 0.815464 0.689481 0.81512 0.68994 0.814777 0.68994 0.814433 0.6904 0.814089 0.6904 0.813746 0.690859 0.813402 0.690859 0.813058 0.691318 0.812715 0.691318 0.812371 0.691778 0.812027 0.691778 0.811684 0.692237 0.81134 0.692237 0.810997 0.693156 0.810309 0.693156 0.809966 0.693615 0.809622 0.693615 0.809278 0.694074 0.808935 0.694074 0.808591 0.694534 0.808247 0.694534 0.807904 0.694993 0.80756 0.694993 0.807216 0.695452 0.806873 0.695452 0.806529 0.695912 0.806186 0.695912 0.805842 0.696371 0.805498 0.696371 0.805155 0.696831 0.804811 0.696831 0.804467 0.69729 0.804124 0.69729 0.80378 0.697749 0.803436 0.697749 0.803093 0.698668 0.802405 0.698668 0.802062 0.699127 0.801718 0.699127 0.801375 0.699587 0.801031 0.699587 0.800687 0.700046 0.800344 0.700046 0.8 0.700505 0.799656 0.700505 0.799313 0.700965 0.798969 0.700965 0.798625 0.701424 0.798282 0.701424 0.797938 0.701883 0.797595 0.701883 0.797251 0.702343 0.796907 0.702343 0.796564 0.702802 0.79622 0.702802 0.795876 0.703721 0.795189 0.703721 0.794845 0.70418 0.794502 0.70418 0.794158 0.704639 0.793814 0.704639 0.793471 0.705099 0.793127 0.705099 0.792784 0.705558 0.79244 0.705558 0.792096 0.706017 0.791753 0.706017 0.791409 0.706477 0.791065 0.706477 0.790722 0.706936 0.790378 0.706936 0.790034 0.707395 0.789691 0.707395 0.789347 0.707855 0.789003 0.707855 0.78866 0.708314 0.788316 0.708314 0.787973 0.709233 0.787285 0.709233 0.786942 0.709692 0.786598 0.709692 0.786254 0.710152 0.785911 0.710152 0.785567 0.710611 0.785223 0.710611 0.78488 0.71107 0.784536 0.71107 0.784192 0.71153 0.783849 0.71153 0.783505 0.711989 0.783162 0.711989 0.782818 0.712448 0.782474 0.712448 0.782131 0.712908 0.781787 0.712908 0.781443 0.713367 0.7811 0.713367 0.780756 0.713826 0.780412 0.713826 0.780069 0.714745 0.779381 0.714745 0.779038 0.715204 0.778694 0.715204 0.778351 0.715664 0.778007 0.715664 0.777663 0.716123 0.77732 0.716123 0.776976 0.716582 0.776632 0.716582 0.776289 0.717042 0.775945 0.717042 0.775601 0.717501 0.775258 0.717501 0.774914 0.71796 0.77457 0.71796 0.774227 0.71842 0.773883 0.71842 0.77354 0.718879 0.773196 0.718879 0.772852 0.719798 0.772165 0.719798 0.771821 0.720257 0.771478 0.720257 0.771134 0.720717 0.77079 0.720717 0.770447 0.721176 0.770103 0.721176 0.769759 0.721635 0.769416 0.721635 0.769072 0.722095 0.768729 0.722095 0.768385 0.722554 0.768041 0.722554 0.767698 0.723013 0.767354 0.723013 0.76701 0.723473 0.766667 0.723473 0.766323 0.723932 0.765979 0.723932 0.765636 0.724391 0.765292 0.724391 0.764948 0.72531 0.764261 0.72531 0.763918 0.725769 0.763574 0.725769 0.76323 0.726229 0.762887 0.726229 0.762543 0.726688 0.762199 0.726688 0.761856 0.727147 0.761512 0.727147 0.761168 0.727607 0.760825 0.727607 0.760481 0.728066 0.760137 0.728066 0.759794 0.728525 0.75945 0.728525 0.759107 0.728985 0.758763 0.728525 0.758763 0.728066 0.759107 0.728066 0.75945 0.727607 0.759794 0.727147 0.759794 0.726688 0.75945 0.727147 0.759107 0.727147 0.758763 0.728066 0.758076 0.728066 0.757732 0.728525 0.757388 0.728985 0.757732 0.728985 0.758076 0.729444 0.758076 0.729444 0.757732 0.729904 0.757388 0.729904 0.757045 0.730822 0.756357 0.730822 0.756014 0.730363 0.756014 0.729904 0.75567 0.730363 0.755326 0.731282 0.755326 0.731282 0.754983 0.730822 0.754639 0.730822 0.753608 0.731282 0.753265 0.7322 0.753952 0.73266 0.753608 0.73266 0.753265 0.733119 0.752921 0.733119 0.752577 0.733578 0.752234 0.733578 0.75189 0.733119 0.75189 0.733119 0.752234 0.73266 0.752577 0.7322 0.752234 0.7322 0.751546 0.733119 0.750859 0.733119 0.750515 0.733578 0.750172 0.734038 0.750172 0.734038 0.749485 0.734956 0.748797 0.734497 0.748454 0.734956 0.74811 0.734956 0.747766 0.735416 0.747423 0.735416 0.747079 0.735875 0.746735 0.736794 0.746735 0.736794 0.746392 0.736334 0.746048 0.736334 0.745704 0.736794 0.745361 0.736794 0.745017 0.737253 0.744674 0.737253 0.74433 0.737712 0.743986 0.737712 0.743643 0.738172 0.743299 0.738172 0.742268 0.738631 0.741924 0.73909 0.741924 0.73955 0.741581 0.73955 0.74055 0.740009 0.740206 0.740469 0.740206 0.740469 0.739863 0.740928 0.739519 0.741387 0.739863 0.741387 0.740206 0.741847 0.740206 0.742306 0.739863 0.742306 0.739519 0.741847 0.739519 0.741387 0.739175 0.741847 0.738832 0.741847 0.738144 0.741387 0.737801 0.741847 0.737457 0.742306 0.737457 0.742306 0.737113 0.742765 0.73677 0.742765 0.736426 0.743225 0.736082 0.743225 0.735052 0.743684 0.734708 0.743684 0.734364 0.744603 0.733677 0.745062 0.734021 0.745062 0.734708 0.745521 0.734364 0.745981 0.734364 0.745981 0.734021 0.745521 0.734021 0.745062 0.733677 0.745062 0.732646 0.745521 0.732302 0.745981 0.732646 0.745981 0.73299 0.74644 0.73299 0.74644 0.730928 0.745981 0.730584 0.74644 0.730241 0.746899 0.730241 0.747359 0.730584 0.748277 0.729897 0.748737 0.729897 0.748737 0.72921 0.748277 0.72921 0.747818 0.728866 0.747818 0.727835 0.748277 0.727491 0.749196 0.727491 0.749196 0.727148 0.748737 0.726804 0.748737 0.72646 0.749196 0.726117 0.749196 0.725773 0.749655 0.72543 0.749655 0.725086 0.750115 0.724742 0.750115 0.724399 0.751034 0.723711 0.751493 0.723711 0.751952 0.724055 0.751952 0.724399 0.752412 0.724399 0.752412 0.724055 0.751952 0.724055 0.751493 0.723711 0.752412 0.723024 0.752412 0.72268 0.752871 0.722337 0.75333 0.722337 0.75379 0.721993 0.754249 0.721993 0.754249 0.720962 0.75379 0.720962 0.75333 0.721306 0.752871 0.720962 0.752871 0.720619 0.75333 0.720275 0.75333 0.719931 0.75379 0.719588 0.75379 0.719244 0.754249 0.7189 0.754249 0.718557 0.754708 0.718213 0.754708 0.717182 0.755168 0.716838 0.755627 0.716838 0.755627 0.715808 0.756086 0.715464 0.756546 0.715464 0.757005 0.715808 0.757464 0.715808 0.757005 0.715464 0.757005 0.714777 0.757464 0.714433 0.757464 0.714089 0.757924 0.713746 0.757464 0.713402 0.757924 0.713058 0.757924 0.712715 0.758383 0.712371 0.758383 0.712027 0.758842 0.711684 0.758842 0.71134 0.759302 0.710997 0.759761 0.710997 0.759761 0.709966 0.76022 0.709622 0.761139 0.710309 0.761599 0.709966 0.761599 0.709622 0.76068 0.708935 0.76068 0.708591 0.761139 0.708247 0.761139 0.707904 0.761599 0.70756 0.761599 0.707216 0.762517 0.706529 0.762517 0.706186 0.762977 0.705842 0.763436 0.705842 0.763436 0.705498 0.763895 0.705155 0.763895 0.704811 0.764355 0.704467 0.763895 0.704124 0.764355 0.70378 0.764814 0.70378 0.764814 0.702749 0.765273 0.702405 0.765733 0.702405 0.765733 0.702062 0.766192 0.701718 0.766192 0.700687 0.766651 0.700344 0.766651 0.7 0.767111 0.699656 0.76757 0.7 0.76757 0.699656 0.768029 0.699313 0.768489 0.699656 0.768489 0.7 0.768948 0.7 0.768948 0.699656 0.768489 0.699656 0.76757 0.698969 0.768029 0.698625 0.768029 0.698282 0.768489 0.697938 0.768948 0.698282 0.769407 0.698282 0.769867 0.698625 0.770326 0.698282 0.769867 0.697938 0.768948 0.697938 0.768489 0.697595 0.768948 0.697251 0.768948 0.696907 0.769407 0.696564 0.769407 0.695533 0.769867 0.695189 0.769867 0.694845 0.770326 0.694502 0.771245 0.694502 0.771245 0.692784 0.771704 0.69244 0.772164 0.69244 0.772623 0.692096 0.773082 0.692096 0.773542 0.69244 0.773542 0.693127 0.774001 0.692784 0.77446 0.692784 0.77446 0.69244 0.773542 0.69244 0.772623 0.691753 0.772623 0.691409 0.773082 0.691065 0.773542 0.691409 0.773542 0.691065 0.774001 0.690722 0.773542 0.690722 0.773082 0.690378 0.773082 0.690034 0.77446 0.689003 0.776298 0.690378 0.775838 0.690722 0.776298 0.691065 0.776298 0.690722 0.776757 0.690378 0.776757 0.690034 0.776298 0.689691 0.776298 0.689347 0.775838 0.689347 0.775379 0.689691 0.77492 0.689347 0.77492 0.689003 0.775379 0.68866 0.77492 0.688316 0.775379 0.687973 0.775379 0.686942 0.775838 0.686598 0.775838 0.686254 0.776298 0.685911 0.776298 0.685567 0.776757 0.685223 0.776757 0.68488 0.777216 0.684536 0.777216 0.684192 0.777676 0.683849 0.777676 0.683505 0.778135 0.683162 0.778135 0.682818 0.778594 0.682474 0.779054 0.682818 0.779054 0.681787 0.779513 0.681443 0.779513 0.6811 0.779972 0.680756 0.779972 0.680412 0.780432 0.680069 0.780891 0.680069 0.780891 0.679725 0.78181 0.679038 0.78181 0.678694 0.78135 0.678351 0.78181 0.678007 0.78181 0.677663 0.782269 0.67732 0.782269 0.676976 0.782729 0.676632 0.782729 0.676289 0.783188 0.675945 0.783188 0.675601 0.783647 0.675258 0.783647 0.674914 0.784107 0.67457 0.784566 0.674914 0.784566 0.675258 0.785025 0.675258 0.785485 0.675601 0.785944 0.675258 0.786403 0.675258 0.786403 0.674914 0.785944 0.674914 0.785485 0.675258 0.784566 0.67457 0.785025 0.674227 0.784566 0.673883 0.785025 0.67354 0.785944 0.67354 0.786863 0.674227 0.787322 0.673883 0.787781 0.674227 0.788241 0.673883 0.787781 0.67354 0.787781 0.673196 0.7887 0.672509 0.788241 0.672165 0.788241 0.672852 0.787322 0.67354 0.786863 0.673196 0.786403 0.673196 0.785485 0.672509 0.785944 0.672165 0.785944 0.671821 0.786403 0.671478 0.786403 0.671134 0.786863 0.67079 0.786863 0.670447 0.787322 0.670103 0.787322 0.669759 0.787781 0.669416 0.787781 0.669072 0.788241 0.668729 0.788241 0.668385 0.789159 0.667698 0.790078 0.667698 0.790537 0.668041 0.789619 0.668729 0.790078 0.668729 0.790537 0.669072 0.790078 0.669416 0.789619 0.669416 0.789619 0.671134 0.789159 0.671478 0.789159 0.671821 0.789619 0.672165 0.789619 0.671821 0.790078 0.671478 0.790078 0.671134 0.790537 0.67079 0.790537 0.670447 0.790078 0.670447 0.789619 0.670103 0.790078 0.669759 0.790078 0.669416 0.790997 0.668729 0.790997 0.668385 0.790078 0.667698 0.790078 0.667354 0.790537 0.66701 0.790537 0.665979 0.790997 0.665636 0.790997 0.665292 0.791456 0.664948 0.791915 0.665292 0.792375 0.665292 0.792834 0.665636 0.793294 0.665636 0.793294 0.665292 0.792375 0.664605 0.791915 0.664948 0.791456 0.664605 0.791456 0.663918 0.791915 0.663574 0.791915 0.66323 0.792375 0.662887 0.792834 0.66323 0.792834 0.663574 0.793294 0.663918 0.793753 0.663918 0.793753 0.66323 0.793294 0.662887 0.792834 0.66323 0.792375 0.662887 0.792375 0.662543 0.793753 0.661512 0.794212 0.661856 0.794212 0.662199 0.794672 0.662543 0.795131 0.662199 0.79559 0.662543 0.79605 0.662199 0.79559 0.661856 0.795131 0.661856 0.794672 0.661512 0.793753 0.661512 0.793294 0.661168 0.793294 0.660481 0.793753 0.660137 0.794212 0.660137 0.794672 0.660481 0.795131 0.660481 0.795131 0.65945 0.79559 0.659107 0.79559 0.658763 0.795131 0.658763 0.794672 0.658419 0.795131 0.658076 0.795131 0.657732 0.79559 0.657388 0.79605 0.657388 0.796509 0.657732 0.796509 0.657388 0.796968 0.657045 0.796509 0.656701 0.796509 0.656357 0.797428 0.65567 0.796968 0.655326 0.797887 0.654639 0.797887 0.653952 0.798346 0.653608 0.798806 0.653608 0.798806 0.653265 0.799265 0.652921 0.798806 0.652577 0.799265 0.652234 0.799265 0.65189 0.799724 0.651546 0.800184 0.651546 0.800643 0.651203 0.800184 0.650859 0.800184 0.650515 0.800643 0.650172 0.800643 0.649828 0.801562 0.649141 0.80248 0.649141 0.80248 0.648797 0.802021 0.648454 0.802021 0.64811 0.80248 0.647766 0.80248 0.647423 0.80294 0.647079 0.80294 0.646735 0.803399 0.646392 0.803859 0.646392 0.804318 0.646048 0.804777 0.646392 0.805237 0.646048 0.804777 0.645704 0.805237 0.645361 0.805237 0.644674 0.804777 0.64433 0.804777 0.643986 0.805237 0.643643 0.805696 0.643986 0.806155 0.643986 0.806155 0.643643 0.806615 0.643299 0.807074 0.643643 0.807074 0.643986 0.807533 0.643986 0.807993 0.643643 0.808452 0.643643 0.808452 0.643299 0.808911 0.642955 0.808911 0.642612 0.80983 0.641924 0.810289 0.642268 0.810749 0.641924 0.810749 0.641581 0.811208 0.641237 0.811208 0.640893 0.810749 0.640893 0.810289 0.64055 0.810289 0.639863 0.810749 0.639519 0.811208 0.639863 0.812127 0.639863 0.812127 0.639519 0.812586 0.639175 0.812127 0.638832 0.811208 0.639519 0.810749 0.639175 0.80983 0.639175 0.809371 0.639519 0.809371 0.640206 0.808911 0.64055 0.808911 0.640893 0.80983 0.640893 0.810289 0.641237 0.810289 0.641581 0.80983 0.641924 0.809371 0.641924 0.808911 0.641581 0.808452 0.641581 0.808452 0.641924 0.807993 0.642268 0.807993 0.642955 0.807533 0.643299 0.807074 0.643299 0.806615 0.642955 0.806155 0.642955 0.805696 0.642612 0.806615 0.641924 0.807074 0.641924 0.807074 0.640893 0.807533 0.64055 0.807533 0.640206 0.807993 0.639863 0.807993 0.639519 0.808452 0.639175 0.808452 0.638832 0.808911 0.638488 0.809371 0.638488 0.809371 0.637457 0.80983 0.637113 0.80983 0.63677 0.810289 0.636426 0.810749 0.636426 0.810749 0.635395 0.811208 0.635052 0.811208 0.634708 0.811667 0.634364 0.812127 0.634364 0.812586 0.634021 0.812586 0.633677 0.813045 0.633333 0.813045 0.632302 0.813505 0.631959 0.813505 0.631615 0.813964 0.631271 0.813964 0.630928 0.814424 0.630584 0.814883 0.630584 0.814883 0.629553 0.815342 0.62921 0.815342 0.628866 0.815802 0.628522 0.815802 0.628179 0.816261 0.627835 0.816261 0.627491 0.81672 0.627148 0.81672 0.626804 0.817639 0.626117 0.817639 0.625773 0.818098 0.62543 0.817639 0.625086 0.817639 0.624742 0.818558 0.624055 0.818558 0.623711 0.819017 0.623368 0.819476 0.623368 0.819476 0.623024 0.819936 0.62268 0.819936 0.622337 0.820395 0.621993 0.820395 0.621649 0.820854 0.621306 0.820395 0.620962 0.820854 0.620619 0.820854 0.620275 0.822232 0.619244 0.822692 0.619588 0.822692 0.618557 0.822232 0.618213 0.822692 0.617869 0.82361 0.617869 0.82407 0.617526 0.82361 0.617526 0.823151 0.617182 0.82361 0.616838 0.82361 0.616495 0.82407 0.616151 0.824529 0.616151 0.824529 0.615464 0.825448 0.614777 0.824989 0.614433 0.825448 0.614089 0.825448 0.613746 0.825907 0.613402 0.826367 0.613746 0.826826 0.613746 0.827285 0.614089 0.827745 0.613746 0.827745 0.613402 0.826826 0.613402 0.826367 0.613746 0.825907 0.613402 0.825907 0.613058 0.826367 0.612715 0.826367 0.612371 0.826826 0.612027 0.827285 0.612371 0.827745 0.612371 0.827745 0.611684 0.827285 0.61134 0.827285 0.610997 0.827745 0.610653 0.828204 0.610653 0.828204 0.609622 0.829123 0.608935 0.828663 0.608591 0.828663 0.608247 0.829123 0.607904 0.829582 0.607904 0.830041 0.60756 0.830041 0.607216 0.830501 0.606873 0.830501 0.606529 0.83096 0.606186 0.83096 0.605842 0.831419 0.605498 0.83096 0.605155 0.831879 0.604467 0.832338 0.604811 0.832338 0.604467 0.832797 0.604124 0.832797 0.603436 0.833257 0.603093 0.834175 0.603093 0.834175 0.602749 0.833716 0.602405 0.833716 0.602062 0.833257 0.601718 0.833716 0.601375 0.833716 0.601031 0.834175 0.600687 0.834175 0.600344 0.835094 0.599656 0.835094 0.599313 0.835554 0.598969 0.835554 0.598625 0.836013 0.598282 0.836472 0.598625 0.836932 0.598282 0.836472 0.597938 0.836472 0.597251 0.836932 0.596907 0.836932 0.596564 0.837391 0.59622 0.837391 0.595876 0.83785 0.595533 0.83785 0.595189 0.83831 0.594845 0.838769 0.594845 0.838769 0.593814 0.839688 0.593127 0.840147 0.593127 0.840147 0.592096 0.840606 0.591753 0.840606 0.591409 0.841066 0.591065 0.841066 0.590722 0.841525 0.590378 0.841525 0.590034 0.841984 0.589691 0.841984 0.589347 0.842444 0.589003 0.842444 0.58866 0.842903 0.588316 0.842903 0.587973 0.844281 0.586942 0.84474 0.586942 0.8452 0.587285 0.8452 0.586942 0.845659 0.586598 0.8452 0.586254 0.84474 0.586254 0.844281 0.585911 0.84474 0.585567 0.84474 0.585223 0.8452 0.58488 0.8452 0.584536 0.846119 0.583849 0.846119 0.583505 0.846578 0.583162 0.847497 0.583162 0.847497 0.581443 0.847956 0.5811 0.848415 0.5811 0.848415 0.580069 0.848875 0.579725 0.848875 0.579381 0.849334 0.579038 0.849793 0.579381 0.849793 0.579725 0.850253 0.579725 0.850253 0.579381 0.849793 0.579381 0.849334 0.579038 0.850253 0.578351 0.849793 0.578007 0.849793 0.577663 0.850253 0.57732 0.851631 0.57732 0.851631 0.576976 0.851171 0.576632 0.851171 0.576289 0.851631 0.575945 0.851631 0.575601 0.85209 0.575258 0.85209 0.574914 0.853927 0.57354 0.854387 0.573883 0.854846 0.57354 0.854387 0.573196 0.853468 0.573883 0.853009 0.57354 0.853009 0.573196 0.853927 0.572509 0.853468 0.572165 0.854846 0.571134 0.854846 0.570103 0.855305 0.569759 0.855305 0.569416 0.855765 0.569072 0.856684 0.569072 0.856684 0.568729 0.856224 0.568385 0.856224 0.568041 0.857143 0.567354 0.857602 0.567354 0.857143 0.56701 0.857602 0.566667 0.857602 0.566323 0.858062 0.565979 0.858521 0.565979 0.858521 0.565636 0.85898 0.565292 0.85898 0.564948 0.85944 0.564605 0.85944 0.564261 0.859899 0.563918 0.860358 0.563918 0.860358 0.563574 0.860818 0.56323 0.860358 0.562887 0.860818 0.562543 0.860818 0.561512 0.861277 0.561168 0.861736 0.561512 0.862196 0.561512 0.862196 0.560825 0.861736 0.560481 0.861736 0.560137 0.862655 0.55945 0.863114 0.55945 0.862655 0.559107 0.863114 0.558763 0.863114 0.558419 0.863574 0.558076 0.864033 0.558076 0.864033 0.557732 0.864492 0.557388 0.864033 0.557045 0.864492 0.556701 0.864492 0.556357 0.864952 0.556014 0.864952 0.55567 0.865411 0.555326 0.865411 0.554983 0.86633 0.554296 0.866789 0.554639 0.867249 0.554296 0.867249 0.553952 0.866789 0.553608 0.867708 0.552921 0.867708 0.55189 0.868167 0.551546 0.868167 0.551203 0.868627 0.550859 0.868627 0.550515 0.868167 0.550172 0.868627 0.549828 0.869086 0.549828 0.869545 0.549485 0.870005 0.549485 0.870005 0.548454 0.870464 0.54811 0.871383 0.54811 0.871383 0.547423 0.870923 0.547423 0.870464 0.547079 0.870923 0.546735 0.871383 0.546735 0.871383 0.546392 0.871842 0.546048 0.871842 0.545704 0.872301 0.545361 0.872301 0.54433 0.872761 0.543986 0.87322 0.543986 0.873679 0.543643 0.873679 0.543299 0.87322 0.542955 0.874139 0.542268 0.874139 0.541924 0.874598 0.541581 0.874598 0.541237 0.875057 0.540893 0.875057 0.54055 0.875517 0.540206 0.875517 0.539863 0.875976 0.539519 0.875976 0.539175 0.876435 0.538832 0.876435 0.538488 0.876895 0.538144 0.876895 0.537801 0.877354 0.537457 0.877354 0.537113 0.877814 0.53677 0.877814 0.536426 0.878273 0.536082 0.878273 0.535739 0.878732 0.535395 0.878732 0.535052 0.879651 0.534364 0.879651 0.534021 0.88011 0.533677 0.88011 0.533333 0.88057 0.53299 0.88057 0.532302 0.881488 0.531615 0.881029 0.531271 0.881029 0.530928 0.88057 0.531271 0.88011 0.531271 0.879651 0.530928 0.88011 0.530584 0.879651 0.530584 0.879192 0.530241 0.879192 0.528866 0.878732 0.528522 0.878732 0.528866 0.877814 0.529553 0.877354 0.52921 0.877354 0.528866 0.877814 0.528522 0.877354 0.528522 0.876895 0.528179 0.876895 0.528522 0.876435 0.528866 0.875517 0.528866 0.875057 0.528522 0.875057 0.528179 0.874598 0.528179 0.874139 0.527835 0.873679 0.527835 0.87322 0.527491 0.87322 0.526804 0.872761 0.52646 0.872301 0.52646 0.871842 0.526117 0.872301 0.525773 0.872761 0.525773 0.872761 0.52543 0.872301 0.52543 0.872301 0.525773 0.871383 0.52646 0.871842 0.526804 0.871383 0.527148 0.870923 0.527148 0.870464 0.526804 0.870464 0.52646 0.870005 0.52646 0.869545 0.526117 0.869086 0.52646 0.868627 0.526117 0.868167 0.526117 0.867708 0.525773 0.867708 0.52543 0.867249 0.525086 0.866789 0.525086 0.86633 0.524742 0.866789 0.524399 0.86633 0.524055 0.86633 0.523368 0.86587 0.523024 0.86587 0.52268 0.865411 0.522337 0.865411 0.521306 0.864952 0.521306 0.864492 0.520962 0.864033 0.520962 0.863574 0.520619 0.863114 0.520619 0.862655 0.520275 0.862655 0.519931 0.861277 0.519931 0.860818 0.519588 0.860818 0.519244 0.859899 0.519244 0.85944 0.5189 0.85944 0.518557 0.85898 0.518213 0.858521 0.518213 0.858062 0.518557 0.857602 0.518213 0.857602 0.516495 0.858521 0.515808 0.85944 0.515808 0.860358 0.51512 0.860818 0.515464 0.861277 0.515464 0.861277 0.51512 0.860818 0.51512 0.860358 0.514777 0.859899 0.514777 0.85944 0.514433 0.85944 0.514089 0.859899 0.513746 0.860358 0.513746 0.860358 0.513402 0.860818 0.513058 0.861277 0.513402 0.861736 0.513058 0.861736 0.512715 0.860818 0.512027 0.861277 0.511684 0.861277 0.51134 0.861736 0.510997 0.861736 0.509966 0.862196 0.509622 0.862655 0.509966 0.863114 0.509622 0.861736 0.509622 0.860818 0.508935 0.860818 0.508591 0.860358 0.508591 0.859899 0.508247 0.85944 0.508247 0.85898 0.507904 0.858521 0.507904 0.858062 0.50756 0.857602 0.50756 0.857143 0.507216 0.856684 0.507216 0.856224 0.506873 0.855765 0.506873 0.855305 0.506529 0.854846 0.506529 0.854387 0.506186 0.853927 0.506186 0.853468 0.505842 0.853009 0.505842 0.852549 0.505498 0.85209 0.505498 0.851631 0.505155 0.851171 0.505155 0.850253 0.504467 0.849793 0.504467 0.849334 0.504124 0.848875 0.504124 0.848415 0.50378 0.847956 0.50378 0.847497 0.503436 0.847037 0.503436 0.846578 0.503093 0.846119 0.503093 0.845659 0.502749 0.8452 0.502749 0.84474 0.502405 0.844281 0.502405 0.843822 0.502062 0.843362 0.502062 0.842903 0.501718 0.842444 0.501718 0.841984 0.501375 0.841525 0.501375 0.840606 0.500687 0.840147 0.500687 0.839688 0.500344 0.839228 0.500344 0.838769 0.5 0.83831 0.5 0.83785 0.499656 0.837391 0.499656 0.836932 0.499313 0.836472 0.499313 0.836013 0.498969 0.835554 0.498969 0.835094 0.498625 0.834635 0.498625 0.834175 0.498282 0.833716 0.498282 0.833257 0.497938 0.832797 0.497938 0.832338 0.497595 0.831879 0.497595 0.831419 0.497251 0.83096 0.497251 0.830041 0.496564 0.829582 0.496564 0.829123 0.49622 0.828663 0.49622 0.828204 0.495876 0.827745 0.495876 0.827285 0.495533 0.826826 0.495533 0.826367 0.495189 0.825907 0.495189 0.825448 0.494845 0.824989 0.494845 0.824529 0.494502 0.82407 0.494502 0.82361 0.494158 0.823151 0.494158 0.822692 0.493814 0.822232 0.493814 0.821773 0.493471 0.821314 0.493471 0.820854 0.493127 0.820395 0.493127 0.819476 0.49244 0.819017 0.49244 0.818558 0.492096 0.818098 0.492096 0.817639 0.491753 0.81718 0.491753 0.81672 0.491409 0.816261 0.491409 0.815802 0.491065 0.815342 0.491065 0.814883 0.490722 0.814424 0.490722 0.813964 0.490378 0.813505 0.490378 0.813045 0.490034 0.812586 0.490034 0.812127 0.489691 0.811667 0.489691 0.811208 0.489347 0.810749 0.489347 0.80983 0.48866 0.809371 0.48866 0.808911 0.488316 0.808452 0.488316 0.807993 0.487973 0.807533 0.487973 0.807074 0.487629 0.806615 0.487629 0.806155 0.487285 0.805696 0.487285 0.805237 0.486942 0.804777 0.486942 0.804318 0.486598 0.803859 0.486598 0.803399 0.486254 0.80294 0.486254 0.80248 0.485911 0.802021 0.485911 0.801562 0.485567 0.801102 0.485567 0.800643 0.485223 0.800184 0.485223 0.799265 0.484536 0.798806 0.484536 0.798346 0.484192 0.797887 0.484192 0.797428 0.483849 0.796968 0.483849 0.796509 0.483505 0.79605 0.483505 0.79559 0.483162 0.795131 0.483162 0.794672 0.482818 0.794212 0.482818 0.793753 0.482474 0.793294 0.482474 0.792834 0.482131 0.792375 0.482131 0.791915 0.481787 0.791456 0.481787 0.790997 0.481443 0.790537 0.481443 0.789619 0.480756 0.789159 0.480756 0.7887 0.480412 0.788241 0.480412 0.787781 0.480069 0.787322 0.480069 0.786863 0.479725 0.786403 0.479725 0.785944 0.479381 0.785485 0.479381 0.785025 0.479038 0.784566 0.479038 0.784107 0.478694 0.783647 0.478694 0.783188 0.478351 0.782729 0.478351 0.782269 0.478007 0.78181 0.478007 0.78135 0.477663 0.780891 0.477663 0.780432 0.47732 0.779972 0.47732 0.779054 0.476632 0.778594 0.476632 0.778135 0.476289 0.777676 0.476289 0.777216 0.475945 0.776757 0.475945 0.776298 0.475601 0.775838 0.475601 0.775379 0.475258 0.77492 0.475258 0.77446 0.474914 0.774001 0.474914 0.773542 0.47457 0.773082 0.47457 0.772623 0.474227 0.772164 0.474227 0.771704 0.473883 0.771245 0.473883 0.770785 0.47354 0.770326 0.47354 0.769867 0.473196 0.769407 0.473196 0.768489 0.472509 0.768029 0.472509 0.76757 0.472165 0.767111 0.472165 0.766651 0.471821 0.766192 0.471821 0.765733 0.471478 0.765273 0.471478 0.764814 0.471134 0.764355 0.471134 0.763895 0.47079 0.763436 0.47079 0.762977 0.470447 0.762517 0.470447 0.762058 0.470103 0.761599 0.470103 0.761139 0.469759 0.76068 0.469759 0.76022 0.469416 0.759761 0.469416 0.758842 0.468729 0.758383 0.468729 0.757924 0.468385 0.757464 0.468385 0.757005 0.468041 0.756546 0.468041 0.756086 0.467698 0.755627 0.467698 0.755168 0.467354 0.754708 0.467354 0.754249 0.46701 0.75379 0.46701 0.75333 0.466667 0.752871 0.466667 0.752412 0.466323 0.751952 0.466323 0.751493 0.465979 0.751034 0.465979 0.750574 0.465636 0.750115 0.465636 0.749655 0.465292 0.749196 0.465292 0.748277 0.464605 0.747818 0.464605 0.747359 0.464261 0.746899 0.464261 0.74644 0.463918 0.745981 0.463918 0.745521 0.463574 0.745062 0.463574 0.744603 0.46323 0.744143 0.46323 0.743684 0.462887 0.743225 0.462887 0.742765 0.462543 0.742306 0.462543 0.741847 0.462199 0.741387 0.462199 0.740928 0.461856 0.740469 0.461856 0.740009 0.461512 0.73955 0.461512 0.738631 0.460825 0.738172 0.460825 0.737712 0.460481 0.737253 0.460481 0.736794 0.460137 0.736334 0.460137 0.735875 0.459794 0.735416 0.459794 0.734956 0.45945 0.734497 0.45945 0.734038 0.459107 0.733578 0.459107 0.733119 0.458763 0.73266 0.458763 0.7322 0.458419 0.731741 0.458419 0.731282 0.458076 0.730822 0.458076 0.730363 0.457732 0.729904 0.457732 0.729444 0.457388 0.728985 0.457388 0.728066 0.456701 0.727607 0.456701 0.727147 0.456357 0.726688 0.456357 0.726229 0.456701 0.72531 0.456701 0.724851 0.456357 0.724391 0.456357 0.723932 0.456014 0.723932 0.45567 0.724391 0.455326 0.723473 0.455326 0.723013 0.45567 0.722554 0.455326 0.722095 0.455326 0.721635 0.454983 0.721176 0.454983 0.720717 0.454639 0.720257 0.454639 0.719798 0.454296 0.719339 0.454296 0.718879 0.453952 0.71842 0.453952 0.71796 0.453608 0.717501 0.453608 0.717042 0.453265 0.716582 0.453265 0.716123 0.452921 0.715664 0.452921 0.715204 0.452577 0.714745 0.452577 0.714286 0.452234 0.713826 0.452234 0.712908 0.451546 0.712448 0.451546 0.711989 0.451203 0.71153 0.451203 0.71107 0.450859 0.710611 0.450859 0.710152 0.450515 0.709692 0.450515 0.709233 0.450172 0.708774 0.450172 0.708314 0.449828 0.707855 0.449828 0.707395 0.449485 0.706936 0.449485 0.706477 0.449141 0.706017 0.449141 0.705558 0.448797 0.705099 0.448797 0.704639 0.448454 0.70418 0.448454 0.703721 0.44811 0.703261 0.448454 0.702802 0.44811 0.700505 0.44811 0.700046 0.447766 0.699587 0.44811 0.698668 0.44811 0.698209 0.448454 0.698209 0.448797 0.697749 0.449141 0.697749 0.449485 0.69729 0.449828 0.69729 0.450172 0.696831 0.450515 0.696831 0.450859 0.696371 0.451203 0.696371 0.451546 0.695912 0.45189 0.695912 0.452234 0.695452 0.452577 0.695452 0.452921 0.694993 0.453265 0.694993 0.453608 0.694534 0.453952 0.694534 0.454296 0.693615 0.454983 0.693615 0.455326 0.693156 0.45567 0.692696 0.455326 0.692237 0.455326 0.691778 0.454983 0.691318 0.454983 0.690859 0.454639 0.6904 0.454639 0.68994 0.454296 0.689481 0.454296 0.689022 0.453952 0.688562 0.453952 0.688103 0.453608 0.687644 0.453608 0.687184 0.453265 0.686725 0.453265 0.686266 0.452921 0.685347 0.452921 0.684428 0.453608 0.683969 0.453608 0.683509 0.453952 0.68305 0.453608 0.682591 0.453608 0.681672 0.452921 0.681213 0.452921 0.680753 0.452577 0.680294 0.452577 0.679835 0.452234 0.679375 0.452234 0.678916 0.45189 0.678457 0.45189 0.677997 0.451546 0.677538 0.451546 0.677079 0.451203 0.676619 0.451203 0.67616 0.450859 0.675701 0.450859 0.675241 0.450515 0.674782 0.450515 0.674322 0.450172 0.673863 0.450172 0.673404 0.449828 0.672944 0.449828 0.672026 0.449141 0.671566 0.449141 0.671107 0.448797 0.670648 0.448797 0.670188 0.448454 0.669729 0.448454 0.66927 0.44811 0.66881 0.44811 0.668351 0.447766 0.667892 0.447766 0.667432 0.447423 0.666973 0.447423 0.666514 0.447079 0.666054 0.447079 0.665595 0.446735 0.665136 0.446735 0.664676 0.446392 0.664217 0.446392 0.663757 0.446048 0.663298 0.446048 0.662839 0.445704 0.662379 0.445704 0.661461 0.445017 0.661001 0.445017 0.660542 0.444674 0.660083 0.444674 0.659623 0.44433 0.659164 0.44433 0.658705 0.443986 0.658245 0.443986 0.657786 0.443643 0.657327 0.443643 0.656867 0.443299 0.656408 0.443299 0.655949 0.442955 0.655489 0.442955 0.65503 0.442612 0.654571 0.442612 0.654111 0.442268 0.653652 0.442268 0.653192 0.441924 0.652733 0.441924 0.651814 0.441237 0.651355 0.441237 0.650896 0.440893 0.650436 0.440893 0.649977 0.44055 0.649518 0.44055 0.649058 0.440206 0.648599 0.440206 0.64814 0.439863 0.64768 0.439863 0.647221 0.439519 0.646762 0.439519 0.646302 0.439175 0.645843 0.439175 0.645384 0.438832 0.644924 0.438832 0.644465 0.438488 0.644006 0.438488 0.643546 0.438144 0.643087 0.438144 0.642627 0.437801 0.642168 0.437801 0.641249 0.437113 0.64079 0.437113 0.640331 0.43677 0.639871 0.43677 0.639412 0.436426 0.638953 0.436426 0.638493 0.436082 0.638034 0.436082 0.637575 0.435739 0.637115 0.435739 0.636656 0.435395 0.636197 0.435395 0.635737 0.435052 0.635278 0.435052 0.634819 0.434708 0.634359 0.434708 0.6339 0.434364 0.632522 0.434364 0.632062 0.434021 0.631603 0.434021 0.631144 0.433677 0.630684 0.433677 0.630225 0.433333 0.629766 0.433333 0.628847 0.432646 0.628388 0.432646 0.627928 0.432302 0.627469 0.432302 0.62701 0.431959 0.62655 0.431959 0.626091 0.431615 0.625632 0.431615 0.625172 0.431271 0.624713 0.431271 0.624254 0.430928 0.623794 0.430928 0.623335 0.430584 0.622876 0.430584 0.622416 0.430241 0.621957 0.430241 0.621497 0.429897 0.621038 0.429897 0.620579 0.429553 0.620119 0.429553 0.61966 0.42921 0.61966 0.428866 0.619201 0.428522 0.618741 0.428522 0.618282 0.428179 0.617823 0.428179 0.617363 0.427835 0.616904 0.427835 0.616445 0.427491 0.615985 0.427491 0.615526 0.427148 0.615067 0.427148 0.614607 0.426804 0.614148 0.426804 0.613689 0.42646 0.613229 0.42646 0.61277 0.426117 0.612311 0.426117 0.611851 0.425773 0.611392 0.425773 0.610014 0.424742 0.610014 0.424399 0.609554 0.424055 0.609554 0.423368 0.609095 0.423024 0.608636 0.423024 0.608176 0.42268 0.607717 0.42268 0.607258 0.422337 0.606798 0.422337 0.606339 0.421993 0.60588 0.421993 0.60542 0.421649 0.604961 0.421649 0.604502 0.421306 0.604042 0.421306 0.603583 0.420962 0.603124 0.420962 0.602664 0.420619 0.602664 0.419931 0.603124 0.419588 0.603124 0.419244 0.603583 0.4189 0.603583 0.418557 0.604042 0.418213 0.604042 0.417869 0.604961 0.417182 0.60542 0.417182 0.60542 0.416838 0.60588 0.416495 0.60588 0.416151 0.606339 0.415808 0.606339 0.415464 0.606798 0.41512 0.606798 0.414777 0.607258 0.414433 0.606798 0.414089 0.607258 0.413746 0.607258 0.413058 0.606798 0.412715 0.607258 0.412371 0.60588 0.41134 0.60542 0.41134 0.604961 0.410997 0.604961 0.410653 0.604502 0.410309 0.604502 0.409966 0.604042 0.409966 0.603583 0.409622 0.603124 0.409622 0.602664 0.409278 0.602205 0.409278 0.601746 0.408935 0.602205 0.408591 0.603583 0.408591 0.604042 0.408935 0.604502 0.408935 0.604961 0.409278 0.60542 0.409278 0.60542 0.408935 0.604961 0.408591 0.604502 0.408591 0.604042 0.408247 0.603583 0.408247 0.603124 0.407904 0.602664 0.407904 0.602205 0.40756 0.601746 0.40756 0.601286 0.407216 0.600827 0.407216 0.600367 0.406873 0.599908 0.406873 0.599449 0.406529 0.598989 0.406529 0.59853 0.406186 0.598071 0.406186 0.597611 0.405842 0.597152 0.405842 0.596693 0.405498 0.596233 0.405498 0.595315 0.404811 0.594855 0.404811 0.594396 0.404467 0.593937 0.404467 0.593477 0.404124 0.593018 0.404124 0.592559 0.40378 0.592099 0.40378 0.59164 0.403436 0.591181 0.403436 0.590721 0.403093 0.590262 0.403093 0.589802 0.402749 0.589343 0.402749 0.588884 0.402405 0.588424 0.402405 0.587965 0.402062 0.587506 0.402062 0.587046 0.401718 0.586587 0.401718 0.586128 0.401375 0.585668 0.401375 0.58475 0.400687 0.58429 0.400687 0.583831 0.400344 0.583372 0.400344 0.582912 0.4 0.582453 0.4 0.581994 0.399656 0.581534 0.399656 0.581075 0.399313 0.580616 0.399313 0.580156 0.398969 0.579697 0.398969 0.579237 0.398625 0.578778 0.398625 0.578319 0.398282 0.577859 0.398282 0.5774 0.397938 0.576941 0.397938 0.576481 0.397595 0.576022 0.397595 0.575103 0.396907 0.574644 0.396907 0.574185 0.396564 0.573725 0.396564 0.573266 0.39622 0.572807 0.39622 0.572347 0.395876 0.571888 0.395876 0.571429 0.395533 0.570969 0.395533 0.57051 0.395189 0.570051 0.395189 0.569591 0.394845 0.569132 0.394845 0.568672 0.394502 0.568213 0.394502 0.567754 0.394158 0.567294 0.394158 0.566835 0.393814 0.566376 0.393814 0.565916 0.393471 0.565457 0.393471 0.564538 0.392784 0.564079 0.392784 0.56362 0.39244 0.56316 0.39244 0.562701 0.392096 0.562242 0.392096 0.561782 0.391753 0.561323 0.391753 0.560864 0.391409 0.560404 0.391409 0.559945 0.391065 0.559486 0.391065 0.559026 0.390722 0.558567 0.390722 0.558107 0.390378 0.557648 0.390378 0.557189 0.390034 0.556729 0.390034 0.55627 0.389691 0.555811 0.389691 0.555351 0.389347 0.554892 0.389347 0.553973 0.38866 0.553514 0.38866 0.553055 0.388316 0.552595 0.388316 0.552136 0.387973 0.551677 0.387973 0.551217 0.387629 0.550758 0.387629 0.550299 0.387285 0.549839 0.387285 0.54938 0.386942 0.548921 0.386942 0.548461 0.386598 0.548002 0.386598 0.547542 0.386254 0.547083 0.386254 0.546624 0.385911 0.546164 0.385911 0.545705 0.385567 0.545246 0.385567 0.544327 0.38488 0.543868 0.38488 0.543408 0.384536 0.542949 0.384536 0.54249 0.384192 0.54203 0.384192 0.541571 0.383849 0.541112 0.383849 0.540652 0.383505 0.540193 0.383505 0.539734 0.383162 0.539274 0.383162 0.538815 0.382818 0.538356 0.382818 0.537896 0.382474 0.537437 0.382474 0.536977 0.382131 0.536518 0.382131 0.536059 0.381787 0.535599 0.381787 0.53514 0.381443 0.534681 0.381443 0.533762 0.380756 0.533303 0.380756 0.532843 0.380412 0.532384 0.380412 0.531925 0.380069 0.531465 0.380069 0.531006 0.379725 0.530547 0.379725 0.530087 0.379381 0.529628 0.379381 0.529169 0.379038 0.528709 0.379038 0.52825 0.378694 0.527791 0.378694 0.527331 0.378351 0.526872 0.378351 0.526412 0.378007 0.525953 0.378007 0.525494 0.377663 0.525034 0.377663 0.524575 0.37732 0.524116 0.37732 0.523197 0.376632 0.522738 0.376632 0.522278 0.376289 0.521819 0.376289 0.52136 0.375945 0.5209 0.375945 0.520441 0.375601 0.519982 0.375601 0.519522 0.375258 0.519063 0.375258 0.518604 0.374914 0.518144 0.374914 0.517685 0.37457 0.517226 0.37457 0.516766 0.374227 0.516307 0.374227 0.515847 0.373883 0.515388 0.373883 0.514929 0.37354 0.514469 0.37354 0.513551 0.372852 0.513091 0.372852 0.512632 0.372509 0.512173 0.372509 0.511713 0.372165 0.511254 0.372165 0.510795 0.371821 0.510335 0.371821 0.509876 0.371478 0.509417 0.371478 0.508957 0.371134 0.508498 0.371134 0.508039 0.37079 0.507579 0.37079 0.50712 0.370447 0.506661 0.370447 0.506201 0.370103 0.505742 0.370103 0.505282 0.369759 0.504823 0.369759 0.504364 0.369416 0.503904 0.369416 0.502986 0.368729 0.502526 0.368729 0.502067 0.368385 0.501608 0.368385 0.501148 0.368041 0.500689 0.368041 0.50023 0.367698 0.49977 0.367698 0.499311 0.367354 0.498852 0.367354 0.498392 0.36701 0.497933 0.36701 0.497474 0.366667 0.497014 0.366667 0.496555 0.366323 0.496096 0.366323 0.495636 0.365979 0.495177 0.365979 0.494718 0.365636 0.494258 0.365636 0.493339 0.364948 0.49288 0.364948 0.492421 0.364605 0.491961 0.364605 0.491502 0.364261 0.491043 0.364261 0.490583 0.363918 0.490124 0.363918 0.489665 0.363574 0.489205 0.363574 0.488746 0.36323 0.488287 0.36323 0.487827 0.362887 0.487368 0.362887 0.486909 0.362543 0.486449 0.362543 0.48599 0.362199 0.485531 0.362199 0.485071 0.361856 0.484612 0.361856 0.484153 0.361512 0.483693 0.361512 0.482774 0.360825 0.482315 0.360825 0.481856 0.360481 0.481396 0.360481 0.480937 0.360137 0.480478 0.360137 0.480018 0.359794 0.479559 0.359794 0.4791 0.35945 0.47864 0.35945 0.478181 0.359107 0.477722 0.359107 0.477262 0.358763 0.476803 0.358763 0.476344 0.358419 0.475884 0.358419 0.475425 0.358076 0.474966 0.358076 0.474506 0.357732 0.474047 0.357732 0.473588 0.357388 0.473128 0.357388 0.472209 0.356701 0.47175 0.356701 0.471291 0.356357 0.470831 0.356357 0.470372 0.356014 0.469913 0.356014 0.469453 0.35567 0.468994 0.35567 0.468535 0.355326 0.468075 0.355326 0.467616 0.354983 0.467157 0.354983 0.466697 0.354639 0.466238 0.354639 0.465779 0.354296 0.465319 0.354296 0.46486 0.353952 0.464401 0.353952 0.463941 0.353608 0.463482 0.353608 0.462563 0.352921 0.462104 0.353265 0.461644 0.352921 0.461644 0.352577 0.460726 0.352577 0.460266 0.352921 0.460266 0.353265 0.459807 0.353608 0.459807 0.353952 0.458888 0.354639 0.458429 0.354639 0.45797 0.354296 0.45751 0.354296 0.457051 0.353952 0.456592 0.353952 0.456132 0.353608 0.455673 0.353608 0.455214 0.353265 0.454754 0.353265 0.454295 0.352921 0.453836 0.352921 0.453376 0.352577 0.452917 0.352577 0.451998 0.35189 0.451539 0.35189 0.451079 0.351546 0.45062 0.351546 0.450161 0.351203 0.449701 0.351203 0.449242 0.350859 0.448783 0.350859 0.448323 0.350515
