0 0.547115 0.919529 0.547436 0.919865 0.547756 0.919865 0.547756 0.919529
0 0.549679 0.919192 0.549679 0.919529 0.55 0.919529 0.55 0.919192
0 0.540385 0.919192 0.540385 0.919529 0.540064 0.919865 0.540064 0.920202 0.540705 0.920202 0.541026 0.920539 0.541346 0.920539 0.541346 0.920202 0.541026 0.920202 0.540705 0.919865 0.540705 0.919192
0 0.545833 0.918855 0.545833 0.919192 0.546154 0.919192 0.546154 0.918855
0 0.538462 0.918855 0.538462 0.920539 0.538782 0.920539 0.538782 0.918855
0 0.546795 0.917845 0.546795 0.918519 0.547115 0.918519 0.547115 0.917845
0 0.553205 0.917508 0.552885 0.917845 0.552885 0.918519 0.552564 0.918855 0.551282 0.918855 0.551282 0.919192 0.552564 0.919192 0.552564 0.918855 0.553205 0.918182 0.553526 0.918182 0.553846 0.918519 0.553846 0.918855 0.554167 0.918855 0.554167 0.918519 0.553846 0.918519 0.553526 0.918182 0.553526 0.917845
0 0.549359 0.917172 0.55 0.917845 0.55 0.918182 0.550321 0.918182 0.550321 0.917845 0.55 0.917845 0.549679 0.917508 0.549679 0.917172
0 0.557372 0.916835 0.557692 0.917172 0.557692 0.916835
0 0.561538 0.916498 0.561218 0.916835 0.560897 0.916835 0.560897 0.917172 0.560577 0.917508 0.560577 0.917845 0.560897 0.917508 0.561218 0.917508 0.561218 0.916835 0.561538 0.916498 0.561859 0.916835 0.5625 0.916835 0.562179 0.916498
0 0.553846 0.916498 0.553846 0.916835 0.554167 0.916835 0.554167 0.916498
0 0.549038 0.916162 0.549038 0.916498 0.549359 0.916498 0.549359 0.916162
0 0.558654 0.915825 0.558654 0.916162 0.558974 0.916498 0.558974 0.917508 0.559295 0.917508 0.559295 0.916835 0.559615 0.916498 0.559615 0.916162 0.559295 0.915825
0 0.55609 0.915825 0.55609 0.916162 0.55641 0.916162 0.55641 0.915825
0 0.557372 0.915152 0.557372 0.915488 0.557692 0.915488 0.557692 0.915152
0 0.550641 0.915152 0.550641 0.915825 0.550962 0.915825 0.551282 0.915488 0.551282 0.915152
0 0.552564 0.914815 0.552564 0.915152 0.552885 0.914815 0.553205 0.914815
0 0.539103 0.914478 0.539103 0.914815 0.539423 0.914815 0.539423 0.914478
0 0.559936 0.914141 0.559936 0.914815 0.560256 0.914815 0.560577 0.914478 0.560577 0.914141
0 0.538141 0.914141 0.538141 0.914478 0.538462 0.914478 0.538462 0.914141
0 0.558333 0.913468 0.558013 0.913805 0.558333 0.913805
0 0.554167 0.913468 0.554167 0.913805 0.554808 0.914478 0.554487 0.914815 0.554487 0.915488 0.554808 0.915825 0.554808 0.916498 0.555449 0.916498 0.555449 0.916162 0.554808 0.915488 0.555128 0.915152 0.555128 0.914815 0.554808 0.914478 0.555128 0.914141 0.555128 0.913468
0 0.555769 0.912795 0.555769 0.913131 0.55609 0.913468 0.55641 0.913468 0.55641 0.913131 0.55609 0.912795
0 0.551282 0.912795 0.551282 0.913131 0.551603 0.913131 0.551603 0.912795
0 0.55 0.912121 0.55 0.912458 0.550321 0.912121
0 0.545192 0.912121 0.545513 0.912458 0.545513 0.912795 0.545833 0.912458 0.545513 0.912121
0 0.55609 0.911785 0.55609 0.912121 0.55641 0.912121 0.55641 0.911785
0 0.554167 0.911785 0.554167 0.912121 0.553846 0.912458 0.553526 0.912458 0.553526 0.912795 0.554487 0.912795 0.554808 0.912458 0.554808 0.912121 0.554487 0.911785
0 0.546474 0.911785 0.546474 0.912121 0.546795 0.912121 0.546795 0.911785
0 0.544551 0.911448 0.544551 0.911785 0.544872 0.911448
0 0.551923 0.910774 0.551923 0.911111 0.552244 0.911111 0.552244 0.910774
0 0.544551 0.910101 0.544551 0.910438 0.544872 0.910101
0 0.559615 0.909428 0.559615 0.909764 0.560256 0.909764 0.560256 0.909428
0 0.549038 0.908754 0.549038 0.909091 0.549679 0.909091 0.549679 0.908754
0 0.551923 0.908081 0.551603 0.908418 0.550962 0.908418 0.550962 0.908754 0.551282 0.909091 0.552244 0.909091 0.552244 0.908081
0 0.76859 0.889899 0.76859 0.890572 0.76891 0.890572 0.76891 0.889899
0 0.699038 0.889226 0.699038 0.889899 0.699359 0.889899 0.699679 0.889562 0.699679 0.889226
0 0.724359 0.884512 0.724359 0.885185 0.725 0.885185 0.725 0.884512
0 0.535577 0.877441 0.535897 0.877778 0.536218 0.877778 0.535897 0.877441
0 0.532692 0.86633 0.532692 0.866667 0.533013 0.867003 0.533333 0.867003 0.533333 0.86633
0 0.534615 0.864646 0.534295 0.864983 0.534295 0.86532 0.534615 0.864983 0.534936 0.864983 0.534936 0.864646
0 0.533333 0.862963 0.533333 0.8633 0.533654 0.8633 0.533654 0.862963
0 0.533654 0.860943 0.533654 0.861279 0.533974 0.861616 0.533974 0.860943
0 0.533013 0.854209 0.533013 0.854545 0.533333 0.854545 0.533333 0.854209
0 0.532051 0.846128 0.532051 0.846465 0.532372 0.846465 0.532372 0.846128
0 0.530449 0.836364 0.530128 0.8367 0.530449 0.8367
0 0.528846 0.826599 0.529167 0.826936 0.529167 0.827273 0.529487 0.827273 0.529487 0.826936 0.529167 0.826599
0 0.528205 0.816162 0.527885 0.816498 0.527885 0.816835 0.528205 0.816835 0.528526 0.816498 0.528526 0.816162
0 0.526603 0.813805 0.526603 0.814478 0.526923 0.814478 0.527244 0.814141 0.527244 0.813805
0 0.525962 0.810774 0.525962 0.811111 0.526282 0.810774
0 0.525962 0.807071 0.525641 0.807407 0.526282 0.807407 0.526282 0.807071
0 0.525641 0.800673 0.525321 0.80101 0.524679 0.80101 0.524679 0.801684 0.525 0.801684 0.525321 0.801347 0.525962 0.801347 0.525962 0.800673
0 0.525641 0.79899 0.525641 0.799327 0.525962 0.799327 0.525962 0.79899
0 0.524359 0.797643 0.524038 0.79798 0.524038 0.798316 0.524679 0.798316 0.524679 0.797643
0 0.523397 0.793939 0.523397 0.794276 0.523718 0.794613 0.523718 0.794949 0.524038 0.794949 0.524038 0.794613 0.523718 0.794276 0.523718 0.793939
0 0.524038 0.791246 0.524038 0.791582 0.524359 0.791919 0.524679 0.791919 0.524679 0.791582 0.524359 0.791246
0 0.522756 0.781145 0.522756 0.781818 0.523397 0.781818 0.523397 0.781481 0.523077 0.781145
0 0.521474 0.775758 0.521474 0.777441 0.521795 0.777441 0.521795 0.775758
0 0.521474 0.772391 0.521154 0.772727 0.521154 0.774747 0.521474 0.774411 0.521474 0.773401 0.521795 0.773064 0.521795 0.772391
0 0.521154 0.769697 0.520833 0.770034 0.520833 0.770707 0.521154 0.77037 0.521474 0.77037 0.521154 0.770034
0 0.520513 0.760269 0.520513 0.760943 0.521154 0.760943 0.521154 0.760606 0.520833 0.760269
0 0.519551 0.758923 0.519551 0.759259 0.519872 0.759259 0.519872 0.758923
0 0.51859 0.750842 0.51859 0.751178 0.51891 0.751515 0.519231 0.751515 0.51891 0.751178 0.51891 0.750842
0 0.518269 0.746465 0.518269 0.746801 0.51859 0.746801 0.51859 0.746465
0 0.517628 0.741414 0.517628 0.741751 0.517949 0.741751 0.517949 0.741414
0 0.517949 0.737374 0.517949 0.73771 0.518269 0.73771 0.518269 0.737374
0 0.516346 0.733333 0.516346 0.734343 0.516667 0.734343 0.516667 0.733333
0 0.516346 0.727946 0.516346 0.728283 0.516026 0.72862 0.516667 0.72862 0.516667 0.727946
0 0.516026 0.724916 0.516026 0.725253 0.516346 0.725253 0.516346 0.724916
0 0.515385 0.720202 0.515385 0.720875 0.515705 0.720539 0.515705 0.720202
0 0.511859 0.692593 0.511859 0.693266 0.512179 0.693266 0.512179 0.692593
0 0.510577 0.681818 0.510256 0.682155 0.510256 0.682492 0.510577 0.682492 0.510577 0.682155 0.510897 0.681818
0 0.508654 0.66936 0.508654 0.67037 0.508974 0.67037 0.508974 0.66936
0 0.861538 0.414478 0.861218 0.414815 0.858974 0.414815 0.858654 0.415152 0.85641 0.415152 0.85609 0.415488 0.853846 0.415488 0.853526 0.415825 0.851282 0.415825 0.850962 0.416162 0.848718 0.416162 0.848397 0.416498 0.846154 0.416498 0.845833 0.416835 0.84359 0.416835 0.843269 0.417172 0.841026 0.417172 0.840705 0.417508 0.838462 0.417508 0.838141 0.417845 0.835897 0.417845 0.835577 0.418182 0.833333 0.418182 0.833013 0.418519 0.830769 0.418519 0.830449 0.418855 0.828205 0.418855 0.827885 0.419192 0.825641 0.419192 0.825321 0.419529 0.823077 0.419529 0.822756 0.419865 0.820513 0.419865 0.820192 0.420202 0.817949 0.420202 0.817628 0.420539 0.815385 0.420539 0.815064 0.420875 0.812821 0.420875 0.8125 0.421212 0.810256 0.421212 0.809936 0.421549 0.807692 0.421549 0.807372 0.421886 0.805128 0.421886 0.804808 0.422222 0.802564 0.422222 0.802244 0.422559 0.8 0.422559 0.799679 0.422896 0.797436 0.422896 0.797115 0.423232 0.794872 0.423232 0.794551 0.423569 0.792308 0.423569 0.791987 0.423906 0.789744 0.423906 0.789423 0.424242 0.787179 0.424242 0.786859 0.424579 0.784615 0.424579 0.784295 0.424916 0.782051 0.424916 0.781731 0.425253 0.779487 0.425253 0.779167 0.425589 0.776923 0.425589 0.776603 0.425926 0.774359 0.425926 0.774038 0.426263 0.771795 0.426263 0.771474 0.426599 0.769231 0.426599 0.76891 0.426936 0.766667 0.426936 0.766346 0.427273 0.764103 0.427273 0.763782 0.427609 0.761538 0.427609 0.761218 0.427946 0.758974 0.427946 0.758654 0.428283 0.75641 0.428283 0.75609 0.42862 0.753846 0.42862 0.753526 0.428956 0.751282 0.428956 0.750962 0.429293 0.748718 0.429293 0.748397 0.42963 0.746154 0.42963 0.745833 0.429966 0.74359 0.429966 0.743269 0.430303 0.741026 0.430303 0.740705 0.43064 0.738462 0.43064 0.738141 0.430976 0.735897 0.430976 0.735577 0.431313 0.733333 0.431313 0.733013 0.43165 0.730769 0.43165 0.730449 0.431987 0.728205 0.431987 0.727885 0.432323 0.725641 0.432323 0.725321 0.43266 0.723077 0.43266 0.722756 0.432997 0.720513 0.432997 0.720192 0.433333 0.717949 0.433333 0.717628 0.43367 0.715385 0.43367 0.715064 0.434007 0.712821 0.434007 0.7125 0.434343 0.710256 0.434343 0.709936 0.43468 0.707692 0.43468 0.707372 0.435017 0.705128 0.435017 0.704808 0.435354 0.702564 0.435354 0.702244 0.43569 0.7 0.43569 0.699679 0.436027 0.697436 0.436027 0.697115 0.436364 0.694872 0.436364 0.694551 0.4367 0.692308 0.4367 0.691987 0.437037 0.689744 0.437037 0.689423 0.437374 0.687179 0.437374 0.686859 0.43771 0.684936 0.43771 0.684615 0.438047 0.682372 0.438047 0.682051 0.438384 0.679808 0.438384 0.679487 0.438721 0.677244 0.438721 0.676923 0.439057 0.674679 0.439057 0.674359 0.439394 0.672115 0.439394 0.671795 0.439731 0.669551 0.439731 0.669231 0.440067 0.666987 0.440067 0.666667 0.440404 0.664423 0.440404 0.664103 0.440741 0.661859 0.440741 0.661538 0.441077 0.659295 0.441077 0.658974 0.441414 0.656731 0.441414 0.65641 0.441751 0.654167 0.441751 0.653846 0.442088 0.651603 0.442088 0.651282 0.442424 0.649038 0.442424 0.648718 0.442761 0.646474 0.442761 0.646154 0.443098 0.64391 0.443098 0.64359 0.443434 0.641346 0.443434 0.641026 0.443771 0.638782 0.443771 0.638462 0.444108 0.636218 0.444108 0.635897 0.444444 0.633654 0.444444 0.633333 0.444781 0.63109 0.444781 0.630769 0.445118 0.628526 0.445118 0.628205 0.445455 0.625962 0.445455 0.625641 0.445791 0.623397 0.445791 0.623077 0.446128 0.620833 0.446128 0.620513 0.446465 0.618269 0.446465 0.617949 0.446801 0.615705 0.446801 0.615385 0.447138 0.613141 0.447138 0.612821 0.447475 0.610577 0.447475 0.610256 0.447811 0.608013 0.447811 0.607692 0.448148 0.605449 0.448148 0.605128 0.448485 0.602885 0.448485 0.602564 0.448822 0.600321 0.448822 0.6 0.449158 0.597756 0.449158 0.597436 0.449495 0.595192 0.449495 0.594872 0.449832 0.592628 0.449832 0.592308 0.450168 0.590064 0.450168 0.589744 0.450505 0.5875 0.450505 0.587179 0.450842 0.584936 0.450842 0.584615 0.451178 0.582372 0.451178 0.582051 0.451515 0.579808 0.451515 0.579487 0.451852 0.577244 0.451852 0.576923 0.452189 0.574679 0.452189 0.574359 0.452525 0.572115 0.452525 0.571795 0.452862 0.569551 0.452862 0.569231 0.453199 0.566987 0.453199 0.566667 0.453535 0.564423 0.453535 0.564103 0.453872 0.561859 0.453872 0.561538 0.454209 0.559295 0.454209 0.558974 0.454545 0.556731 0.454545 0.55641 0.454882 0.554167 0.454882 0.553846 0.455219 0.551603 0.455219 0.551282 0.455556 0.549038 0.455556 0.548718 0.455892 0.546474 0.455892 0.546154 0.456229 0.54391 0.456229 0.54359 0.456566 0.541346 0.456566 0.541026 0.456902 0.538782 0.456902 0.538462 0.457239 0.536218 0.457239 0.535897 0.457576 0.533654 0.457576 0.533333 0.457912 0.53109 0.457912 0.530769 0.458249 0.528526 0.458249 0.528205 0.458586 0.525962 0.458586 0.525641 0.458923 0.523397 0.458923 0.523077 0.459259 0.520833 0.459259 0.520513 0.459596 0.518269 0.459596 0.517949 0.459933 0.515705 0.459933 0.515385 0.460269 0.513141 0.460269 0.512821 0.460606 0.512179 0.460606 0.511859 0.460943 0.510577 0.460943 0.510256 0.461279 0.509615 0.461279 0.509295 0.460943 0.508013 0.460943 0.507692 0.461279 0.505449 0.461279 0.504808 0.461953 0.502885 0.461953 0.502244 0.462626 0.500321 0.462626 0.500321 0.462963 0.5 0.4633 0.499038 0.4633 0.498718 0.463636 0.497756 0.463636 0.497436 0.463973 0.495192 0.463973 0.494872 0.46431 0.494551 0.463973 0.492628 0.463973 0.492308 0.46431 0.491987 0.46431 0.491667 0.463973 0.490064 0.463973 0.489744 0.46431 0.4875 0.46431 0.487179 0.464646 0.486538 0.464646 0.486218 0.46431 0.484936 0.46431 0.484615 0.464646 0.484295 0.464646 0.484295 0.465993 0.484615 0.46633 0.484615 0.468687 0.484936 0.469024 0.484936 0.47138 0.485256 0.471717 0.485256 0.474074 0.485577 0.474411 0.485577 0.476768 0.485897 0.477104 0.485897 0.479461 0.486218 0.479798 0.486218 0.482155 0.486538 0.482492 0.486538 0.484848 0.486859 0.485185 0.486859 0.487542 0.487179 0.487879 0.487179 0.490236 0.4875 0.490572 0.4875 0.492929 0.487821 0.493266 0.487821 0.495623 0.488141 0.49596 0.488141 0.498316 0.488462 0.498653 0.488462 0.50101 0.488782 0.501347 0.488782 0.503704 0.489103 0.50404 0.489103 0.506397 0.489423 0.506734 0.489423 0.509091 0.489744 0.509428 0.489744 0.511785 0.490064 0.512121 0.490064 0.514478 0.490385 0.514815 0.490385 0.517172 0.490705 0.517508 0.490705 0.519865 0.491026 0.520202 0.491026 0.522559 0.491346 0.522896 0.491346 0.525253 0.491667 0.525589 0.491667 0.527946 0.491987 0.528283 0.491987 0.53064 0.492308 0.530976 0.492308 0.533333 0.492628 0.53367 0.492628 0.536027 0.492949 0.536364 0.492949 0.538721 0.493269 0.539057 0.493269 0.541414 0.49359 0.541751 0.49359 0.544108 0.49391 0.544444 0.49391 0.546801 0.494231 0.547138 0.494231 0.549495 0.494551 0.549832 0.494551 0.552189 0.494872 0.552525 0.494872 0.554882 0.495192 0.555219 0.495192 0.557576 0.495513 0.557912 0.495513 0.560269 0.495833 0.560606 0.495833 0.562963 0.496154 0.5633 0.496154 0.565657 0.496474 0.565993 0.496474 0.56835 0.496795 0.568687 0.496795 0.571044 0.497115 0.57138 0.497115 0.573737 0.497436 0.574074 0.497436 0.576431 0.497756 0.576768 0.497756 0.579125 0.498077 0.579461 0.498077 0.581818 0.498397 0.582155 0.498397 0.584512 0.498718 0.584848 0.498718 0.587205 0.499038 0.587542 0.499038 0.589899 0.499359 0.590236 0.499359 0.592593 0.499679 0.592929 0.499679 0.595286 0.5 0.595623 0.5 0.59798 0.500321 0.598316 0.500321 0.600673 0.500641 0.60101 0.500641 0.603367 0.500962 0.603704 0.500962 0.606061 0.501282 0.606397 0.501282 0.608754 0.501603 0.609091 0.501603 0.611448 0.501923 0.611785 0.501923 0.614141 0.502244 0.614478 0.502244 0.616835 0.502564 0.617172 0.502564 0.619529 0.502885 0.619865 0.502885 0.622222 0.503205 0.622559 0.503205 0.624916 0.503526 0.625253 0.503526 0.627609 0.503846 0.627946 0.503846 0.630303 0.504167 0.63064 0.504167 0.632997 0.504487 0.633333 0.504487 0.63569 0.504808 0.636027 0.504808 0.638384 0.505128 0.638721 0.505128 0.641077 0.505449 0.641414 0.505449 0.643771 0.505769 0.644108 0.505769 0.646465 0.50609 0.646801 0.50609 0.649158 0.50641 0.649495 0.50641 0.651852 0.506731 0.652189 0.506731 0.654209 0.507051 0.654209 0.507051 0.653535 0.507372 0.653199 0.507692 0.653535 0.507692 0.654209 0.508333 0.654882 0.508333 0.655556 0.508013 0.655892 0.507692 0.655892 0.507372 0.655556 0.507372 0.655219 0.507051 0.655219 0.507051 0.655892 0.507372 0.656229 0.507051 0.656566 0.507051 0.657239 0.507372 0.657576 0.507692 0.657576 0.508013 0.657912 0.507692 0.658249 0.507372 0.658249 0.507372 0.658923 0.507692 0.658923 0.508013 0.659259 0.508333 0.659259 0.508974 0.659933 0.508974 0.660269 0.508333 0.660943 0.508013 0.660606 0.508013 0.660269 0.507692 0.659933 0.507372 0.659933 0.507692 0.660269 0.507692 0.66229 0.508013 0.66229 0.508013 0.661616 0.508333 0.661279 0.508654 0.661616 0.508654 0.66229 0.508974 0.662626 0.508974 0.663636 0.508654 0.663973 0.508654 0.66431 0.508974 0.664646 0.508654 0.664983 0.508974 0.66532 0.508974 0.665657 0.509295 0.665657 0.509615 0.665993 0.509615 0.666667 0.509295 0.667003 0.509295 0.66734 0.508974 0.667677 0.508654 0.667677 0.508654 0.668013 0.508974 0.66835 0.509295 0.66835 0.508974 0.668013 0.508974 0.667677 0.509295 0.66734 0.509936 0.668013 0.509936 0.67037 0.510256 0.670707 0.510256 0.673064 0.510577 0.673401 0.510577 0.676094 0.510256 0.676431 0.509936 0.676094 0.509936 0.675758 0.509295 0.675758 0.509295 0.676094 0.509615 0.676431 0.509936 0.676431 0.510256 0.676768 0.510256 0.677104 0.510577 0.676768 0.510897 0.677104 0.510897 0.678451 0.511218 0.678788 0.511218 0.681145 0.511538 0.681481 0.511538 0.683838 0.511218 0.684175 0.510897 0.683838 0.510897 0.683165 0.510577 0.683502 0.510577 0.683838 0.510897 0.683838 0.511218 0.684175 0.511218 0.684512 0.511538 0.684512 0.511859 0.684848 0.511859 0.685185 0.512179 0.685522 0.511859 0.685859 0.511218 0.685859 0.511218 0.687205 0.511538 0.687205 0.511218 0.686869 0.511218 0.686532 0.511538 0.686195 0.512179 0.686869 0.512179 0.687879 0.5125 0.688215 0.5125 0.688552 0.512179 0.688889 0.512179 0.689226 0.512821 0.689899 0.512821 0.691919 0.513141 0.692256 0.513141 0.692593 0.512821 0.692929 0.512821 0.693266 0.513141 0.693603 0.512821 0.693939 0.5125 0.693939 0.5125 0.694276 0.512179 0.694613 0.5125 0.694949 0.5125 0.695286 0.512821 0.695286 0.513141 0.694949 0.513462 0.695286 0.513462 0.695623 0.513141 0.69596 0.512179 0.69596 0.512179 0.696296 0.5125 0.696633 0.513141 0.696633 0.513462 0.69697 0.513462 0.697306 0.513782 0.697643 0.513782 0.699663 0.514423 0.700337 0.514103 0.700673 0.514103 0.70101 0.514423 0.701347 0.514423 0.702357 0.514103 0.702694 0.513782 0.702357 0.513782 0.70202 0.513462 0.70202 0.513462 0.702357 0.513782 0.702357 0.514423 0.70303 0.514423 0.704714 0.514103 0.705051 0.513462 0.705051 0.513782 0.705387 0.514103 0.705387 0.514103 0.705051 0.514423 0.704714 0.514744 0.705051 0.514744 0.705387 0.515064 0.705724 0.515064 0.707407 0.514744 0.707744 0.515385 0.708418 0.515064 0.708754 0.514744 0.708754 0.514744 0.709428 0.515064 0.709091 0.515385 0.709428 0.515385 0.710774 0.515705 0.711111 0.515705 0.712795 0.515385 0.713131 0.515385 0.713468 0.515705 0.713468 0.516026 0.713805 0.515705 0.714141 0.515705 0.714478 0.516026 0.714815 0.515705 0.715152 0.515705 0.715825 0.516346 0.716498 0.516026 0.716835 0.516026 0.717845 0.516346 0.718182 0.516346 0.718855 0.516667 0.719192 0.516346 0.719529 0.516346 0.720539 0.516667 0.720875 0.516667 0.721549 0.516346 0.721886 0.515705 0.721886 0.515705 0.722222 0.516667 0.722222 0.516987 0.722559 0.516987 0.723569 0.517308 0.723906 0.517308 0.724242 0.517628 0.724579 0.517628 0.725253 0.517308 0.725589 0.516987 0.725589 0.516987 0.725926 0.517308 0.726263 0.517308 0.726936 0.517628 0.726936 0.517949 0.727273 0.517949 0.727609 0.517628 0.727946 0.517628 0.728283 0.517308 0.72862 0.517308 0.72963 0.517628 0.729966 0.517949 0.729966 0.518269 0.730303 0.518269 0.731313 0.517949 0.73165 0.516667 0.73165 0.516346 0.731313 0.516346 0.730976 0.516026 0.731313 0.516026 0.731987 0.516346 0.73165 0.516667 0.731987 0.517308 0.731987 0.517628 0.732323 0.518269 0.732323 0.51859 0.73266 0.518269 0.732997 0.518269 0.73367 0.51859 0.734007 0.51859 0.735017 0.51891 0.735354 0.51891 0.73771 0.519231 0.738047 0.519231 0.738721 0.51891 0.739057 0.51891 0.739394 0.519231 0.739731 0.519231 0.740404 0.519551 0.740741 0.519551 0.741414 0.519231 0.741751 0.519231 0.742761 0.51891 0.743098 0.519231 0.743434 0.519231 0.743771 0.519551 0.743434 0.519872 0.743771 0.519872 0.745791 0.520192 0.746128 0.520192 0.746801 0.519551 0.747475 0.519231 0.747475 0.51891 0.747811 0.51859 0.747811 0.51859 0.748148 0.519872 0.748148 0.520513 0.748822 0.520192 0.749158 0.519872 0.749158 0.519872 0.749495 0.519551 0.749832 0.519231 0.749495 0.51891 0.749495 0.51859 0.749832 0.518269 0.749832 0.518269 0.750168 0.519551 0.750168 0.519872 0.749832 0.520192 0.749832 0.520513 0.750168 0.520513 0.751178 0.520833 0.751515 0.520833 0.753872 0.521154 0.754209 0.521154 0.755219 0.520833 0.755556 0.520513 0.755556 0.520192 0.755219 0.520192 0.754882 0.519872 0.754545 0.519872 0.754209 0.519551 0.754209 0.519231 0.753872 0.519231 0.753535 0.51891 0.753199 0.51891 0.752189 0.51859 0.752189 0.51859 0.753872 0.519231 0.753872 0.519551 0.754209 0.519551 0.754545 0.519872 0.754545 0.520192 0.754882 0.519872 0.755219 0.519551 0.755219 0.519551 0.755892 0.519872 0.755892 0.520192 0.755556 0.520513 0.755892 0.520513 0.756566 0.520833 0.756902 0.521154 0.756902 0.521474 0.756566 0.521795 0.756902 0.521795 0.757239 0.521474 0.757576 0.521154 0.757576 0.521154 0.758249 0.520833 0.758586 0.520513 0.758586 0.520513 0.759596 0.520833 0.759596 0.520833 0.759259 0.521154 0.758923 0.521795 0.759596 0.521795 0.761953 0.521474 0.76229 0.520833 0.76229 0.520192 0.762963 0.520192 0.7633 0.520513 0.7633 0.521154 0.762626 0.522115 0.762626 0.522436 0.762963 0.522436 0.763636 0.522115 0.763973 0.521474 0.763973 0.521474 0.764646 0.521795 0.764646 0.522115 0.764983 0.522115 0.765657 0.522436 0.765657 0.522756 0.765993 0.522756 0.766667 0.522436 0.767003 0.522115 0.767003 0.522115 0.76734 0.523077 0.76835 0.522756 0.768687 0.522756 0.769024 0.523077 0.76936 0.523077 0.769697 0.522756 0.770034 0.523397 0.770707 0.523397 0.77138 0.523077 0.771717 0.523077 0.772391 0.523718 0.773064 0.523397 0.773401 0.523397 0.774074 0.523718 0.774411 0.523718 0.775421 0.524038 0.775758 0.524038 0.776094 0.523718 0.776431 0.523397 0.776431 0.523397 0.776768 0.524038 0.777441 0.524038 0.778114 0.524359 0.778451 0.524359 0.779461 0.523718 0.780135 0.523397 0.780135 0.523397 0.780471 0.524038 0.781145 0.524038 0.781481 0.524359 0.781145 0.524679 0.781481 0.524679 0.782155 0.524359 0.782492 0.524038 0.782492 0.524038 0.782828 0.523718 0.783165 0.523397 0.782828 0.523077 0.782828 0.523077 0.783165 0.522756 0.783502 0.523077 0.783838 0.523077 0.785185 0.522756 0.785522 0.522436 0.785522 0.522436 0.786195 0.522756 0.786532 0.522756 0.787205 0.523077 0.787205 0.523397 0.787542 0.522756 0.788215 0.522756 0.788889 0.523077 0.788889 0.523397 0.788552 0.523718 0.788552 0.524038 0.788215 0.524359 0.788215 0.524359 0.786532 0.523718 0.786532 0.523397 0.786869 0.522756 0.786195 0.522756 0.785859 0.523077 0.785522 0.523718 0.785522 0.523718 0.783838 0.524038 0.783502 0.524679 0.783502 0.525 0.783838 0.524679 0.784175 0.524679 0.784512 0.525 0.784848 0.525 0.786195 0.525321 0.786532 0.525321 0.787879 0.525 0.788215 0.525 0.788889 0.525321 0.788889 0.525641 0.789226 0.525641 0.790236 0.525321 0.790572 0.525321 0.790909 0.525641 0.791246 0.525641 0.791582 0.525962 0.791919 0.525962 0.792593 0.525641 0.792929 0.525641 0.794276 0.525962 0.794276 0.526282 0.794613 0.526282 0.797643 0.526603 0.79798 0.526603 0.799663 0.526923 0.8 0.526923 0.802357 0.527244 0.802694 0.527244 0.80303 0.527564 0.803367 0.527564 0.807407 0.527885 0.807407 0.528205 0.807744 0.528205 0.809091 0.527564 0.809764 0.527564 0.810101 0.527885 0.810101 0.528526 0.810774 0.528526 0.811111 0.528205 0.811448 0.527885 0.811448 0.527885 0.811785 0.528205 0.811785 0.528526 0.812121 0.528526 0.812795 0.528205 0.813131 0.528526 0.813468 0.528526 0.813805 0.528846 0.814141 0.528526 0.814478 0.528526 0.814815 0.529487 0.815825 0.529487 0.816162 0.529167 0.816498 0.529167 0.817508 0.528846 0.817845 0.528526 0.817845 0.528526 0.818182 0.529487 0.818182 0.529808 0.818519 0.529808 0.818855 0.529167 0.819529 0.529808 0.820202 0.529808 0.820875 0.530128 0.821212 0.530128 0.822222 0.529808 0.822559 0.529808 0.822896 0.530128 0.823232 0.530128 0.823569 0.530449 0.823906 0.530449 0.825589 0.529808 0.826263 0.530449 0.826263 0.530769 0.826599 0.530449 0.826936 0.530128 0.826936 0.530128 0.827609 0.529808 0.827946 0.529808 0.828283 0.530128 0.828283 0.530449 0.82862 0.530769 0.82862 0.53109 0.828956 0.53109 0.82963 0.53141 0.829966 0.53141 0.830303 0.53109 0.83064 0.53109 0.831313 0.53141 0.83165 0.53141 0.832323 0.53109 0.83266 0.530769 0.83266 0.530769 0.833333 0.53109 0.83367 0.53141 0.83367 0.531731 0.834007 0.531731 0.834343 0.532051 0.83468 0.532051 0.835354 0.531731 0.83569 0.531731 0.836027 0.532051 0.836364 0.532051 0.8367 0.531731 0.837037 0.53141 0.837037 0.531731 0.837374 0.532051 0.837374 0.532372 0.83771 0.532372 0.838384 0.532051 0.838721 0.531731 0.838721 0.531731 0.839057 0.532051 0.839394 0.532051 0.839731 0.532372 0.840067 0.532372 0.840404 0.532692 0.840741 0.532692 0.842424 0.533013 0.842761 0.533013 0.843098 0.532692 0.843434 0.532692 0.843771 0.533013 0.844108 0.533013 0.844781 0.532692 0.845118 0.533013 0.845455 0.533013 0.846465 0.533333 0.846801 0.533333 0.847811 0.533654 0.848148 0.533654 0.849832 0.533013 0.850505 0.532692 0.850505 0.533013 0.850842 0.533333 0.850842 0.533654 0.851178 0.533654 0.851852 0.533974 0.852189 0.533654 0.852525 0.533654 0.852862 0.534295 0.853535 0.534295 0.854209 0.533974 0.854545 0.533974 0.855219 0.534295 0.855556 0.534295 0.856229 0.533654 0.856902 0.533654 0.857239 0.533974 0.856902 0.534295 0.857239 0.534295 0.858586 0.534936 0.859259 0.534936 0.859596 0.534615 0.859933 0.534615 0.861279 0.535256 0.861953 0.535256 0.862963 0.534936 0.8633 0.534936 0.863636 0.535577 0.86431 0.535577 0.86532 0.535256 0.865657 0.535256 0.86633 0.535897 0.867003 0.535897 0.867677 0.536218 0.868013 0.536218 0.868687 0.535897 0.869024 0.535897 0.86936 0.536218 0.869697 0.536218 0.87037 0.535897 0.870707 0.535897 0.871044 0.535577 0.87138 0.535577 0.871717 0.536218 0.872391 0.536218 0.873401 0.536859 0.874074 0.536538 0.874411 0.536218 0.874411 0.535897 0.874747 0.536218 0.875084 0.536538 0.875084 0.536859 0.875421 0.536859 0.876768 0.537179 0.877104 0.537179 0.879125 0.5375 0.879461 0.5375 0.880135 0.537821 0.880471 0.537821 0.880808 0.5375 0.881145 0.5375 0.881481 0.537821 0.881818 0.5375 0.882155 0.537179 0.882155 0.537179 0.882828 0.537821 0.882828 0.538141 0.883165 0.538141 0.883502 0.537821 0.883838 0.5375 0.883838 0.5375 0.884175 0.538141 0.884848 0.538141 0.885522 0.538462 0.885859 0.538462 0.887542 0.538141 0.887879 0.537821 0.887879 0.537821 0.888215 0.538141 0.888215 0.538462 0.888552 0.538462 0.888889 0.538782 0.889226 0.538462 0.889562 0.538141 0.889562 0.538141 0.889899 0.538462 0.889562 0.538782 0.889899 0.538782 0.890909 0.539103 0.891246 0.538782 0.891582 0.538782 0.891919 0.539103 0.892256 0.539103 0.894276 0.539423 0.894613 0.539423 0.896296 0.539744 0.896633 0.539744 0.897306 0.540064 0.897643 0.540064 0.89899 0.540385 0.899327 0.540385 0.899663 0.540064 0.9 0.540064 0.901684 0.540385 0.90202 0.540385 0.904377 0.541026 0.905051 0.540705 0.905387 0.540705 0.906061 0.541026 0.906397 0.541026 0.906734 0.540705 0.907071 0.541346 0.907744 0.541667 0.907744 0.542308 0.907071 0.542949 0.907744 0.543269 0.907744 0.54359 0.908081 0.54359 0.908754 0.54391 0.908754 0.54391 0.908081 0.544231 0.907744 0.544551 0.908081 0.545192 0.908081 0.545192 0.907407 0.545513 0.907071 0.546474 0.907071 0.546795 0.907407 0.547115 0.907407 0.547436 0.907071 0.548077 0.907071 0.548397 0.907407 0.548397 0.907744 0.549679 0.907744 0.549679 0.907407 0.549359 0.907407 0.549038 0.907071 0.549359 0.906734 0.549679 0.906734 0.55 0.906397 0.550321 0.906734 0.550962 0.906734 0.551282 0.906397 0.553205 0.906397 0.553526 0.906734 0.553526 0.907071 0.553846 0.907071 0.554167 0.907407 0.554167 0.907744 0.554808 0.907744 0.555769 0.908754 0.557372 0.908754 0.557692 0.908418 0.558013 0.908418 0.558333 0.908754 0.558654 0.908754 0.558974 0.908418 0.559615 0.908418 0.559936 0.908754 0.559936 0.908418 0.560256 0.908081 0.560577 0.908418 0.561218 0.908418 0.561538 0.908754 0.561538 0.909091 0.561859 0.909091 0.561859 0.908754 0.562179 0.908418 0.5625 0.908754 0.5625 0.909091 0.562821 0.908754 0.563141 0.909091 0.563141 0.910438 0.562821 0.910774 0.5625 0.910774 0.5625 0.911111 0.562821 0.911448 0.5625 0.911785 0.561538 0.911785 0.561218 0.912121 0.560897 0.912121 0.560897 0.912795 0.561218 0.912795 0.561218 0.912458 0.561538 0.912121 0.563141 0.912121 0.563462 0.912458 0.563141 0.912795 0.563141 0.913805 0.562821 0.914141 0.562821 0.914478 0.563141 0.914141 0.563462 0.914141 0.563782 0.914478 0.563782 0.916162 0.564423 0.916835 0.564103 0.917172 0.563782 0.917172 0.563782 0.917508 0.564103 0.917508 0.564423 0.917172 0.565064 0.917172 0.565385 0.917508 0.565705 0.917508 0.566026 0.917172 0.568269 0.917172 0.56859 0.916835 0.570833 0.916835 0.571154 0.916498 0.573397 0.916498 0.573718 0.916162 0.575962 0.916162 0.576282 0.915825 0.578526 0.915825 0.578846 0.915488 0.58109 0.915488 0.58141 0.915152 0.583654 0.915152 0.583974 0.914815 0.586218 0.914815 0.586538 0.914478 0.588782 0.914478 0.589103 0.914141 0.591346 0.914141 0.591667 0.913805 0.59391 0.913805 0.594231 0.913468 0.596474 0.913468 0.596795 0.913131 0.599038 0.913131 0.599359 0.912795 0.601603 0.912795 0.601923 0.912458 0.604167 0.912458 0.604487 0.912121 0.606731 0.912121 0.607051 0.911785 0.609295 0.911785 0.609615 0.911448 0.611859 0.911448 0.612179 0.911111 0.614423 0.911111 0.614744 0.910774 0.616987 0.910774 0.617308 0.910438 0.619551 0.910438 0.619872 0.910101 0.622115 0.910101 0.622436 0.909764 0.624679 0.909764 0.625 0.909428 0.627244 0.909428 0.627564 0.909091 0.629808 0.909091 0.630128 0.908754 0.632372 0.908754 0.632692 0.908418 0.634936 0.908418 0.635256 0.908081 0.6375 0.908081 0.637821 0.907744 0.640064 0.907744 0.640385 0.907407 0.642628 0.907407 0.642949 0.907071 0.645192 0.907071 0.645513 0.906734 0.647756 0.906734 0.648077 0.906397 0.650321 0.906397 0.650641 0.906061 0.652885 0.906061 0.653205 0.905724 0.655449 0.905724 0.655769 0.905387 0.658013 0.905387 0.658333 0.905051 0.660577 0.905051 0.660897 0.904714 0.663141 0.904714 0.663462 0.904377 0.665705 0.904377 0.666026 0.90404 0.668269 0.90404 0.66859 0.903704 0.670833 0.903704 0.671154 0.903367 0.673077 0.903367 0.673077 0.90303 0.673718 0.902357 0.674359 0.902357 0.674679 0.902694 0.674679 0.90303 0.675321 0.90303 0.675321 0.902694 0.675641 0.902357 0.675962 0.902357 0.676282 0.90202 0.678526 0.90202 0.678846 0.901684 0.68109 0.901684 0.68141 0.901347 0.683654 0.901347 0.683974 0.90101 0.685897 0.90101 0.686218 0.900673 0.688462 0.900673 0.688782 0.900337 0.690385 0.900337 0.690705 0.9 0.691026 0.9 0.691026 0.899663 0.691346 0.899327 0.692308 0.899327 0.692628 0.89899 0.692949 0.89899 0.69391 0.89798 0.69391 0.897306 0.69359 0.89697 0.69359 0.894613 0.693269 0.894276 0.693269 0.891919 0.692949 0.891582 0.692949 0.889899 0.69359 0.889226 0.695833 0.889226 0.696154 0.888889 0.698397 0.888889 0.698718 0.888552 0.699038 0.888552 0.699038 0.887542 0.699679 0.886869 0.700641 0.886869 0.700962 0.886532 0.703205 0.886532 0.703526 0.886195 0.705769 0.886195 0.70609 0.885859 0.708333 0.885859 0.708654 0.885522 0.710897 0.885522 0.711218 0.885185 0.713462 0.885185 0.713782 0.884848 0.716026 0.884848 0.716346 0.884512 0.71859 0.884512 0.71891 0.884175 0.721154 0.884175 0.721474 0.883838 0.723718 0.883838 0.724038 0.883502 0.726282 0.883502 0.726603 0.883165 0.728846 0.883165 0.729167 0.882828 0.73141 0.882828 0.731731 0.882492 0.733974 0.882492 0.734295 0.882155 0.736538 0.882155 0.736859 0.881818 0.739103 0.881818 0.739423 0.881481 0.739744 0.881481 0.740064 0.881145 0.741667 0.881145 0.741987 0.880808 0.744231 0.880808 0.744551 0.880471 0.746795 0.880471 0.747115 0.880135 0.749359 0.880135 0.749679 0.879798 0.750321 0.879798 0.750641 0.880135 0.751923 0.880135 0.752244 0.879798 0.754487 0.879798 0.754808 0.879461 0.757051 0.879461 0.757372 0.879125 0.758654 0.879125 0.758974 0.879461 0.758974 0.879798 0.759615 0.880471 0.759936 0.880135 0.760256 0.880471 0.762179 0.880471 0.762179 0.880135 0.7625 0.879798 0.765064 0.879798 0.765385 0.880135 0.765385 0.881481 0.765705 0.881818 0.765705 0.884175 0.766026 0.884512 0.766026 0.885185 0.765705 0.885522 0.765705 0.886195 0.766026 0.886532 0.766026 0.886869 0.766346 0.886869 0.766667 0.887205 0.766667 0.887542 0.766987 0.887879 0.766987 0.888215 0.767308 0.888552 0.767628 0.888552 0.767949 0.888889 0.768269 0.888552 0.76859 0.888552 0.76891 0.888889 0.769551 0.888889 0.769872 0.889226 0.770513 0.889226 0.770833 0.888889 0.773077 0.888889 0.773397 0.889226 0.773077 0.889562 0.771795 0.889562 0.771474 0.889899 0.770833 0.889899 0.770513 0.890236 0.769551 0.890236 0.769551 0.890572 0.770513 0.890572 0.770833 0.890236 0.773077 0.890236 0.773397 0.889899 0.775641 0.889899 0.775962 0.889562 0.778205 0.889562 0.778526 0.889226 0.780769 0.889226 0.78109 0.888889 0.783333 0.888889 0.783654 0.888552 0.785897 0.888552 0.786218 0.888215 0.788462 0.888215 0.788782 0.887879 0.791026 0.887879 0.791346 0.887542 0.79359 0.887542 0.79391 0.887205 0.796154 0.887205 0.796474 0.886869 0.798718 0.886869 0.799038 0.886532 0.801282 0.886532 0.801603 0.886195 0.803846 0.886195 0.804167 0.885859 0.80641 0.885859 0.806731 0.885522 0.808974 0.885522 0.809295 0.885185 0.811538 0.885185 0.811859 0.884848 0.814103 0.884848 0.814423 0.884512 0.816667 0.884512 0.816987 0.884175 0.819231 0.884175 0.819551 0.883838 0.821795 0.883838 0.822115 0.883502 0.824359 0.883502 0.824679 0.883165 0.826923 0.883165 0.827244 0.882828 0.829487 0.882828 0.829808 0.882492 0.832051 0.882492 0.832372 0.882155 0.834615 0.882155 0.834936 0.881818 0.837179 0.881818 0.8375 0.881481 0.839744 0.881481 0.840064 0.881145 0.842308 0.881145 0.842628 0.880808 0.844872 0.880808 0.845192 0.880471 0.847436 0.880471 0.847756 0.880135 0.85 0.880135 0.850321 0.879798 0.852564 0.879798 0.852885 0.879461 0.855128 0.879461 0.855449 0.879125 0.857692 0.879125 0.858013 0.878788 0.860256 0.878788 0.860577 0.878451 0.862821 0.878451 0.863141 0.878114 0.865385 0.878114 0.865705 0.877778 0.867949 0.877778 0.868269 0.877441 0.870513 0.877441 0.870833 0.877104 0.873077 0.877104 0.873397 0.876768 0.875641 0.876768 0.875962 0.876431 0.878205 0.876431 0.878526 0.876094 0.880769 0.876094 0.88109 0.875758 0.883333 0.875758 0.883654 0.875421 0.885577 0.875421 0.885577 0.872727 0.885897 0.872391 0.888141 0.872391 0.888462 0.872054 0.890705 0.872054 0.891026 0.871717 0.893269 0.871717 0.89359 0.87138 0.894231 0.87138 0.894872 0.870707 0.895192 0.870707 0.895833 0.870034 0.895833 0.86936 0.896154 0.869024 0.896154 0.868013 0.895833 0.867677 0.895833 0.86532 0.895513 0.864983 0.895513 0.863636 0.895192 0.8633 0.895192 0.862626 0.894872 0.86229 0.894872 0.861616 0.895513 0.860943 0.897756 0.860943 0.898077 0.860606 0.900321 0.860606 0.900641 0.860269 0.901923 0.860269 0.902244 0.859933 0.902244 0.858586 0.902564 0.858249 0.902885 0.858249 0.902885 0.857912 0.903526 0.857239 0.903526 0.856566 0.903846 0.856229 0.905449 0.856229 0.905769 0.855892 0.908013 0.855892 0.908333 0.855556 0.908974 0.855556 0.909295 0.855219 0.910577 0.855219 0.910897 0.854882 0.913141 0.854882 0.913462 0.854545 0.915385 0.854545 0.915385 0.853199 0.915064 0.852862 0.915064 0.850505 0.914744 0.850168 0.914744 0.847811 0.914423 0.847475 0.914423 0.845118 0.914103 0.844781 0.914103 0.842424 0.913782 0.842088 0.913782 0.839731 0.913462 0.839394 0.913462 0.837037 0.913141 0.8367 0.913141 0.834343 0.912821 0.834007 0.912821 0.83165 0.9125 0.831313 0.9125 0.828956 0.912179 0.82862 0.912179 0.826263 0.911859 0.825926 0.911859 0.823569 0.911538 0.823232 0.911538 0.820875 0.911218 0.820539 0.911218 0.818182 0.910897 0.817845 0.910897 0.815488 0.910577 0.815152 0.910577 0.812795 0.910256 0.812458 0.910256 0.810101 0.909936 0.809764 0.909936 0.807407 0.909615 0.807071 0.909615 0.804714 0.909295 0.804377 0.909295 0.80202 0.908974 0.801684 0.908974 0.799327 0.908654 0.79899 0.908654 0.796633 0.908333 0.796296 0.908333 0.793939 0.908013 0.793603 0.908013 0.791246 0.907692 0.790909 0.907692 0.788552 0.907372 0.788215 0.907372 0.785859 0.907051 0.785522 0.907051 0.783165 0.906731 0.782828 0.906731 0.780471 0.90641 0.780135 0.90641 0.777778 0.90609 0.777441 0.90609 0.775084 0.905769 0.774747 0.905769 0.772391 0.905449 0.772054 0.905449 0.769697 0.905128 0.76936 0.905128 0.767003 0.904808 0.766667 0.904808 0.76431 0.904487 0.763973 0.904487 0.761616 0.904167 0.761279 0.904167 0.759596 0.903846 0.759259 0.903846 0.758923 0.903526 0.758586 0.903526 0.756229 0.903205 0.755892 0.903205 0.753535 0.902885 0.753199 0.902885 0.750842 0.902564 0.750505 0.902564 0.748148 0.902244 0.747811 0.902244 0.745455 0.901923 0.745118 0.901923 0.742761 0.901603 0.742424 0.901603 0.740067 0.901282 0.739731 0.901282 0.737374 0.900962 0.737037 0.900962 0.73468 0.900641 0.734343 0.900641 0.731987 0.900321 0.73165 0.900321 0.729293 0.9 0.728956 0.9 0.726599 0.899679 0.726263 0.899679 0.723906 0.899359 0.723569 0.899359 0.721212 0.899038 0.720875 0.899038 0.718519 0.898718 0.718182 0.898718 0.715825 0.898397 0.715488 0.898397 0.713131 0.898077 0.712795 0.898077 0.712458 0.897756 0.712121 0.897756 0.710438 0.897436 0.710101 0.897436 0.707744 0.897115 0.707407 0.897115 0.705051 0.896795 0.704714 0.896795 0.702357 0.896474 0.70202 0.896474 0.699663 0.896154 0.699327 0.896154 0.69697 0.895833 0.696633 0.895833 0.694276 0.895513 0.693939 0.895513 0.691582 0.895192 0.691246 0.895192 0.688889 0.894872 0.688552 0.894872 0.686195 0.894551 0.685859 0.894551 0.683838 0.894231 0.683502 0.894231 0.681145 0.89391 0.680808 0.89391 0.678451 0.89359 0.678114 0.89359 0.675758 0.893269 0.675421 0.893269 0.673064 0.892949 0.672727 0.892949 0.67037 0.892628 0.670034 0.892628 0.669697 0.892308 0.66936 0.892308 0.667677 0.891987 0.66734 0.891987 0.664983 0.891667 0.664646 0.891667 0.66229 0.891346 0.661953 0.891346 0.659596 0.891026 0.659259 0.891026 0.656902 0.890705 0.656566 0.890705 0.654209 0.890385 0.653872 0.890385 0.651515 0.889744 0.650842 0.889744 0.648822 0.889423 0.648485 0.889423 0.646128 0.889103 0.645791 0.889103 0.643434 0.888782 0.643098 0.888782 0.640741 0.888462 0.640404 0.888462 0.638047 0.888141 0.63771 0.888141 0.635354 0.887821 0.635017 0.887821 0.63266 0.8875 0.632323 0.8875 0.629966 0.887179 0.62963 0.887179 0.627273 0.886859 0.626936 0.886859 0.624579 0.886538 0.624242 0.886538 0.621886 0.886218 0.621549 0.886218 0.619192 0.885897 0.618855 0.885897 0.616498 0.885577 0.616162 0.885577 0.614815 0.885256 0.614478 0.885256 0.613805 0.884936 0.613468 0.884936 0.611111 0.884615 0.610774 0.884615 0.608418 0.884295 0.608081 0.884295 0.605724 0.883974 0.605387 0.883974 0.60303 0.883654 0.602694 0.883654 0.600337 0.883333 0.6 0.883333 0.597643 0.883013 0.597306 0.883013 0.594949 0.882692 0.594613 0.882692 0.592256 0.882372 0.591919 0.882372 0.589562 0.882051 0.589226 0.882051 0.586869 0.881731 0.586532 0.881731 0.584175 0.88141 0.583838 0.88141 0.581481 0.88109 0.581145 0.88109 0.578788 0.880769 0.578451 0.880769 0.576094 0.880449 0.575758 0.880449 0.573401 0.880128 0.573064 0.880128 0.570707 0.879808 0.57037 0.879808 0.568013 0.879487 0.567677 0.879487 0.56532 0.879167 0.564983 0.879167 0.562626 0.878846 0.56229 0.878846 0.559933 0.878526 0.559596 0.878526 0.559259 0.878205 0.558923 0.878205 0.557239 0.877885 0.556902 0.877885 0.554545 0.877564 0.554209 0.877564 0.551852 0.877244 0.551515 0.877244 0.549158 0.876923 0.548822 0.876923 0.546465 0.876603 0.546128 0.876603 0.543771 0.876282 0.543434 0.876282 0.541077 0.875962 0.540741 0.875962 0.538384 0.875641 0.538047 0.875641 0.53569 0.875321 0.535354 0.875321 0.532997 0.875 0.53266 0.875 0.530303 0.874679 0.529966 0.874679 0.527609 0.874359 0.527273 0.874359 0.524916 0.874038 0.524579 0.874038 0.522222 0.873718 0.521886 0.873718 0.519529 0.873397 0.519192 0.873397 0.516835 0.873077 0.516498 0.873077 0.515152 0.872756 0.514815 0.872756 0.514141 0.872436 0.513805 0.872436 0.511448 0.872115 0.511111 0.872115 0.508754 0.871795 0.508418 0.871795 0.506061 0.871474 0.505724 0.871474 0.503367 0.871154 0.50303 0.871154 0.500673 0.870833 0.500337 0.870833 0.49798 0.870513 0.497643 0.870513 0.495623 0.870192 0.495286 0.870192 0.492929 0.869872 0.492593 0.869872 0.490236 0.869551 0.489899 0.869551 0.487542 0.869231 0.487205 0.869231 0.484848 0.86891 0.484512 0.86891 0.482155 0.86859 0.481818 0.86859 0.479461 0.868269 0.479125 0.868269 0.476768 0.867949 0.476431 0.867949 0.474411 0.867308 0.473737 0.867308 0.47138 0.866987 0.471044 0.866987 0.468687 0.866667 0.46835 0.866667 0.465993 0.866346 0.465657 0.866346 0.4633 0.866026 0.462963 0.866026 0.460606 0.865705 0.460269 0.865705 0.457912 0.865385 0.457576 0.865385 0.455219 0.865064 0.454882 0.865064 0.452525 0.864744 0.452189 0.864744 0.449832 0.864423 0.449495 0.864423 0.447138 0.864103 0.446801 0.864103 0.444444 0.863782 0.444108 0.863782 0.441751 0.863462 0.441414 0.863462 0.439057 0.863141 0.438721 0.863141 0.436364 0.862821 0.436027 0.862821 0.43367 0.8625 0.433333 0.8625 0.431987 0.863141 0.431313 0.863782 0.431313 0.864103 0.430976 0.864423 0.430976 0.864744 0.43064 0.864744 0.427946 0.864423 0.427609 0.864423 0.425253 0.864103 0.424916 0.864103 0.422559 0.863782 0.422222 0.863782 0.419865 0.863462 0.419529 0.863462 0.417172 0.863141 0.416835 0.863141 0.414478
