0 0.473189 0.660572 0.473189 0.661237 0.47413 0.661237 0.47413 0.660572
0 0.844779 0.600066 0.844779 0.600731 0.844309 0.601064 0.844309 0.601396 0.845249 0.601396 0.845249 0.600066
0 0.84572 0.594415 0.845249 0.594747 0.845249 0.59508 0.84572 0.595412 0.84619 0.595412 0.84619 0.594415
0 0.847131 0.59375 0.847131 0.611702 0.847601 0.612035 0.847601 0.617354 0.848071 0.617354 0.848071 0.613697 0.847601 0.613364 0.847601 0.59375
0 0.847131 0.589096 0.847131 0.590758 0.847601 0.590758 0.847601 0.589096
0 0.847131 0.586769 0.847131 0.587101 0.84666 0.587434 0.84619 0.587434 0.84619 0.587766 0.84666 0.587766 0.847131 0.588098 0.847131 0.588431 0.847601 0.588431 0.847601 0.586769
0 0.847131 0.583777 0.84619 0.584441 0.84572 0.584441 0.845249 0.584109 0.844309 0.584109 0.843838 0.584441 0.843838 0.584774 0.844779 0.584774 0.845249 0.585106 0.84666 0.585106 0.847131 0.584774 0.847601 0.584774 0.847601 0.583777
0 0.844779 0.579455 0.843838 0.58012 0.843838 0.580452 0.844309 0.580785 0.844309 0.581117 0.844779 0.581449 0.847601 0.581449 0.847601 0.579455
0 0.847131 0.576463 0.84666 0.576795 0.843838 0.576795 0.843838 0.578125 0.844309 0.578457 0.84666 0.578457 0.847131 0.57879 0.847601 0.57879 0.847601 0.576463
0 0.844309 0.570811 0.844309 0.572473 0.84666 0.572473 0.84666 0.571476 0.84619 0.571144 0.84572 0.571144 0.845249 0.570811
0 0.841957 0.570811 0.841957 0.571809 0.842897 0.571809 0.842897 0.570811
0 0.840546 0.564162 0.840546 0.564827 0.840075 0.56516 0.840075 0.565492 0.841957 0.565492 0.841957 0.564162
0 0.842427 0.549535 0.842427 0.549867 0.841957 0.550199 0.841957 0.551862 0.842427 0.552194 0.841957 0.552527 0.841957 0.555851 0.842427 0.556184 0.842427 0.557513 0.842897 0.557513 0.842897 0.555851 0.843368 0.555519 0.843368 0.552859 0.842897 0.552527 0.842897 0.552194 0.843368 0.551862 0.843368 0.549535
0 0.841957 0.547207 0.841957 0.54887 0.842897 0.54887 0.843368 0.548537 0.843368 0.547207
0 0.485419 0.243684 0.484948 0.244016 0.482596 0.244016 0.481656 0.244681 0.481185 0.244681 0.479774 0.245678 0.479774 0.246343 0.479304 0.246676 0.479304 0.248338 0.479774 0.24867 0.479774 0.256981 0.480245 0.257314 0.480245 0.258311 0.479774 0.258644 0.479774 0.258976 0.478363 0.259973 0.471778 0.259973 0.471308 0.260306 0.432738 0.260306 0.432267 0.260638 0.424741 0.260638 0.403575 0.275598 0.403575 0.275931 0.401693 0.277261 0.401223 0.277261 0.387582 0.286902 0.387112 0.286569 0.387112 0.285239 0.386642 0.285239 0.386642 0.298205 0.387112 0.298537 0.387112 0.350731 0.387582 0.351064 0.387582 0.403258 0.388053 0.40359 0.388053 0.455452 0.388523 0.455785 0.388523 0.507979 0.388993 0.508311 0.388993 0.560173 0.389464 0.560505 0.389464 0.612699 0.389934 0.613032 0.389934 0.665226 0.390405 0.665559 0.390405 0.669548 0.473189 0.669548 0.473189 0.666888 0.472719 0.666556 0.472719 0.663231 0.472248 0.662899 0.472248 0.660239 0.472719 0.659907 0.477422 0.659907 0.477893 0.660239 0.477893 0.664894 0.478363 0.665226 0.478363 0.669548 0.506115 0.669548 0.506585 0.669215 0.579962 0.669215 0.580433 0.668883 0.624647 0.668883 0.624647 0.668551 0.611477 0.668551 0.611007 0.668218 0.611007 0.666556 0.610536 0.666223 0.610536 0.665891 0.611007 0.665559 0.611007 0.659574 0.611477 0.659242 0.611477 0.657912 0.611947 0.65758 0.622295 0.65758 0.622766 0.657247 0.65428 0.657247 0.654751 0.656915 0.662747 0.656915 0.663217 0.656582 0.683443 0.656582 0.683913 0.656915 0.683913 0.657247 0.684384 0.65758 0.684384 0.657912 0.684854 0.658245 0.684854 0.659242 0.685325 0.659574 0.685325 0.661237 0.685795 0.661569 0.685795 0.662566 0.686265 0.662899 0.686265 0.663896 0.686736 0.664229 0.686736 0.664561 0.687206 0.664894 0.687206 0.665226 0.687676 0.665559 0.687676 0.666556 0.688147 0.666888 0.688147 0.668551 0.698965 0.668551 0.698965 0.668218 0.695673 0.668218 0.694732 0.667553 0.694732 0.667221 0.694262 0.666888 0.694262 0.666556 0.693791 0.666223 0.693791 0.664229 0.693321 0.663896 0.693321 0.662899 0.69285 0.662566 0.69285 0.661902 0.69238 0.661569 0.69238 0.660572 0.69191 0.660239 0.69191 0.658245 0.69238 0.657912 0.694262 0.657912 0.694732 0.65758 0.726717 0.65758 0.727187 0.657912 0.728128 0.657912 0.728598 0.65758 0.729069 0.657912 0.729069 0.661569 0.729539 0.661902 0.729069 0.662234 0.729069 0.664229 0.729539 0.664561 0.729539 0.668218 0.802446 0.668218 0.802916 0.667886 0.848071 0.667886 0.848071 0.628324 0.847601 0.628324 0.841486 0.624003 0.841486 0.62367 0.841016 0.623338 0.841016 0.613697 0.840546 0.613364 0.840546 0.601396 0.840075 0.601396 0.839605 0.601064 0.840546 0.600399 0.840546 0.598404 0.840075 0.598404 0.839605 0.598072 0.841016 0.597074 0.841016 0.595412 0.840075 0.595412 0.839605 0.59508 0.839605 0.58012 0.841016 0.579122 0.841016 0.57879 0.841486 0.578457 0.841486 0.578125 0.841957 0.577793 0.841957 0.575133 0.841486 0.574801 0.841486 0.574468 0.841957 0.574136 0.842897 0.574136 0.843368 0.574468 0.843368 0.575133 0.843838 0.575133 0.844309 0.575465 0.84666 0.575465 0.847131 0.575798 0.847601 0.575798 0.847601 0.573803 0.843368 0.573803 0.842897 0.573471 0.841486 0.573471 0.841016 0.573138 0.841016 0.571809 0.840075 0.571809 0.839605 0.571476 0.839605 0.569814 0.839135 0.569814 0.838664 0.569481 0.838664 0.568152 0.839135 0.567819 0.839605 0.567819 0.839605 0.567154 0.840075 0.566822 0.841016 0.566822 0.841486 0.567154 0.841486 0.567819 0.842427 0.567819 0.842897 0.567487 0.843368 0.567819 0.843368 0.568816 0.842897 0.569149 0.841957 0.569149 0.841957 0.569814 0.844309 0.569814 0.844309 0.568816 0.843838 0.568484 0.844309 0.568152 0.845249 0.568152 0.84572 0.567819 0.84572 0.567154 0.84619 0.566822 0.847131 0.566822 0.847601 0.566489 0.847601 0.56516 0.84572 0.56516 0.845249 0.564827 0.845249 0.564162 0.843368 0.564162 0.843368 0.565492 0.84619 0.565492 0.84666 0.565824 0.84619 0.566157 0.840075 0.566157 0.840075 0.566489 0.839605 0.566822 0.839135 0.566822 0.838664 0.566489 0.838664 0.56117 0.838194 0.560838 0.838194 0.524934 0.838664 0.524601 0.839605 0.524601 0.839605 0.523271 0.839135 0.522939 0.838664 0.522939 0.838194 0.522606 0.838194 0.51762 0.839135 0.516955 0.839605 0.516955 0.839605 0.508976 0.839135 0.508644 0.839135 0.504654 0.839605 0.504322 0.839605 0.461104 0.840075 0.460771 0.840075 0.456449 0.839605 0.456117 0.839605 0.403923 0.839135 0.40359 0.839135 0.352726 0.839605 0.352394 0.839605 0.351729 0.839135 0.351396 0.839135 0.310838 0.838664 0.310505 0.838664 0.299202 0.838194 0.29887 0.838194 0.286569 0.837723 0.286237 0.837723 0.285904 0.837253 0.285904 0.836312 0.285239 0.836312 0.284907 0.835372 0.284242 0.834901 0.284242 0.83396 0.283577 0.83396 0.283245 0.83349 0.282912 0.83302 0.282912 0.832079 0.282247 0.832079 0.281915 0.831138 0.28125 0.830668 0.28125 0.829727 0.280585 0.829727 0.280253 0.829257 0.27992 0.828786 0.27992 0.826435 0.278258 0.825964 0.278258 0.825494 0.277926 0.825494 0.277593 0.824553 0.276928 0.824083 0.276928 0.823142 0.276263 0.823142 0.275931 0.822672 0.275598 0.822672 0.275266 0.822201 0.275266 0.821261 0.274601 0.821261 0.274269 0.82079 0.273936 0.82032 0.273936 0.818909 0.272939 0.818909 0.272606 0.818438 0.272274 0.817968 0.272274 0.817027 0.271609 0.817027 0.271277 0.816087 0.270612 0.815616 0.270612 0.814675 0.269947 0.814675 0.269614 0.814205 0.269282 0.813735 0.269282 0.812324 0.268285 0.812324 0.267952 0.811853 0.267952 0.810442 0.266955 0.810442 0.266622 0.809972 0.26629 0.809501 0.26629 0.80809 0.265293 0.80809 0.26496 0.80762 0.26496 0.803387 0.261968 0.802916 0.261968 0.801976 0.261303 0.801976 0.260971 0.801505 0.260638 0.801035 0.260638 0.799624 0.259641 0.799624 0.259309 0.799153 0.259309 0.798683 0.258976 0.760583 0.258976 0.760113 0.258644 0.729069 0.258644 0.728598 0.258976 0.727187 0.258976 0.726717 0.259309 0.726246 0.259309 0.725776 0.258976 0.655221 0.258976 0.654751 0.259309 0.580903 0.259309 0.580433 0.259641 0.5254 0.259641 0.524929 0.259973 0.517404 0.259973 0.516933 0.259641 0.510818 0.259641 0.510348 0.259309 0.507056 0.259309 0.506585 0.259641 0.499059 0.259641 0.498119 0.258976 0.498119 0.257979 0.497648 0.257646 0.497648 0.255984 0.497178 0.255652 0.497178 0.253324 0.496707 0.252992 0.496707 0.249668 0.496237 0.249335 0.496237 0.247673 0.495767 0.24734 0.495767 0.247008 0.495296 0.246676 0.495296 0.246011 0.494356 0.245346 0.493885 0.245346 0.493415 0.245013 0.493415 0.244681 0.492944 0.244348 0.492474 0.244348 0.492004 0.244016 0.490122 0.244016 0.489652 0.243684
