0 0.432287 0.947628 0.431652 0.948617 0.431335 0.948617 0.431335 0.949111 0.431652 0.949605 0.43197 0.949111 0.432287 0.949111 0.432604 0.948617 0.432604 0.948123
0 0.43641 0.940711 0.43641 0.941206 0.435775 0.942194 0.436093 0.942194 0.43641 0.942688 0.436727 0.942194 0.437044 0.942688 0.437044 0.943182 0.435775 0.945158 0.435775 0.945652 0.434824 0.947134 0.434824 0.947628 0.433555 0.949605 0.433555 0.950099 0.432604 0.951581 0.432604 0.952075 0.431335 0.954051 0.431335 0.954545 0.430384 0.956028 0.430384 0.956522 0.429432 0.958004 0.429432 0.958498 0.428164 0.960474 0.428164 0.960968 0.427212 0.962451 0.427212 0.962945 0.425944 0.964921 0.425944 0.965415 0.424992 0.966897 0.424992 0.967391 0.423723 0.969368 0.423723 0.969862 0.422772 0.971344 0.423089 0.971838 0.423723 0.97085 0.423723 0.970356 0.424992 0.968379 0.424992 0.967885 0.425944 0.966403 0.425944 0.965909 0.426895 0.964427 0.426895 0.963933 0.428164 0.961957 0.428164 0.961462 0.429115 0.95998 0.429115 0.959486 0.430384 0.95751 0.430384 0.957016 0.431335 0.955534 0.431335 0.95504 0.432604 0.953063 0.432604 0.952569 0.433555 0.951087 0.433555 0.950593 0.434507 0.949111 0.434507 0.948617 0.435775 0.94664 0.435775 0.946146 0.436727 0.944664 0.436727 0.94417 0.437996 0.942194 0.437996 0.9417 0.438313 0.941206 0.437996 0.940711 0.437996 0.941206 0.437361 0.942194
0 0.44085 0.935277 0.440216 0.936265 0.440216 0.936759 0.439899 0.937253 0.439899 0.937747 0.440216 0.937747 0.440216 0.937253 0.441167 0.935771 0.441167 0.935277
0 0.441484 0.932312 0.441167 0.932806 0.441484 0.9333 0.441484 0.933794 0.441167 0.934289 0.441801 0.934289 0.442119 0.933794 0.442119 0.9333 0.442436 0.932806 0.442436 0.932312 0.442119 0.932806 0.441801 0.932806
0 0.441801 0.926877 0.441801 0.927372 0.442436 0.92836 0.442436 0.928854 0.442753 0.929348 0.443387 0.929348 0.443704 0.929842 0.444022 0.929348 0.444339 0.929348 0.444339 0.92836 0.444022 0.928854 0.443704 0.92836 0.443387 0.92836 0.44307 0.927866 0.44307 0.927372 0.442753 0.927372 0.442436 0.926877
0 0.444973 0.920949 0.444656 0.921443 0.444656 0.921937 0.444339 0.922431 0.444339 0.923419 0.44529 0.924901 0.445607 0.924901 0.445925 0.925395 0.446242 0.925395 0.446559 0.924901 0.446559 0.924407 0.447193 0.923419 0.447193 0.922925 0.446876 0.922925 0.445925 0.921443 0.445607 0.921443 0.44529 0.920949
0 0.446559 0.916996 0.446559 0.91749 0.445925 0.918478 0.446242 0.918972 0.445925 0.919466 0.446242 0.919466 0.447193 0.920949 0.44751 0.920949 0.447827 0.921443 0.44751 0.921937 0.447827 0.921937 0.448779 0.920455 0.448779 0.91996 0.449096 0.919466 0.449096 0.918972 0.448462 0.918972 0.448145 0.918478 0.447827 0.918478 0.446876 0.916996
0 0.448779 0.913043 0.447827 0.914526 0.448145 0.91502 0.447827 0.915514 0.448145 0.915514 0.449096 0.916996 0.449413 0.916996 0.44973 0.91749 0.449413 0.917984 0.44973 0.917984 0.450999 0.916008 0.450048 0.914526 0.44973 0.914526
0 0.450682 0.909585 0.450682 0.910079 0.450048 0.911067 0.450048 0.911561 0.450999 0.913043 0.451633 0.913043 0.451633 0.912549 0.451951 0.912055 0.451633 0.911561 0.451633 0.910573 0.450999 0.909585
0 0.449413 0.908103 0.449413 0.908597 0.449096 0.909091 0.449413 0.909585 0.44973 0.909585 0.450048 0.909091 0.450048 0.908597 0.44973 0.908103
0 0.464954 0.877964 0.464003 0.879447 0.464003 0.880435 0.46432 0.880929 0.464003 0.881423 0.463685 0.881423 0.463368 0.881917 0.463051 0.881917 0.461782 0.883893 0.4621 0.884387 0.4621 0.884881 0.461782 0.885375 0.461465 0.884881 0.460831 0.88587 0.460831 0.886364 0.459879 0.887846 0.459879 0.88834 0.459562 0.888834 0.459562 0.889328 0.459245 0.889822 0.459245 0.890316 0.458611 0.891304 0.458928 0.891798 0.459245 0.891798 0.459879 0.89081 0.459879 0.890316 0.461148 0.88834 0.461148 0.887846 0.4621 0.886364 0.4621 0.88587 0.463368 0.883893 0.463368 0.883399 0.46432 0.881917 0.464003 0.881423 0.464637 0.880435 0.464954 0.880435 0.465271 0.879941 0.465271 0.879447 0.465588 0.878953 0.465588 0.878458 0.465271 0.877964
0 0.406914 0.213933 0.406597 0.214427 0.405645 0.214427 0.405328 0.214921 0.405011 0.214427 0.404694 0.214427 0.404377 0.214921 0.40406 0.214427 0.403742 0.214921 0.402474 0.214921 0.402157 0.215415 0.399302 0.215415 0.398985 0.215909 0.398034 0.215909 0.397716 0.216403 0.397399 0.216403 0.397082 0.215909 0.396765 0.216403 0.395496 0.216403 0.395179 0.216897 0.394862 0.216403 0.394545 0.216897 0.39169 0.216897 0.391373 0.217391 0.390422 0.217391 0.390105 0.217885 0.38725 0.217885 0.386933 0.218379 0.385664 0.218379 0.385347 0.218874 0.38503 0.218379 0.384713 0.218874 0.383444 0.218874 0.383127 0.219368 0.38281 0.218874 0.382493 0.218874 0.382176 0.219368 0.379956 0.219368 0.379638 0.219862 0.378053 0.219862 0.377735 0.220356 0.377418 0.220356 0.377101 0.219862 0.376784 0.220356 0.376467 0.219862 0.37615 0.220356 0.375833 0.220356 0.375515 0.22085 0.375198 0.220356 0.374881 0.220356 0.374564 0.22085 0.373612 0.22085 0.373295 0.221344 0.372978 0.22085 0.372027 0.22085 0.371709 0.221344 0.370441 0.221344 0.370124 0.221838 0.369807 0.221838 0.369489 0.221344 0.369172 0.221838 0.368855 0.221838 0.368538 0.221344 0.368855 0.22085 0.368855 0.220356 0.369489 0.219368 0.369489 0.218874 0.369172 0.218874 0.368855 0.219368 0.368855 0.219862 0.367904 0.221344 0.367904 0.221838 0.366952 0.22332 0.366952 0.223814 0.365683 0.225791 0.365683 0.226285 0.364732 0.227767 0.364732 0.228261 0.363463 0.230237 0.363463 0.230731 0.362512 0.232213 0.362512 0.232708 0.361243 0.234684 0.361243 0.235178 0.360292 0.23666 0.360292 0.237154 0.35934 0.238636 0.35934 0.23913 0.358072 0.241107 0.358072 0.241601 0.35712 0.243083 0.35712 0.243577 0.355852 0.245553 0.355852 0.246047 0.3549 0.24753 0.3549 0.248024 0.353631 0.25 0.353631 0.250494 0.35268 0.251976 0.35268 0.25247 0.351729 0.253953 0.351729 0.254447 0.35046 0.256423 0.35046 0.256917 0.349508 0.258399 0.349508 0.258893 0.34824 0.26087 0.34824 0.261364 0.347288 0.262846 0.347288 0.26334 0.34602 0.265316 0.34602 0.26581 0.345068 0.267292 0.345068 0.267787 0.344117 0.269269 0.344117 0.269763 0.342848 0.271739 0.342848 0.272233 0.341897 0.273715 0.341897 0.274209 0.340628 0.276186 0.340628 0.27668 0.339676 0.278162 0.339676 0.278656 0.338408 0.280632 0.338408 0.281126 0.337456 0.282609 0.337456 0.283103 0.336505 0.284585 0.336505 0.285079 0.335236 0.287055 0.335236 0.287549 0.334285 0.289032 0.334285 0.289526 0.333016 0.291502 0.333016 0.291996 0.332065 0.293478 0.332065 0.293972 0.330796 0.295949 0.330796 0.296443 0.329845 0.297925 0.329845 0.298419 0.328893 0.299901 0.328893 0.300395 0.327624 0.302372 0.327624 0.302866 0.326673 0.304348 0.326673 0.304842 0.325404 0.306818 0.325404 0.307312 0.324453 0.308794 0.324453 0.309289 0.323184 0.311265 0.323184 0.311759 0.322233 0.313241 0.322233 0.313735 0.321281 0.315217 0.321281 0.315711 0.320013 0.317688 0.320013 0.318182 0.319061 0.319664 0.319061 0.320158 0.317793 0.322134 0.317793 0.322628 0.316841 0.324111 0.316841 0.324605 0.315572 0.326581 0.315572 0.327075 0.314621 0.328557 0.314621 0.329051 0.31367 0.330534 0.31367 0.331028 0.312401 0.333004 0.312401 0.333498 0.311449 0.33498 0.311449 0.335474 0.310181 0.337451 0.310181 0.337945 0.309229 0.339427 0.309229 0.339921 0.308278 0.341403 0.308278 0.341897 0.307009 0.343874 0.307009 0.344368 0.306058 0.34585 0.306058 0.346344 0.304789 0.34832 0.304789 0.348814 0.303838 0.350296 0.303838 0.350791 0.302569 0.352767 0.302569 0.353261 0.301618 0.354743 0.301618 0.355237 0.300666 0.356719 0.300666 0.357213 0.299397 0.35919 0.299397 0.359684 0.298446 0.361166 0.298446 0.36166 0.297177 0.363636 0.297177 0.36413 0.296226 0.365613 0.296226 0.366107 0.294957 0.368083 0.294957 0.368577 0.294006 0.370059 0.294006 0.370553 0.293054 0.372036 0.293054 0.37253 0.291786 0.374506 0.291786 0.375 0.290834 0.376482 0.290834 0.376976 0.289565 0.378953 0.289565 0.379447 0.288614 0.380929 0.288614 0.381423 0.287345 0.383399 0.287345 0.383893 0.286394 0.385375 0.286394 0.38587 0.285442 0.387352 0.285442 0.387846 0.284174 0.389822 0.284174 0.390316 0.283222 0.391798 0.283222 0.392292 0.281954 0.394269 0.281954 0.394763 0.281002 0.396245 0.281002 0.396739 0.279734 0.398715 0.279734 0.399209 0.278782 0.400692 0.278782 0.401186 0.277831 0.402668 0.277831 0.403162 0.276562 0.405138 0.276562 0.405632 0.275611 0.407115 0.275611 0.407609 0.274342 0.409585 0.274342 0.410079 0.27339 0.411561 0.27339 0.412055 0.272122 0.414032 0.272122 0.414526 0.27117 0.416008 0.27117 0.416502 0.270219 0.417984 0.270219 0.418478 0.26895 0.420455 0.26895 0.420949 0.267999 0.422431 0.267999 0.422925 0.26673 0.424901 0.26673 0.425395 0.265779 0.426877 0.265779 0.427372 0.26451 0.429348 0.26451 0.429842 0.263559 0.431324 0.263559 0.431818 0.262607 0.4333 0.262607 0.433794 0.261338 0.435771 0.261338 0.436265 0.260387 0.437747 0.260387 0.438241 0.259118 0.440217 0.259118 0.440711 0.258167 0.442194 0.258167 0.442688 0.256898 0.444664 0.256898 0.445158 0.255947 0.44664 0.255947 0.447134 0.254995 0.448617 0.254995 0.449111 0.253727 0.451087 0.253727 0.451581 0.252775 0.453063 0.252775 0.453557 0.251507 0.455534 0.251507 0.456028 0.250555 0.45751 0.250555 0.458004 0.249604 0.459486 0.249604 0.45998 0.248335 0.461957 0.248335 0.462451 0.247383 0.463933 0.247383 0.464427 0.246115 0.466403 0.246115 0.466897 0.245163 0.468379 0.245163 0.468874 0.243895 0.47085 0.243895 0.471344 0.242943 0.472826 0.242943 0.47332 0.241992 0.474802 0.241992 0.475296 0.240723 0.477273 0.240723 0.477767 0.239772 0.479249 0.239772 0.479743 0.238503 0.481719 0.238503 0.482213 0.237552 0.483696 0.237552 0.48419 0.236283 0.486166 0.236283 0.48666 0.235331 0.488142 0.235331 0.488636 0.23438 0.490119 0.23438 0.490613 0.233111 0.492589 0.233111 0.493083 0.23216 0.494565 0.23216 0.495059 0.230891 0.497036 0.230891 0.49753 0.22994 0.499012 0.22994 0.499506 0.228671 0.501482 0.228671 0.501976 0.22772 0.503458 0.22772 0.503953 0.226768 0.505435 0.226768 0.505929 0.2255 0.507905 0.2255 0.508399 0.224548 0.509881 0.224548 0.510375 0.223279 0.512352 0.223279 0.512846 0.222328 0.514328 0.222328 0.514822 0.221059 0.516798 0.221059 0.517292 0.220108 0.518775 0.220108 0.519269 0.219156 0.520751 0.219156 0.521245 0.217888 0.523221 0.217888 0.523715 0.216936 0.525198 0.216936 0.525692 0.215668 0.527668 0.215668 0.528162 0.214716 0.529644 0.214716 0.530138 0.213448 0.532115 0.213448 0.532609 0.212496 0.534091 0.212496 0.534585 0.211545 0.536067 0.211545 0.536561 0.210276 0.538538 0.210276 0.539032 0.209324 0.540514 0.209324 0.541008 0.208056 0.542984 0.208056 0.543478 0.207104 0.54496 0.207104 0.545455 0.205836 0.547431 0.205836 0.547925 0.204884 0.549407 0.204884 0.549901 0.203933 0.551383 0.203933 0.551877 0.202664 0.553854 0.202664 0.554348 0.201713 0.55583 0.201713 0.556324 0.200444 0.5583 0.200444 0.558794 0.199493 0.560277 0.199493 0.560771 0.198224 0.562747 0.198224 0.563241 0.197272 0.564723 0.197272 0.565217 0.196321 0.5667 0.196321 0.567194 0.195052 0.56917 0.195052 0.569664 0.194101 0.571146 0.194101 0.57164 0.192832 0.573617 0.192832 0.574111 0.191881 0.575593 0.191881 0.576087 0.190612 0.578063 0.190612 0.578557 0.189661 0.58004 0.189661 0.580534 0.188709 0.582016 0.188709 0.58251 0.187441 0.584486 0.187441 0.58498 0.186489 0.586462 0.186489 0.586957 0.18522 0.588933 0.18522 0.589427 0.184269 0.590909 0.184269 0.591403 0.183317 0.592885 0.183317 0.593379 0.182049 0.595356 0.182049 0.59585 0.181097 0.597332 0.181097 0.597826 0.179829 0.599802 0.179829 0.600296 0.178877 0.601779 0.178877 0.602273 0.177609 0.604249 0.177609 0.604743 0.176657 0.606225 0.176657 0.606719 0.175706 0.608202 0.175706 0.608696 0.174437 0.610672 0.174437 0.611166 0.173486 0.612648 0.173486 0.613142 0.172217 0.615119 0.172217 0.615613 0.171265 0.617095 0.171265 0.617589 0.169997 0.619565 0.169997 0.620059 0.169045 0.621542 0.169045 0.622036 0.168094 0.623518 0.168094 0.624012 0.166825 0.625988 0.166825 0.626482 0.165874 0.627964 0.165874 0.628458 0.164605 0.630435 0.164605 0.630929 0.163654 0.632411 0.163654 0.632905 0.162385 0.634881 0.162385 0.635375 0.161434 0.636858 0.161434 0.637352 0.160482 0.638834 0.160482 0.639328 0.159213 0.641304 0.159213 0.641798 0.158262 0.643281 0.158262 0.643775 0.156993 0.645751 0.156993 0.646245 0.156042 0.647727 0.156042 0.648221 0.154773 0.650198 0.154773 0.650692 0.153822 0.652174 0.153822 0.652668 0.15287 0.65415 0.15287 0.654644 0.151602 0.656621 0.151602 0.657115 0.15065 0.658597 0.15065 0.659091 0.149382 0.661067 0.149382 0.661561 0.14843 0.663043 0.14843 0.663538 0.147161 0.665514 0.147161 0.666008 0.14621 0.66749 0.14621 0.667984 0.145258 0.669466 0.145258 0.66996 0.14399 0.671937 0.14399 0.672431 0.143038 0.673913 0.143038 0.674407 0.14177 0.676383 0.14177 0.676877 0.140818 0.67836 0.140818 0.678854 0.13955 0.68083 0.13955 0.681324 0.138598 0.682806 0.138598 0.6833 0.137647 0.684783 0.137647 0.685277 0.136378 0.687253 0.136378 0.687747 0.135427 0.689229 0.135427 0.689723 0.134158 0.6917 0.134158 0.692194 0.133206 0.693676 0.133206 0.69417 0.131938 0.696146 0.131938 0.69664 0.130986 0.698123 0.130986 0.698617 0.130035 0.700099 0.130035 0.700593 0.128766 0.702569 0.128766 0.703063 0.127815 0.704545 0.127815 0.70504 0.126546 0.707016 0.126546 0.70751 0.125595 0.708992 0.125595 0.709486 0.124326 0.711462 0.124326 0.711957 0.123375 0.713439 0.123375 0.713933 0.123057 0.714427 0.123375 0.714427 0.124326 0.715909 0.124643 0.715909 0.125912 0.717885 0.126229 0.717885 0.12718 0.719368 0.127498 0.719368 0.128766 0.721344 0.129083 0.721344 0.130035 0.722826 0.130352 0.722826 0.131621 0.724802 0.131938 0.724802 0.132889 0.726285 0.133206 0.726285 0.134158 0.727767 0.134475 0.727767 0.135744 0.729743 0.136061 0.729743 0.137012 0.731225 0.13733 0.731225 0.138598 0.733202 0.138915 0.733202 0.139867 0.734684 0.140184 0.734684 0.141135 0.736166 0.141453 0.736166 0.142721 0.738142 0.143038 0.738142 0.14399 0.739625 0.144307 0.739625 0.145576 0.741601 0.145893 0.741601 0.146844 0.743083 0.147161 0.743083 0.14843 0.745059 0.148747 0.745059 0.149699 0.746542 0.150016 0.746542 0.150967 0.748024 0.151284 0.748024 0.152553 0.75 0.15287 0.75 0.153822 0.751482 0.154139 0.751482 0.155408 0.753458 0.155725 0.753458 0.156676 0.754941 0.156993 0.754941 0.158262 0.756917 0.158579 0.756917 0.159531 0.758399 0.159848 0.758399 0.160799 0.759881 0.161116 0.759881 0.162385 0.761858 0.162702 0.761858 0.163654 0.76334 0.163971 0.76334 0.165239 0.765316 0.165557 0.765316 0.166508 0.766798 0.166825 0.766798 0.168094 0.768775 0.168411 0.768775 0.169363 0.770257 0.16968 0.770257 0.170631 0.771739 0.170948 0.771739 0.171583 0.772727 0.1719 0.772233 0.1719 0.771739 0.172851 0.770257 0.172851 0.769763 0.17412 0.767787 0.17412 0.767292 0.175071 0.76581 0.175071 0.765316 0.175706 0.764328 0.175389 0.763834 0.176657 0.761858 0.177291 0.762846 0.177609 0.762846 0.17856 0.761364 0.178877 0.761364 0.179829 0.762846 0.180146 0.762846 0.18078 0.763834 0.179512 0.76581 0.179194 0.76581 0.179194 0.766304 0.177926 0.768281 0.177926 0.768775 0.176974 0.770257 0.176974 0.770751 0.175706 0.772727 0.175706 0.773221 0.174754 0.774704 0.174754 0.775198 0.174437 0.775692 0.174437 0.776186 0.175071 0.777174 0.175389 0.777174 0.17634 0.778656 0.176657 0.778656 0.177926 0.780632 0.178243 0.780632 0.179194 0.782115 0.179512 0.782115 0.180463 0.783597 0.18078 0.783597 0.182049 0.785573 0.182366 0.785573 0.183317 0.787055 0.183635 0.787055 0.184903 0.789032 0.18522 0.789032 0.186172 0.790514 0.186489 0.790514 0.187758 0.79249 0.188075 0.79249 0.189026 0.793972 0.189343 0.793972 0.190295 0.795455 0.190612 0.795455 0.191881 0.797431 0.192198 0.797431 0.193149 0.798913 0.193467 0.798913 0.194735 0.800889 0.195052 0.800889 0.196004 0.802372 0.196321 0.802372 0.19759 0.804348 0.197907 0.804348 0.198858 0.80583 0.199175 0.80583 0.200127 0.807312 0.200444 0.807312 0.201713 0.809289 0.20203 0.809289 0.202981 0.810771 0.203298 0.810771 0.204567 0.812747 0.204884 0.812747 0.205836 0.814229 0.206153 0.814229 0.207422 0.816206 0.207739 0.816206 0.20869 0.817688 0.209007 0.817688 0.209959 0.81917 0.210276 0.81917 0.211545 0.821146 0.211862 0.821146 0.212813 0.822628 0.21313 0.822628 0.214399 0.824605 0.214716 0.824605 0.215668 0.826087 0.215985 0.826087 0.216936 0.827569 0.217253 0.827569 0.218522 0.829545 0.218839 0.829545 0.219791 0.831028 0.220108 0.831028 0.221376 0.833004 0.221694 0.833004 0.222645 0.834486 0.222962 0.834486 0.224231 0.836462 0.224548 0.836462 0.2255 0.837945 0.225817 0.837945 0.226768 0.839427 0.227085 0.839427 0.228354 0.841403 0.228671 0.841403 0.229623 0.842885 0.22994 0.842885 0.231208 0.844862 0.231526 0.844862 0.232477 0.846344 0.232794 0.846344 0.234063 0.84832 0.23438 0.84832 0.235331 0.849802 0.235649 0.849802 0.2366 0.851285 0.236917 0.851285 0.238186 0.853261 0.238503 0.853261 0.239454 0.854743 0.239772 0.854743 0.24104 0.856719 0.241357 0.856719 0.242309 0.858202 0.242626 0.858202 0.243895 0.860178 0.244212 0.860178 0.245163 0.86166 0.24548 0.86166 0.246432 0.863142 0.246749 0.863142 0.248018 0.865119 0.248335 0.865119 0.249286 0.866601 0.249604 0.866601 0.250872 0.868577 0.251189 0.868577 0.252141 0.870059 0.252458 0.870059 0.253727 0.872036 0.254044 0.872036 0.254995 0.873518 0.255312 0.873518 0.256264 0.875 0.256581 0.875 0.25785 0.876976 0.258167 0.876976 0.259118 0.878458 0.259435 0.878458 0.26007 0.879447 0.260387 0.878953 0.26007 0.878953 0.258801 0.876976 0.258484 0.876976 0.257533 0.875494 0.257215 0.875494 0.255947 0.873518 0.25563 0.873518 0.254678 0.872036 0.254361 0.872036 0.253092 0.870059 0.252775 0.870059 0.252458 0.869565 0.252458 0.869071 0.252775 0.868577 0.252775 0.868083 0.253727 0.866601 0.253727 0.866107 0.254044 0.865613 0.254361 0.865613 0.25563 0.863636 0.25563 0.863142 0.256581 0.86166 0.256581 0.861166 0.25785 0.85919 0.25785 0.858696 0.258484 0.857708 0.258801 0.857708 0.259435 0.856719 0.259435 0.856225 0.259753 0.855731 0.261021 0.857708 0.261338 0.857708 0.26229 0.85919 0.262607 0.85919 0.263559 0.860672 0.263876 0.860672 0.265144 0.862648 0.265461 0.862648 0.265779 0.863142 0.266413 0.863142 0.267682 0.865119 0.267999 0.865119 0.26895 0.866601 0.269267 0.866601 0.270219 0.868083 0.270536 0.868083 0.271805 0.870059 0.272122 0.870059 0.273073 0.871542 0.27339 0.871542 0.274659 0.873518 0.274976 0.873518 0.275928 0.875 0.276245 0.875 0.277513 0.876976 0.277831 0.876976 0.278782 0.878458 0.279099 0.878458 0.280051 0.879941 0.280368 0.879941 0.281637 0.881917 0.281954 0.881917 0.282905 0.883399 0.283222 0.883399 0.284491 0.885375 0.284808 0.885375 0.28576 0.886858 0.286077 0.886858 0.287345 0.888834 0.287663 0.888834 0.288614 0.890316 0.288931 0.890316 0.289565 0.891304 0.2902 0.891304 0.291151 0.892787 0.291468 0.892787 0.29242 0.894269 0.292737 0.894269 0.294006 0.896245 0.294323 0.896245 0.295274 0.897727 0.295592 0.897727 0.296543 0.899209 0.29686 0.899209 0.298129 0.901186 0.298446 0.901186 0.299397 0.902668 0.299715 0.902668 0.300983 0.904644 0.301618 0.904644 0.302252 0.905632 0.302252 0.907609 0.301935 0.908103 0.301935 0.909091 0.301618 0.909585 0.301618 0.910573 0.300666 0.912055 0.300666 0.912549 0.300349 0.913043 0.300349 0.913538 0.300032 0.914032 0.300032 0.914526 0.299715 0.91502 0.299715 0.916008 0.29908 0.916996 0.299397 0.91749 0.298446 0.918972 0.298763 0.919466 0.298129 0.920455 0.298129 0.921443 0.297494 0.922431 0.297494 0.923419 0.297177 0.923913 0.297177 0.924407 0.297494 0.924407 0.298446 0.925889 0.298763 0.925889 0.300032 0.927866 0.300349 0.927866 0.3013 0.929348 0.301618 0.929348 0.302569 0.93083 0.302886 0.93083 0.30352 0.931818 0.303838 0.931324 0.30352 0.931324 0.302252 0.929348 0.301935 0.929348 0.301618 0.928854 0.301618 0.92836 0.3013 0.927866 0.301935 0.926877 0.301618 0.926383 0.301935 0.925889 0.301935 0.924901 0.302886 0.923419 0.302886 0.922925 0.303203 0.922431 0.303203 0.921937 0.30352 0.921443 0.30352 0.920455 0.303838 0.91996 0.303838 0.919466 0.304789 0.917984 0.304789 0.916996 0.305423 0.916008 0.305423 0.915514 0.306692 0.913538 0.307644 0.91502 0.307961 0.914526 0.308912 0.916008 0.309229 0.916008 0.310498 0.917984 0.310815 0.917984 0.311767 0.919466 0.312084 0.919466 0.313352 0.921443 0.31367 0.921443 0.314621 0.922925 0.314938 0.922925 0.31589 0.924407 0.316207 0.924407 0.317475 0.926383 0.317793 0.926383 0.318744 0.927866 0.319061 0.927866 0.32033 0.929842 0.320647 0.929842 0.321598 0.931324 0.321916 0.931324 0.323184 0.9333 0.323501 0.9333 0.324453 0.934783 0.32477 0.934783 0.325722 0.936265 0.326039 0.936265 0.326673 0.937253 0.326673 0.937747 0.327307 0.938735 0.327624 0.938735 0.327942 0.939229 0.327942 0.939723 0.327307 0.940711 0.327307 0.941206 0.326039 0.943182 0.326039 0.943676 0.325087 0.945158 0.325087 0.945652 0.324136 0.947134 0.324136 0.947628 0.322867 0.949605 0.322867 0.950099 0.321916 0.951581 0.321916 0.952075 0.321281 0.953063 0.322233 0.954545 0.32255 0.954545 0.323819 0.956522 0.324136 0.956522 0.325087 0.958004 0.325404 0.958004 0.326673 0.95998 0.32699 0.95998 0.327942 0.961462 0.328259 0.961462 0.329527 0.963439 0.329845 0.963439 0.330796 0.964921 0.331113 0.964921 0.332065 0.966403 0.332382 0.966403 0.33365 0.968379 0.333968 0.968379 0.334919 0.969862 0.335236 0.969862 0.336505 0.971838 0.336822 0.971838 0.337774 0.97332 0.338091 0.97332 0.339359 0.975296 0.339676 0.975296 0.340628 0.976779 0.340945 0.976779 0.341897 0.978261 0.342214 0.978261 0.343482 0.980237 0.3438 0.980237 0.344751 0.981719 0.345068 0.981719 0.346337 0.983696 0.346654 0.983696 0.347605 0.985178 0.347923 0.985178 0.349191 0.987154 0.349508 0.987154 0.35046 0.988636 0.350777 0.988636 0.351729 0.990119 0.352046 0.990119 0.353314 0.992095 0.353631 0.992095 0.354583 0.993577 0.3549 0.993577 0.356169 0.995553 0.356486 0.995553 0.357437 0.997036 0.357755 0.997036 0.359023 0.999012 0.35934 0.999012 0.359657 0.999506 0.409451 0.999506 0.409768 0.999012 0.409768 0.998518 0.41072 0.997036 0.41072 0.996542 0.411671 0.995059 0.411671 0.994565 0.41294 0.992589 0.41294 0.992095 0.413892 0.990613 0.413892 0.990119 0.41516 0.988142 0.41516 0.987648 0.416112 0.986166 0.416112 0.985672 0.415794 0.985178 0.415794 0.984684 0.415477 0.98419 0.415477 0.983202 0.41516 0.982708 0.415477 0.982213 0.415477 0.981719 0.41516 0.981225 0.41516 0.980237 0.415477 0.979743 0.415477 0.979249 0.41516 0.978755 0.41516 0.978261 0.414843 0.977767 0.414843 0.977273 0.41516 0.976779 0.414843 0.976285 0.41516 0.975791 0.414843 0.975296 0.414843 0.974802 0.415477 0.973814 0.415477 0.97332 0.416429 0.971838 0.416429 0.971344 0.41738 0.969862 0.41738 0.969368 0.418649 0.967391 0.418649 0.966897 0.4196 0.965415 0.4196 0.964921 0.420869 0.962945 0.420869 0.962451 0.42182 0.960968 0.42182 0.960474 0.423089 0.958498 0.423089 0.958004 0.424041 0.956522 0.424041 0.956028 0.424992 0.954545 0.424992 0.954051 0.426261 0.952075 0.426261 0.951581 0.427212 0.950099 0.427212 0.949605 0.428481 0.947628 0.428481 0.947134 0.429115 0.946146 0.429115 0.945652 0.430701 0.943182 0.430701 0.942688 0.431018 0.942194 0.431018 0.9417 0.431335 0.941206 0.43197 0.941206 0.432287 0.940711 0.432287 0.940217 0.432921 0.939229 0.432604 0.938735 0.432921 0.938241 0.432921 0.937747 0.433238 0.937253 0.433238 0.936759 0.43419 0.935277 0.43419 0.934783 0.435141 0.9333 0.435141 0.932806 0.43641 0.93083 0.43641 0.930336 0.437361 0.928854 0.437361 0.92836 0.43863 0.926383 0.43863 0.925889 0.439581 0.924407 0.439581 0.923913 0.44085 0.921937 0.44085 0.921443 0.441801 0.91996 0.441801 0.919466 0.442753 0.917984 0.444022 0.917984 0.444339 0.91749 0.444656 0.91749 0.444973 0.916996 0.44529 0.916996 0.44529 0.916502 0.446242 0.91502 0.446242 0.914526 0.446876 0.913538 0.446876 0.912549 0.447193 0.912055 0.44751 0.912549 0.448145 0.912549 0.448462 0.912055 0.448145 0.912055 0.44751 0.911067 0.44751 0.910573 0.448145 0.909585 0.448145 0.908103 0.447827 0.907609 0.448462 0.906621 0.448462 0.906126 0.448779 0.905632 0.448779 0.905138 0.448462 0.904644 0.448462 0.903656 0.449413 0.902174 0.450048 0.902174 0.450365 0.902668 0.450365 0.902174 0.450999 0.901186 0.451316 0.901186 0.452268 0.902668 0.451951 0.903162 0.451633 0.903162 0.451316 0.903656 0.451633 0.90415 0.451951 0.90415 0.452268 0.904644 0.452268 0.905138 0.451633 0.906126 0.450999 0.906126 0.450682 0.905632 0.450365 0.906126 0.450365 0.907115 0.450999 0.908103 0.451633 0.908103 0.451951 0.907609 0.451951 0.907115 0.452585 0.906126 0.452902 0.906621 0.453853 0.906621 0.454171 0.906126 0.453536 0.905138 0.453853 0.904644 0.454171 0.904644 0.455122 0.906126 0.455756 0.906126 0.456391 0.905138 0.456391 0.90415 0.456074 0.903656 0.455756 0.903656 0.455122 0.902668 0.455439 0.902174 0.455439 0.901186 0.455122 0.900692 0.454805 0.900692 0.454488 0.900198 0.454488 0.900692 0.453219 0.902668 0.452902 0.902668 0.452585 0.902174 0.452585 0.90168 0.453853 0.899704 0.453853 0.899209 0.453536 0.898715 0.453219 0.898715 0.452902 0.898221 0.452268 0.899209 0.451951 0.899209 0.451951 0.900198 0.451633 0.900692 0.450682 0.900692 0.450365 0.900198 0.450682 0.899704 0.450682 0.899209 0.451633 0.897727 0.451633 0.897233 0.452902 0.895257 0.452902 0.894763 0.453853 0.893281 0.453853 0.892787 0.454805 0.891304 0.454805 0.89081 0.456074 0.888834 0.456074 0.88834 0.457025 0.886858 0.457025 0.886364 0.458294 0.884387 0.458294 0.883893 0.459245 0.882411 0.459245 0.881917 0.460514 0.879941 0.460514 0.879447 0.461465 0.877964 0.461465 0.87747 0.462417 0.875988 0.462417 0.875494 0.463685 0.873518 0.463685 0.873024 0.464637 0.871542 0.464637 0.871047 0.465905 0.869071 0.465905 0.868577 0.466857 0.867095 0.466857 0.866601 0.468126 0.864625 0.468126 0.86413 0.469077 0.862648 0.469077 0.862154 0.470029 0.860672 0.470029 0.860178 0.471297 0.858202 0.471297 0.857708 0.472249 0.856225 0.472249 0.855731 0.473517 0.853755 0.473517 0.853261 0.474469 0.851779 0.474469 0.851285 0.475737 0.849308 0.475737 0.848814 0.476689 0.847332 0.476689 0.846838 0.477006 0.846344 0.477323 0.846344 0.47764 0.846838 0.477958 0.846838 0.478909 0.845356 0.478275 0.844368 0.478275 0.843874 0.478909 0.842885 0.478909 0.842391 0.47986 0.840909 0.47986 0.840415 0.481129 0.838439 0.481129 0.837945 0.481763 0.836957 0.482081 0.837451 0.482715 0.837451 0.483032 0.836957 0.483032 0.836462 0.484301 0.834486 0.484301 0.833992 0.485252 0.83251 0.485252 0.832016 0.486204 0.830534 0.486204 0.83004 0.487472 0.828063 0.487472 0.827569 0.488424 0.826087 0.488424 0.825593 0.489692 0.823617 0.489692 0.823123 0.490961 0.821146 0.491278 0.821146 0.491278 0.820652 0.492547 0.818676 0.492547 0.818182 0.493498 0.8167 0.493498 0.816206 0.494767 0.814229 0.494767 0.813735 0.495718 0.812253 0.495718 0.811759 0.496987 0.809783 0.496987 0.809289 0.497938 0.807806 0.497938 0.807312 0.49889 0.80583 0.49889 0.805336 0.500159 0.80336 0.500159 0.802866 0.50111 0.801383 0.50111 0.800889 0.502379 0.798913 0.502379 0.798419 0.50333 0.796937 0.50333 0.796443 0.504282 0.79496 0.504282 0.794466 0.50555 0.79249 0.50555 0.791996 0.506502 0.790514 0.506502 0.79002 0.50777 0.788043 0.50777 0.787549 0.508722 0.786067 0.508722 0.785573 0.50999 0.783597 0.50999 0.783103 0.510942 0.781621 0.510942 0.781126 0.511893 0.779644 0.511893 0.77915 0.513162 0.777174 0.513162 0.77668 0.514114 0.775198 0.514114 0.774704 0.515382 0.772727 0.515382 0.772233 0.516334 0.770751 0.516334 0.770257 0.517602 0.768281 0.517602 0.767787 0.518554 0.766304 0.518554 0.76581 0.518871 0.765316 0.519188 0.76581 0.519188 0.765316 0.520457 0.76334 0.520457 0.762846 0.521408 0.761364 0.521408 0.76087 0.52236 0.759387 0.52236 0.758893 0.523628 0.756917 0.523628 0.756423 0.52458 0.754941 0.52458 0.754447 0.525848 0.75247 0.525848 0.751976 0.5268 0.750494 0.5268 0.75 0.528069 0.748024 0.528069 0.74753 0.52902 0.746047 0.52902 0.745553 0.529971 0.744071 0.529971 0.743577 0.53124 0.741601 0.53124 0.741107 0.532192 0.739625 0.532192 0.73913 0.53346 0.737154 0.53346 0.73666 0.534412 0.735178 0.534412 0.734684 0.53568 0.732708 0.53568 0.732213 0.536632 0.730731 0.536632 0.730237 0.537583 0.728755 0.537583 0.728261 0.538852 0.726285 0.538852 0.725791 0.539803 0.724308 0.539803 0.723814 0.541072 0.721838 0.541072 0.721344 0.542023 0.719862 0.542023 0.719368 0.543292 0.717391 0.543292 0.716897 0.544244 0.715415 0.544244 0.714921 0.545195 0.713439 0.545195 0.712945 0.546464 0.710968 0.546464 0.710474 0.547415 0.708992 0.547415 0.708498 0.548684 0.706522 0.548684 0.706028 0.549635 0.704545 0.549635 0.704051 0.550904 0.702075 0.550904 0.701581 0.551855 0.700099 0.551855 0.699605 0.552807 0.698123 0.552807 0.697628 0.554075 0.695652 0.554075 0.695158 0.555027 0.693676 0.555027 0.693182 0.556296 0.691206 0.556296 0.690711 0.557247 0.689229 0.557247 0.688735 0.558516 0.686759 0.558516 0.686265 0.559467 0.684783 0.559467 0.684289 0.560419 0.682806 0.560419 0.682312 0.561687 0.680336 0.561687 0.679842 0.562639 0.67836 0.562639 0.677866 0.563273 0.676877 0.56359 0.676877 0.564542 0.675395 0.564542 0.674901 0.565493 0.673419 0.565493 0.672925 0.566762 0.670949 0.566762 0.670455 0.567713 0.668972 0.567713 0.668478 0.568982 0.666502 0.568982 0.666008 0.569933 0.664526 0.569933 0.664032 0.570885 0.662549 0.570885 0.662055 0.572154 0.660079 0.572154 0.659585 0.573105 0.658103 0.573105 0.657609 0.574374 0.655632 0.574374 0.655138 0.575325 0.653656 0.575325 0.653162 0.576594 0.651186 0.576594 0.650692 0.577545 0.649209 0.577545 0.648715 0.578497 0.647233 0.578497 0.646739 0.579765 0.644763 0.579765 0.644269 0.580717 0.642787 0.580717 0.642292 0.581985 0.640316 0.581985 0.639822 0.582937 0.63834 0.582937 0.637846 0.584206 0.63587 0.584206 0.635375 0.585157 0.633893 0.585157 0.633399 0.586108 0.631917 0.586108 0.631423 0.587377 0.629447 0.587377 0.628953 0.588329 0.62747 0.588329 0.626976 0.588646 0.626482 0.588963 0.626482 0.590232 0.624506 0.590232 0.624012 0.591183 0.62253 0.591183 0.622036 0.592452 0.620059 0.592452 0.619565 0.593403 0.618083 0.593403 0.617589 0.594672 0.615613 0.594672 0.615119 0.595623 0.613636 0.595623 0.613142 0.596575 0.61166 0.596575 0.611166 0.597843 0.60919 0.597843 0.608696 0.598795 0.607213 0.598795 0.606719 0.600063 0.604743 0.600063 0.604249 0.601015 0.602767 0.601015 0.602273 0.602284 0.600296 0.602284 0.599802 0.603235 0.59832 0.603235 0.597826 0.604186 0.596344 0.604186 0.59585 0.605455 0.593874 0.605455 0.593379 0.606407 0.591897 0.606407 0.591403 0.607675 0.589427 0.607675 0.588933 0.608627 0.587451 0.608627 0.586957 0.609578 0.585474 0.609578 0.58498 0.610847 0.583004 0.610847 0.58251 0.611798 0.581028 0.611798 0.580534 0.613067 0.578557 0.613067 0.578063 0.614018 0.576581 0.614018 0.576087 0.615287 0.574111 0.615287 0.573617 0.615604 0.573123 0.615604 0.572134 0.616556 0.570652 0.616556 0.570158 0.617824 0.568182 0.617824 0.567688 0.618776 0.566206 0.618776 0.565711 0.620044 0.563735 0.620044 0.563241 0.620996 0.561759 0.620996 0.561265 0.621947 0.559783 0.621947 0.559289 0.623216 0.557312 0.623216 0.556818 0.624167 0.555336 0.624167 0.554842 0.625436 0.552866 0.625436 0.552372 0.626388 0.550889 0.626388 0.550395 0.627656 0.548419 0.627656 0.547925 0.628608 0.546443 0.628291 0.545949 0.628925 0.54496 0.628925 0.544466 0.630193 0.54249 0.630193 0.541996 0.630828 0.541008 0.630511 0.540514 0.631145 0.539526 0.630828 0.539032 0.630828 0.537055 0.630511 0.536561 0.630511 0.534585 0.630193 0.534091 0.630511 0.533597 0.630193 0.533103 0.630511 0.532609 0.630193 0.532115 0.630193 0.531126 0.629876 0.530632 0.630193 0.530138 0.629876 0.529644 0.629876 0.525692 0.629559 0.525198 0.629559 0.523715 0.629242 0.523221 0.629242 0.519269 0.628925 0.518775 0.628925 0.518281 0.628608 0.517787 0.628925 0.517292 0.628925 0.516798 0.628608 0.516304 0.628925 0.51581 0.628608 0.515316 0.628925 0.514822 0.628925 0.51334 0.628608 0.512846 0.628608 0.512352 0.628291 0.511858 0.628608 0.511364 0.628608 0.51087 0.628291 0.510375 0.628291 0.508893 0.628608 0.508399 0.628291 0.507905 0.628291 0.506917 0.627973 0.506423 0.628291 0.505929 0.627973 0.505435 0.627973 0.503953 0.627656 0.503458 0.627656 0.502964 0.627973 0.50247 0.627973 0.501482 0.627656 0.500988 0.627656 0.500494 0.627339 0.5 0.627656 0.499506 0.627656 0.499012 0.627339 0.498518 0.627339 0.495059 0.627022 0.494565 0.627022 0.492095 0.626705 0.491601 0.626705 0.491107 0.627022 0.490613 0.627022 0.489625 0.626705 0.48913 0.626705 0.488142 0.626388 0.487648 0.626705 0.487154 0.626388 0.48666 0.626388 0.482708 0.62607 0.482213 0.62607 0.479743 0.625753 0.479249 0.625753 0.477273 0.625436 0.477273 0.624802 0.476285 0.624802 0.475791 0.62385 0.474308 0.623533 0.474308 0.622582 0.472826 0.622265 0.472826 0.620996 0.47085 0.620679 0.47085 0.619727 0.469368 0.61941 0.469368 0.618459 0.467885 0.618141 0.467885 0.616873 0.465909 0.616556 0.465909 0.615604 0.464427 0.615287 0.464427 0.614018 0.462451 0.613701 0.462451 0.61275 0.460968 0.612433 0.460968 0.611164 0.458992 0.610847 0.458992 0.609895 0.45751 0.609578 0.45751 0.608627 0.456028 0.60831 0.456028 0.607041 0.454051 0.606724 0.454051 0.605772 0.452569 0.605455 0.452569 0.604186 0.450593 0.603869 0.450593 0.603552 0.450099 0.603552 0.449605 0.602601 0.448123 0.602284 0.448123 0.601015 0.446146 0.600698 0.446146 0.599746 0.444664 0.599429 0.444664 0.59816 0.442688 0.597843 0.442688 0.596892 0.441206 0.596575 0.441206 0.595623 0.439723 0.595306 0.439723 0.594037 0.437747 0.59372 0.437747 0.592769 0.436265 0.592452 0.436265 0.591183 0.434289 0.590866 0.434289 0.589914 0.432806 0.589597 0.432806 0.588329 0.43083 0.588011 0.43083 0.58706 0.429348 0.586743 0.429348 0.585791 0.427866 0.585474 0.427866 0.584523 0.426383 0.584206 0.426877 0.583571 0.425889 0.583571 0.425395 0.582937 0.424407 0.58262 0.424407 0.581351 0.422431 0.581034 0.422431 0.580082 0.420949 0.579765 0.420949 0.578497 0.418972 0.57818 0.418972 0.577228 0.41749 0.576911 0.41749 0.575959 0.416008 0.575642 0.416008 0.574374 0.414032 0.574056 0.414032 0.573105 0.412549 0.572788 0.412549 0.571519 0.410573 0.571202 0.410573 0.570251 0.409091 0.569933 0.409091 0.568665 0.407115 0.568348 0.407115 0.567396 0.405632 0.567079 0.405632 0.566127 0.40415 0.56581 0.40415 0.564542 0.402174 0.564225 0.402174 0.563273 0.400692 0.562956 0.400692 0.561687 0.398715 0.56137 0.398715 0.560419 0.397233 0.560101 0.397233 0.558833 0.395257 0.558516 0.395257 0.557564 0.393775 0.557247 0.393775 0.556296 0.392292 0.555978 0.392292 0.55471 0.390316 0.554393 0.390316 0.553441 0.388834 0.553124 0.388834 0.551855 0.386858 0.551538 0.386858 0.550587 0.385375 0.55027 0.385375 0.549001 0.383399 0.548684 0.383399 0.547732 0.381917 0.547415 0.381917 0.546464 0.380435 0.546147 0.380435 0.544878 0.378458 0.544561 0.378458 0.543609 0.376976 0.543292 0.376976 0.542023 0.375 0.541706 0.375 0.540755 0.373518 0.540438 0.373518 0.539169 0.371542 0.538852 0.371542 0.5379 0.370059 0.537583 0.370059 0.536632 0.368577 0.536315 0.368577 0.535046 0.366601 0.534729 0.366601 0.533777 0.365119 0.53346 0.365119 0.532192 0.363142 0.531874 0.363142 0.530923 0.36166 0.530606 0.36166 0.529337 0.359684 0.52902 0.359684 0.528069 0.358202 0.527751 0.358202 0.5268 0.356719 0.526483 0.356719 0.525214 0.354743 0.524897 0.354743 0.523945 0.353261 0.523628 0.353261 0.52236 0.351285 0.522042 0.351285 0.521091 0.349802 0.520774 0.349802 0.519822 0.34832 0.519505 0.34832 0.518237 0.346344 0.517919 0.346344 0.516968 0.344862 0.516651 0.344862 0.515382 0.342885 0.515065 0.342885 0.514114 0.341403 0.513796 0.341403 0.512528 0.339427 0.512211 0.339427 0.511259 0.337945 0.510942 0.337945 0.50999 0.336462 0.509673 0.336462 0.508405 0.334486 0.508088 0.334486 0.507136 0.333004 0.506819 0.333004 0.50555 0.331028 0.505233 0.331028 0.504282 0.329545 0.503964 0.329545 0.502696 0.327569 0.502379 0.327569 0.501427 0.326087 0.50111 0.326087 0.500159 0.324605 0.499841 0.324605 0.498573 0.322628 0.498256 0.322628 0.497304 0.321146 0.496987 0.321146 0.495718 0.31917 0.495401 0.31917 0.49445 0.317688 0.494133 0.317688 0.492864 0.315711 0.492547 0.315711 0.491595 0.314229 0.491278 0.314229 0.490327 0.312747 0.49001 0.312747 0.488741 0.310771 0.488424 0.310771 0.487472 0.309289 0.487155 0.309289 0.485886 0.307312 0.485569 0.307312 0.484618 0.30583 0.484301 0.30583 0.483032 0.303854 0.482715 0.303854 0.481763 0.302372 0.481446 0.302372 0.480495 0.300889 0.480178 0.300889 0.478909 0.298913 0.478592 0.298913 0.47764 0.297431 0.477323 0.297431 0.476055 0.295455 0.475737 0.295455 0.474786 0.293972 0.474469 0.293972 0.4732 0.291996 0.472883 0.291996 0.471931 0.290514 0.471614 0.290514 0.470663 0.289032 0.470346 0.289032 0.469077 0.287055 0.46876 0.287055 0.467808 0.285573 0.467491 0.285573 0.46654 0.284091 0.466223 0.284585 0.465271 0.283103 0.464954 0.283103 0.464003 0.281621 0.463685 0.281621 0.462417 0.279644 0.4621 0.279644 0.461465 0.278656 0.461465 0.278162 0.460831 0.277174 0.460514 0.277174 0.459245 0.275198 0.458928 0.275198 0.457977 0.273715 0.457659 0.273715 0.456391 0.271739 0.456074 0.271739 0.455122 0.270257 0.454805 0.270257 0.453536 0.268281 0.453219 0.268281 0.452268 0.266798 0.451951 0.266798 0.450999 0.265316 0.450999 0.264822 0.450682 0.264328 0.450999 0.263834 0.450999 0.26334 0.451633 0.262352 0.451316 0.261858 0.452268 0.260375 0.452268 0.259881 0.452585 0.259387 0.452585 0.258893 0.452902 0.258399 0.452902 0.257905 0.453853 0.256423 0.453853 0.255435 0.454171 0.254941 0.454171 0.254447 0.455439 0.25247 0.455439 0.251976 0.456391 0.250494 0.456391 0.25 0.457342 0.248518 0.457342 0.248024 0.457659 0.24753 0.457659 0.246047 0.457977 0.245553 0.457659 0.245059 0.457659 0.243083 0.457342 0.242589 0.457659 0.242095 0.457342 0.241601 0.457342 0.240613 0.456708 0.239625 0.456391 0.239625 0.456074 0.23913 0.456074 0.238636 0.455122 0.237154 0.454805 0.237154 0.453853 0.235672 0.453219 0.235672 0.452585 0.234684 0.452268 0.234684 0.451633 0.233696 0.451316 0.23419 0.450999 0.23419 0.450682 0.233696 0.450365 0.23419 0.449096 0.23419 0.448779 0.234684 0.448145 0.234684 0.447193 0.236166 0.447193 0.237154 0.446559 0.238142 0.446559 0.238636 0.445607 0.240119 0.445607 0.240613 0.444656 0.242095 0.444656 0.242589 0.443387 0.244565 0.443387 0.245059 0.442436 0.246542 0.442436 0.247036 0.441484 0.248518 0.441801 0.249012 0.44085 0.250494 0.440533 0.250494 0.439899 0.251482 0.439264 0.251482 0.438313 0.25 0.437996 0.25 0.436727 0.248024 0.43641 0.248024 0.435458 0.246542 0.434824 0.246542 0.434507 0.246047 0.43419 0.246047 0.432921 0.244071 0.432604 0.244071 0.431652 0.242589 0.431335 0.242589 0.430067 0.240613 0.429749 0.240613 0.428798 0.23913 0.428481 0.23913 0.427529 0.237648 0.427212 0.237648 0.425944 0.235672 0.425626 0.235672 0.424675 0.23419 0.424358 0.23419 0.423089 0.232213 0.422772 0.232213 0.42182 0.230731 0.421503 0.230731 0.420235 0.228755 0.419918 0.228755 0.418966 0.227273 0.418649 0.227273 0.417697 0.225791 0.41738 0.225791 0.416112 0.223814 0.415794 0.223814 0.414843 0.222332 0.414526 0.222332 0.413257 0.220356 0.41294 0.220356 0.411989 0.218874 0.411671 0.218874 0.410403 0.216897 0.410086 0.216897 0.409134 0.215415 0.408817 0.215415 0.407866 0.213933 0.407548 0.214427 0.407231 0.213933
