0 0.510403 0.543001 0.509732 0.54353 0.509396 0.54353 0.50906 0.543795 0.509732 0.544324 0.510067 0.544059 0.510738 0.544059 0.511074 0.543795 0.511074 0.543265 0.510738 0.543265
0 0.516443 0.538767 0.516107 0.539031 0.516107 0.539561 0.516779 0.54009 0.516107 0.540619 0.516107 0.540884 0.513087 0.543265 0.513087 0.54353 0.510067 0.545912 0.510067 0.546176 0.506711 0.548822 0.506711 0.549087 0.503691 0.551469 0.503691 0.551733 0.500671 0.554115 0.500671 0.554379 0.497315 0.557026 0.497315 0.55729 0.496309 0.558084 0.496309 0.558349 0.496644 0.558613 0.498322 0.55729 0.498322 0.557026 0.501678 0.554379 0.501678 0.554115 0.504698 0.551733 0.504698 0.551469 0.507718 0.549087 0.507718 0.548822 0.511074 0.546176 0.511074 0.545912 0.514094 0.54353 0.514094 0.543265 0.517114 0.540884 0.517114 0.540619 0.518792 0.539296 0.518456 0.539031 0.518121 0.539031 0.51745 0.539561 0.517114 0.539296 0.517114 0.539031 0.516779 0.538767
0 0.522483 0.535062 0.522483 0.535327 0.521141 0.536385 0.521141 0.53665 0.521477 0.536915 0.523154 0.535591 0.523154 0.535327 0.522819 0.535062
0 0.523826 0.53321 0.523154 0.533739 0.52349 0.534004 0.52349 0.534268 0.523154 0.534533 0.52349 0.534798 0.523826 0.534798 0.525168 0.533739 0.525168 0.533474 0.524832 0.53321 0.524497 0.533474 0.524161 0.533474
0 0.524497 0.52977 0.524497 0.530299 0.524832 0.530564 0.525168 0.530564 0.525503 0.530828 0.525503 0.531358 0.525839 0.531622 0.527517 0.531622 0.527852 0.531358 0.527852 0.531093 0.527517 0.530828 0.527181 0.530828 0.526846 0.531093 0.526174 0.530564 0.526174 0.530299 0.525503 0.52977
0 0.528859 0.526065 0.528523 0.52633 0.528523 0.526859 0.528188 0.527124 0.528523 0.527388 0.528523 0.527653 0.530201 0.528976 0.530537 0.528976 0.532215 0.527653 0.532215 0.527388 0.531544 0.527388 0.531208 0.527124 0.531208 0.526859 0.530201 0.526065 0.529866 0.526065 0.52953 0.52633 0.529195 0.526065
0 0.531879 0.523419 0.530537 0.524477 0.530872 0.524742 0.530872 0.525007 0.53255 0.52633 0.53255 0.526594 0.532886 0.526859 0.534899 0.525271 0.534899 0.525007 0.534564 0.524742 0.534228 0.525007 0.532215 0.523419
0 0.534564 0.520773 0.533221 0.521831 0.533557 0.522096 0.533557 0.52236 0.535235 0.523684 0.535235 0.524213 0.53557 0.524477 0.535906 0.524477 0.535906 0.524213 0.537248 0.523154 0.537248 0.52289
0 0.537919 0.518656 0.536242 0.519979 0.537919 0.521302 0.538591 0.520773 0.538591 0.520508 0.538926 0.520243 0.538926 0.51945
0 0.536242 0.517597 0.535235 0.518391 0.535235 0.518656 0.53557 0.51892 0.535906 0.51892 0.536242 0.518656 0.536242 0.518391 0.536913 0.517862 0.536577 0.517597
0 0.54094 0.511511 0.540604 0.511776 0.540268 0.511776 0.539597 0.512305 0.540604 0.513099 0.541611 0.513099 0.541611 0.512834 0.542282 0.512305 0.542282 0.51204 0.541611 0.511511
0 0.556711 0.500662 0.556376 0.500926 0.555705 0.500926 0.555369 0.501191 0.555369 0.501455 0.554362 0.502249 0.554362 0.502514 0.554027 0.502779 0.553691 0.502779 0.552349 0.503837 0.552349 0.504102 0.550336 0.505689 0.550671 0.505954 0.549664 0.506748 0.549664 0.507012 0.55 0.507277 0.551678 0.505954 0.552013 0.505954 0.553356 0.504895 0.553356 0.504631 0.554362 0.503837 0.554362 0.503572 0.555034 0.503043 0.555369 0.503043 0.556376 0.502249 0.556376 0.501985 0.557383 0.501191
0 0.558725 0.49828 0.558725 0.498545 0.557047 0.499868 0.557383 0.500132 0.558054 0.500132 0.558389 0.500397 0.559732 0.499338 0.559732 0.498809 0.55906 0.49828
0 0.473826 0.045779 0.472819 0.046573 0.472819 0.046838 0.469463 0.049484 0.469463 0.049749 0.466443 0.05213 0.466443 0.052395 0.463423 0.054776 0.463423 0.055041 0.460067 0.057687 0.460067 0.057952 0.457047 0.060333 0.457047 0.060598 0.454027 0.06298 0.454027 0.063244 0.450671 0.06589 0.450671 0.066155 0.447651 0.068537 0.447651 0.068801 0.444631 0.071183 0.444631 0.071447 0.441611 0.073829 0.441611 0.074094 0.438255 0.07674 0.438255 0.077004 0.435235 0.079386 0.435235 0.079651 0.432215 0.082032 0.432215 0.082297 0.428859 0.084943 0.428859 0.085208 0.425839 0.087589 0.425839 0.087854 0.422819 0.090236 0.422819 0.0905 0.419463 0.093146 0.419463 0.093411 0.416443 0.095793 0.416443 0.096057 0.413423 0.098439 0.413423 0.098703 0.410067 0.10135 0.410067 0.101614 0.407047 0.103996 0.407047 0.10426 0.404027 0.106642 0.404027 0.106907 0.401007 0.109288 0.401007 0.109553 0.397651 0.112199 0.397651 0.112464 0.394631 0.114845 0.394631 0.11511 0.391611 0.117491 0.391611 0.117756 0.388255 0.120402 0.388255 0.120667 0.385235 0.123048 0.385235 0.123313 0.382215 0.125695 0.382215 0.125959 0.378859 0.128605 0.378859 0.12887 0.375839 0.131252 0.375839 0.131516 0.372819 0.133898 0.372819 0.134162 0.369799 0.136544 0.369799 0.136809 0.366443 0.139455 0.366443 0.13972 0.363423 0.142101 0.363423 0.142366 0.360403 0.144747 0.360403 0.145012 0.357047 0.147658 0.357047 0.147923 0.354027 0.150304 0.354027 0.150569 0.351007 0.152951 0.351007 0.153215 0.347651 0.155861 0.347651 0.156126 0.344631 0.158508 0.344631 0.158772 0.341611 0.161154 0.341611 0.161418 0.338255 0.164065 0.338255 0.164329 0.335235 0.166711 0.335235 0.166975 0.332215 0.169357 0.332215 0.169622 0.329195 0.172003 0.329195 0.172268 0.325839 0.174914 0.325839 0.175179 0.322819 0.17756 0.322819 0.177825 0.319799 0.180206 0.319799 0.180471 0.316443 0.183117 0.316443 0.183382 0.313423 0.185763 0.313423 0.186028 0.310403 0.18841 0.310403 0.188674 0.307047 0.19132 0.307047 0.191585 0.304027 0.193967 0.304027 0.194231 0.301007 0.196613 0.301007 0.196877 0.297987 0.199259 0.297987 0.199524 0.294631 0.20217 0.294631 0.202435 0.291611 0.204816 0.291611 0.205081 0.288591 0.207462 0.288591 0.207727 0.285235 0.210373 0.285235 0.210638 0.282215 0.213019 0.282215 0.213284 0.279195 0.215666 0.279195 0.21593 0.275839 0.218576 0.275839 0.218841 0.272819 0.221223 0.272819 0.221487 0.269799 0.223869 0.269799 0.224133 0.266779 0.226515 0.266779 0.22678 0.263423 0.229426 0.263423 0.22969 0.260403 0.232072 0.260403 0.232337 0.257383 0.234718 0.257383 0.234983 0.254027 0.237629 0.254027 0.237894 0.251007 0.240275 0.251007 0.24054 0.247987 0.242921 0.247987 0.243186 0.244631 0.245832 0.244631 0.246097 0.241611 0.248478 0.241611 0.248743 0.238591 0.251125 0.238591 0.251389 0.235235 0.254035 0.235235 0.2543 0.232215 0.256682 0.232215 0.256946 0.229195 0.259328 0.229195 0.259592 0.226174 0.261974 0.226174 0.262239 0.222819 0.264885 0.222819 0.26515 0.219799 0.267531 0.219799 0.267796 0.216779 0.270177 0.216779 0.270442 0.213423 0.273088 0.213423 0.273353 0.210403 0.275734 0.210403 0.275999 0.207383 0.278381 0.207383 0.278645 0.204027 0.281291 0.204027 0.281556 0.201007 0.283938 0.201007 0.284202 0.197987 0.286584 0.197987 0.286848 0.194966 0.28923 0.194966 0.289495 0.191611 0.292141 0.191611 0.292405 0.188591 0.294787 0.188591 0.295052 0.18557 0.297433 0.18557 0.297698 0.182215 0.300344 0.182215 0.300609 0.179195 0.30299 0.179195 0.303255 0.176174 0.305636 0.176174 0.305901 0.172819 0.308547 0.172819 0.308812 0.169799 0.311193 0.169799 0.311458 0.166779 0.31384 0.166779 0.314104 0.163423 0.31675 0.163423 0.317015 0.160403 0.319397 0.160403 0.319661 0.157383 0.322043 0.157383 0.322307 0.154362 0.324689 0.154362 0.324954 0.151007 0.3276 0.151007 0.327865 0.147987 0.330246 0.147987 0.330511 0.144966 0.332892 0.144966 0.333157 0.141611 0.335803 0.141611 0.336068 0.138591 0.338449 0.138591 0.338714 0.13557 0.341096 0.13557 0.34136 0.132215 0.344006 0.132215 0.344271 0.129195 0.346653 0.129195 0.346917 0.126174 0.349299 0.126174 0.349563 0.123154 0.351945 0.123154 0.35221 0.119799 0.354856 0.119799 0.35512 0.116779 0.357502 0.116779 0.357767 0.113758 0.360148 0.113758 0.360413 0.113423 0.360677 0.113423 0.360942 0.113758 0.361207 0.114094 0.361207 0.11745 0.363853 0.117785 0.363853 0.120805 0.366234 0.121141 0.366234 0.124161 0.368616 0.124497 0.368616 0.127852 0.371262 0.128188 0.371262 0.131208 0.373644 0.131544 0.373644 0.134564 0.376025 0.134899 0.376025 0.138255 0.378672 0.138591 0.378672 0.141611 0.381053 0.141946 0.381053 0.144966 0.383435 0.145302 0.383435 0.148322 0.385816 0.148658 0.385816 0.152013 0.388463 0.152349 0.388463 0.155369 0.390844 0.155705 0.390844 0.158725 0.393226 0.15906 0.393226 0.162416 0.395872 0.162752 0.395872 0.165772 0.398254 0.166107 0.398254 0.169128 0.400635 0.169463 0.400635 0.172819 0.403281 0.173154 0.403281 0.173826 0.403811 0.174161 0.403811 0.177181 0.401429 0.177181 0.401164 0.179866 0.399047 0.179866 0.398254 0.180537 0.397724 0.180537 0.39746 0.18255 0.395872 0.183221 0.396401 0.182215 0.397195 0.182215 0.39746 0.18255 0.397724 0.183221 0.397724 0.183557 0.39746 0.183557 0.397195 0.183221 0.39693 0.183557 0.396666 0.183893 0.396666 0.186577 0.398783 0.186577 0.399047 0.185235 0.400106 0.184899 0.400106 0.182215 0.402223 0.182215 0.402487 0.179195 0.404869 0.179195 0.405134 0.177517 0.406457 0.17953 0.408044 0.179866 0.408044 0.182886 0.410426 0.183221 0.410426 0.186577 0.413072 0.186913 0.413072 0.189933 0.415454 0.190268 0.415454 0.193289 0.417835 0.193624 0.417835 0.19698 0.420482 0.197315 0.420482 0.200336 0.422863 0.200671 0.422863 0.203691 0.425245 0.204027 0.425245 0.207383 0.427891 0.207718 0.427891 0.210738 0.430273 0.211074 0.430273 0.214094 0.432654 0.21443 0.432654 0.217785 0.4353 0.218121 0.4353 0.221141 0.437682 0.221477 0.437682 0.224497 0.440064 0.224832 0.440064 0.227852 0.442445 0.228188 0.442445 0.231544 0.445091 0.231879 0.445091 0.234899 0.447473 0.235235 0.447473 0.238255 0.449854 0.238591 0.449854 0.241946 0.452501 0.242282 0.452501 0.245302 0.454882 0.245638 0.454882 0.248658 0.457264 0.248993 0.457264 0.252349 0.45991 0.252685 0.45991 0.255705 0.462292 0.25604 0.462292 0.25906 0.464673 0.259396 0.464673 0.262416 0.467055 0.262752 0.467055 0.266107 0.469701 0.266443 0.469701 0.269463 0.472083 0.269799 0.472083 0.272819 0.474464 0.273154 0.474464 0.27651 0.47711 0.276846 0.47711 0.279866 0.479492 0.280201 0.479492 0.283221 0.481874 0.283557 0.481874 0.285235 0.483197 0.285235 0.482932 0.28557 0.482667 0.283557 0.48108 0.283221 0.48108 0.280201 0.478698 0.279866 0.478698 0.276846 0.476316 0.27651 0.476316 0.275839 0.475787 0.275839 0.475523 0.276846 0.474729 0.276846 0.474464 0.278188 0.473406 0.278523 0.473406 0.281544 0.471024 0.281544 0.470759 0.284564 0.468378 0.284899 0.468378 0.285906 0.467584 0.285906 0.467319 0.286242 0.467055 0.289262 0.469436 0.289597 0.469436 0.292617 0.471818 0.292953 0.471818 0.294295 0.472876 0.294631 0.472876 0.294966 0.473141 0.295302 0.473141 0.298322 0.475523 0.298658 0.475523 0.301678 0.477904 0.302013 0.477904 0.305034 0.480286 0.305369 0.480286 0.308725 0.482932 0.30906 0.482932 0.312081 0.485314 0.312416 0.485314 0.315436 0.487695 0.315772 0.487695 0.319128 0.490341 0.319463 0.490341 0.322483 0.492723 0.322819 0.492723 0.324161 0.493781 0.324497 0.493781 0.324832 0.494046 0.325168 0.494046 0.328188 0.496428 0.328523 0.496428 0.331544 0.498809 0.331879 0.498809 0.335235 0.501455 0.33557 0.501455 0.338255 0.503572 0.338591 0.503572 0.338926 0.503308 0.339597 0.503837 0.339933 0.503837 0.340268 0.504102 0.339933 0.504366 0.339933 0.504631 0.339597 0.504895 0.339597 0.505425 0.339262 0.505689 0.339262 0.505954 0.338926 0.506219 0.338926 0.506483 0.338255 0.507012 0.338255 0.507277 0.337584 0.507806 0.337584 0.508336 0.336913 0.508865 0.336913 0.509659 0.335906 0.510453 0.335906 0.510982 0.334899 0.511776 0.335235 0.51204 0.334228 0.512834 0.334228 0.513363 0.333221 0.514157 0.333221 0.514422 0.33255 0.514951 0.33255 0.515216 0.332215 0.51548 0.332215 0.515745 0.331544 0.516274 0.331879 0.516539 0.332215 0.516539 0.335235 0.51892 0.33557 0.51892 0.338591 0.521302 0.338926 0.521302 0.339597 0.521831 0.339933 0.521831 0.340268 0.521567 0.338926 0.520508 0.338591 0.520508 0.337584 0.519714 0.337584 0.51945 0.337248 0.519185 0.337248 0.51892 0.337919 0.518391 0.337919 0.517597 0.339597 0.516274 0.339597 0.51601 0.339933 0.515745 0.339933 0.51548 0.34094 0.514686 0.340604 0.514422 0.341611 0.513628 0.341611 0.513099 0.342617 0.512305 0.342617 0.511776 0.344966 0.509923 0.345302 0.509923 0.346309 0.510717 0.34698 0.510717 0.348993 0.512305 0.349329 0.512305 0.352685 0.514951 0.35302 0.514951 0.35604 0.517333 0.356376 0.517333 0.359396 0.519714 0.359732 0.519714 0.363087 0.52236 0.363423 0.52236 0.366443 0.524742 0.366779 0.524742 0.369799 0.527124 0.370134 0.527124 0.37047 0.527388 0.370134 0.527653 0.371141 0.528447 0.371477 0.528447 0.372148 0.528976 0.371812 0.529241 0.371812 0.529505 0.368456 0.532151 0.368456 0.532416 0.365436 0.534798 0.365436 0.535062 0.362416 0.537444 0.362416 0.537708 0.362081 0.537973 0.362752 0.538502 0.363087 0.538502 0.366443 0.541148 0.366779 0.541148 0.369799 0.54353 0.370134 0.54353 0.373154 0.545912 0.37349 0.545912 0.37651 0.548293 0.376846 0.548293 0.380201 0.550939 0.380537 0.550939 0.383557 0.553321 0.383893 0.553321 0.386913 0.555703 0.387248 0.555703 0.390604 0.558349 0.39094 0.558349 0.39396 0.56073 0.394295 0.56073 0.397315 0.563112 0.397651 0.563112 0.401007 0.565758 0.401342 0.565758 0.404362 0.56814 0.404698 0.56814 0.407718 0.570521 0.408054 0.570521 0.411409 0.573168 0.411745 0.573168 0.414765 0.575549 0.415101 0.575549 0.418121 0.577931 0.418456 0.577931 0.421477 0.580312 0.421812 0.580312 0.425168 0.582958 0.425503 0.582958 0.428523 0.58534 0.428859 0.58534 0.431879 0.587722 0.432215 0.587722 0.43557 0.590368 0.435906 0.590368 0.438926 0.592749 0.439262 0.592749 0.442282 0.595131 0.442617 0.595131 0.445973 0.597777 0.446309 0.597777 0.448658 0.59963 0.449664 0.59963 0.451678 0.598042 0.451678 0.597777 0.454698 0.595396 0.454698 0.595131 0.457718 0.592749 0.457718 0.592485 0.461074 0.589839 0.461074 0.589574 0.464094 0.587192 0.464094 0.586928 0.467114 0.584546 0.467114 0.584282 0.47047 0.581635 0.47047 0.581371 0.47349 0.578989 0.47349 0.578725 0.47651 0.576343 0.47651 0.576078 0.479866 0.573432 0.479866 0.573168 0.482886 0.570786 0.482886 0.570521 0.485906 0.56814 0.485906 0.56761 0.486242 0.567346 0.485906 0.567081 0.485906 0.564964 0.48557 0.5647 0.48557 0.563112 0.485906 0.562847 0.485906 0.562583 0.48557 0.562318 0.48557 0.56126 0.485235 0.560995 0.48557 0.56073 0.48557 0.560466 0.485906 0.560201 0.48557 0.559936 0.487919 0.558084 0.487919 0.55782 0.491275 0.555173 0.491275 0.554909 0.494295 0.552527 0.494295 0.552263 0.497315 0.549881 0.497315 0.549616 0.500671 0.54697 0.500671 0.546705 0.503691 0.544324 0.503691 0.544059 0.506376 0.541942 0.506376 0.541413 0.507047 0.540884 0.507383 0.540884 0.50906 0.539561 0.508725 0.539296 0.50906 0.539031 0.50906 0.538767 0.509396 0.538502 0.510067 0.538502 0.510403 0.538238 0.510738 0.538502 0.511409 0.537973 0.511409 0.537708 0.512081 0.537179 0.512081 0.53665 0.511745 0.536385 0.513087 0.535327 0.513087 0.535062 0.516107 0.532681 0.516107 0.532416 0.519128 0.530034 0.519128 0.52977 0.522483 0.527124 0.522483 0.526859 0.525503 0.524477 0.525503 0.524213 0.525839 0.523948 0.52651 0.523948 0.526846 0.523684 0.528188 0.523684 0.528523 0.523419 0.528859 0.523419 0.529195 0.523154 0.529866 0.523154 0.532215 0.521302 0.531879 0.521037 0.531879 0.520773 0.53255 0.520243 0.533221 0.520243 0.533557 0.520508 0.533893 0.520508 0.534228 0.520243 0.533557 0.519714 0.533221 0.519714 0.532886 0.51945 0.534228 0.518391 0.533893 0.518126 0.534228 0.517862 0.533557 0.517333 0.534899 0.516274 0.534899 0.51601 0.535235 0.515745 0.534564 0.515216 0.534564 0.514951 0.534899 0.514686 0.534899 0.514422 0.536577 0.513099 0.536913 0.513363 0.536913 0.513628 0.537248 0.513893 0.537584 0.513893 0.537919 0.513628 0.537919 0.513363 0.538255 0.513099 0.538591 0.513099 0.539933 0.514157 0.539597 0.514422 0.538926 0.514422 0.538926 0.514686 0.538591 0.514951 0.538926 0.515216 0.539597 0.515216 0.539933 0.51548 0.539933 0.515745 0.538926 0.516539 0.538926 0.516803 0.538591 0.517068 0.538255 0.516803 0.538255 0.516274 0.537919 0.516274 0.537248 0.516803 0.537248 0.517068 0.538591 0.518126 0.539262 0.517597 0.539262 0.517333 0.539597 0.517068 0.539597 0.516803 0.539933 0.516539 0.540268 0.516539 0.540604 0.516803 0.541275 0.516803 0.541611 0.517068 0.541946 0.517068 0.542282 0.516803 0.542282 0.516274 0.542617 0.51601 0.54396 0.517068 0.544295 0.517068 0.545302 0.516274 0.545302 0.51601 0.545638 0.515745 0.545638 0.51548 0.545302 0.515216 0.544966 0.515216 0.54396 0.514422 0.544631 0.513893 0.543289 0.512834 0.542953 0.512834 0.542953 0.513099 0.541946 0.513893 0.541946 0.514157 0.541611 0.514422 0.54094 0.513893 0.540604 0.513893 0.539262 0.512834 0.538926 0.512834 0.538591 0.513099 0.537584 0.512305 0.538255 0.511776 0.538255 0.511511 0.541275 0.509129 0.541275 0.508865 0.544295 0.506483 0.544295 0.506219 0.547651 0.503572 0.547651 0.503308 0.550671 0.500926 0.550671 0.500662 0.553691 0.49828 0.553691 0.498015 0.556711 0.495634 0.556711 0.495369 0.560067 0.492723 0.560067 0.492458 0.563087 0.490077 0.563087 0.489812 0.566107 0.487431 0.566107 0.487166 0.569463 0.48452 0.569463 0.484255 0.572483 0.481874 0.572483 0.481609 0.575503 0.479227 0.575503 0.478963 0.576846 0.477904 0.577852 0.478698 0.578188 0.478698 0.579195 0.477904 0.578859 0.47764 0.579195 0.477375 0.579195 0.47711 0.578523 0.476581 0.578859 0.476316 0.578859 0.476052 0.581879 0.47367 0.581879 0.473406 0.583557 0.472083 0.583893 0.472347 0.584899 0.472347 0.585235 0.472612 0.586242 0.471818 0.586242 0.471553 0.589597 0.468907 0.589597 0.468642 0.592617 0.466261 0.592617 0.465996 0.595638 0.463615 0.595638 0.46335 0.59698 0.462292 0.597315 0.462292 0.600336 0.45991 0.600336 0.459645 0.603691 0.456999 0.603691 0.456735 0.606711 0.454353 0.606711 0.454088 0.609732 0.451707 0.609732 0.451442 0.612752 0.449061 0.612752 0.448796 0.616107 0.44615 0.616107 0.445885 0.619128 0.443504 0.619128 0.443239 0.622148 0.440857 0.622148 0.440593 0.625503 0.437947 0.625503 0.437682 0.628523 0.4353 0.628523 0.435036 0.631544 0.432654 0.631544 0.43239 0.634899 0.429743 0.634899 0.429479 0.638255 0.426832 0.638591 0.426832 0.639262 0.426303 0.639262 0.426039 0.642617 0.423392 0.642617 0.423128 0.645638 0.420746 0.645638 0.420482 0.648658 0.4181 0.648658 0.417835 0.652013 0.415189 0.652013 0.414925 0.655034 0.412543 0.655034 0.412278 0.658054 0.409897 0.658054 0.409632 0.661409 0.406986 0.661409 0.406721 0.66443 0.40434 0.66443 0.404075 0.66745 0.401694 0.66745 0.401429 0.670805 0.398783 0.670805 0.398518 0.673826 0.396137 0.673826 0.395872 0.676846 0.39349 0.676846 0.393226 0.679866 0.390844 0.679866 0.39058 0.683221 0.387933 0.683221 0.387669 0.686242 0.385287 0.686242 0.385022 0.689262 0.382641 0.689262 0.382376 0.692617 0.37973 0.692617 0.379465 0.695638 0.377084 0.695638 0.376819 0.698658 0.374438 0.698658 0.374173 0.702013 0.371527 0.702013 0.371262 0.70302 0.370468 0.703356 0.370468 0.706376 0.368087 0.706376 0.367822 0.709732 0.365176 0.709732 0.364911 0.712752 0.36253 0.712752 0.362265 0.715772 0.359884 0.715772 0.359619 0.719128 0.356973 0.719128 0.356708 0.722148 0.354327 0.722148 0.354062 0.725168 0.35168 0.725168 0.351416 0.728523 0.34877 0.728523 0.348505 0.731544 0.346123 0.731544 0.345859 0.734564 0.343477 0.734564 0.343212 0.737584 0.340831 0.737584 0.340566 0.740268 0.338449 0.740604 0.338449 0.742282 0.337126 0.742282 0.336862 0.745638 0.334215 0.745638 0.333951 0.748658 0.331569 0.748658 0.331305 0.751678 0.328923 0.751678 0.328658 0.755034 0.326012 0.755034 0.325748 0.758054 0.323366 0.758054 0.323101 0.761074 0.32072 0.761074 0.320455 0.764094 0.318074 0.764094 0.317809 0.76745 0.315163 0.76745 0.314898 0.77047 0.312517 0.77047 0.312252 0.77349 0.30987 0.77349 0.309606 0.776846 0.30696 0.776846 0.306695 0.77953 0.304578 0.779195 0.304313 0.781544 0.302461 0.781544 0.302196 0.784564 0.299815 0.784564 0.29955 0.787584 0.297169 0.787584 0.296904 0.79094 0.294258 0.79094 0.293993 0.79396 0.291612 0.79396 0.291347 0.79698 0.288965 0.79698 0.288701 0.797987 0.287907 0.797987 0.287642 0.798658 0.287113 0.798658 0.286848 0.801678 0.284467 0.801678 0.283938 0.802349 0.283408 0.802013 0.283144 0.802013 0.282879 0.801678 0.282614 0.802013 0.28235 0.801678 0.282085 0.801678 0.279439 0.801342 0.279174 0.801678 0.27891 0.801342 0.278645 0.801342 0.277587 0.801678 0.277322 0.801342 0.277057 0.801678 0.276793 0.801678 0.276528 0.801342 0.276264 0.801342 0.275999 0.801007 0.275734 0.801342 0.27547 0.801342 0.275205 0.801007 0.27494 0.801342 0.274676 0.801342 0.273088 0.801007 0.272823 0.801007 0.27203 0.800671 0.271765 0.800671 0.2715 0.801007 0.271236 0.801007 0.270707 0.800671 0.270442 0.801007 0.270177 0.800671 0.269913 0.800671 0.268325 0.800336 0.26806 0.800671 0.267796 0.800671 0.267531 0.801007 0.267266 0.801007 0.266737 0.800671 0.266473 0.800671 0.263562 0.800336 0.263297 0.800336 0.261709 0.800671 0.261445 0.800671 0.26118 0.800336 0.260916 0.800336 0.259592 0.8 0.259328 0.800336 0.259063 0.800336 0.257211 0.8 0.256946 0.8 0.255359 0.800336 0.255094 0.800336 0.254829 0.8 0.254565 0.8 0.2543 0.799664 0.254035 0.8 0.253771 0.8 0.253506 0.799664 0.253242 0.799664 0.252977 0.8 0.252712 0.799664 0.252448 0.8 0.252183 0.8 0.251125 0.799664 0.25086 0.799664 0.249802 0.799329 0.249537 0.799664 0.249272 0.799664 0.247949 0.799329 0.247685 0.799329 0.24742 0.799664 0.247155 0.799329 0.246891 0.799329 0.246361 0.799664 0.246097 0.799664 0.245832 0.799329 0.245568 0.799329 0.245303 0.799664 0.245038 0.799329 0.244774 0.799329 0.244245 0.798993 0.24398 0.799329 0.243715 0.799329 0.243451 0.798993 0.243186 0.799329 0.242921 0.799329 0.241598 0.798658 0.241069 0.798658 0.240804 0.797651 0.240011 0.797651 0.239746 0.795973 0.238423 0.795638 0.238423 0.792282 0.235777 0.791946 0.235777 0.788926 0.233395 0.788591 0.233395 0.78557 0.231013 0.785235 0.231013 0.781879 0.228367 0.781544 0.228367 0.778523 0.225986 0.778188 0.225986 0.775168 0.223604 0.774832 0.223604 0.771812 0.221223 0.771477 0.221223 0.771141 0.220958 0.771141 0.220429 0.77047 0.219899 0.770134 0.219899 0.767114 0.217518 0.766779 0.217518 0.763423 0.214872 0.763087 0.214872 0.760067 0.21249 0.759732 0.21249 0.756711 0.210108 0.756376 0.210108 0.75302 0.207462 0.752685 0.207462 0.749664 0.205081 0.749329 0.205081 0.74698 0.203228 0.746644 0.203493 0.745973 0.202964 0.745973 0.202699 0.742953 0.200318 0.742617 0.200318 0.739262 0.197671 0.738926 0.197671 0.735906 0.19529 0.73557 0.19529 0.73255 0.192908 0.732215 0.192908 0.728859 0.190262 0.728523 0.190262 0.725503 0.18788 0.725168 0.18788 0.722148 0.185499 0.721812 0.185499 0.718456 0.182853 0.718121 0.182853 0.715101 0.180471 0.714765 0.180471 0.711745 0.178089 0.711409 0.178089 0.708389 0.175708 0.708054 0.175708 0.704698 0.173062 0.704362 0.173062 0.701342 0.17068 0.701007 0.17068 0.697987 0.168298 0.697651 0.168298 0.694295 0.165652 0.69396 0.165652 0.69094 0.163271 0.690604 0.163271 0.687584 0.160889 0.687248 0.160889 0.683893 0.158243 0.683557 0.158243 0.680537 0.155861 0.680201 0.155861 0.677181 0.15348 0.676846 0.15348 0.67349 0.150834 0.673154 0.150834 0.670134 0.148452 0.669799 0.148452 0.666779 0.14607 0.666443 0.14607 0.663423 0.143689 0.663087 0.143689 0.659732 0.141043 0.659396 0.141043 0.656376 0.138661 0.65604 0.138661 0.65302 0.136279 0.652685 0.136279 0.649329 0.133633 0.648993 0.133633 0.645973 0.131252 0.645638 0.131252 0.642617 0.12887 0.642282 0.12887 0.638926 0.126224 0.638591 0.126224 0.63557 0.123842 0.635235 0.123842 0.632215 0.121461 0.631879 0.121461 0.628859 0.119079 0.628523 0.119079 0.625168 0.116433 0.624832 0.116433 0.621812 0.114051 0.621477 0.114051 0.618456 0.11167 0.618121 0.11167 0.614765 0.109024 0.61443 0.109024 0.611409 0.106642 0.611074 0.106642 0.608054 0.10426 0.607718 0.10426 0.604362 0.101614 0.604027 0.101614 0.601007 0.099233 0.600671 0.099233 0.598993 0.097909 0.598322 0.097909 0.595302 0.095528 0.594966 0.095528 0.592617 0.093676 0.592617 0.093411 0.590604 0.091823 0.590268 0.091823 0.588255 0.090236 0.588255 0.089971 0.588591 0.089706 0.588255 0.089442 0.587919 0.089442 0.584899 0.08706 0.584564 0.08706 0.581208 0.084414 0.580872 0.084414 0.579866 0.08362 0.579866 0.083355 0.57953 0.083091 0.580537 0.082297 0.580537 0.082032 0.580201 0.081768 0.581208 0.080974 0.581208 0.080709 0.582215 0.079915 0.582215 0.079651 0.582886 0.079121 0.582886 0.078857 0.584228 0.077798 0.584228 0.077534 0.584564 0.077269 0.584564 0.077004 0.587584 0.074623 0.587584 0.074094 0.589262 0.072771 0.589262 0.072506 0.589597 0.072241 0.589597 0.071977 0.589933 0.071712 0.589933 0.071183 0.590268 0.070918 0.590268 0.070654 0.589933 0.070389 0.589933 0.068272 0.589597 0.068007 0.589597 0.067743 0.588255 0.066684 0.588255 0.06642 0.586242 0.064832 0.585906 0.064832 0.584899 0.064038 0.584564 0.064038 0.583893 0.063509 0.583557 0.063509 0.58255 0.062715 0.581544 0.062715 0.581208 0.06245 0.580872 0.06245 0.580537 0.062715 0.578188 0.062715 0.577852 0.06298 0.577517 0.06298 0.576846 0.063509 0.576846 0.063773 0.576174 0.064303 0.576174 0.064567 0.575168 0.065361 0.575168 0.065626 0.572148 0.068007 0.572148 0.068272 0.569128 0.070654 0.569128 0.070918 0.568456 0.071447 0.568456 0.071712 0.56745 0.072506 0.56745 0.072771 0.567114 0.073035 0.566779 0.072771 0.566107 0.0733 0.565436 0.0733 0.565101 0.073564 0.564765 0.073564 0.563087 0.072241 0.562752 0.072241 0.559732 0.06986 0.55906 0.06986 0.557383 0.068537 0.557047 0.068537 0.553691 0.06589 0.553356 0.06589 0.550336 0.063509 0.55 0.063509 0.54698 0.061127 0.546644 0.061127 0.543624 0.058746 0.543289 0.058746 0.539933 0.056099 0.539597 0.056099 0.536577 0.053718 0.536242 0.053718 0.533221 0.051336 0.532886 0.051336 0.52953 0.04869 0.529195 0.04869 0.526174 0.046309 0.525839 0.046309 0.525503 0.046044 0.525168 0.046044 0.524832 0.045779 0.521812 0.045779 0.521477 0.046044 0.521141 0.046044 0.520805 0.045779 0.52047 0.046044 0.519128 0.046044 0.518792 0.045779 0.518456 0.046044 0.515772 0.046044 0.515436 0.046309 0.515101 0.046044 0.513758 0.046044 0.513423 0.046309 0.513087 0.046309 0.512752 0.046044 0.512416 0.046309 0.50906 0.046309 0.508725 0.046573 0.508389 0.046309 0.508054 0.046309 0.507718 0.046573 0.507383 0.046573 0.507047 0.046309 0.506376 0.046309 0.50604 0.046573 0.502013 0.046573 0.501678 0.046838 0.501342 0.046573 0.501007 0.046573 0.500671 0.046838 0.500336 0.046838 0.5 0.046573 0.499664 0.046838 0.499329 0.046573 0.498993 0.046838 0.498658 0.046573 0.498322 0.046838 0.496309 0.046838 0.495973 0.047102 0.495638 0.046838 0.494966 0.046838 0.494295 0.047367 0.49396 0.047102 0.493624 0.047102 0.493289 0.047367 0.492953 0.047367 0.492617 0.047102 0.492282 0.047367 0.491946 0.047102 0.489597 0.047102 0.489262 0.047367 0.488926 0.047102 0.488591 0.047102 0.488255 0.047367 0.487919 0.047367 0.487584 0.047102 0.486577 0.047102 0.486242 0.047367 0.48255 0.047367 0.482215 0.047632 0.481879 0.047367 0.481544 0.047367 0.481208 0.047632 0.480872 0.047632 0.480537 0.047367 0.480201 0.047632 0.479195 0.047632 0.478859 0.047367 0.478523 0.047632 0.476846 0.047632 0.47651 0.047896 0.476174 0.047632 0.475839 0.047632 0.475503 0.047896 0.475168 0.047632 0.474497 0.047632 0.474161 0.047896 0.473154 0.047896 0.472819 0.047632 0.473826 0.046838 0.473826 0.046573 0.474161 0.046309 0.474161 0.046044
