0 0.870977 0.918967 0.870677 0.919412 0.870977 0.919858 0.871278 0.919412
0 0.847519 0.90472 0.84782 0.905165 0.84782 0.90472
0 0.846015 0.902493 0.846316 0.902939 0.846617 0.902493
0 0.844511 0.901158 0.844211 0.901603 0.844511 0.902048 0.844812 0.901603 0.844812 0.901158
0 0.839398 0.894924 0.839098 0.89537 0.839098 0.895815 0.839398 0.895815 0.839699 0.89537 0.839699 0.894924
0 0.840902 0.892253 0.840902 0.892698 0.841203 0.892253
0 0.836692 0.892253 0.836391 0.892698 0.836692 0.892698 0.836992 0.893143 0.836992 0.892698
0 0.84 0.890917 0.840301 0.891362 0.840602 0.890917
0 0.836692 0.889136 0.836391 0.889581 0.836692 0.890027 0.836692 0.890917 0.836992 0.890917 0.837293 0.890472 0.837293 0.890027
0 0.834586 0.889136 0.834286 0.889581 0.834286 0.890027 0.834586 0.890027
0 0.837293 0.883793 0.836992 0.884239 0.837293 0.884684 0.837594 0.884239
0 0.821654 0.874443 0.821353 0.874889 0.821654 0.875334 0.821955 0.874889 0.821955 0.874443
0 0.777744 0.823687 0.777744 0.824132 0.778647 0.825467 0.778947 0.825467 0.77985 0.826803 0.780752 0.826803 0.780752 0.826358 0.781053 0.825913 0.781353 0.825913 0.781353 0.825467 0.781053 0.825467 0.781053 0.825913 0.780752 0.826358 0.780451 0.826358 0.78015 0.825913 0.780451 0.825467 0.780451 0.825022 0.781053 0.824132 0.780752 0.823687 0.780752 0.824132 0.780451 0.824577 0.77985 0.823687 0.779549 0.823687 0.779549 0.824132 0.778947 0.825022 0.778045 0.823687
0 0.771128 0.813446 0.770226 0.814782 0.769925 0.814782 0.769925 0.815227 0.770526 0.815227 0.770226 0.814782 0.770526 0.814337 0.770827 0.814337 0.771128 0.813891
0 0.758496 0.80098 0.758195 0.801425 0.758496 0.80187 0.758797 0.801425
0 0.758797 0.797418 0.758797 0.798308 0.757895 0.799644 0.757594 0.799644 0.757594 0.800089 0.758195 0.800089 0.759098 0.798753 0.759098 0.798308 0.759398 0.797863 0.759098 0.797418
0 0.844211 0.513357 0.84391 0.513802 0.84391 0.514248 0.844211 0.514248 0.844511 0.513802 0.844511 0.513357
0 0.869173 0.472395 0.869173 0.472841 0.869774 0.473731 0.869474 0.474176 0.869173 0.474176 0.868872 0.474622 0.868271 0.474622 0.86797 0.475067 0.867669 0.475067 0.866767 0.476402 0.866466 0.476402 0.866466 0.476848 0.865564 0.478183 0.865564 0.478629 0.864361 0.48041 0.864361 0.480855 0.863158 0.482636 0.862857 0.482636 0.862556 0.483081 0.862556 0.483526 0.861353 0.485307 0.861053 0.485307 0.860752 0.485752 0.860451 0.485752 0.86015 0.486198 0.85985 0.485752 0.858947 0.487088 0.858346 0.487088 0.858045 0.486643 0.857744 0.486643 0.857444 0.487088 0.856842 0.487088 0.856241 0.487979 0.85594 0.487979 0.855038 0.489314 0.855038 0.48976 0.853835 0.491541 0.853835 0.491986 0.852932 0.493321 0.852932 0.493767 0.852331 0.494657 0.852331 0.495102 0.852632 0.495548 0.852331 0.495993 0.852632 0.496438 0.852632 0.496883 0.852932 0.497329 0.852932 0.497774 0.853233 0.498219 0.853233 0.499555 0.852932 0.5 0.852932 0.501336 0.852632 0.501781 0.852932 0.502226 0.852331 0.503117 0.852632 0.503562 0.851729 0.504898 0.851729 0.505343 0.850827 0.506679 0.850226 0.506679 0.849624 0.507569 0.849624 0.508459 0.849323 0.508905 0.849023 0.508905 0.848722 0.50935 0.848421 0.50935 0.847519 0.510686 0.847519 0.511131 0.847218 0.511576 0.846917 0.511576 0.845714 0.513357 0.845714 0.513802 0.844511 0.515583 0.84391 0.515583 0.843609 0.515138 0.843008 0.515138 0.841805 0.513357 0.841203 0.513357 0.840902 0.512912 0.84 0.512912 0.839699 0.513357 0.839398 0.513357 0.838496 0.514693 0.838496 0.515138 0.837293 0.516919 0.837293 0.517364 0.836391 0.5187 0.836391 0.519145 0.835188 0.520926 0.835188 0.521371 0.833985 0.523152 0.833985 0.523598 0.832782 0.525378 0.832782 0.525824 0.83188 0.527159 0.83188 0.527605 0.831278 0.528495 0.831278 0.529386 0.830376 0.530721 0.830376 0.531167 0.829774 0.532057 0.829774 0.533838 0.830075 0.534283 0.830075 0.534728 0.830376 0.534728 0.830677 0.535174 0.830677 0.535619 0.831579 0.536955 0.831579 0.537845 0.83188 0.53829 0.831579 0.538736 0.831579 0.539626 0.830677 0.540962 0.830677 0.541407 0.829474 0.543188 0.829474 0.546305 0.828872 0.547195 0.829173 0.54764 0.828571 0.548531 0.828571 0.548976 0.827368 0.550757 0.827368 0.551202 0.827068 0.551647 0.826767 0.551647 0.825564 0.553428 0.824962 0.553428 0.824662 0.552983 0.824361 0.553428 0.823759 0.553428 0.823459 0.553874 0.823158 0.553874 0.822556 0.554764 0.822256 0.554764 0.821654 0.555654 0.821353 0.555654 0.821353 0.5561 0.81985 0.558326 0.819549 0.558326 0.819248 0.558771 0.818947 0.558771 0.818647 0.558326 0.818346 0.558326 0.817744 0.557435 0.817143 0.557435 0.816842 0.55699 0.816241 0.55699 0.815639 0.557881 0.815338 0.557881 0.814436 0.559216 0.814436 0.559662 0.813534 0.560997 0.813534 0.561443 0.812331 0.563224 0.812331 0.563669 0.811128 0.56545 0.811128 0.565895 0.810226 0.567231 0.810226 0.567676 0.809023 0.569457 0.809023 0.569902 0.80782 0.571683 0.80782 0.572128 0.806917 0.573464 0.806917 0.574354 0.806316 0.575245 0.806316 0.57569 0.805113 0.577471 0.805113 0.577916 0.804211 0.579252 0.804211 0.579697 0.803008 0.581478 0.803008 0.581923 0.802406 0.582814 0.802707 0.583259 0.802406 0.583704 0.802406 0.584595 0.802707 0.58504 0.802707 0.585485 0.804812 0.588602 0.805113 0.588602 0.805414 0.589047 0.805414 0.589492 0.805714 0.589938 0.805714 0.591273 0.804511 0.593054 0.804511 0.5935 0.804211 0.593945 0.804211 0.594835 0.803008 0.596616 0.803008 0.597507 0.802707 0.597952 0.802707 0.598397 0.801504 0.600178 0.801504 0.600623 0.800301 0.602404 0.800301 0.60285 0.799699 0.60374 0.799398 0.60374 0.799098 0.604185 0.798797 0.604185 0.798195 0.605076 0.797895 0.605076 0.797594 0.605521 0.797293 0.605521 0.796992 0.605966 0.796692 0.605966 0.796391 0.606411 0.79609 0.606411 0.795789 0.605966 0.795489 0.605966 0.795188 0.605521 0.794887 0.605521 0.794586 0.605966 0.794286 0.605521 0.793383 0.606857 0.793383 0.607302 0.792481 0.608638 0.79218 0.608638 0.79188 0.609083 0.791579 0.609083 0.791278 0.609528 0.790977 0.609528 0.790677 0.609973 0.790376 0.609973 0.790075 0.610419 0.790075 0.611309 0.790677 0.612199 0.790677 0.612645 0.790977 0.61309 0.790977 0.61398 0.791579 0.614871 0.791278 0.615316 0.791278 0.615761 0.791579 0.616207 0.791278 0.616652 0.791579 0.617097 0.791278 0.617542 0.791278 0.618433 0.790977 0.618878 0.790977 0.619323 0.791278 0.619768 0.790977 0.620214 0.790977 0.621104 0.790376 0.621995 0.790677 0.62244 0.789474 0.624221 0.789474 0.624666 0.788571 0.626002 0.788571 0.626447 0.787368 0.628228 0.787368 0.628673 0.786165 0.630454 0.785564 0.630454 0.785263 0.630009 0.785263 0.630454 0.784962 0.630899 0.784662 0.630454 0.784662 0.630899 0.783459 0.63268 0.783459 0.633126 0.782256 0.634907 0.782256 0.635352 0.781353 0.636687 0.781053 0.636687 0.780752 0.637133 0.78015 0.637133 0.77985 0.636687 0.779549 0.636687 0.778647 0.635352 0.778346 0.635797 0.777444 0.634461 0.775338 0.634461 0.775038 0.634907 0.775038 0.635352 0.774436 0.636242 0.774135 0.635797 0.774135 0.636242 0.773233 0.637578 0.773233 0.638023 0.77203 0.639804 0.77203 0.640249 0.770827 0.64203 0.770827 0.642476 0.769925 0.643811 0.769925 0.644702 0.769323 0.645592 0.769323 0.646037 0.768421 0.647373 0.768421 0.647818 0.767218 0.649599 0.767218 0.65049 0.766917 0.650935 0.766917 0.651825 0.766617 0.652271 0.766917 0.652716 0.766917 0.653606 0.767519 0.654497 0.767519 0.654942 0.76812 0.655833 0.76812 0.656278 0.768421 0.656278 0.769023 0.657168 0.769023 0.660285 0.76812 0.661621 0.76812 0.662066 0.76782 0.662511 0.76782 0.662956 0.767519 0.663402 0.767519 0.663847 0.766617 0.665183 0.766917 0.665628 0.766617 0.666073 0.766617 0.667409 0.766917 0.667854 0.766015 0.66919 0.766015 0.669635 0.765414 0.670525 0.765414 0.671416 0.765113 0.671861 0.764812 0.671416 0.764812 0.671861 0.763609 0.673642 0.763609 0.674087 0.762707 0.675423 0.762707 0.675868 0.761504 0.677649 0.761504 0.678094 0.760301 0.679875 0.760301 0.680321 0.759398 0.681656 0.759398 0.682102 0.758195 0.683882 0.758195 0.684328 0.756992 0.686109 0.756992 0.686554 0.755789 0.688335 0.755789 0.68878 0.754887 0.690116 0.754887 0.690561 0.753684 0.692342 0.753684 0.692787 0.752481 0.694568 0.752481 0.695013 0.751579 0.696349 0.751579 0.696794 0.750376 0.698575 0.750376 0.69902 0.749173 0.700801 0.749173 0.701247 0.748271 0.702582 0.748271 0.703028 0.747068 0.704809 0.747068 0.705254 0.745865 0.707035 0.745865 0.70748 0.745564 0.707925 0.745564 0.708816 0.744361 0.710597 0.744361 0.711042 0.743459 0.712378 0.743459 0.712823 0.742256 0.714604 0.742256 0.715049 0.741053 0.71683 0.741053 0.717275 0.74015 0.718611 0.74015 0.719056 0.738947 0.720837 0.738947 0.721282 0.737744 0.723063 0.737744 0.723508 0.736842 0.724844 0.736842 0.725289 0.735639 0.72707 0.735639 0.727516 0.734436 0.729297 0.734436 0.729742 0.733233 0.731523 0.733233 0.731968 0.732331 0.733304 0.732331 0.733749 0.731128 0.73553 0.730827 0.73553 0.730526 0.735975 0.730526 0.73642 0.729624 0.737756 0.729925 0.738201 0.729023 0.739537 0.729023 0.739982 0.72782 0.741763 0.72782 0.742208 0.726917 0.743544 0.727218 0.743989 0.726316 0.745325 0.726316 0.74577 0.726015 0.746215 0.726015 0.747551 0.725714 0.747996 0.726015 0.748442 0.726015 0.749332 0.726316 0.749777 0.726617 0.749777 0.726917 0.750223 0.726617 0.750668 0.726917 0.750668 0.72812 0.752449 0.72812 0.752894 0.728421 0.753339 0.728722 0.753339 0.729925 0.75512 0.730226 0.75512 0.731429 0.756901 0.731729 0.756901 0.73203 0.757346 0.731729 0.757792 0.732331 0.757792 0.732632 0.758237 0.732932 0.758237 0.734135 0.760018 0.734436 0.760018 0.735038 0.760908 0.735038 0.761354 0.735338 0.761799 0.735038 0.762244 0.735639 0.762244 0.73594 0.761799 0.736541 0.762689 0.736541 0.763134 0.737444 0.76447 0.737143 0.764915 0.737444 0.764915 0.737744 0.76447 0.738045 0.76447 0.738346 0.764915 0.738346 0.765806 0.738647 0.766251 0.738346 0.766696 0.738346 0.767142 0.738647 0.767142 0.738947 0.766696 0.739549 0.766696 0.73985 0.767142 0.73985 0.767587 0.739549 0.768032 0.74015 0.768032 0.740451 0.767587 0.740752 0.767587 0.741353 0.768477 0.741353 0.769368 0.741053 0.769813 0.741353 0.769813 0.741654 0.769368 0.741955 0.769368 0.742256 0.769813 0.742857 0.769813 0.743158 0.770258 0.742857 0.770703 0.742857 0.771149 0.743158 0.771594 0.743158 0.772039 0.743459 0.772484 0.743759 0.772039 0.744662 0.772039 0.744962 0.772484 0.744662 0.77293 0.744662 0.77382 0.744962 0.77382 0.745263 0.773375 0.745564 0.77382 0.745564 0.774265 0.745263 0.774711 0.745564 0.774711 0.745865 0.774265 0.746165 0.774265 0.746767 0.775156 0.746767 0.775601 0.746165 0.776492 0.746466 0.776937 0.746165 0.777382 0.746466 0.777827 0.746767 0.777827 0.747368 0.778718 0.747669 0.778272 0.747368 0.777827 0.74797 0.776937 0.748271 0.776937 0.748571 0.777382 0.748571 0.777827 0.748271 0.778272 0.748271 0.779608 0.748571 0.780053 0.749474 0.780053 0.749774 0.780499 0.750376 0.780499 0.750677 0.780053 0.750977 0.780053 0.751278 0.780499 0.751278 0.781389 0.750977 0.781834 0.750677 0.781834 0.750376 0.78228 0.750677 0.782725 0.750977 0.782725 0.751278 0.78228 0.751579 0.782725 0.751579 0.783615 0.75218 0.782725 0.752481 0.78317 0.752481 0.784061 0.752782 0.784506 0.752782 0.784951 0.753083 0.785396 0.753383 0.784951 0.753684 0.785396 0.754586 0.784061 0.755188 0.784951 0.753985 0.786732 0.753684 0.786732 0.753684 0.787177 0.754286 0.787177 0.754887 0.786287 0.755489 0.787177 0.755789 0.786732 0.75609 0.787177 0.75609 0.787622 0.755188 0.788958 0.755188 0.789403 0.755489 0.789403 0.75609 0.788513 0.75609 0.788068 0.756692 0.787177 0.756992 0.787177 0.757293 0.786732 0.757594 0.787177 0.757594 0.787622 0.757293 0.788068 0.757293 0.788513 0.757895 0.789403 0.757895 0.789849 0.757594 0.790294 0.757594 0.791184 0.757293 0.79163 0.757293 0.792075 0.757594 0.792075 0.757895 0.79163 0.757895 0.791184 0.759098 0.789403 0.759098 0.788958 0.759398 0.788513 0.76 0.789403 0.759699 0.789849 0.759699 0.790294 0.759098 0.791184 0.759098 0.79163 0.759398 0.792075 0.759398 0.792965 0.759098 0.793411 0.759098 0.793856 0.759398 0.794301 0.76 0.793411 0.76 0.792965 0.760602 0.792075 0.760902 0.79252 0.760902 0.792965 0.760602 0.793411 0.761203 0.794301 0.760602 0.795191 0.760301 0.794746 0.76 0.795191 0.76 0.795637 0.760602 0.795637 0.761203 0.796527 0.760902 0.796972 0.760902 0.797418 0.761203 0.797863 0.761203 0.798308 0.760902 0.798753 0.760602 0.798308 0.760301 0.798753 0.760602 0.799199 0.760602 0.799644 0.760902 0.800089 0.760301 0.80098 0.76 0.80098 0.759398 0.80187 0.759398 0.80276 0.759699 0.803206 0.76 0.803206 0.76 0.80276 0.759699 0.80276 0.759398 0.802315 0.759699 0.80187 0.76 0.80187 0.760602 0.80098 0.760902 0.801425 0.761203 0.801425 0.761504 0.80187 0.760902 0.80276 0.760602 0.80276 0.760602 0.803206 0.760902 0.803206 0.761203 0.803651 0.760902 0.804096 0.760902 0.804541 0.761203 0.804987 0.761504 0.804987 0.761504 0.804096 0.761805 0.803651 0.762105 0.803651 0.762707 0.804541 0.762105 0.805432 0.762406 0.805877 0.762707 0.805432 0.762707 0.804541 0.763008 0.804096 0.763609 0.804987 0.763609 0.805877 0.76391 0.805877 0.764211 0.805432 0.764511 0.805432 0.765113 0.806322 0.765414 0.806322 0.765714 0.806768 0.766316 0.806768 0.766917 0.807658 0.767218 0.807213 0.768421 0.808994 0.76782 0.809884 0.76812 0.810329 0.768722 0.809439 0.769023 0.809439 0.769323 0.809884 0.769323 0.810329 0.769023 0.810775 0.769323 0.810775 0.769624 0.810329 0.770226 0.81122 0.769925 0.811665 0.769624 0.811665 0.769323 0.81211 0.769023 0.811665 0.768722 0.811665 0.768722 0.81211 0.768421 0.812556 0.76812 0.812556 0.766917 0.810775 0.766617 0.810775 0.766617 0.81122 0.767218 0.81211 0.767519 0.81211 0.76812 0.813001 0.768722 0.81211 0.769323 0.81211 0.769624 0.812556 0.768722 0.813891 0.769323 0.813891 0.769624 0.813446 0.769925 0.813446 0.769624 0.813001 0.769925 0.812556 0.770226 0.812556 0.770526 0.81211 0.770526 0.811665 0.770827 0.81122 0.771128 0.811665 0.771128 0.812556 0.771729 0.812556 0.77203 0.813001 0.77203 0.813446 0.772331 0.813891 0.772932 0.813891 0.773233 0.814337 0.773233 0.814782 0.773534 0.815227 0.773835 0.815227 0.774135 0.815672 0.774436 0.815672 0.774737 0.816118 0.775338 0.816118 0.776541 0.817898 0.776842 0.817898 0.777744 0.819234 0.777744 0.819679 0.778045 0.820125 0.778045 0.82057 0.777744 0.821015 0.777744 0.82146 0.777143 0.822351 0.776842 0.822351 0.776541 0.821906 0.776842 0.82146 0.776842 0.821015 0.777143 0.82057 0.776842 0.82057 0.776541 0.821015 0.776241 0.82057 0.776241 0.820125 0.77594 0.819679 0.77594 0.820125 0.775639 0.82057 0.775038 0.819679 0.775038 0.819234 0.774436 0.818344 0.774737 0.817898 0.774436 0.817898 0.774135 0.817453 0.773835 0.817898 0.773534 0.817453 0.773534 0.817008 0.773233 0.816563 0.773233 0.816118 0.772932 0.816118 0.772632 0.816563 0.771729 0.816563 0.771429 0.816118 0.771128 0.816118 0.771128 0.816563 0.771429 0.817008 0.771729 0.817008 0.772932 0.818789 0.773233 0.818789 0.773233 0.817898 0.773534 0.817453 0.773835 0.817898 0.773835 0.818344 0.774135 0.818344 0.774436 0.818789 0.774436 0.82057 0.775038 0.819679 0.775338 0.820125 0.775338 0.821015 0.775639 0.82057 0.776241 0.82146 0.77594 0.821906 0.776241 0.822351 0.776541 0.821906 0.776842 0.822351 0.776842 0.823241 0.777143 0.822796 0.777444 0.822796 0.777744 0.822351 0.777744 0.82146 0.778045 0.821015 0.778346 0.82146 0.778346 0.821906 0.778346 0.82146 0.778045 0.821015 0.778346 0.82057 0.778947 0.82057 0.779248 0.821015 0.778947 0.82146 0.779248 0.821906 0.779549 0.82146 0.77985 0.82146 0.780752 0.822796 0.781053 0.822351 0.781353 0.822796 0.781353 0.823241 0.781955 0.824132 0.781955 0.824577 0.782256 0.825022 0.782857 0.825022 0.783459 0.825913 0.783158 0.826358 0.782556 0.826358 0.782256 0.826803 0.782256 0.827248 0.781955 0.827694 0.781654 0.827694 0.781654 0.828139 0.781353 0.828584 0.781654 0.828584 0.782256 0.827694 0.782556 0.828139 0.782556 0.828584 0.782256 0.829029 0.782256 0.829475 0.782857 0.830365 0.783158 0.830365 0.78406 0.831701 0.784361 0.831701 0.784962 0.832591 0.785263 0.832146 0.785564 0.832146 0.786165 0.831256 0.786165 0.830365 0.786767 0.829475 0.787368 0.829475 0.787368 0.828584 0.787669 0.828139 0.787669 0.827694 0.78797 0.827248 0.788872 0.827248 0.789173 0.827694 0.788872 0.828139 0.788872 0.828584 0.788571 0.829029 0.788571 0.829475 0.787669 0.83081 0.787669 0.831256 0.786466 0.833037 0.786466 0.833482 0.786165 0.833927 0.786466 0.834372 0.786466 0.833927 0.787368 0.832591 0.787368 0.832146 0.787669 0.831701 0.78797 0.832146 0.78797 0.832591 0.788571 0.833482 0.788271 0.833927 0.788271 0.834372 0.787669 0.835263 0.787669 0.835708 0.788271 0.836598 0.788571 0.836598 0.788872 0.837044 0.789173 0.837044 0.789474 0.837489 0.789774 0.837489 0.790977 0.83927 0.791278 0.83927 0.791579 0.839715 0.791278 0.84016 0.791579 0.84016 0.792782 0.841941 0.793083 0.841941 0.793985 0.843277 0.794286 0.843277 0.795489 0.845058 0.795789 0.845058 0.796992 0.846839 0.797293 0.846839 0.798195 0.848175 0.798496 0.848175 0.799699 0.849955 0.8 0.849955 0.801203 0.851736 0.801504 0.851736 0.802406 0.853072 0.802707 0.853072 0.80391 0.854853 0.804211 0.854853 0.805414 0.856634 0.805714 0.856634 0.806617 0.85797 0.806917 0.85797 0.80812 0.859751 0.808421 0.859751 0.809624 0.861532 0.809925 0.861532 0.810827 0.862867 0.811128 0.862867 0.81203 0.864203 0.812331 0.864203 0.812632 0.863758 0.812932 0.863758 0.813233 0.863313 0.813534 0.863758 0.814135 0.862867 0.814135 0.861086 0.814436 0.860641 0.814737 0.860641 0.81594 0.85886 0.81594 0.858415 0.816842 0.857079 0.816842 0.856634 0.817444 0.855744 0.818045 0.855744 0.818346 0.856189 0.818947 0.856189 0.819248 0.856634 0.818947 0.857079 0.819248 0.857079 0.819549 0.857524 0.82015 0.857524 0.820451 0.85797 0.82015 0.858415 0.820451 0.85886 0.820752 0.85886 0.821654 0.860196 0.821955 0.860196 0.823158 0.861977 0.823459 0.861977 0.824662 0.863758 0.825263 0.863758 0.825564 0.864203 0.825564 0.864648 0.825865 0.865093 0.826466 0.865093 0.826767 0.865539 0.826767 0.865984 0.827368 0.866874 0.827368 0.86732 0.826767 0.86821 0.826767 0.868655 0.827068 0.868655 0.827368 0.86821 0.827368 0.867765 0.827669 0.86732 0.82797 0.86732 0.828271 0.867765 0.828571 0.86732 0.829774 0.869101 0.830075 0.869101 0.830376 0.869546 0.830075 0.869991 0.830376 0.869991 0.830677 0.870436 0.830677 0.870882 0.830376 0.871327 0.830677 0.871772 0.831278 0.870882 0.831579 0.870882 0.83188 0.871327 0.83188 0.871772 0.83218 0.872217 0.832782 0.872217 0.833985 0.873998 0.834286 0.873998 0.835489 0.875779 0.835789 0.875779 0.83609 0.876224 0.835789 0.87667 0.83609 0.87667 0.836391 0.877115 0.836391 0.87756 0.836692 0.878005 0.836992 0.878005 0.837293 0.878451 0.837293 0.878896 0.837895 0.878896 0.838797 0.880232 0.838797 0.880677 0.839098 0.880677 0.839398 0.881122 0.839098 0.881567 0.839098 0.882012 0.838797 0.882458 0.838797 0.882903 0.838496 0.883348 0.838195 0.883348 0.838195 0.883793 0.838496 0.883793 0.838496 0.883348 0.838797 0.882903 0.839098 0.883348 0.839098 0.883793 0.84 0.883793 0.84 0.883348 0.839398 0.883348 0.839098 0.882903 0.839098 0.882458 0.839398 0.882012 0.839699 0.882012 0.84 0.882458 0.840301 0.882012 0.840902 0.882012 0.841203 0.882458 0.840902 0.882903 0.841504 0.882903 0.842406 0.884239 0.842406 0.884684 0.842707 0.884684 0.843008 0.885129 0.842707 0.885574 0.842105 0.885574 0.841805 0.88602 0.841805 0.886465 0.842105 0.886465 0.842406 0.88602 0.842707 0.886465 0.843008 0.886465 0.843308 0.88691 0.844211 0.885574 0.844812 0.886465 0.844812 0.88691 0.845113 0.88691 0.845414 0.887355 0.845414 0.887801 0.846015 0.887801 0.846617 0.888691 0.846917 0.888691 0.847218 0.889136 0.847218 0.889581 0.846917 0.890027 0.847218 0.890472 0.847519 0.890027 0.84782 0.890027 0.84812 0.890472 0.84812 0.890917 0.84782 0.891362 0.84782 0.891808 0.848421 0.891808 0.848722 0.891362 0.849023 0.891362 0.849323 0.891808 0.849624 0.891362 0.850526 0.892698 0.849925 0.893589 0.850526 0.894479 0.850526 0.894924 0.850226 0.89537 0.849925 0.89537 0.849925 0.895815 0.850226 0.895815 0.850827 0.896705 0.850827 0.897596 0.851128 0.897596 0.851128 0.89715 0.850827 0.896705 0.850827 0.89626 0.850526 0.89626 0.850226 0.895815 0.850226 0.89537 0.851128 0.894034 0.85203 0.89537 0.852331 0.89537 0.852632 0.894924 0.853233 0.895815 0.853233 0.89626 0.853534 0.895815 0.854135 0.896705 0.853835 0.89715 0.853835 0.897596 0.852632 0.899377 0.852932 0.899822 0.853534 0.898931 0.853534 0.898486 0.854737 0.896705 0.855338 0.897596 0.855338 0.898041 0.855038 0.898486 0.855038 0.898931 0.855639 0.898931 0.85594 0.899377 0.856241 0.898931 0.856842 0.899822 0.856541 0.900267 0.857143 0.900267 0.857444 0.900712 0.857444 0.901603 0.857744 0.901603 0.858045 0.901158 0.858346 0.901603 0.858647 0.901603 0.858947 0.902048 0.858947 0.902493 0.859248 0.902939 0.859248 0.903384 0.859549 0.903384 0.85985 0.902939 0.86015 0.903384 0.86015 0.903829 0.860451 0.904274 0.860752 0.904274 0.861053 0.90472 0.861654 0.90472 0.861955 0.905165 0.861654 0.90561 0.862256 0.90561 0.862857 0.9065 0.862857 0.906946 0.863158 0.907391 0.863759 0.907391 0.86406 0.907836 0.864361 0.907836 0.865564 0.909617 0.865865 0.909617 0.867068 0.911398 0.867368 0.911398 0.868571 0.913179 0.868872 0.913179 0.869474 0.914069 0.869474 0.914515 0.869774 0.91496 0.870376 0.91496 0.871278 0.916296 0.871579 0.916296 0.87188 0.916741 0.871579 0.917186 0.871579 0.918077 0.87188 0.918077 0.87218 0.917631 0.872481 0.917631 0.872782 0.918077 0.873083 0.917631 0.873083 0.917186 0.874286 0.915405 0.874286 0.91496 0.875188 0.913624 0.875188 0.913179 0.876391 0.911398 0.876391 0.910953 0.877594 0.909172 0.877594 0.908727 0.878496 0.907391 0.878496 0.906946 0.879699 0.905165 0.879699 0.90472 0.880902 0.902939 0.880902 0.902493 0.881805 0.901158 0.881805 0.900712 0.883008 0.898931 0.883008 0.898486 0.884211 0.896705 0.884211 0.89626 0.885113 0.894924 0.885113 0.894479 0.886316 0.892698 0.886316 0.892253 0.887519 0.890472 0.887519 0.890027 0.888421 0.888691 0.888421 0.888246 0.889624 0.886465 0.889624 0.88602 0.890827 0.884239 0.890827 0.883793 0.891729 0.882458 0.891729 0.882012 0.892932 0.880232 0.892932 0.879786 0.894135 0.878005 0.894135 0.87756 0.895038 0.876224 0.895038 0.875779 0.896241 0.873998 0.896241 0.873553 0.897444 0.871772 0.897444 0.871327 0.898647 0.869546 0.898647 0.869101 0.899549 0.867765 0.899549 0.86732 0.900752 0.865539 0.900752 0.865093 0.901955 0.863313 0.901955 0.862867 0.902857 0.861532 0.902857 0.861086 0.90406 0.859305 0.90406 0.85886 0.905263 0.857079 0.905263 0.856634 0.906165 0.855298 0.906165 0.854853 0.907368 0.853072 0.907368 0.852627 0.908571 0.850846 0.908571 0.850401 0.909474 0.849065 0.909474 0.84862 0.910677 0.846839 0.910677 0.846394 0.91188 0.844613 0.91188 0.844167 0.912782 0.842832 0.912782 0.842386 0.913985 0.840606 0.913985 0.84016 0.915188 0.838379 0.915188 0.837934 0.91609 0.836598 0.91609 0.836153 0.917293 0.834372 0.917293 0.833927 0.918496 0.832146 0.918496 0.831701 0.919398 0.830365 0.919398 0.82992 0.920602 0.828139 0.920602 0.827694 0.921805 0.825913 0.921805 0.825467 0.922707 0.824132 0.922707 0.823687 0.92391 0.821906 0.92391 0.82146 0.925113 0.819679 0.925113 0.819234 0.926316 0.817453 0.926316 0.817008 0.927218 0.815672 0.927218 0.815227 0.928421 0.813446 0.928421 0.813001 0.929624 0.81122 0.929624 0.810775 0.930526 0.809439 0.930526 0.808994 0.931729 0.807213 0.931729 0.806768 0.932932 0.804987 0.932932 0.804541 0.933835 0.803206 0.933835 0.80276 0.935038 0.80098 0.935038 0.800534 0.936241 0.798753 0.936241 0.798308 0.937143 0.796972 0.937143 0.796527 0.938346 0.794746 0.938346 0.794301 0.939549 0.79252 0.939549 0.792075 0.940451 0.790739 0.940451 0.790294 0.941654 0.788513 0.941654 0.788068 0.942857 0.786287 0.942857 0.785841 0.943759 0.784506 0.943759 0.784061 0.944962 0.78228 0.944962 0.781834 0.946165 0.780053 0.946165 0.779608 0.947068 0.778272 0.947068 0.777827 0.948271 0.776046 0.948271 0.775601 0.949474 0.77382 0.949474 0.773375 0.950376 0.772039 0.950376 0.771594 0.951579 0.769813 0.951579 0.769368 0.952782 0.767587 0.952782 0.767142 0.953985 0.765361 0.953985 0.764915 0.954887 0.76358 0.954887 0.763134 0.95609 0.761354 0.95609 0.760908 0.957293 0.759127 0.957293 0.758682 0.958195 0.757346 0.958195 0.756901 0.959398 0.75512 0.959398 0.754675 0.960602 0.752894 0.960602 0.752449 0.961504 0.751113 0.961504 0.750668 0.962707 0.748887 0.962707 0.748442 0.96391 0.746661 0.96391 0.746215 0.964812 0.74488 0.964812 0.744435 0.966015 0.742654 0.966015 0.742208 0.967218 0.740427 0.967218 0.739982 0.96812 0.738646 0.96812 0.738201 0.969323 0.73642 0.969323 0.735975 0.970526 0.734194 0.970526 0.733749 0.971429 0.732413 0.971429 0.731968 0.972632 0.730187 0.972632 0.729742 0.973835 0.727961 0.973835 0.727516 0.974737 0.72618 0.974737 0.725735 0.97594 0.723954 0.97594 0.723508 0.977143 0.721728 0.977143 0.721282 0.978346 0.719501 0.978346 0.719056 0.979248 0.71772 0.979248 0.717275 0.980451 0.715494 0.980451 0.715049 0.981654 0.713268 0.981654 0.712823 0.982556 0.711487 0.982556 0.711042 0.983759 0.709261 0.983759 0.708816 0.984962 0.707035 0.984962 0.706589 0.985865 0.705254 0.985865 0.704809 0.987068 0.703028 0.987068 0.702582 0.988271 0.700801 0.988271 0.700356 0.989173 0.69902 0.989173 0.698575 0.990376 0.696794 0.990376 0.696349 0.991579 0.694568 0.991579 0.694123 0.992481 0.692787 0.992481 0.692342 0.993684 0.690561 0.993684 0.690116 0.994887 0.688335 0.994887 0.68789 0.995789 0.686554 0.995789 0.686109 0.996992 0.684328 0.996992 0.683882 0.998195 0.682102 0.998195 0.681656 0.999098 0.680321 0.999098 0.679875 0.999699 0.678985 0.999699 0.624221 0.999398 0.623776 0.999098 0.623776 0.997895 0.621995 0.997594 0.621995 0.996391 0.620214 0.99609 0.620214 0.995188 0.618878 0.994887 0.618878 0.993684 0.617097 0.993383 0.617097 0.99218 0.615316 0.99188 0.615316 0.990977 0.61398 0.990677 0.61398 0.989474 0.612199 0.989173 0.612199 0.98797 0.610419 0.987669 0.610419 0.986767 0.609083 0.986466 0.609083 0.985263 0.607302 0.984962 0.607302 0.983759 0.605521 0.983459 0.605521 0.982556 0.604185 0.982256 0.604185 0.981053 0.602404 0.980752 0.602404 0.979549 0.600623 0.979248 0.600623 0.978346 0.599288 0.978045 0.599288 0.976842 0.597507 0.976541 0.597507 0.975338 0.595726 0.975038 0.595726 0.973835 0.593945 0.973534 0.593945 0.972632 0.592609 0.972331 0.592609 0.971128 0.590828 0.970827 0.590828 0.969624 0.589047 0.969323 0.589047 0.968421 0.587711 0.96812 0.587711 0.966917 0.585931 0.966617 0.585931 0.965414 0.58415 0.965113 0.58415 0.964211 0.582814 0.96391 0.582814 0.962707 0.581033 0.962406 0.581033 0.961203 0.579252 0.960902 0.579252 0.96 0.577916 0.959699 0.577916 0.958496 0.576135 0.958195 0.576135 0.956992 0.574354 0.956692 0.574354 0.955789 0.573019 0.955489 0.573019 0.954286 0.571238 0.953985 0.571238 0.952782 0.569457 0.952481 0.569457 0.951579 0.568121 0.951278 0.568121 0.950075 0.56634 0.949774 0.56634 0.948571 0.564559 0.948271 0.564559 0.947368 0.563224 0.947068 0.563224 0.945865 0.561443 0.945564 0.561443 0.944361 0.559662 0.94406 0.559662 0.943158 0.558326 0.942857 0.558326 0.941654 0.556545 0.941353 0.556545 0.94015 0.554764 0.93985 0.554764 0.938647 0.552983 0.938346 0.552983 0.937444 0.551647 0.937143 0.551647 0.93594 0.549866 0.935639 0.549866 0.934436 0.548085 0.934135 0.548085 0.933233 0.54675 0.932932 0.54675 0.931729 0.544969 0.931429 0.544969 0.930226 0.543188 0.929925 0.543188 0.929023 0.541852 0.928722 0.541852 0.927519 0.540071 0.927218 0.540071 0.926015 0.53829 0.925714 0.53829 0.924812 0.536955 0.924511 0.536955 0.923308 0.535174 0.923008 0.535174 0.921805 0.533393 0.921504 0.533393 0.920602 0.532057 0.920301 0.532057 0.919098 0.530276 0.918797 0.530276 0.917594 0.528495 0.917293 0.528495 0.916391 0.527159 0.91609 0.527159 0.914887 0.525378 0.914586 0.525378 0.913383 0.523598 0.913083 0.523598 0.91218 0.522262 0.91188 0.522262 0.910677 0.520481 0.910376 0.520481 0.909173 0.5187 0.908872 0.5187 0.907669 0.516919 0.907368 0.516919 0.906466 0.515583 0.906165 0.515583 0.904962 0.513802 0.904662 0.513802 0.903459 0.512021 0.903158 0.512021 0.902256 0.510686 0.901955 0.510686 0.900752 0.508905 0.900451 0.508905 0.899248 0.507124 0.898947 0.507124 0.898045 0.505788 0.897744 0.505788 0.896541 0.504007 0.896241 0.504007 0.895038 0.502226 0.894737 0.502226 0.893835 0.50089 0.893534 0.50089 0.892331 0.49911 0.89203 0.49911 0.890827 0.497329 0.890526 0.497329 0.889624 0.495993 0.889323 0.495993 0.88812 0.494212 0.88782 0.494212 0.886617 0.492431 0.886316 0.492431 0.885414 0.491095 0.885113 0.491095 0.88391 0.489314 0.883609 0.489314 0.882406 0.487533 0.882105 0.487533 0.881203 0.486198 0.880902 0.486198 0.879699 0.484417 0.879398 0.484417 0.878195 0.482636 0.877895 0.482636 0.876992 0.4813 0.876692 0.4813 0.875489 0.479519 0.875188 0.479519 0.873985 0.477738 0.873684 0.477738 0.872481 0.475957 0.87218 0.475957 0.871278 0.474622 0.870977 0.474622 0.869774 0.472841 0.869474 0.472841
