0 0.586696 0.755937 0.586696 0.756376 0.586968 0.756816 0.586968 0.757696 0.588332 0.757696 0.588604 0.758135 0.588604 0.756376 0.588332 0.755937
0 0.577972 0.753738 0.577972 0.754178 0.577699 0.754617 0.578244 0.754617 0.578517 0.755057 0.579607 0.755057 0.57988 0.755497 0.580153 0.755497 0.580425 0.755937 0.581788 0.755937 0.582061 0.756376 0.582606 0.756376 0.582879 0.755937 0.583152 0.755937 0.583697 0.756816 0.58506 0.756816 0.585333 0.757256 0.58615 0.757256 0.58615 0.755937 0.585878 0.755937 0.585605 0.755497 0.585333 0.755497 0.58506 0.755057 0.583424 0.755057 0.583152 0.754617 0.582061 0.754617 0.581788 0.754178 0.580425 0.754178 0.580153 0.753738 0.579607 0.753738 0.579335 0.754178 0.578517 0.754178 0.578244 0.753738
0 0.562432 0.751539 0.562432 0.751979 0.562159 0.752419 0.562159 0.754178 0.562977 0.754178 0.56325 0.753738 0.563522 0.753738 0.563795 0.753298 0.563795 0.752858 0.564068 0.752419 0.564068 0.751979 0.563522 0.751979 0.56325 0.751539
0 0.559706 0.74978 0.559706 0.75022 0.55916 0.751099 0.55916 0.752419 0.558888 0.752858 0.558888 0.753298 0.558615 0.753738 0.558615 0.754617 0.559706 0.754617 0.559978 0.755057 0.560523 0.755057 0.560796 0.754617 0.560796 0.752419 0.561069 0.751979 0.561069 0.75022 0.560251 0.75022 0.559978 0.74978
0 0.543075 0.74978 0.542803 0.75022 0.543075 0.75066 0.544711 0.75066 0.544711 0.75022 0.544438 0.74978
0 0.556434 0.74934 0.556161 0.74978 0.556161 0.751539 0.555889 0.751979 0.555889 0.752419 0.555616 0.752858 0.555616 0.753738 0.556434 0.753738 0.556707 0.754178 0.557797 0.754178 0.557797 0.753298 0.557525 0.752858 0.557525 0.751979 0.557797 0.751539 0.557797 0.74978 0.556707 0.74978
0 0.546347 0.74934 0.545802 0.75022 0.545529 0.75022 0.545256 0.75066 0.545256 0.751099 0.546347 0.751099 0.546619 0.751539 0.547165 0.751539 0.547165 0.75066
0 0.56325 0.748901 0.56325 0.74934 0.562977 0.74978 0.56325 0.74978 0.563522 0.75022 0.564068 0.75022 0.56434 0.74978 0.56434 0.74934 0.563522 0.74934
0 0.55398 0.748901 0.553708 0.74934 0.553162 0.74934 0.553162 0.751099 0.55289 0.751539 0.55289 0.752858 0.553162 0.753298 0.554798 0.753298 0.554798 0.752858 0.554526 0.752419 0.554798 0.751979 0.554798 0.751539 0.555071 0.751099 0.555071 0.75022 0.554798 0.74978 0.554798 0.74934 0.554526 0.748901
0 0.568702 0.748461 0.568702 0.75066 0.56843 0.751099 0.568157 0.75066 0.568157 0.74978 0.567612 0.74978 0.567612 0.75022 0.567339 0.75066 0.567612 0.751099 0.567339 0.751539 0.566794 0.751539 0.566521 0.751099 0.566249 0.751099 0.565976 0.751539 0.565703 0.751539 0.565431 0.751099 0.565976 0.75022 0.565976 0.74978 0.565431 0.74978 0.565158 0.75022 0.564885 0.75022 0.564885 0.751979 0.565158 0.752419 0.566249 0.752419 0.566521 0.751979 0.566794 0.752419 0.566794 0.753738 0.567067 0.754178 0.567067 0.754617 0.567612 0.754617 0.567612 0.753298 0.567884 0.752858 0.568157 0.753298 0.568157 0.755497 0.567884 0.755937 0.567884 0.756816 0.568157 0.756816 0.56843 0.757256 0.56952 0.757256 0.56952 0.756376 0.569793 0.755937 0.569793 0.755057 0.570065 0.754617 0.570611 0.754617 0.570611 0.753738 0.570883 0.753298 0.570883 0.752419 0.570338 0.752419 0.570065 0.751979 0.56952 0.751979 0.56952 0.753298 0.569248 0.753738 0.569248 0.755497 0.568975 0.755937 0.568702 0.755497 0.568702 0.753298 0.568975 0.752858 0.568975 0.75066 0.569248 0.75022 0.56952 0.75066 0.570065 0.75066 0.570338 0.75022 0.570611 0.75066 0.570611 0.751099 0.570883 0.751099 0.571156 0.75066 0.571156 0.74934 0.570611 0.74934 0.570065 0.748461 0.569793 0.748461 0.569793 0.75022 0.56952 0.75066 0.569248 0.75022 0.569248 0.748461
0 0.549618 0.747581 0.549346 0.748021 0.549346 0.748901 0.549073 0.74934 0.549073 0.75022 0.5488 0.75066 0.549891 0.752419 0.550164 0.752419 0.550164 0.751539 0.549891 0.751099 0.549891 0.75022 0.550164 0.74978 0.550164 0.748461 0.549891 0.748021 0.549891 0.747581
0 0.567884 0.746702 0.567884 0.747581 0.568975 0.747581 0.568975 0.747142 0.568702 0.747142 0.56843 0.746702
0 0.538441 0.746702 0.538441 0.747581 0.539258 0.747581 0.539258 0.746702
0 0.53217 0.743624 0.53217 0.744503 0.532443 0.744503 0.532715 0.744943 0.532988 0.744943 0.533261 0.745383 0.533533 0.745383 0.533533 0.744503 0.533261 0.744503 0.532715 0.743624
0 0.515812 0.742304 0.515812 0.743184 0.516085 0.743184 0.516358 0.743624 0.517721 0.743624 0.517993 0.744063 0.519357 0.744063 0.519629 0.744503 0.521265 0.744503 0.521538 0.744943 0.522901 0.744943 0.523173 0.745383 0.524537 0.745383 0.524809 0.745822 0.526172 0.745822 0.526445 0.746262 0.527808 0.746262 0.528081 0.746702 0.529444 0.746702 0.529716 0.747142 0.53108 0.747142 0.531352 0.747581 0.532988 0.747581 0.533261 0.748021 0.534624 0.748021 0.534896 0.748461 0.53626 0.748461 0.536532 0.748901 0.537895 0.748901 0.538168 0.74934 0.539531 0.74934 0.539804 0.74978 0.540076 0.74978 0.540076 0.748901 0.539804 0.748901 0.539531 0.748461 0.538168 0.748461 0.537895 0.748021 0.536532 0.748021 0.53626 0.747581 0.534896 0.747581 0.534624 0.747142 0.533261 0.747142 0.532988 0.746702 0.531352 0.746702 0.53108 0.746262 0.529716 0.746262 0.529444 0.745822 0.528081 0.745822 0.527808 0.745383 0.526445 0.745383 0.526172 0.744943 0.524809 0.744943 0.524537 0.744503 0.523173 0.744503 0.522901 0.744063 0.521538 0.744063 0.521265 0.743624 0.519629 0.743624 0.519357 0.743184 0.517993 0.743184 0.517721 0.742744 0.516358 0.742744 0.516085 0.742304
0 0.517721 0.191733 0.517721 0.193052 0.517448 0.193492 0.517448 0.19569 0.517176 0.19613 0.517176 0.198329 0.516903 0.198769 0.516903 0.200967 0.51663 0.201407 0.51663 0.204046 0.516358 0.204485 0.516358 0.206684 0.516085 0.207124 0.516085 0.209323 0.515812 0.209763 0.515812 0.211961 0.51554 0.212401 0.51554 0.2146 0.515267 0.21504 0.515267 0.217238 0.514995 0.217678 0.514995 0.219877 0.514722 0.220317 0.514722 0.222955 0.514449 0.223395 0.514449 0.225594 0.514177 0.226033 0.514177 0.228232 0.513904 0.228672 0.513904 0.230871 0.513631 0.23131 0.513631 0.233509 0.513359 0.233949 0.513359 0.236148 0.513086 0.236588 0.513086 0.238786 0.512814 0.239226 0.512814 0.241865 0.512541 0.242304 0.512541 0.244503 0.512268 0.244943 0.512268 0.247142 0.511996 0.247581 0.511996 0.24978 0.511723 0.25022 0.511723 0.252419 0.51145 0.252858 0.51145 0.255057 0.511178 0.255497 0.511178 0.258135 0.510905 0.258575 0.510905 0.260774 0.510632 0.261214 0.510632 0.263412 0.51036 0.263852 0.51036 0.266051 0.510087 0.266491 0.510087 0.26869 0.509815 0.269129 0.509815 0.271328 0.509542 0.271768 0.509542 0.273967 0.509269 0.274406 0.509269 0.277045 0.508997 0.277485 0.508997 0.279683 0.508724 0.280123 0.508724 0.282322 0.508451 0.282762 0.508451 0.28496 0.508179 0.2854 0.508179 0.287599 0.507906 0.288039 0.507906 0.288478 0.508179 0.288478 0.508451 0.288918 0.510087 0.288918 0.51036 0.289358 0.511723 0.289358 0.511996 0.289798 0.513359 0.289798 0.513631 0.290237 0.514722 0.290237 0.514995 0.289798 0.515267 0.290237 0.51663 0.290237 0.516903 0.290677 0.51663 0.291117 0.51663 0.291557 0.516358 0.291996 0.516358 0.292436 0.51663 0.292436 0.516903 0.292876 0.517176 0.292876 0.517176 0.291996 0.517448 0.291557 0.517721 0.291996 0.517721 0.294195 0.517448 0.294635 0.517448 0.297274 0.517176 0.297713 0.51663 0.297713 0.516358 0.297274 0.516085 0.297274 0.51554 0.296394 0.514995 0.296394 0.514722 0.295954 0.513359 0.295954 0.513086 0.295515 0.51145 0.295515 0.511178 0.295075 0.509815 0.295075 0.509542 0.294635 0.508179 0.294635 0.507906 0.294195 0.507361 0.294195 0.507361 0.295954 0.507088 0.296394 0.507088 0.298593 0.506816 0.299033 0.506816 0.301231 0.506543 0.301671 0.506543 0.30387 0.50627 0.30431 0.50627 0.306508 0.505998 0.306948 0.505998 0.309147 0.505725 0.309587 0.505725 0.311785 0.505453 0.312225 0.505453 0.314864 0.50518 0.315303 0.50518 0.317502 0.504907 0.317942 0.504907 0.320141 0.504635 0.32058 0.504635 0.322779 0.504362 0.323219 0.504362 0.325418 0.504089 0.325858 0.504089 0.328056 0.503817 0.328496 0.503817 0.331135 0.503544 0.331574 0.503544 0.333773 0.503272 0.334213 0.503272 0.336412 0.502999 0.336851 0.502999 0.33905 0.502726 0.33949 0.502726 0.341689 0.502454 0.342128 0.502454 0.344327 0.502181 0.344767 0.502181 0.346966 0.501908 0.347405 0.501908 0.350044 0.501636 0.350484 0.501636 0.352682 0.501363 0.353122 0.501363 0.355321 0.501091 0.355761 0.501091 0.35796 0.500818 0.358399 0.500818 0.360598 0.500545 0.361038 0.500545 0.363237 0.500273 0.363676 0.500273 0.365875 0.5 0.366315 0.5 0.368953 0.499727 0.369393 0.499727 0.371592 0.499455 0.372032 0.499455 0.37423 0.499182 0.37467 0.499182 0.376869 0.498909 0.377309 0.498909 0.379507 0.498637 0.379947 0.498637 0.382146 0.498364 0.382586 0.498364 0.384785 0.498092 0.385224 0.498092 0.387863 0.497819 0.388303 0.497819 0.390501 0.497546 0.390941 0.497546 0.39314 0.497274 0.39358 0.497274 0.395778 0.497001 0.396218 0.497001 0.398417 0.496728 0.398857 0.496728 0.401055 0.496456 0.401495 0.496456 0.404134 0.496183 0.404573 0.496183 0.406772 0.495911 0.407212 0.495911 0.409411 0.495638 0.40985 0.495638 0.412049 0.495365 0.412489 0.495365 0.414688 0.495093 0.415128 0.495093 0.417326 0.49482 0.417766 0.49482 0.419965 0.494547 0.420405 0.494547 0.423043 0.494275 0.423483 0.494275 0.425682 0.494002 0.426121 0.494002 0.42832 0.49373 0.42876 0.49373 0.430959 0.493457 0.431398 0.493457 0.433597 0.493184 0.434037 0.493184 0.436236 0.492912 0.436675 0.492912 0.438874 0.492639 0.439314 0.492639 0.441953 0.492366 0.442392 0.492366 0.444591 0.492094 0.445031 0.492094 0.44723 0.491821 0.447669 0.491821 0.449868 0.491549 0.450308 0.491549 0.452507 0.491276 0.452946 0.491276 0.455145 0.491003 0.455585 0.491003 0.457784 0.490731 0.458223 0.490731 0.460862 0.490458 0.461302 0.490458 0.4635 0.490185 0.46394 0.490185 0.466139 0.489913 0.466579 0.490458 0.466579 0.490731 0.466139 0.490731 0.46394 0.491003 0.4635 0.491003 0.461302 0.491276 0.460862 0.491276 0.458663 0.491549 0.458223 0.491549 0.455585 0.491821 0.455145 0.491821 0.452946 0.492094 0.452507 0.492094 0.451627 0.492366 0.451187 0.493457 0.451187 0.49373 0.451627 0.49482 0.451627 0.495365 0.452507 0.496728 0.452507 0.497001 0.452946 0.498364 0.452946 0.498637 0.453386 0.5 0.453386 0.500273 0.453826 0.501091 0.453826 0.501363 0.454266 0.501636 0.454266 0.501908 0.454705 0.502726 0.454705 0.502999 0.455145 0.502999 0.456904 0.502726 0.457344 0.502726 0.459543 0.502454 0.459982 0.502454 0.462181 0.502181 0.462621 0.502181 0.46482 0.501908 0.465259 0.501908 0.470536 0.501636 0.470976 0.501636 0.473175 0.501363 0.473615 0.501363 0.475814 0.501091 0.476253 0.501091 0.478452 0.500818 0.478892 0.500818 0.481091 0.500545 0.48153 0.500545 0.483729 0.500273 0.484169 0.500273 0.486807 0.5 0.487247 0.5 0.489446 0.499727 0.489886 0.499727 0.492084 0.499455 0.492524 0.499455 0.494723 0.499182 0.495163 0.499182 0.497361 0.498909 0.497801 0.498909 0.5 0.498637 0.50044 0.498637 0.502639 0.498364 0.503078 0.498364 0.505717 0.498092 0.506157 0.498092 0.508355 0.497819 0.508795 0.497819 0.510994 0.497546 0.511434 0.497546 0.513632 0.497274 0.514072 0.497274 0.514952 0.497546 0.515391 0.497546 0.516271 0.497274 0.516711 0.497274 0.518909 0.497001 0.519349 0.497001 0.521988 0.496728 0.522427 0.496728 0.524626 0.496456 0.525066 0.496456 0.527265 0.496183 0.527704 0.496183 0.529903 0.495911 0.530343 0.495911 0.532542 0.495638 0.532982 0.495638 0.53518 0.495365 0.53562 0.495365 0.537819 0.495638 0.538259 0.495365 0.538698 0.495365 0.539138 0.49482 0.540018 0.494547 0.540018 0.494275 0.540457 0.494002 0.540018 0.49373 0.540018 0.493457 0.540457 0.491549 0.540457 0.491276 0.540897 0.490731 0.540897 0.490458 0.540457 0.490185 0.540457 0.489913 0.540897 0.489095 0.540897 0.488822 0.540457 0.48855 0.540897 0.486096 0.540897 0.485823 0.541337 0.485551 0.540897 0.484733 0.540897 0.48446 0.541337 0.483915 0.541337 0.483642 0.540897 0.48337 0.540897 0.483097 0.541337 0.482552 0.541337 0.482552 0.541777 0.482279 0.542216 0.482279 0.544415 0.482007 0.544855 0.482007 0.547054 0.481734 0.547493 0.481734 0.550132 0.481461 0.550572 0.481461 0.55277 0.481189 0.55321 0.481189 0.55409 0.481734 0.55409 0.481734 0.55321 0.482007 0.55277 0.482007 0.550572 0.482824 0.549252 0.483915 0.549252 0.484188 0.548813 0.485005 0.548813 0.485278 0.549252 0.486096 0.549252 0.486369 0.548813 0.486914 0.548813 0.487186 0.549252 0.487459 0.549252 0.487732 0.548813 0.48855 0.548813 0.488822 0.549252 0.489095 0.548813 0.491821 0.548813 0.492094 0.549252 0.492639 0.549252 0.492912 0.549692 0.492912 0.551451 0.492639 0.551891 0.492912 0.552331 0.492912 0.55409 0.492639 0.554529 0.492639 0.556728 0.492366 0.557168 0.492366 0.559367 0.492094 0.559807 0.492094 0.562005 0.491821 0.562445 0.491821 0.565084 0.491549 0.565523 0.491549 0.567722 0.491276 0.568162 0.491276 0.570361 0.491003 0.5708 0.491003 0.572999 0.490731 0.573439 0.490731 0.575638 0.490458 0.576077 0.490458 0.578276 0.490185 0.578716 0.490185 0.581354 0.489913 0.581794 0.489913 0.583993 0.48964 0.584433 0.48964 0.586631 0.489368 0.587071 0.489368 0.58927 0.489095 0.58971 0.488822 0.58971 0.488822 0.591909 0.488277 0.592788 0.488004 0.592348 0.486641 0.592348 0.486369 0.591909 0.485005 0.591909 0.484733 0.591469 0.48446 0.591909 0.484188 0.591469 0.483097 0.591469 0.482824 0.591029 0.481461 0.591029 0.481189 0.590589 0.479826 0.590589 0.479553 0.59015 0.47819 0.59015 0.477917 0.58971 0.477644 0.58971 0.477644 0.590589 0.477372 0.591029 0.477372 0.593228 0.477099 0.593668 0.477099 0.595866 0.476827 0.596306 0.476827 0.598505 0.476554 0.598945 0.476554 0.601143 0.476281 0.601583 0.476281 0.603782 0.476009 0.604222 0.476009 0.60686 0.475736 0.6073 0.475736 0.609499 0.475463 0.609938 0.475463 0.612137 0.475191 0.612577 0.475191 0.614776 0.474918 0.615215 0.474918 0.617414 0.474646 0.617854 0.474646 0.620053 0.474373 0.620493 0.474373 0.623131 0.4741 0.623571 0.4741 0.62577 0.473828 0.626209 0.473828 0.628408 0.473555 0.628848 0.473555 0.631047 0.473282 0.631486 0.473282 0.633685 0.47301 0.634125 0.47301 0.636324 0.472737 0.636763 0.472737 0.638962 0.472465 0.639402 0.472465 0.64204 0.472192 0.64248 0.472192 0.644679 0.471919 0.645119 0.471919 0.647318 0.471647 0.647757 0.471647 0.649956 0.471374 0.650396 0.471374 0.652595 0.471101 0.653034 0.471101 0.655233 0.470829 0.655673 0.470829 0.657872 0.470556 0.658311 0.470556 0.66095 0.470284 0.66139 0.470284 0.663588 0.470011 0.664028 0.470011 0.666227 0.469738 0.666667 0.469738 0.668865 0.469466 0.669305 0.469466 0.671504 0.469193 0.671944 0.469193 0.674142 0.46892 0.674582 0.46892 0.676781 0.468648 0.677221 0.468648 0.679859 0.468375 0.680299 0.468375 0.682498 0.468103 0.682938 0.468103 0.685136 0.46783 0.685576 0.46783 0.687775 0.467557 0.688215 0.467557 0.690413 0.467285 0.690853 0.467285 0.693052 0.467012 0.693492 0.467012 0.69613 0.466739 0.69657 0.466739 0.698769 0.466467 0.699208 0.466467 0.701407 0.466194 0.701847 0.466194 0.704046 0.465921 0.704485 0.465921 0.706684 0.465649 0.707124 0.465649 0.709323 0.465376 0.709763 0.465376 0.711961 0.465104 0.712401 0.465104 0.71504 0.464831 0.715479 0.464831 0.717678 0.464558 0.718118 0.464558 0.720317 0.464286 0.720756 0.464286 0.722955 0.464013 0.723395 0.464013 0.725594 0.46374 0.726033 0.46374 0.728232 0.463468 0.728672 0.463468 0.729551 0.464013 0.729551 0.464286 0.729991 0.465921 0.729991 0.466194 0.730431 0.467557 0.730431 0.46783 0.730871 0.469193 0.730871 0.469466 0.73131 0.470829 0.73131 0.471101 0.73175 0.472465 0.73175 0.472737 0.73219 0.4741 0.73219 0.474373 0.73263 0.476009 0.73263 0.476281 0.733069 0.477644 0.733069 0.477917 0.733509 0.47928 0.733509 0.479553 0.733949 0.480916 0.733949 0.481189 0.734389 0.482552 0.734389 0.482824 0.734828 0.484188 0.734828 0.48446 0.735268 0.485823 0.735268 0.486096 0.735708 0.487732 0.735708 0.488004 0.736148 0.489368 0.736148 0.48964 0.736588 0.491003 0.736588 0.491276 0.737027 0.492639 0.737027 0.492912 0.737467 0.494275 0.737467 0.494547 0.737907 0.495911 0.737907 0.496183 0.738347 0.497546 0.738347 0.497819 0.738786 0.499455 0.738786 0.499727 0.739226 0.501091 0.739226 0.501363 0.739666 0.502726 0.739666 0.502999 0.740106 0.504089 0.740106 0.504635 0.739226 0.504907 0.739226 0.50627 0.737027 0.506543 0.737027 0.506816 0.736588 0.507088 0.736588 0.507906 0.735268 0.508179 0.735268 0.508724 0.734389 0.508997 0.734389 0.509269 0.733949 0.509815 0.733949 0.510087 0.733509 0.51145 0.733509 0.511723 0.733949 0.513086 0.733949 0.513359 0.734389 0.514722 0.734389 0.514995 0.734828 0.51663 0.734828 0.516903 0.735268 0.518266 0.735268 0.518539 0.735708 0.519902 0.735708 0.520174 0.736148 0.521538 0.736148 0.52181 0.736588 0.523173 0.736588 0.523446 0.737027 0.524809 0.737027 0.525082 0.737467 0.526718 0.737467 0.52699 0.737907 0.528353 0.737907 0.528626 0.738347 0.529989 0.738347 0.530262 0.738786 0.531625 0.738786 0.531897 0.739226 0.532988 0.739226 0.532988 0.738786 0.533261 0.738347 0.533806 0.739226 0.533806 0.739666 0.534896 0.739666 0.535169 0.740106 0.535987 0.740106 0.536532 0.739226 0.537077 0.740106 0.537077 0.740545 0.53735 0.740985 0.538168 0.740985 0.538441 0.741425 0.538713 0.741425 0.538986 0.740985 0.539258 0.740985 0.539258 0.740545 0.539531 0.740106 0.540076 0.740106 0.540349 0.740545 0.541712 0.740545 0.541985 0.740985 0.543348 0.740985 0.543621 0.741425 0.544984 0.741425 0.545256 0.741865 0.546619 0.741865 0.546892 0.742304 0.548528 0.742304 0.5488 0.742744 0.550164 0.742744 0.550436 0.743184 0.551799 0.743184 0.552072 0.743624 0.553435 0.743624 0.553708 0.744063 0.555071 0.744063 0.555344 0.744503 0.555344 0.744943 0.555889 0.745822 0.555889 0.746262 0.556161 0.746262 0.556434 0.746702 0.556707 0.746702 0.556979 0.747142 0.556979 0.747581 0.558342 0.747581 0.558615 0.748021 0.560796 0.748021 0.561069 0.748461 0.561069 0.74934 0.561614 0.74934 0.561614 0.748461 0.561887 0.748021 0.562704 0.748021 0.562977 0.747581 0.56325 0.747581 0.56325 0.747142 0.563522 0.746702 0.565431 0.746702 0.565431 0.745822 0.565703 0.745383 0.567067 0.745383 0.567339 0.745822 0.568702 0.745822 0.568975 0.746262 0.570338 0.746262 0.570611 0.746702 0.571974 0.746702 0.572246 0.747142 0.57361 0.747142 0.573882 0.747581 0.575245 0.747581 0.575518 0.748021 0.576881 0.748021 0.577154 0.748461 0.57879 0.748461 0.579062 0.748901 0.580425 0.748901 0.580698 0.74934 0.582061 0.74934 0.582334 0.74978 0.583697 0.74978 0.583969 0.75022 0.585333 0.75022 0.585605 0.75066 0.586968 0.75066 0.587241 0.751099 0.588604 0.751099 0.588877 0.751539 0.590513 0.751539 0.590785 0.751979 0.592148 0.751979 0.592421 0.752419 0.593784 0.752419 0.594057 0.752858 0.59542 0.752858 0.595692 0.753298 0.597056 0.753298 0.597328 0.753738 0.598691 0.753738 0.598964 0.754178 0.6006 0.754178 0.600872 0.754617 0.602236 0.754617 0.602508 0.755057 0.603871 0.755057 0.604144 0.755497 0.605507 0.755497 0.60578 0.755937 0.607143 0.755937 0.607415 0.756376 0.608779 0.756376 0.609051 0.756816 0.610414 0.756816 0.610687 0.757256 0.612323 0.757256 0.612595 0.757696 0.612595 0.758135 0.61205 0.759015 0.61205 0.759455 0.612323 0.759894 0.613413 0.759894 0.613959 0.759015 0.613959 0.758575 0.614231 0.758135 0.615594 0.758135 0.615867 0.758575 0.61723 0.758575 0.617503 0.759015 0.618866 0.759015 0.619138 0.759455 0.619684 0.759455 0.619956 0.759894 0.619684 0.760334 0.619684 0.760774 0.619956 0.761214 0.619956 0.761653 0.620502 0.761653 0.620774 0.762093 0.622137 0.762093 0.62241 0.762533 0.623773 0.762533 0.624046 0.762973 0.625409 0.762973 0.625682 0.763412 0.627045 0.763412 0.627317 0.763852 0.628953 0.763852 0.629226 0.764292 0.630589 0.764292 0.630862 0.764732 0.632225 0.764732 0.632497 0.765172 0.63277 0.765172 0.633043 0.765611 0.63386 0.765611 0.634133 0.766051 0.635496 0.766051 0.635769 0.766491 0.637132 0.766491 0.637405 0.766931 0.638768 0.766931 0.63904 0.76737 0.640676 0.76737 0.640949 0.76781 0.642312 0.76781 0.642585 0.76825 0.643948 0.76825 0.64422 0.76869 0.645583 0.76869 0.645856 0.769129 0.647219 0.769129 0.647492 0.769569 0.648855 0.769569 0.649128 0.770009 0.650491 0.770009 0.650763 0.770449 0.652399 0.770449 0.652672 0.770888 0.654035 0.770888 0.654308 0.771328 0.655671 0.771328 0.655943 0.771768 0.657306 0.771768 0.657579 0.772208 0.658942 0.772208 0.659215 0.772647 0.660578 0.772647 0.660851 0.773087 0.662486 0.773087 0.662759 0.773527 0.664122 0.773527 0.664395 0.773967 0.665758 0.773967 0.666031 0.774406 0.667394 0.774406 0.667666 0.774846 0.669029 0.774846 0.669302 0.775286 0.670665 0.775286 0.670938 0.775726 0.672301 0.775726 0.672574 0.776165 0.674209 0.776165 0.674482 0.776605 0.675845 0.776605 0.676118 0.777045 0.677481 0.777045 0.677754 0.777485 0.677754 0.777924 0.679117 0.777924 0.679389 0.778364 0.680752 0.778364 0.681025 0.778804 0.682388 0.778804 0.682661 0.779244 0.684024 0.779244 0.684297 0.779683 0.68566 0.779683 0.685932 0.780123 0.687568 0.780123 0.687841 0.780563 0.689204 0.780563 0.689477 0.781003 0.69084 0.781003 0.691112 0.781442 0.692475 0.781442 0.692748 0.781882 0.694111 0.781882 0.694384 0.782322 0.695747 0.782322 0.69602 0.782762 0.697655 0.782762 0.697928 0.783201 0.699291 0.783201 0.699564 0.783641 0.700927 0.783641 0.7012 0.784081 0.702563 0.784081 0.702835 0.784521 0.704198 0.784521 0.704471 0.78496 0.705834 0.78496 0.706107 0.7854 0.70747 0.7854 0.707743 0.78584 0.709378 0.78584 0.709651 0.78628 0.711014 0.78628 0.711287 0.786719 0.71265 0.786719 0.712923 0.787159 0.714286 0.787159 0.714558 0.787599 0.715921 0.787599 0.716194 0.788039 0.717557 0.788039 0.71783 0.788478 0.719193 0.788478 0.719466 0.788918 0.721101 0.788918 0.721374 0.789358 0.722737 0.789358 0.72301 0.789798 0.724373 0.789798 0.724646 0.790237 0.726009 0.790237 0.726281 0.790677 0.727644 0.790677 0.727917 0.791117 0.72928 0.791117 0.729553 0.791557 0.730916 0.791557 0.731189 0.791996 0.732824 0.791996 0.733097 0.792436 0.73446 0.792436 0.734733 0.792876 0.736096 0.792876 0.736369 0.793316 0.737732 0.793316 0.738004 0.793755 0.739368 0.793755 0.73964 0.794195 0.741003 0.794195 0.741276 0.794635 0.742912 0.794635 0.743184 0.795075 0.744547 0.795075 0.74482 0.795515 0.746183 0.795515 0.746456 0.795954 0.747819 0.795954 0.748092 0.796394 0.748637 0.796394 0.748909 0.796834 0.749455 0.796834 0.749727 0.797274 0.751091 0.797274 0.751363 0.797713 0.752726 0.797713 0.752999 0.798153 0.754362 0.798153 0.754635 0.798593 0.75627 0.798593 0.756543 0.799033 0.757906 0.799033 0.758179 0.799472 0.759542 0.799472 0.759815 0.799912 0.761178 0.799912 0.76145 0.800352 0.762814 0.800352 0.763086 0.800792 0.764449 0.800792 0.764722 0.801231 0.766358 0.801231 0.76663 0.801671 0.767993 0.801671 0.768266 0.802111 0.769629 0.802111 0.769902 0.802551 0.771265 0.802551 0.771538 0.80299 0.772901 0.80299 0.773173 0.80343 0.774537 0.80343 0.774809 0.80387 0.776172 0.80387 0.776445 0.80431 0.778081 0.80431 0.778353 0.804749 0.779716 0.804749 0.779989 0.805189 0.781352 0.805189 0.781625 0.805629 0.782988 0.805629 0.783261 0.806069 0.784624 0.806069 0.784896 0.806508 0.78626 0.806508 0.786532 0.806948 0.787895 0.806948 0.788168 0.807388 0.789258 0.807388 0.789531 0.807828 0.789804 0.807828 0.790076 0.808267 0.791439 0.808267 0.791712 0.808707 0.793075 0.808707 0.793348 0.809147 0.794711 0.809147 0.794984 0.809587 0.796347 0.809587 0.796619 0.810026 0.797983 0.810026 0.798255 0.810466 0.799618 0.810466 0.799891 0.810906 0.801527 0.810906 0.801799 0.811346 0.803162 0.811346 0.803435 0.811785 0.804798 0.811785 0.805071 0.812225 0.806434 0.812225 0.806707 0.812665 0.80807 0.812665 0.808342 0.813105 0.809706 0.813105 0.809978 0.813544 0.811341 0.813544 0.811614 0.813984 0.81325 0.813984 0.813522 0.814424 0.814885 0.814424 0.815158 0.814864 0.816521 0.814864 0.816794 0.815303 0.818157 0.815303 0.81843 0.815743 0.819793 0.815743 0.820065 0.816183 0.821429 0.816183 0.821701 0.816623 0.823064 0.816623 0.823337 0.817062 0.824973 0.817062 0.825245 0.817502 0.826609 0.817502 0.826881 0.817942 0.828244 0.817942 0.828517 0.818382 0.82988 0.818382 0.830153 0.818821 0.831516 0.818821 0.831788 0.819261 0.832334 0.819261 0.832606 0.818821 0.833152 0.818821 0.833424 0.819261 0.83506 0.819261 0.835333 0.819701 0.836696 0.819701 0.836968 0.820141 0.838332 0.820141 0.838604 0.82058 0.839967 0.82058 0.84024 0.82102 0.841603 0.82102 0.841876 0.82146 0.843239 0.82146 0.843511 0.8219 0.844875 0.8219 0.845147 0.822339 0.846783 0.822339 0.847056 0.822779 0.848419 0.822779 0.848691 0.823219 0.850055 0.823219 0.850327 0.823659 0.85169 0.823659 0.851963 0.824099 0.854962 0.824099 0.855234 0.824538 0.85687 0.824538 0.857143 0.824978 0.857415 0.824978 0.857688 0.824538 0.858233 0.824538 0.858233 0.824099 0.858506 0.823659 0.858779 0.823659 0.859324 0.822779 0.859597 0.822779 0.860414 0.82146 0.860687 0.82146 0.86096 0.82102 0.861232 0.82102 0.86205 0.819701 0.862323 0.819701 0.862868 0.818821 0.863141 0.818821 0.863959 0.817502 0.864231 0.817502 0.865049 0.816183 0.865322 0.816183 0.865867 0.815303 0.86614 0.815303 0.866685 0.814424 0.866685 0.813984 0.866957 0.813544 0.86723 0.813544 0.867503 0.813105 0.867775 0.813105 0.868866 0.811346 0.869138 0.811346 0.869411 0.810906 0.869684 0.810906 0.870502 0.809587 0.870774 0.809587 0.871047 0.809147 0.87132 0.809147 0.871592 0.808707 0.871865 0.808707 0.872955 0.806948 0.873228 0.806948 0.873773 0.806069 0.874046 0.806069 0.874864 0.804749 0.875136 0.804749 0.875682 0.80387 0.875954 0.80387 0.876499 0.80299 0.876772 0.80299 0.87759 0.801671 0.877863 0.801671 0.878408 0.800792 0.87868 0.800792 0.879771 0.799033 0.880044 0.799033 0.880316 0.798593 0.880589 0.798593 0.881952 0.796394 0.882497 0.796394 0.88386 0.794195 0.884406 0.794195 0.885496 0.792436 0.885769 0.792436 0.886314 0.791557 0.886587 0.791557 0.887405 0.790237 0.887677 0.790237 0.888495 0.788918 0.888768 0.788918 0.889313 0.788039 0.889586 0.788039 0.890403 0.786719 0.890676 0.786719 0.890676 0.78628 0.890949 0.78584 0.890949 0.784521 0.891221 0.784081 0.891494 0.784081 0.891494 0.781882 0.891767 0.781442 0.891767 0.779244 0.892039 0.778804 0.892039 0.776165 0.892312 0.775726 0.892312 0.773527 0.892585 0.773087 0.892585 0.770888 0.892857 0.770449 0.892857 0.76825 0.89313 0.76781 0.89313 0.765611 0.893402 0.765172 0.893402 0.762973 0.893675 0.762533 0.893675 0.760334 0.893948 0.759894 0.893948 0.757256 0.89422 0.756816 0.89422 0.754617 0.894493 0.754178 0.894493 0.751979 0.894766 0.751539 0.894766 0.74934 0.895038 0.748901 0.895038 0.746702 0.895311 0.746262 0.895311 0.744063 0.895583 0.743624 0.895583 0.741425 0.895856 0.740985 0.896129 0.740985 0.896129 0.738786 0.896401 0.738347 0.896401 0.735708 0.896674 0.735268 0.896674 0.733069 0.896947 0.73263 0.896947 0.730431 0.897219 0.729991 0.897219 0.727792 0.897492 0.727353 0.897492 0.725154 0.897764 0.724714 0.897764 0.722515 0.898037 0.722076 0.898037 0.719437 0.89831 0.718997 0.89831 0.716799 0.898582 0.716359 0.898582 0.71416 0.898855 0.71372 0.898855 0.711522 0.899128 0.711082 0.899128 0.708883 0.8994 0.708443 0.8994 0.706245 0.899673 0.705805 0.899673 0.703606 0.899945 0.703166 0.899945 0.702287 0.899673 0.701847 0.899673 0.700967 0.900218 0.700088 0.900218 0.697889 0.900491 0.697449 0.900491 0.695251 0.900763 0.694811 0.900763 0.692612 0.901036 0.692172 0.901036 0.689974 0.901309 0.689534 0.901309 0.687335 0.901581 0.686895 0.901581 0.684697 0.901854 0.684257 0.901854 0.681618 0.902126 0.681179 0.902126 0.67898 0.902399 0.67854 0.902399 0.676341 0.902672 0.675901 0.902672 0.673703 0.902944 0.673263 0.902944 0.671064 0.903217 0.670624 0.903217 0.668426 0.90349 0.667986 0.90349 0.665347 0.903762 0.664908 0.903762 0.662709 0.904035 0.662269 0.904035 0.66007 0.904308 0.659631 0.904308 0.657432 0.90458 0.656992 0.90458 0.654793 0.904853 0.654354 0.904853 0.652155 0.905125 0.651715 0.905125 0.649516 0.905398 0.649077 0.905398 0.646438 0.905671 0.645998 0.905671 0.643799 0.905943 0.64336 0.905943 0.641161 0.906216 0.640721 0.906216 0.638522 0.906489 0.638083 0.906489 0.635884 0.906761 0.635444 0.906761 0.633245 0.907034 0.632806 0.907034 0.630607 0.907306 0.630167 0.907306 0.627529 0.907579 0.627089 0.907579 0.62489 0.907852 0.62445 0.907852 0.622252 0.908124 0.621812 0.908124 0.619613 0.908397 0.619173 0.908397 0.616974 0.90867 0.616535 0.90867 0.614336 0.908942 0.613896 0.908942 0.611697 0.909215 0.611258 0.909215 0.608619 0.909487 0.608179 0.909487 0.605981 0.90976 0.605541 0.90976 0.603342 0.910033 0.602902 0.910033 0.600704 0.910305 0.600264 0.910305 0.598065 0.910578 0.597625 0.910578 0.595427 0.910851 0.594987 0.910851 0.592348 0.911123 0.591909 0.911123 0.58971 0.911396 0.58927 0.911396 0.587071 0.911668 0.586631 0.911668 0.584433 0.911941 0.583993 0.911941 0.581794 0.912214 0.581354 0.912214 0.579156 0.912486 0.578716 0.912486 0.576517 0.912759 0.576077 0.912759 0.573439 0.913032 0.572999 0.913032 0.5708 0.913304 0.570361 0.913304 0.568162 0.913577 0.567722 0.913577 0.565523 0.91385 0.565084 0.91385 0.562885 0.914122 0.562445 0.914122 0.560246 0.914395 0.559807 0.914395 0.557608 0.914667 0.557168 0.914667 0.554529 0.91494 0.55409 0.91494 0.551891 0.915213 0.551451 0.915213 0.549252 0.915485 0.548813 0.915485 0.546614 0.915758 0.546174 0.915758 0.543975 0.916031 0.543536 0.916031 0.541337 0.916303 0.540897 0.916303 0.538698 0.916576 0.538259 0.916576 0.53562 0.916848 0.53518 0.916848 0.532982 0.917121 0.532542 0.917121 0.530343 0.917394 0.529903 0.917394 0.527704 0.917666 0.527265 0.917666 0.525066 0.917939 0.524626 0.917939 0.522427 0.918212 0.521988 0.918212 0.519789 0.918484 0.519349 0.918484 0.516711 0.918757 0.516271 0.918757 0.514072 0.919029 0.513632 0.919029 0.511434 0.919302 0.510994 0.919302 0.508795 0.919575 0.508355 0.919575 0.506157 0.919847 0.505717 0.919847 0.503518 0.92012 0.503078 0.92012 0.50044 0.920393 0.5 0.920393 0.497801 0.920665 0.497361 0.920665 0.495163 0.920938 0.494723 0.920938 0.492524 0.92121 0.492084 0.92121 0.489886 0.921483 0.489446 0.921483 0.487247 0.921756 0.486807 0.921756 0.484609 0.922028 0.484169 0.922028 0.48153 0.922301 0.481091 0.922301 0.478892 0.922574 0.478452 0.922574 0.476253 0.922846 0.475814 0.922846 0.473615 0.923119 0.473175 0.923119 0.470976 0.923391 0.470536 0.923391 0.468338 0.923664 0.467898 0.923664 0.465699 0.923937 0.465259 0.923937 0.46482 0.923664 0.46438 0.923664 0.462621 0.923937 0.462181 0.923937 0.459982 0.924209 0.459543 0.924209 0.457344 0.924482 0.456904 0.924482 0.456025 0.924755 0.455585 0.924755 0.454705 0.925027 0.454266 0.925027 0.452067 0.9253 0.451627 0.9253 0.449428 0.925573 0.448989 0.925573 0.448549 0.925845 0.448109 0.925845 0.44679 0.926118 0.44635 0.926118 0.443712 0.92639 0.443272 0.92639 0.441073 0.926663 0.440633 0.926663 0.438434 0.926936 0.437995 0.926936 0.435796 0.927208 0.435356 0.927208 0.434477 0.927481 0.434037 0.927481 0.433597 0.927754 0.433157 0.928844 0.433157 0.929117 0.432718 0.929389 0.433157 0.930752 0.433157 0.931025 0.433597 0.931298 0.433597 0.93157 0.433157 0.932388 0.433157 0.932661 0.433597 0.93566 0.433597 0.935932 0.434037 0.937568 0.434037 0.937841 0.434477 0.938113 0.434037 0.939204 0.434037 0.939477 0.434477 0.940567 0.434477 0.94084 0.434037 0.941658 0.434037 0.942748 0.432278 0.943021 0.432278 0.943293 0.431838 0.943566 0.431838 0.943566 0.431398 0.943839 0.430959 0.943839 0.429639 0.944111 0.4292 0.944111 0.42832 0.944384 0.42788 0.944384 0.427001 0.944656 0.426561 0.944656 0.424362 0.944929 0.423923 0.944929 0.422603 0.944656 0.422164 0.944656 0.421724 0.944929 0.421284 0.944929 0.419085 0.944656 0.418646 0.944656 0.417766 0.943566 0.416007 0.943566 0.415567 0.943021 0.414688 0.942203 0.414688 0.94193 0.414248 0.941385 0.414248 0.941112 0.414688 0.940294 0.414688 0.940022 0.414248 0.938659 0.414248 0.938386 0.413808 0.937023 0.413808 0.93675 0.413369 0.935387 0.413369 0.935115 0.412929 0.933751 0.412929 0.933479 0.412489 0.930752 0.412489 0.93048 0.412049 0.930207 0.412049 0.929935 0.411609 0.929935 0.41117 0.929389 0.41029 0.929389 0.408531 0.929662 0.408091 0.929662 0.405893 0.929935 0.405453 0.929935 0.403254 0.930207 0.402814 0.930207 0.401935 0.929935 0.401495 0.929935 0.400616 0.930207 0.400176 0.930207 0.397977 0.93048 0.397537 0.93048 0.395339 0.930752 0.394899 0.930752 0.39226 0.931025 0.391821 0.931025 0.389622 0.931298 0.389182 0.931298 0.386983 0.93157 0.386544 0.93157 0.384345 0.931843 0.383905 0.931843 0.381706 0.932116 0.381266 0.932116 0.379068 0.932388 0.378628 0.932388 0.376429 0.932661 0.375989 0.932661 0.373351 0.932933 0.372911 0.932933 0.370712 0.933206 0.370273 0.933206 0.368074 0.933479 0.367634 0.933479 0.365435 0.933751 0.364996 0.933751 0.362797 0.934024 0.362357 0.934024 0.360158 0.934297 0.359719 0.934297 0.35752 0.934569 0.35708 0.934569 0.354442 0.934842 0.354002 0.934842 0.351803 0.935115 0.351363 0.935115 0.349164 0.935387 0.348725 0.935387 0.347845 0.935115 0.347405 0.935115 0.346526 0.934842 0.346086 0.934842 0.345646 0.933479 0.343448 0.933479 0.343008 0.933206 0.342568 0.933206 0.342128 0.932388 0.340809 0.932388 0.340369 0.931843 0.33949 0.931843 0.33905 0.931025 0.337731 0.931025 0.337291 0.93048 0.336412 0.93048 0.335972 0.929662 0.334653 0.929662 0.334213 0.928844 0.332894 0.928844 0.332454 0.927754 0.330695 0.927754 0.330255 0.927208 0.329376 0.927208 0.328496 0.925845 0.326297 0.925845 0.325418 0.924482 0.323219 0.924482 0.322779 0.924209 0.322339 0.924209 0.3219 0.922846 0.319701 0.922846 0.319261 0.922574 0.318821 0.922574 0.318382 0.92121 0.316183 0.92121 0.315743 0.920665 0.314864 0.920665 0.313984 0.919847 0.312665 0.919847 0.312225 0.919302 0.311346 0.919302 0.310906 0.918212 0.309147 0.918212 0.308707 0.917121 0.306948 0.917121 0.306508 0.916576 0.305629 0.916576 0.304749 0.915485 0.30299 0.915485 0.302551 0.915213 0.302111 0.915213 0.301671 0.914122 0.299912 0.914122 0.299472 0.913577 0.298593 0.913577 0.298153 0.912759 0.296834 0.912759 0.296394 0.913032 0.295954 0.91385 0.295954 0.914122 0.296394 0.914395 0.295954 0.914395 0.295515 0.914122 0.295515 0.91385 0.295075 0.912486 0.295075 0.912214 0.294635 0.910851 0.294635 0.910578 0.294195 0.908942 0.294195 0.90867 0.293755 0.907306 0.293755 0.907034 0.293316 0.905671 0.293316 0.905398 0.292876 0.904035 0.292876 0.903762 0.292436 0.902399 0.292436 0.902126 0.291996 0.900763 0.291996 0.900491 0.291557 0.899128 0.291557 0.898855 0.291117 0.897219 0.291117 0.896947 0.290677 0.895583 0.290677 0.895311 0.290237 0.893948 0.290237 0.893675 0.289798 0.892312 0.289798 0.892039 0.289358 0.890676 0.289358 0.890403 0.288918 0.88904 0.288918 0.888768 0.288478 0.887405 0.288478 0.887132 0.288039 0.885496 0.288039 0.885224 0.287599 0.88386 0.287599 0.883588 0.287159 0.882225 0.287159 0.881952 0.286719 0.880589 0.286719 0.880316 0.28628 0.878953 0.28628 0.87868 0.28584 0.877317 0.28584 0.877045 0.2854 0.875409 0.2854 0.875136 0.28496 0.873773 0.28496 0.873501 0.284521 0.872137 0.284521 0.871865 0.284081 0.870502 0.284081 0.870229 0.283641 0.868866 0.283641 0.868593 0.283201 0.86723 0.283201 0.866957 0.282762 0.865594 0.282762 0.865322 0.282322 0.863686 0.282322 0.863413 0.281882 0.86205 0.281882 0.861778 0.281442 0.860414 0.281442 0.860142 0.281003 0.858779 0.281003 0.858506 0.280563 0.857143 0.280563 0.85687 0.280123 0.855507 0.280123 0.855234 0.279683 0.853871 0.279683 0.853599 0.279244 0.851963 0.279244 0.85169 0.278804 0.850327 0.278804 0.850055 0.278364 0.848691 0.278364 0.848419 0.277924 0.847056 0.277924 0.846783 0.277485 0.84542 0.277485 0.845147 0.277045 0.843784 0.277045 0.843511 0.276605 0.842148 0.276605 0.841876 0.276165 0.84024 0.276165 0.839967 0.275726 0.838604 0.275726 0.838332 0.275286 0.836968 0.275286 0.836696 0.274846 0.835333 0.274846 0.83506 0.274406 0.833697 0.274406 0.833424 0.273967 0.832061 0.273967 0.831788 0.273527 0.830153 0.273527 0.82988 0.273087 0.828517 0.273087 0.828244 0.272647 0.826881 0.272647 0.826609 0.272208 0.825245 0.272208 0.824973 0.271768 0.82361 0.271768 0.823337 0.271328 0.821974 0.271328 0.821701 0.270888 0.820338 0.270888 0.820065 0.270449 0.81843 0.270449 0.818157 0.270009 0.816794 0.270009 0.816521 0.269569 0.815158 0.269569 0.814885 0.269129 0.813522 0.269129 0.81325 0.26869 0.811887 0.26869 0.811614 0.26825 0.810251 0.26825 0.809978 0.26781 0.808615 0.26781 0.808342 0.26737 0.806707 0.26737 0.806434 0.266931 0.805071 0.266931 0.804798 0.266491 0.803435 0.266491 0.803162 0.266051 0.801799 0.266051 0.801527 0.265611 0.800164 0.265611 0.799891 0.265172 0.798528 0.265172 0.798255 0.264732 0.796892 0.264732 0.796619 0.264292 0.794984 0.264292 0.794711 0.263852 0.793348 0.263852 0.793075 0.263412 0.791712 0.263412 0.791439 0.262973 0.790076 0.262973 0.789804 0.262533 0.788441 0.262533 0.788168 0.262093 0.786805 0.262093 0.786532 0.261653 0.784896 0.261653 0.784624 0.261214 0.783261 0.261214 0.782988 0.260774 0.781625 0.260774 0.781352 0.260334 0.779989 0.260334 0.779716 0.259894 0.778353 0.259894 0.778081 0.259455 0.776718 0.259455 0.776445 0.259015 0.775082 0.259015 0.774809 0.258575 0.773173 0.258575 0.772901 0.258135 0.771538 0.258135 0.771265 0.257696 0.769902 0.257696 0.769629 0.257256 0.768266 0.257256 0.767993 0.256816 0.76663 0.256816 0.766358 0.256376 0.764995 0.256376 0.764722 0.255937 0.763359 0.255937 0.763086 0.255497 0.76145 0.255497 0.761178 0.255057 0.759815 0.255057 0.759542 0.254617 0.758179 0.254617 0.757906 0.254178 0.756543 0.254178 0.75627 0.253738 0.754907 0.253738 0.754635 0.253298 0.753272 0.253298 0.752999 0.252858 0.751636 0.252858 0.751363 0.252419 0.749727 0.252419 0.749455 0.251979 0.748092 0.251979 0.747819 0.251539 0.746456 0.251539 0.746183 0.251099 0.74482 0.251099 0.744547 0.25066 0.743184 0.25066 0.742912 0.25022 0.741549 0.25022 0.741276 0.24978 0.73964 0.24978 0.739368 0.24934 0.738004 0.24934 0.737732 0.248901 0.736369 0.248901 0.736096 0.248461 0.734733 0.248461 0.73446 0.248021 0.733097 0.248021 0.732824 0.247581 0.731461 0.247581 0.731189 0.247142 0.729826 0.247142 0.729553 0.246702 0.727917 0.246702 0.727644 0.246262 0.726281 0.246262 0.726009 0.245822 0.724646 0.245822 0.724373 0.245383 0.72301 0.245383 0.722737 0.244943 0.721374 0.244943 0.721101 0.244503 0.719738 0.244503 0.719466 0.244063 0.718103 0.244063 0.71783 0.243624 0.716194 0.243624 0.715921 0.243184 0.714558 0.243184 0.714286 0.242744 0.712923 0.242744 0.71265 0.242304 0.711287 0.242304 0.711014 0.241865 0.709651 0.241865 0.709378 0.241425 0.708015 0.241425 0.707743 0.240985 0.706379 0.240985 0.706107 0.240545 0.704471 0.240545 0.704198 0.240106 0.702835 0.240106 0.702563 0.239666 0.7012 0.239666 0.700927 0.239226 0.699564 0.239226 0.699291 0.238786 0.697928 0.238786 0.697655 0.238347 0.696292 0.238347 0.69602 0.237907 0.694384 0.237907 0.694111 0.237467 0.692748 0.237467 0.692475 0.237027 0.691112 0.237027 0.69084 0.236588 0.689477 0.236588 0.689204 0.236148 0.687841 0.236148 0.687568 0.235708 0.686205 0.235708 0.685932 0.235268 0.684569 0.235268 0.684297 0.234828 0.682661 0.234828 0.682388 0.234389 0.681025 0.234389 0.680752 0.233949 0.679389 0.233949 0.679117 0.233509 0.677754 0.233509 0.677481 0.233069 0.676118 0.233069 0.675845 0.23263 0.674482 0.23263 0.674209 0.23219 0.672846 0.23219 0.672574 0.23175 0.670938 0.23175 0.670665 0.23131 0.669302 0.23131 0.669029 0.230871 0.667666 0.230871 0.667394 0.230431 0.666031 0.230431 0.665758 0.229991 0.664395 0.229991 0.664122 0.229551 0.662759 0.229551 0.662486 0.229112 0.661123 0.229112 0.660851 0.228672 0.659215 0.228672 0.658942 0.228232 0.657579 0.228232 0.657306 0.227792 0.655943 0.227792 0.655671 0.227353 0.654308 0.227353 0.654035 0.226913 0.652672 0.226913 0.652399 0.226473 0.651036 0.226473 0.650763 0.226033 0.649128 0.226033 0.648855 0.225594 0.647492 0.225594 0.647219 0.225154 0.645856 0.225154 0.645583 0.224714 0.64422 0.224714 0.643948 0.224274 0.642585 0.224274 0.642312 0.223835 0.640949 0.223835 0.640676 0.223395 0.639313 0.223395 0.63904 0.222955 0.637405 0.222955 0.637132 0.222515 0.635769 0.222515 0.635496 0.222076 0.634133 0.222076 0.63386 0.221636 0.632497 0.221636 0.632225 0.221196 0.630862 0.221196 0.630589 0.220756 0.629226 0.220756 0.628953 0.220317 0.62759 0.220317 0.627317 0.219877 0.625682 0.219877 0.625409 0.219437 0.624046 0.219437 0.623773 0.218997 0.62241 0.218997 0.622137 0.218558 0.620774 0.218558 0.620502 0.218118 0.619138 0.218118 0.618866 0.217678 0.617503 0.217678 0.61723 0.217238 0.615867 0.217238 0.615594 0.216799 0.613959 0.216799 0.613686 0.216359 0.612323 0.216359 0.61205 0.215919 0.610687 0.215919 0.610414 0.215479 0.609051 0.215479 0.608779 0.21504 0.607415 0.21504 0.607143 0.2146 0.60578 0.2146 0.605507 0.21416 0.603871 0.21416 0.603599 0.21372 0.602236 0.21372 0.601963 0.213281 0.6006 0.213281 0.600327 0.212841 0.598964 0.212841 0.598691 0.212401 0.597328 0.212401 0.597056 0.211961 0.595692 0.211961 0.59542 0.211522 0.594057 0.211522 0.593784 0.211082 0.592148 0.211082 0.591876 0.210642 0.590513 0.210642 0.59024 0.210202 0.588877 0.210202 0.588604 0.209763 0.587241 0.209763 0.586968 0.209323 0.585605 0.209323 0.585333 0.208883 0.583969 0.208883 0.583697 0.208443 0.582334 0.208443 0.582061 0.208004 0.580425 0.208004 0.580153 0.207564 0.57879 0.207564 0.578517 0.207124 0.577154 0.207124 0.576881 0.206684 0.575518 0.206684 0.575245 0.206245 0.573882 0.206245 0.57361 0.205805 0.572246 0.205805 0.571974 0.205365 0.570611 0.205365 0.570338 0.204925 0.568702 0.204925 0.56843 0.204485 0.567067 0.204485 0.566794 0.204046 0.565431 0.204046 0.565158 0.203606 0.563795 0.203606 0.563522 0.203166 0.562159 0.203166 0.561887 0.202726 0.560523 0.202726 0.560251 0.202287 0.558615 0.202287 0.558342 0.201847 0.556979 0.201847 0.556707 0.201407 0.555344 0.201407 0.555071 0.200967 0.553708 0.200967 0.553435 0.200528 0.552072 0.200528 0.551799 0.200088 0.550436 0.200088 0.550164 0.199648 0.5488 0.199648 0.548528 0.199208 0.546892 0.199208 0.546619 0.198769 0.545256 0.198769 0.544984 0.198329 0.543621 0.198329 0.543348 0.197889 0.541985 0.197889 0.541712 0.197449 0.540349 0.197449 0.540076 0.19701 0.538713 0.19701 0.538441 0.19657 0.537077 0.19657 0.536805 0.19613 0.535169 0.19613 0.534896 0.19569 0.533533 0.19569 0.533261 0.195251 0.531897 0.195251 0.531625 0.194811 0.530262 0.194811 0.529989 0.194371 0.528626 0.194371 0.528353 0.193931 0.52699 0.193931 0.526718 0.193492 0.525354 0.193492 0.525082 0.193052 0.523446 0.193052 0.523173 0.192612 0.52181 0.192612 0.521538 0.192172 0.520174 0.192172 0.519902 0.191733
