0 0.62547 0.563118 0.62547 0.563498 0.62594 0.563498 0.62594 0.563118
0 0.62782 0.562357 0.62735 0.562738 0.62688 0.562738 0.62735 0.563118 0.62782 0.562738 0.628289 0.562738 0.628289 0.562357
0 0.630169 0.561217 0.630639 0.561597 0.630639 0.561977 0.631109 0.561597 0.632049 0.561597 0.632049 0.561217
0 0.62594 0.560837 0.62641 0.561217 0.62641 0.561597 0.62688 0.561977 0.62688 0.560837
0 0.62453 0.560456 0.62453 0.560837 0.625 0.560837 0.625 0.560456
0 0.621241 0.560456 0.621711 0.560837 0.621711 0.561217 0.62218 0.561217 0.62265 0.561597 0.62265 0.562357 0.62312 0.562738 0.62312 0.563878 0.62359 0.563878 0.62359 0.562357 0.62312 0.561977 0.62312 0.561597 0.62265 0.561217 0.62265 0.560837 0.62218 0.560456
0 0.62218 0.557034 0.62265 0.557414 0.62265 0.557795 0.62265 0.557034
0 0.614192 0.557034 0.614192 0.557414 0.614662 0.557795 0.615132 0.557414 0.615132 0.557034
0 0.646147 0.556274 0.645207 0.557034 0.643797 0.557034 0.643327 0.557414 0.643327 0.557795 0.643797 0.557795 0.644267 0.557414 0.644737 0.557414 0.645677 0.556654 0.646147 0.557034 0.646617 0.556654 0.647086 0.556654 0.646617 0.556274
0 0.650846 0.554753 0.650376 0.555133 0.649906 0.555133 0.650376 0.555513 0.650846 0.555133 0.651316 0.555133
0 0.653195 0.553992 0.652726 0.554373 0.653665 0.554373 0.653665 0.553992
0 0.647086 0.553992 0.646147 0.554753 0.646147 0.555133 0.646617 0.555133 0.646617 0.554753 0.647086 0.554373
0 0.650376 0.553232 0.650376 0.553992 0.651316 0.553992 0.650846 0.553612 0.650846 0.553232
0 0.648026 0.553232 0.648026 0.553992 0.648496 0.554373 0.648496 0.555133 0.648966 0.555133 0.648966 0.554373 0.648496 0.553992 0.648496 0.553612
0 0.662594 0.54943 0.661654 0.55019 0.661184 0.55019 0.661654 0.55057 0.661184 0.550951 0.661184 0.551331 0.660714 0.551711 0.660244 0.551711 0.659774 0.551331 0.659774 0.550951 0.658365 0.550951 0.657895 0.55057 0.657425 0.55057 0.657895 0.550951 0.657425 0.551331 0.657425 0.551711 0.657895 0.552091 0.658365 0.552091 0.657895 0.551711 0.658365 0.551331 0.659305 0.551331 0.659774 0.551711 0.659774 0.552471 0.660244 0.552091 0.660714 0.552091 0.660714 0.551711 0.661184 0.551331 0.662124 0.551331 0.661654 0.550951 0.662594 0.55019 0.663064 0.55057 0.663064 0.550951 0.663534 0.551331 0.664004 0.550951 0.664004 0.55019 0.663534 0.55019 0.663064 0.54981 0.663064 0.54943
0 0.665414 0.547529 0.665414 0.548289 0.664944 0.548669 0.664474 0.548289 0.664474 0.547909 0.663534 0.547909 0.664004 0.548289 0.664004 0.548669 0.664474 0.548669 0.664944 0.549049 0.664944 0.55057 0.665414 0.55057 0.665414 0.549049 0.664944 0.548669 0.665414 0.548289 0.665883 0.548289 0.666353 0.548669 0.666353 0.547909 0.665883 0.547909
0 0.670113 0.545627 0.670113 0.546388 0.669643 0.546768 0.669173 0.546768 0.669173 0.547148 0.670113 0.547148 0.671053 0.547909 0.670583 0.548289 0.670113 0.548289 0.669643 0.547909 0.669173 0.547909 0.669643 0.548289 0.669643 0.548669 0.669173 0.549049 0.668233 0.549049 0.667763 0.54943 0.667293 0.54943 0.666823 0.54981 0.666823 0.55019 0.667293 0.54981 0.668233 0.54981 0.668703 0.54943 0.669173 0.54943 0.669643 0.549049 0.670583 0.549049 0.671053 0.548669 0.671523 0.548669 0.671992 0.548289 0.671992 0.547909 0.672462 0.547529 0.672462 0.547148 0.671992 0.546768 0.671992 0.546008 0.671523 0.546008 0.671523 0.546388 0.671992 0.546768 0.671992 0.547529 0.671523 0.547909 0.671053 0.547529 0.671053 0.547148 0.670583 0.546768 0.670583 0.546008
0 0.761278 0.518631 0.761278 0.519011 0.761748 0.519011 0.761748 0.518631
0 0.794173 0.507985 0.794173 0.508365 0.795113 0.508365 0.795583 0.507985
0 0.787124 0.507985 0.788064 0.508745 0.788064 0.509886 0.788534 0.509506 0.789474 0.510266 0.789944 0.509886 0.789474 0.509506 0.789474 0.509125 0.788534 0.509125 0.787594 0.508365 0.787594 0.507985
0 0.792763 0.507605 0.792763 0.507985 0.793233 0.507985 0.793233 0.507605
0 0.799812 0.505703 0.799812 0.506084 0.800282 0.506464 0.800752 0.506464 0.800752 0.506084 0.800282 0.505703
0 0.791353 0.505703 0.790883 0.506084 0.790883 0.506464 0.791353 0.506844 0.792293 0.506844 0.792763 0.506464 0.791823 0.506464 0.791353 0.506084
0 0.794643 0.504563 0.794643 0.504943 0.795113 0.505323 0.795113 0.505703 0.795583 0.505703 0.795583 0.505323 0.795113 0.504943 0.795113 0.504563
0 0.785714 0.503042 0.786184 0.503422 0.786184 0.503042
0 0.798402 0.502662 0.798402 0.503042 0.798872 0.503042 0.798872 0.502662
0 0.795583 0.502662 0.796053 0.503042 0.796523 0.503042 0.796053 0.502662
0 0.81156 0.501901 0.81109 0.502281 0.81156 0.502662 0.81156 0.503042 0.81203 0.502662 0.81203 0.502281
0 0.81391 0.50038 0.81297 0.501141 0.81297 0.501521 0.81344 0.501521 0.81344 0.501141 0.81391 0.50076
0 0.796053 0.50038 0.796053 0.501141 0.796523 0.50076
0 0.817669 0.5 0.818139 0.50038 0.818139 0.5
0 0.799812 0.49962 0.799812 0.5 0.800282 0.5 0.800282 0.49962
0 0.809211 0.492395 0.80968 0.492776 0.809211 0.493156 0.808741 0.493156 0.808741 0.493536 0.809211 0.493536 0.809211 0.493156 0.80968 0.492776 0.81015 0.492776 0.81015 0.492395
0 0.81156 0.491635 0.81109 0.492015 0.81156 0.492395
0 0.854793 0.477186 0.854793 0.477567 0.855263 0.477567 0.855263 0.477186
0 0.853853 0.475665 0.853853 0.476046 0.854323 0.475665
0 0.693609 0.152091 0.693139 0.152471 0.692669 0.152471 0.692199 0.152852 0.691729 0.152852 0.691259 0.153232 0.69032 0.153232 0.68985 0.153612 0.68938 0.153612 0.68891 0.153992 0.68797 0.153992 0.6875 0.154373 0.68703 0.154373 0.68656 0.154753 0.68562 0.154753 0.68515 0.155133 0.68468 0.155133 0.684211 0.155513 0.683271 0.155513 0.682801 0.155894 0.682331 0.155894 0.681861 0.156274 0.680921 0.156274 0.680451 0.156654 0.679981 0.156654 0.679511 0.157034 0.678571 0.157034 0.678102 0.157414 0.677632 0.157414 0.677162 0.157795 0.676222 0.157795 0.675752 0.158175 0.675282 0.158175 0.674812 0.158555 0.673872 0.158555 0.673402 0.158935 0.672932 0.158935 0.672462 0.159316 0.671523 0.159316 0.671053 0.159696 0.670583 0.159696 0.670113 0.160076 0.669173 0.160076 0.668703 0.160456 0.668233 0.160456 0.667763 0.160837 0.666823 0.160837 0.666353 0.161217 0.665883 0.161217 0.665414 0.161597 0.664474 0.161597 0.664004 0.161977 0.663534 0.161977 0.663064 0.162357 0.662594 0.162357 0.662124 0.162738 0.661184 0.162738 0.660714 0.163118 0.660244 0.163118 0.659774 0.163498 0.658835 0.163498 0.658365 0.163878 0.657895 0.163878 0.657425 0.164259 0.656485 0.164259 0.656015 0.164639 0.655545 0.164639 0.655075 0.165019 0.654135 0.165019 0.653665 0.165399 0.653195 0.165399 0.652726 0.165779 0.651786 0.165779 0.651316 0.16616 0.650846 0.16616 0.650376 0.16654 0.649436 0.16654 0.648966 0.16692 0.648496 0.16692 0.648026 0.1673 0.647086 0.1673 0.646617 0.167681 0.646147 0.167681 0.645677 0.168061 0.644737 0.168061 0.644267 0.168441 0.643797 0.168441 0.643327 0.168821 0.642387 0.168821 0.641917 0.169202 0.641447 0.169202 0.640977 0.169582 0.640038 0.169582 0.639568 0.169962 0.639098 0.169962 0.638628 0.170342 0.637688 0.170342 0.637218 0.170722 0.636748 0.170722 0.636278 0.171103 0.635338 0.171103 0.634868 0.171483 0.634398 0.171483 0.633929 0.171863 0.633459 0.171863 0.632989 0.172243 0.632049 0.172243 0.631579 0.172624 0.631109 0.172624 0.630639 0.173004 0.629699 0.173004 0.629229 0.173384 0.628759 0.173384 0.628289 0.173764 0.62735 0.173764 0.62688 0.174144 0.62641 0.174144 0.62594 0.174525 0.625 0.174525 0.62453 0.174905 0.62406 0.174905 0.62359 0.175285 0.62265 0.175285 0.62218 0.175665 0.621711 0.175665 0.621241 0.176046 0.620301 0.176046 0.619831 0.176426 0.619361 0.176426 0.618891 0.176806 0.617951 0.176806 0.617481 0.177186 0.617011 0.177186 0.616541 0.177567 0.615602 0.177567 0.615132 0.177947 0.614662 0.177947 0.614192 0.178327 0.613252 0.178327 0.612782 0.178707 0.612312 0.178707 0.611842 0.179087 0.610902 0.179087 0.610432 0.179468 0.609962 0.179468 0.609492 0.179848 0.608553 0.179848 0.608083 0.180228 0.607613 0.180228 0.607143 0.180608 0.606203 0.180608 0.605733 0.180989 0.605263 0.180989 0.604793 0.181369 0.604323 0.181369 0.603853 0.181749 0.602914 0.181749 0.602444 0.182129 0.601974 0.182129 0.601504 0.18251 0.600564 0.18251 0.600094 0.18289 0.599624 0.18289 0.599154 0.18327 0.598214 0.18327 0.597744 0.18365 0.597274 0.18365 0.596805 0.18403 0.595865 0.18403 0.595395 0.184411 0.594925 0.184411 0.594455 0.184791 0.593515 0.184791 0.593045 0.185171 0.592575 0.185171 0.592105 0.185551 0.591165 0.185551 0.590695 0.185932 0.590226 0.185932 0.589756 0.186312 0.588816 0.186312 0.588346 0.186692 0.587876 0.186692 0.587406 0.187072 0.586466 0.187072 0.585996 0.187452 0.585526 0.187452 0.585056 0.187833 0.584117 0.187833 0.583647 0.188213 0.583177 0.188213 0.582707 0.188593 0.581767 0.188593 0.581297 0.188973 0.580827 0.188973 0.580357 0.189354 0.579417 0.189354 0.578947 0.189734 0.578477 0.189734 0.578008 0.190114 0.577068 0.190114 0.576598 0.190494 0.576128 0.190494 0.575658 0.190875 0.575188 0.190875 0.574718 0.191255 0.573778 0.191255 0.573308 0.191635 0.572838 0.191635 0.572368 0.192015 0.571429 0.192015 0.570959 0.192395 0.570489 0.192395 0.570019 0.192776 0.569079 0.192776 0.568609 0.193156 0.568139 0.193156 0.567669 0.193536 0.566729 0.193536 0.566259 0.193916 0.565789 0.193916 0.56532 0.194297 0.56438 0.194297 0.56391 0.194677 0.56344 0.194677 0.56297 0.195057 0.56203 0.195057 0.56156 0.195437 0.56109 0.195437 0.56062 0.195817 0.55968 0.195817 0.559211 0.196198 0.558741 0.196198 0.558271 0.196578 0.557331 0.196578 0.556861 0.196958 0.556391 0.196958 0.555921 0.197338 0.554981 0.197338 0.554511 0.197719 0.554041 0.197719 0.553571 0.198099 0.552632 0.198099 0.552162 0.198479 0.551692 0.198479 0.551222 0.198859 0.550282 0.198859 0.549812 0.19924 0.549342 0.19924 0.548872 0.19962 0.547932 0.19962 0.547462 0.2 0.546992 0.2 0.546523 0.20038 0.546053 0.20038 0.545583 0.20076 0.544643 0.20076 0.544173 0.201141 0.543703 0.201141 0.543233 0.201521 0.542293 0.201521 0.541823 0.201901 0.541353 0.201901 0.540883 0.202281 0.539944 0.202281 0.539474 0.202662 0.539004 0.202662 0.538534 0.203042 0.537594 0.203042 0.537124 0.203422 0.536654 0.203422 0.536184 0.203802 0.535244 0.203802 0.534774 0.204183 0.534305 0.204183 0.533835 0.204563 0.532895 0.204563 0.532425 0.204943 0.531955 0.204943 0.531485 0.205323 0.530545 0.205323 0.530075 0.205703 0.529605 0.205703 0.529135 0.206084 0.528195 0.206084 0.527726 0.206464 0.527256 0.206464 0.526786 0.206844 0.525846 0.206844 0.525376 0.207224 0.524906 0.207224 0.524436 0.207605 0.523496 0.207605 0.523026 0.207985 0.522556 0.207985 0.522086 0.208365 0.521147 0.208365 0.520677 0.208745 0.520207 0.208745 0.519737 0.209125 0.518797 0.209125 0.518327 0.209506 0.517857 0.209506 0.517387 0.209886 0.516917 0.209886 0.516447 0.210266 0.515508 0.210266 0.515038 0.210646 0.514568 0.210646 0.514098 0.211027 0.513158 0.211027 0.512688 0.211407 0.512218 0.211407 0.511748 0.211787 0.510808 0.211787 0.510338 0.212167 0.509868 0.212167 0.509398 0.212548 0.508459 0.212548 0.507989 0.212928 0.507519 0.212928 0.507049 0.213308 0.506109 0.213308 0.505639 0.213688 0.505169 0.213688 0.504699 0.214068 0.503759 0.214068 0.503289 0.214449 0.50282 0.214449 0.50235 0.214829 0.50141 0.214829 0.50094 0.215209 0.50047 0.215209 0.5 0.215589 0.49906 0.215589 0.49859 0.21597 0.49812 0.21597 0.49765 0.21635 0.496711 0.21635 0.496241 0.21673 0.495771 0.21673 0.495301 0.21711 0.494361 0.21711 0.493891 0.21749 0.493421 0.21749 0.492951 0.217871 0.492011 0.217871 0.491541 0.218251 0.491071 0.218251 0.490602 0.218631 0.489662 0.218631 0.489192 0.219011 0.488722 0.219011 0.488252 0.219392 0.487782 0.219392 0.487312 0.219772 0.486372 0.219772 0.485902 0.220152 0.485432 0.220152 0.484962 0.220532 0.484023 0.220532 0.483553 0.220913 0.483083 0.220913 0.482613 0.221293 0.481673 0.221293 0.481203 0.221673 0.480733 0.221673 0.480263 0.222053 0.479323 0.222053 0.478853 0.222433 0.478383 0.222433 0.477914 0.222814 0.476974 0.222814 0.476504 0.223194 0.476034 0.223194 0.475564 0.223574 0.474624 0.223574 0.474154 0.223954 0.473684 0.223954 0.473214 0.224335 0.472274 0.224335 0.471805 0.224715 0.471335 0.224715 0.470865 0.225095 0.469925 0.225095 0.469455 0.225475 0.468985 0.225475 0.468515 0.225856 0.467575 0.225856 0.467105 0.226236 0.466635 0.226236 0.466165 0.226616 0.465226 0.226616 0.464756 0.226996 0.464286 0.226996 0.463816 0.227376 0.462876 0.227376 0.462406 0.227757 0.461936 0.227757 0.461466 0.228137 0.460526 0.228137 0.460056 0.228517 0.459586 0.228517 0.459117 0.228897 0.458647 0.228897 0.458177 0.229278 0.457237 0.229278 0.456767 0.229658 0.456297 0.229658 0.455827 0.230038 0.454887 0.230038 0.454417 0.230418 0.453947 0.230418 0.453477 0.230798 0.452538 0.230798 0.452068 0.231179 0.451598 0.231179 0.451128 0.231559 0.450188 0.231559 0.449718 0.231939 0.449248 0.231939 0.448778 0.232319 0.447838 0.232319 0.447368 0.2327 0.446898 0.2327 0.446429 0.23308 0.445489 0.23308 0.445019 0.23346 0.444549 0.23346 0.444079 0.23384 0.443139 0.23384 0.442669 0.234221 0.442199 0.234221 0.441729 0.234601 0.440789 0.234601 0.44032 0.234981 0.43985 0.234981 0.43938 0.235361 0.43844 0.235361 0.43797 0.235741 0.4375 0.235741 0.43703 0.236122 0.43609 0.236122 0.43562 0.236502 0.43515 0.236502 0.43468 0.236882 0.433741 0.236882 0.433271 0.237262 0.432801 0.237262 0.432331 0.237643 0.431391 0.237643 0.430921 0.238023 0.430451 0.238023 0.429981 0.238403 0.429511 0.238403 0.429041 0.238783 0.428102 0.238783 0.427632 0.239163 0.427162 0.239163 0.426692 0.239544 0.425752 0.239544 0.425282 0.239924 0.424812 0.239924 0.424342 0.240304 0.423402 0.240304 0.422932 0.240684 0.422462 0.240684 0.421992 0.241065 0.421053 0.241065 0.420583 0.241445 0.420113 0.241445 0.419643 0.241825 0.418703 0.241825 0.418233 0.242205 0.417763 0.242205 0.417293 0.242586 0.416353 0.242586 0.415883 0.242966 0.415414 0.242966 0.414944 0.243346 0.414004 0.243346 0.413534 0.243726 0.413064 0.243726 0.412594 0.244106 0.411654 0.244106 0.411184 0.244487 0.410714 0.244487 0.410244 0.244867 0.409305 0.244867 0.408835 0.245247 0.408365 0.245247 0.407895 0.245627 0.406955 0.245627 0.406485 0.246008 0.406015 0.246008 0.405545 0.246388 0.404605 0.246388 0.404135 0.246768 0.403665 0.246768 0.403195 0.247148 0.402256 0.247148 0.401786 0.247529 0.401316 0.247529 0.400846 0.247909 0.400376 0.247909 0.399906 0.248289 0.398966 0.248289 0.398496 0.248669 0.398026 0.248669 0.397556 0.249049 0.396617 0.249049 0.396147 0.24943 0.395677 0.24943 0.395207 0.24981 0.394267 0.24981 0.393797 0.25019 0.393327 0.25019 0.392857 0.25057 0.391917 0.25057 0.391447 0.250951 0.390977 0.250951 0.390508 0.251331 0.389568 0.251331 0.389098 0.251711 0.388628 0.251711 0.388158 0.252091 0.387218 0.252091 0.386748 0.252471 0.386278 0.252471 0.385808 0.252852 0.384868 0.252852 0.384398 0.253232 0.383929 0.253232 0.383459 0.253612 0.382519 0.253612 0.382049 0.253992 0.381579 0.253992 0.381109 0.254373 0.380169 0.254373 0.379699 0.254753 0.379229 0.254753 0.378759 0.255133 0.37782 0.255133 0.37735 0.255513 0.37688 0.255513 0.37641 0.255894 0.37547 0.255894 0.375 0.256274 0.37453 0.256274 0.37406 0.256654 0.37312 0.256654 0.37359 0.257034 0.37406 0.257034 0.37453 0.256654 0.375 0.256654 0.37547 0.257034 0.37547 0.258175 0.375 0.258555 0.37547 0.258935 0.37547 0.259316 0.375 0.259696 0.37547 0.260076 0.375 0.260456 0.37547 0.260837 0.375 0.261217 0.375 0.261597 0.37547 0.261977 0.37547 0.262357 0.37594 0.262738 0.37594 0.263498 0.37641 0.263878 0.37641 0.264259 0.37688 0.264639 0.37688 0.265399 0.37735 0.265779 0.37735 0.26616 0.37782 0.26654 0.37782 0.268061 0.378289 0.268441 0.378289 0.269202 0.378759 0.269582 0.378759 0.269962 0.379229 0.270342 0.379229 0.271103 0.379699 0.271483 0.379699 0.271863 0.379229 0.272243 0.379699 0.272624 0.379699 0.273004 0.380169 0.273384 0.380169 0.273764 0.379699 0.274144 0.380169 0.274525 0.380169 0.275665 0.379699 0.276046 0.380169 0.276426 0.379699 0.276806 0.379699 0.277567 0.379229 0.277947 0.378759 0.277947 0.378759 0.278327 0.37782 0.279087 0.37782 0.28251 0.378289 0.28289 0.378289 0.28327 0.378759 0.28365 0.378759 0.284411 0.379229 0.284791 0.379229 0.285171 0.379699 0.285551 0.379699 0.286312 0.380169 0.286692 0.380169 0.287072 0.380639 0.287452 0.380639 0.288213 0.381109 0.288593 0.381109 0.288973 0.381579 0.288973 0.382049 0.289354 0.382049 0.289734 0.382519 0.289734 0.382989 0.290114 0.384398 0.290114 0.384868 0.290494 0.385338 0.290114 0.386748 0.290114 0.387218 0.290494 0.387218 0.290875 0.388158 0.290875 0.388628 0.291255 0.388628 0.292015 0.389098 0.292015 0.391447 0.293916 0.391447 0.294677 0.391917 0.295057 0.391917 0.295437 0.392387 0.295817 0.392387 0.296578 0.392857 0.296958 0.392857 0.297338 0.393327 0.297719 0.393327 0.298099 0.392857 0.298479 0.392387 0.298479 0.392857 0.298859 0.392857 0.29924 0.393797 0.3 0.393797 0.30038 0.394267 0.30076 0.394267 0.303422 0.394737 0.303802 0.394737 0.304183 0.395207 0.304563 0.395207 0.305323 0.395677 0.305703 0.395677 0.306084 0.396147 0.306464 0.396147 0.307224 0.396617 0.307605 0.396617 0.307985 0.397086 0.308365 0.397086 0.310266 0.396617 0.310646 0.396147 0.310646 0.395677 0.310266 0.395677 0.309506 0.395207 0.309125 0.394737 0.309125 0.395207 0.309506 0.395207 0.310266 0.395677 0.310266 0.396147 0.310646 0.394737 0.311787 0.394267 0.311787 0.393797 0.312167 0.392857 0.312167 0.392387 0.312548 0.391917 0.312548 0.391917 0.312928 0.391447 0.313308 0.390977 0.313308 0.390038 0.314068 0.390038 0.31597 0.390508 0.31635 0.390508 0.31711 0.390977 0.31749 0.390977 0.317871 0.391447 0.318251 0.391447 0.319011 0.391917 0.319392 0.391917 0.319772 0.392387 0.320152 0.392387 0.320913 0.392857 0.321293 0.392857 0.321673 0.393327 0.322053 0.393327 0.322814 0.393797 0.323194 0.393797 0.323574 0.394267 0.323954 0.394267 0.324715 0.394737 0.325095 0.394737 0.325475 0.395207 0.325856 0.395207 0.326616 0.395677 0.326996 0.395677 0.327376 0.396147 0.327757 0.396147 0.328517 0.396617 0.328897 0.396617 0.329278 0.397086 0.329658 0.397086 0.330038 0.397556 0.330418 0.397556 0.331179 0.398026 0.331559 0.398026 0.331939 0.398496 0.332319 0.398496 0.33308 0.398966 0.33308 0.399436 0.33346 0.399436 0.33384 0.399906 0.334221 0.399906 0.334981 0.400376 0.335361 0.400376 0.335741 0.400846 0.336122 0.400846 0.336502 0.401786 0.337262 0.401786 0.337643 0.402726 0.337643 0.403195 0.338023 0.403665 0.338023 0.404135 0.337643 0.404605 0.338023 0.406015 0.338023 0.406485 0.337643 0.406955 0.338023 0.407425 0.338023 0.407895 0.337643 0.408365 0.337643 0.408835 0.337262 0.409305 0.337643 0.409774 0.337643 0.410244 0.338023 0.410244 0.338403 0.410714 0.338783 0.410714 0.339163 0.411184 0.339544 0.411184 0.339924 0.412124 0.340684 0.412124 0.341065 0.412594 0.341445 0.412594 0.342205 0.413064 0.342586 0.413064 0.342966 0.413534 0.342966 0.414004 0.343346 0.414004 0.343726 0.414474 0.343726 0.415414 0.344487 0.416353 0.344487 0.416823 0.344867 0.416823 0.345627 0.417293 0.346008 0.417293 0.346388 0.417763 0.346768 0.417763 0.347529 0.418233 0.347909 0.418233 0.348289 0.418703 0.348669 0.418703 0.34943 0.419173 0.34981 0.419173 0.35019 0.419643 0.35057 0.419643 0.350951 0.420113 0.351331 0.420113 0.352091 0.420583 0.352471 0.420583 0.353612 0.420113 0.353992 0.419643 0.353992 0.419173 0.354373 0.419173 0.354753 0.418703 0.355133 0.418703 0.355513 0.419173 0.355894 0.418703 0.356274 0.419173 0.356654 0.418703 0.357034 0.418703 0.357414 0.419173 0.357795 0.419173 0.358175 0.418703 0.358555 0.419173 0.358935 0.419173 0.359316 0.419643 0.359696 0.419643 0.361217 0.420113 0.361597 0.420113 0.362357 0.420583 0.362738 0.420113 0.363118 0.420583 0.363498 0.420583 0.363878 0.419643 0.364639 0.419173 0.364639 0.418703 0.365019 0.418233 0.365019 0.417763 0.365399 0.417293 0.365399 0.415883 0.36654 0.415883 0.369202 0.416353 0.369582 0.416353 0.369962 0.416823 0.370342 0.416823 0.370722 0.417293 0.371103 0.417293 0.371863 0.417763 0.372243 0.417763 0.372624 0.418233 0.373004 0.418233 0.373764 0.418703 0.374144 0.418703 0.374525 0.419173 0.374905 0.419173 0.375665 0.419643 0.376046 0.419643 0.376426 0.420113 0.376806 0.420113 0.377567 0.420583 0.377947 0.420583 0.378327 0.421053 0.378707 0.421053 0.379468 0.421523 0.379848 0.421523 0.380228 0.421992 0.380608 0.421992 0.381369 0.422462 0.381749 0.422462 0.382129 0.422932 0.38251 0.422932 0.38327 0.423402 0.38365 0.423402 0.38403 0.423872 0.384411 0.423872 0.385171 0.424342 0.385551 0.424342 0.385932 0.424812 0.386312 0.424812 0.387072 0.426222 0.388213 0.426222 0.388593 0.426692 0.388973 0.426692 0.389734 0.427162 0.390114 0.427162 0.390494 0.427632 0.390875 0.427632 0.391635 0.428102 0.392015 0.428102 0.392395 0.428571 0.392776 0.428571 0.393536 0.429041 0.393916 0.429041 0.394297 0.429511 0.394677 0.429511 0.395437 0.429981 0.395817 0.429981 0.396198 0.430451 0.396578 0.430451 0.397338 0.431861 0.398479 0.43468 0.398479 0.43515 0.398099 0.43562 0.398479 0.43609 0.398099 0.43703 0.398099 0.4375 0.397719 0.43797 0.397719 0.43844 0.397338 0.44032 0.397338 0.440789 0.396958 0.441259 0.396958 0.441729 0.397338 0.442199 0.397338 0.442669 0.397719 0.442669 0.398099 0.443609 0.398859 0.443609 0.39924 0.444079 0.39962 0.444079 0.4 0.444549 0.40038 0.444549 0.401141 0.445019 0.401521 0.445019 0.401901 0.445489 0.402281 0.445489 0.403042 0.445959 0.403422 0.445959 0.403802 0.446898 0.403802 0.447368 0.404183 0.447368 0.404563 0.447838 0.404943 0.447838 0.405703 0.448308 0.406084 0.448308 0.406464 0.448778 0.406844 0.448778 0.407605 0.449248 0.407985 0.449248 0.408365 0.449718 0.408745 0.449718 0.409506 0.450188 0.409886 0.450188 0.410266 0.450658 0.410646 0.450658 0.41711 0.450188 0.41749 0.449718 0.41749 0.449718 0.417871 0.449248 0.418251 0.448778 0.418251 0.448778 0.418631 0.448308 0.419011 0.448308 0.419392 0.447838 0.419772 0.448308 0.420152 0.448308 0.420913 0.448778 0.421293 0.448778 0.421673 0.449248 0.422053 0.449248 0.422814 0.449718 0.423194 0.449718 0.423954 0.449248 0.424335 0.449248 0.426996 0.449718 0.427376 0.449718 0.427757 0.451598 0.427757 0.452068 0.427376 0.452538 0.427757 0.453477 0.427757 0.453947 0.428137 0.454417 0.427757 0.454887 0.428137 0.455357 0.428137 0.455827 0.427757 0.456767 0.428517 0.457237 0.428517 0.457707 0.428897 0.457707 0.429278 0.458177 0.429658 0.458647 0.429658 0.459117 0.430038 0.459117 0.430418 0.459586 0.430418 0.460056 0.430798 0.460526 0.430798 0.461466 0.431559 0.461466 0.431939 0.461936 0.432319 0.461936 0.4327 0.462406 0.4327 0.462876 0.43308 0.462876 0.43384 0.463346 0.434221 0.463346 0.434601 0.463816 0.434981 0.463816 0.435741 0.464286 0.435741 0.464756 0.436122 0.464756 0.436502 0.465226 0.436882 0.465226 0.437643 0.465695 0.438023 0.465695 0.438403 0.466165 0.438783 0.466165 0.439544 0.466635 0.439924 0.466635 0.440304 0.467105 0.440684 0.467105 0.441065 0.466635 0.441445 0.467105 0.441825 0.467105 0.442966 0.466165 0.443726 0.466165 0.444487 0.466635 0.444867 0.466635 0.445627 0.467105 0.446008 0.467105 0.446388 0.467575 0.446768 0.467575 0.447148 0.468045 0.447529 0.468045 0.448289 0.468515 0.448669 0.468515 0.449049 0.468985 0.44943 0.468985 0.45019 0.469455 0.45057 0.468985 0.450951 0.468985 0.451331 0.469455 0.451711 0.469455 0.452852 0.468045 0.453992 0.467105 0.453992 0.466635 0.454373 0.466165 0.454373 0.465226 0.455133 0.464756 0.455133 0.463346 0.456274 0.462876 0.456274 0.462876 0.456654 0.461936 0.457414 0.462406 0.457795 0.461466 0.458555 0.461936 0.458935 0.461936 0.459316 0.462406 0.459696 0.462406 0.461217 0.462876 0.461597 0.462876 0.462357 0.463346 0.462738 0.463346 0.463118 0.463816 0.463498 0.463816 0.464259 0.464286 0.464639 0.464286 0.465019 0.464756 0.465399 0.464756 0.46616 0.465226 0.46654 0.465226 0.46692 0.465695 0.4673 0.465695 0.468061 0.466165 0.468441 0.466165 0.468821 0.466635 0.469202 0.466635 0.469962 0.468045 0.471103 0.468045 0.471483 0.468515 0.471863 0.468515 0.472624 0.468985 0.473004 0.468985 0.473384 0.469455 0.473764 0.469455 0.474525 0.469925 0.474905 0.469925 0.475285 0.470395 0.475665 0.470395 0.476046 0.471335 0.476806 0.471335 0.477186 0.471805 0.477186 0.472274 0.477567 0.472274 0.477947 0.472744 0.477947 0.473214 0.478327 0.474624 0.478327 0.475094 0.478707 0.475564 0.478327 0.478853 0.478327 0.479323 0.477947 0.479793 0.478327 0.480263 0.477947 0.480733 0.477947 0.481203 0.478327 0.481673 0.478327 0.482143 0.478707 0.482613 0.478707 0.484023 0.479848 0.484023 0.480228 0.484492 0.480608 0.484492 0.481369 0.484962 0.481749 0.484962 0.482129 0.485432 0.48251 0.485432 0.48327 0.486842 0.484411 0.486842 0.484791 0.487312 0.484791 0.488252 0.485551 0.489192 0.485551 0.489662 0.485932 0.489662 0.486692 0.490132 0.486312 0.490602 0.486692 0.490602 0.487452 0.491071 0.487833 0.491071 0.488213 0.491541 0.488593 0.491541 0.489354 0.492011 0.489734 0.492011 0.490114 0.492481 0.490494 0.492481 0.491255 0.492951 0.491635 0.492951 0.492015 0.493421 0.492395 0.493421 0.493156 0.493891 0.493536 0.493891 0.493916 0.494361 0.494297 0.494361 0.495057 0.494831 0.495437 0.494831 0.495817 0.495301 0.496198 0.495301 0.496958 0.495771 0.497338 0.495771 0.497719 0.496241 0.498099 0.496241 0.498859 0.496711 0.49924 0.496711 0.49962 0.49718 0.5 0.49718 0.50076 0.49765 0.501141 0.49765 0.501521 0.49812 0.501901 0.49812 0.502662 0.49859 0.503042 0.49859 0.503422 0.49906 0.503802 0.49906 0.504563 0.49953 0.504943 0.49953 0.505323 0.5 0.505703 0.5 0.506464 0.50047 0.506844 0.50047 0.507224 0.50094 0.507605 0.50094 0.508365 0.50141 0.508745 0.50141 0.509125 0.50188 0.509506 0.50188 0.509886 0.50235 0.510266 0.50235 0.511027 0.50282 0.511407 0.50282 0.511787 0.503289 0.512167 0.503289 0.512928 0.503759 0.513308 0.503759 0.513688 0.504229 0.514068 0.504229 0.514829 0.504699 0.515209 0.504699 0.515589 0.505169 0.51597 0.505169 0.51673 0.505639 0.51711 0.505639 0.51749 0.506109 0.517871 0.506109 0.518631 0.506579 0.519011 0.506579 0.519392 0.507049 0.519772 0.507049 0.520532 0.507519 0.520913 0.507519 0.521293 0.507989 0.521673 0.507989 0.522433 0.508459 0.522814 0.508459 0.523194 0.508929 0.523574 0.508929 0.524335 0.509398 0.524715 0.509398 0.525095 0.509868 0.525475 0.509868 0.526236 0.510338 0.526616 0.510338 0.526996 0.510808 0.527376 0.510808 0.528137 0.511278 0.528517 0.511278 0.528897 0.511748 0.529278 0.511748 0.530038 0.512218 0.530418 0.512218 0.530798 0.512688 0.531179 0.512688 0.531939 0.513158 0.532319 0.512688 0.5327 0.512218 0.5327 0.512688 0.53308 0.512688 0.53384 0.513158 0.534221 0.513628 0.534221 0.514568 0.534981 0.514568 0.535361 0.515038 0.535741 0.515038 0.536502 0.515508 0.536882 0.515508 0.537262 0.515977 0.537643 0.515977 0.538403 0.516447 0.538783 0.516447 0.539163 0.516917 0.539544 0.516917 0.540304 0.517387 0.540684 0.517387 0.541065 0.517857 0.541445 0.517857 0.542205 0.518327 0.542586 0.518327 0.542966 0.518797 0.543346 0.518797 0.544106 0.519267 0.544487 0.519267 0.544867 0.519737 0.545247 0.519737 0.546008 0.520207 0.546388 0.520207 0.546768 0.520677 0.547148 0.520677 0.547909 0.522086 0.549049 0.522086 0.54943 0.522556 0.54981 0.522556 0.55057 0.523026 0.550951 0.523026 0.551331 0.523496 0.551711 0.523496 0.552471 0.523966 0.552852 0.523966 0.553232 0.524436 0.553612 0.524436 0.554373 0.524906 0.554753 0.524906 0.555133 0.525376 0.555513 0.525376 0.556274 0.525846 0.556654 0.525846 0.557034 0.526316 0.557414 0.526316 0.558175 0.526786 0.558555 0.526786 0.558935 0.527256 0.559316 0.527256 0.560076 0.527726 0.560456 0.527726 0.560837 0.528195 0.561217 0.528195 0.561977 0.528665 0.562357 0.528665 0.562738 0.529135 0.563118 0.529135 0.563878 0.529605 0.564259 0.529605 0.564639 0.530075 0.565019 0.530075 0.565399 0.529605 0.565779 0.530075 0.56616 0.530075 0.567681 0.530545 0.567681 0.531015 0.568061 0.531015 0.568441 0.531955 0.569202 0.531955 0.569582 0.532425 0.569962 0.532425 0.570342 0.532895 0.570722 0.532895 0.571103 0.533365 0.571483 0.533365 0.572243 0.533835 0.572624 0.533835 0.573004 0.534305 0.573384 0.534305 0.574144 0.534774 0.574525 0.534774 0.574905 0.535244 0.574905 0.535714 0.575285 0.535714 0.576046 0.536184 0.576426 0.536184 0.576806 0.536654 0.577186 0.536654 0.577567 0.537124 0.577567 0.537594 0.577947 0.537594 0.578327 0.539004 0.578327 0.539944 0.579087 0.539944 0.579468 0.540883 0.579468 0.540414 0.579087 0.540883 0.578707 0.541823 0.578707 0.542293 0.578327 0.542763 0.578707 0.543233 0.578707 0.543703 0.578327 0.544173 0.578327 0.544643 0.577947 0.546523 0.577947 0.546992 0.577567 0.547462 0.577567 0.547932 0.577186 0.548872 0.577186 0.549342 0.576806 0.550282 0.576806 0.550752 0.576426 0.551222 0.576426 0.551692 0.576046 0.552632 0.576046 0.553102 0.575665 0.554511 0.575665 0.555451 0.574905 0.555921 0.574905 0.556391 0.574525 0.557331 0.574525 0.557801 0.574144 0.558271 0.574144 0.558741 0.573764 0.55968 0.573764 0.56015 0.573384 0.56109 0.573384 0.56203 0.574144 0.56203 0.574905 0.5625 0.574525 0.5625 0.574144 0.56203 0.573764 0.5625 0.573384 0.5625 0.573004 0.56344 0.572243 0.56438 0.572243 0.56485 0.572624 0.56485 0.573004 0.56532 0.573004 0.56532 0.572624 0.565789 0.572243 0.566259 0.572243 0.566729 0.572624 0.567199 0.572243 0.566729 0.571863 0.566729 0.571103 0.567199 0.570722 0.568139 0.570722 0.568609 0.571103 0.568609 0.571863 0.569079 0.571863 0.569549 0.571483 0.570019 0.571863 0.570019 0.572243 0.570489 0.572243 0.570489 0.571863 0.570019 0.571483 0.570019 0.571103 0.570489 0.570722 0.570959 0.570722 0.571429 0.570342 0.571898 0.570342 0.572368 0.570722 0.572368 0.571103 0.572838 0.571103 0.572838 0.570342 0.572368 0.569962 0.572368 0.569582 0.573308 0.568821 0.574718 0.568821 0.575188 0.569202 0.575188 0.569582 0.575658 0.569582 0.575658 0.569202 0.575188 0.568821 0.575188 0.568441 0.575658 0.568061 0.576128 0.568441 0.576598 0.568441 0.577538 0.567681 0.578008 0.568061 0.578008 0.568441 0.578477 0.568441 0.578477 0.567681 0.578947 0.5673 0.579417 0.5673 0.579887 0.567681 0.579887 0.568061 0.580827 0.568061 0.581297 0.567681 0.581767 0.567681 0.581767 0.56692 0.582237 0.56654 0.582707 0.56692 0.582707 0.5673 0.583177 0.5673 0.583177 0.56692 0.582707 0.56654 0.582707 0.56616 0.583177 0.565779 0.583647 0.56616 0.584586 0.56616 0.585056 0.56654 0.585526 0.56654 0.585056 0.56616 0.585056 0.565779 0.585526 0.565399 0.585996 0.565399 0.586466 0.565019 0.586936 0.565399 0.586936 0.565779 0.587406 0.56616 0.587406 0.56692 0.589286 0.56692 0.589286 0.56616 0.589756 0.565779 0.590226 0.565779 0.590695 0.56616 0.591165 0.56616 0.591165 0.565779 0.590695 0.565779 0.590226 0.565399 0.590695 0.565019 0.591635 0.565019 0.592105 0.564639 0.593045 0.565399 0.593515 0.565399 0.593045 0.565019 0.593045 0.564259 0.592575 0.563878 0.593045 0.563498 0.593515 0.563498 0.593985 0.563118 0.594925 0.563878 0.594925 0.564259 0.595395 0.564259 0.595865 0.563878 0.595395 0.563498 0.595395 0.563118 0.595865 0.562738 0.595395 0.562357 0.595395 0.561977 0.595865 0.561597 0.596335 0.561977 0.596805 0.561977 0.597744 0.562738 0.597744 0.563118 0.598214 0.563498 0.598214 0.563878 0.598684 0.563878 0.598684 0.563498 0.598214 0.563118 0.598684 0.562738 0.599154 0.562738 0.599624 0.563118 0.599624 0.563498 0.600094 0.563118 0.599624 0.562738 0.599624 0.562357 0.599154 0.561977 0.599154 0.561597 0.599624 0.561217 0.600094 0.561217 0.601504 0.562357 0.601974 0.562357 0.601974 0.561977 0.602444 0.561597 0.602914 0.561977 0.603383 0.561597 0.603853 0.561597 0.603853 0.561217 0.603383 0.561597 0.602914 0.561217 0.602914 0.560837 0.602444 0.560837 0.601974 0.560456 0.602444 0.560076 0.603383 0.560076 0.603853 0.560456 0.603853 0.559696 0.604323 0.559316 0.604793 0.559696 0.604793 0.560076 0.605263 0.560456 0.605263 0.560837 0.605733 0.561217 0.605733 0.561597 0.605263 0.561977 0.605733 0.562357 0.605733 0.561977 0.606673 0.561217 0.606203 0.560837 0.606203 0.560076 0.606673 0.559696 0.607143 0.560076 0.607613 0.560076 0.607143 0.559696 0.607143 0.559316 0.606203 0.560076 0.605733 0.559696 0.605733 0.559316 0.605263 0.558935 0.605733 0.558555 0.606673 0.558555 0.607143 0.558175 0.608083 0.558935 0.608083 0.559316 0.608553 0.559696 0.608553 0.560456 0.609023 0.560837 0.609023 0.561217 0.609492 0.561597 0.609492 0.560837 0.609023 0.560456 0.609023 0.559696 0.609492 0.559316 0.609962 0.559696 0.609962 0.560076 0.610432 0.560456 0.610432 0.561217 0.610902 0.560837 0.610902 0.560456 0.610432 0.560076 0.610432 0.559696 0.609962 0.559316 0.609962 0.558555 0.610432 0.558175 0.610902 0.558555 0.611842 0.557795 0.612312 0.558175 0.612312 0.558935 0.612782 0.559316 0.612782 0.559696 0.613252 0.559316 0.614192 0.560076 0.614192 0.560456 0.614662 0.560076 0.614662 0.559696 0.614192 0.559316 0.614192 0.558935 0.613722 0.558555 0.613722 0.558175 0.613252 0.557795 0.613252 0.557034 0.612782 0.556654 0.612782 0.555513 0.613252 0.555133 0.614192 0.555133 0.614662 0.554753 0.615132 0.554753 0.615602 0.554373 0.616541 0.554373 0.617011 0.553992 0.617481 0.554373 0.617481 0.554753 0.617011 0.555133 0.617011 0.555894 0.617481 0.556274 0.617481 0.557414 0.617011 0.557795 0.616541 0.557414 0.616541 0.556654 0.616071 0.556654 0.616071 0.557034 0.617011 0.557795 0.617011 0.558175 0.617481 0.558555 0.617951 0.558175 0.618421 0.558555 0.618891 0.558175 0.618891 0.557034 0.618421 0.556654 0.618891 0.556274 0.619831 0.556274 0.620771 0.557034 0.619831 0.557795 0.620301 0.558175 0.620771 0.558175 0.620771 0.557795 0.621241 0.557414 0.621241 0.556654 0.620771 0.556274 0.621241 0.555894 0.621711 0.555894 0.621241 0.555513 0.621241 0.555133 0.62218 0.554373 0.62265 0.554753 0.62265 0.555133 0.62312 0.555513 0.62312 0.556274 0.62359 0.556654 0.62359 0.557034 0.62406 0.557414 0.62406 0.557795 0.625 0.558555 0.625 0.558935 0.62453 0.559316 0.62453 0.559696 0.625 0.559696 0.625 0.559316 0.62547 0.558935 0.62594 0.559316 0.62594 0.559696 0.62641 0.560076 0.62782 0.560076 0.628289 0.559696 0.628759 0.560076 0.628759 0.561217 0.629229 0.561597 0.629229 0.560837 0.629699 0.560456 0.629699 0.559696 0.630169 0.559316 0.630639 0.559696 0.630639 0.560076 0.631109 0.560076 0.632049 0.559316 0.632989 0.560076 0.632989 0.560456 0.633929 0.560456 0.633929 0.560076 0.632989 0.559316 0.632989 0.558935 0.633459 0.558555 0.633929 0.558555 0.633929 0.558175 0.634398 0.557795 0.634868 0.558175 0.636278 0.557034 0.637218 0.557034 0.638628 0.555894 0.639098 0.555894 0.639098 0.555513 0.639568 0.555133 0.640508 0.555133 0.640977 0.554753 0.641447 0.554753 0.641917 0.554373 0.642387 0.554373 0.642857 0.554753 0.642857 0.555133 0.643797 0.555133 0.643327 0.554753 0.643327 0.554373 0.644267 0.553612 0.644737 0.553992 0.644737 0.554373 0.645207 0.554373 0.645677 0.553992 0.645207 0.553612 0.645677 0.553232 0.646147 0.553232 0.647086 0.552471 0.647556 0.552471 0.648026 0.552091 0.648496 0.552091 0.648966 0.552471 0.649436 0.552471 0.650376 0.551711 0.651316 0.551711 0.651786 0.551331 0.652256 0.551331 0.653195 0.55057 0.653665 0.550951 0.653665 0.551331 0.654135 0.551711 0.654135 0.552091 0.654605 0.552471 0.654135 0.552852 0.654135 0.553232 0.654605 0.553612 0.654605 0.553992 0.655075 0.553992 0.655545 0.553612 0.656485 0.553612 0.656955 0.553232 0.657425 0.553232 0.656485 0.552471 0.656485 0.551711 0.655545 0.551711 0.655075 0.551331 0.654605 0.551711 0.654135 0.551331 0.654135 0.550951 0.655075 0.55019 0.655545 0.55019 0.655545 0.54981 0.656015 0.54943 0.656485 0.54943 0.656485 0.549049 0.656955 0.548669 0.657425 0.548669 0.657895 0.549049 0.658365 0.548669 0.658835 0.548669 0.659305 0.548289 0.660244 0.548289 0.660714 0.547909 0.661184 0.547909 0.661654 0.547529 0.662594 0.547529 0.663064 0.547148 0.663534 0.547148 0.664004 0.546768 0.664944 0.546768 0.664944 0.546388 0.665414 0.546008 0.665883 0.546008 0.666353 0.545627 0.666823 0.546008 0.667293 0.546008 0.667293 0.545627 0.667763 0.545247 0.668233 0.545247 0.668703 0.544867 0.670113 0.544867 0.670583 0.544487 0.671523 0.544487 0.671992 0.544867 0.671992 0.544487 0.672462 0.544106 0.672932 0.544106 0.674342 0.542966 0.675282 0.542966 0.676222 0.543726 0.676222 0.544106 0.675752 0.544487 0.674812 0.543726 0.674342 0.544106 0.674812 0.544487 0.674342 0.544867 0.673872 0.544867 0.673872 0.545247 0.674342 0.545627 0.674812 0.545247 0.675282 0.545627 0.675752 0.545627 0.676222 0.546008 0.676222 0.546768 0.675752 0.547148 0.675282 0.546768 0.675282 0.546388 0.674812 0.546768 0.674812 0.547148 0.675282 0.547529 0.676222 0.546768 0.677162 0.546768 0.677632 0.546388 0.678571 0.546388 0.679041 0.546008 0.679511 0.546008 0.679981 0.545627 0.680921 0.545627 0.681391 0.545247 0.681861 0.545247 0.682331 0.544867 0.682801 0.544867 0.682801 0.542966 0.682331 0.542586 0.682331 0.542205 0.681391 0.542205 0.680921 0.541825 0.680921 0.541445 0.680451 0.541065 0.680451 0.540304 0.680921 0.539924 0.680921 0.539163 0.679981 0.539163 0.679511 0.538783 0.679511 0.538403 0.679981 0.538023 0.679981 0.537262 0.680451 0.536882 0.680921 0.537262 0.680921 0.537643 0.681391 0.537643 0.681861 0.537262 0.682801 0.538023 0.682801 0.538783 0.683271 0.539163 0.683271 0.539544 0.683741 0.539924 0.683741 0.540304 0.684211 0.540684 0.684211 0.541445 0.68468 0.541825 0.68468 0.542205 0.68515 0.542586 0.68515 0.543346 0.68562 0.543726 0.68562 0.544106 0.68609 0.543726 0.68562 0.543346 0.68562 0.542586 0.68515 0.542205 0.68515 0.541825 0.68468 0.541445 0.68515 0.541065 0.68609 0.541065 0.68656 0.540684 0.68656 0.540304 0.68703 0.539924 0.6875 0.540304 0.6875 0.541065 0.68797 0.541445 0.68797 0.541825 0.68844 0.542205 0.68844 0.542966 0.68891 0.542966 0.68938 0.542586 0.69032 0.542586 0.690789 0.542205 0.691259 0.542205 0.692199 0.541445 0.692669 0.541445 0.693139 0.541065 0.693609 0.541065 0.694079 0.540684 0.694549 0.540684 0.695019 0.540304 0.697368 0.540304 0.697838 0.539924 0.698308 0.539924 0.698778 0.539544 0.699718 0.539544 0.700188 0.539163 0.700658 0.539163 0.701128 0.538783 0.702068 0.538783 0.702538 0.538403 0.703008 0.538403 0.703477 0.538023 0.704417 0.538023 0.704887 0.537643 0.705357 0.537643 0.705827 0.537262 0.706297 0.537262 0.706767 0.536882 0.707707 0.536882 0.708177 0.536502 0.708647 0.536502 0.709117 0.536122 0.710056 0.536122 0.710526 0.535741 0.710996 0.535741 0.711466 0.535361 0.712406 0.535361 0.712876 0.534981 0.713346 0.534981 0.713816 0.534601 0.714756 0.534601 0.715226 0.534221 0.715695 0.534221 0.716165 0.53384 0.717105 0.53384 0.717575 0.53346 0.718045 0.53346 0.718515 0.53308 0.719455 0.53308 0.719925 0.5327 0.720395 0.5327 0.720865 0.532319 0.721805 0.532319 0.722274 0.531939 0.722744 0.531939 0.723214 0.531559 0.724154 0.531559 0.724624 0.531179 0.725094 0.531179 0.725564 0.530798 0.726504 0.530798 0.726974 0.530418 0.727444 0.530418 0.727914 0.530038 0.728853 0.530038 0.729323 0.529658 0.729793 0.529658 0.730263 0.529278 0.731203 0.529278 0.731673 0.528897 0.732143 0.528897 0.732613 0.528517 0.733553 0.528517 0.734023 0.528137 0.734492 0.528137 0.734962 0.527757 0.735432 0.527757 0.735902 0.527376 0.736842 0.527376 0.737312 0.526996 0.737782 0.526996 0.738252 0.526616 0.739192 0.526616 0.739662 0.526236 0.740132 0.526236 0.740602 0.525856 0.741541 0.525856 0.742011 0.525475 0.741541 0.525095 0.742011 0.524715 0.741541 0.524335 0.741541 0.523574 0.742011 0.523194 0.742481 0.523194 0.742481 0.522433 0.742011 0.522053 0.741541 0.522053 0.741541 0.522433 0.741071 0.522814 0.740602 0.522433 0.740602 0.521673 0.740132 0.521293 0.740132 0.519772 0.739662 0.519392 0.739662 0.519011 0.739192 0.518631 0.739192 0.517871 0.738722 0.51749 0.738722 0.51711 0.738252 0.51673 0.738252 0.51597 0.737782 0.515589 0.738252 0.515209 0.737782 0.514829 0.737782 0.514449 0.738722 0.513688 0.738722 0.513308 0.739192 0.512928 0.739662 0.512928 0.740132 0.513308 0.740602 0.513308 0.741541 0.512548 0.742011 0.512548 0.742011 0.512167 0.742481 0.511787 0.742951 0.511787 0.743421 0.512167 0.743891 0.511787 0.744361 0.511787 0.744831 0.511407 0.745771 0.511407 0.746241 0.511027 0.746711 0.511027 0.74718 0.510646 0.74812 0.510646 0.74859 0.510266 0.74906 0.510266 0.74953 0.510646 0.75 0.510646 0.75 0.509886 0.75047 0.509506 0.75141 0.509506 0.75188 0.509125 0.75235 0.509125 0.75282 0.508745 0.753289 0.508745 0.753759 0.508365 0.754699 0.508365 0.755169 0.507985 0.755639 0.507985 0.756109 0.507605 0.757049 0.507605 0.757519 0.507224 0.758459 0.507224 0.759398 0.507985 0.759398 0.508365 0.759868 0.508745 0.759868 0.509125 0.760338 0.508745 0.760338 0.508365 0.759868 0.507985 0.759868 0.507605 0.759398 0.507224 0.759398 0.506844 0.759868 0.506464 0.760338 0.506464 0.761278 0.505703 0.761748 0.505703 0.762218 0.505323 0.763158 0.505323 0.763628 0.504943 0.765508 0.504943 0.766447 0.505703 0.766917 0.505703 0.766917 0.505323 0.766447 0.504943 0.766447 0.504183 0.766917 0.503802 0.768327 0.503802 0.769267 0.503042 0.769737 0.503042 0.770207 0.502662 0.771147 0.502662 0.771617 0.502281 0.772086 0.502281 0.772556 0.501901 0.773496 0.501901 0.773966 0.501521 0.774436 0.501521 0.774906 0.501141 0.777256 0.501141 0.777726 0.50076 0.778195 0.501141 0.778665 0.501141 0.778665 0.50076 0.779605 0.5 0.780075 0.5 0.780545 0.50038 0.780545 0.50076 0.781015 0.50038 0.780545 0.5 0.781015 0.49962 0.781485 0.49962 0.781955 0.49924 0.782425 0.49924 0.782895 0.49962 0.784305 0.49962 0.783835 0.49924 0.783835 0.498859 0.784305 0.498479 0.785244 0.49924 0.785244 0.498479 0.785714 0.498099 0.786184 0.498099 0.786654 0.498479 0.786654 0.498859 0.788064 0.5 0.788064 0.49924 0.787594 0.49924 0.787124 0.498859 0.787124 0.498099 0.787594 0.497719 0.788064 0.497719 0.788534 0.497338 0.788534 0.496958 0.789004 0.496578 0.789474 0.496958 0.789944 0.496958 0.790414 0.496578 0.790883 0.496958 0.790883 0.497338 0.791353 0.497719 0.791353 0.498099 0.792293 0.498099 0.792763 0.498479 0.792763 0.497719 0.793233 0.497338 0.793703 0.497338 0.794173 0.496958 0.794643 0.496958 0.794173 0.496578 0.794173 0.496198 0.793703 0.495817 0.793703 0.495437 0.794173 0.495057 0.794643 0.495057 0.795113 0.494677 0.795583 0.495057 0.796523 0.494297 0.796992 0.494297 0.797462 0.494677 0.797462 0.495057 0.797932 0.495057 0.797932 0.494677 0.797462 0.494297 0.798402 0.493536 0.798872 0.493536 0.799342 0.493156 0.800282 0.493156 0.800752 0.492776 0.801222 0.493156 0.801692 0.493156 0.801692 0.492776 0.802162 0.492395 0.802632 0.492395 0.803102 0.492776 0.803102 0.493156 0.803571 0.493536 0.804041 0.493536 0.804041 0.493156 0.804511 0.492776 0.804511 0.492395 0.804041 0.492015 0.804511 0.491635 0.804981 0.491635 0.805451 0.491255 0.805921 0.491255 0.806391 0.490875 0.807331 0.490875 0.808271 0.491635 0.808741 0.491255 0.809211 0.491255 0.81015 0.490494 0.81062 0.490494 0.81062 0.489734 0.81109 0.489354 0.81156 0.489354 0.8125 0.488593 0.81344 0.488593 0.81438 0.487833 0.81532 0.488593 0.81532 0.489354 0.815789 0.489734 0.815789 0.490114 0.816259 0.490494 0.816259 0.490875 0.816729 0.490875 0.816729 0.490494 0.816259 0.490114 0.816259 0.489734 0.815789 0.489354 0.815789 0.488593 0.81532 0.488213 0.81532 0.487452 0.815789 0.487072 0.816259 0.487072 0.816729 0.486692 0.817199 0.486692 0.818139 0.487452 0.818609 0.487452 0.819079 0.487072 0.819079 0.486312 0.819549 0.485932 0.820489 0.485932 0.820959 0.486312 0.821429 0.486312 0.822368 0.485551 0.823308 0.486312 0.823778 0.486312 0.823308 0.485932 0.823308 0.485171 0.823778 0.484791 0.824248 0.484791 0.824718 0.484411 0.825658 0.484411 0.826128 0.48403 0.827068 0.48403 0.827538 0.48365 0.828008 0.48365 0.828477 0.48327 0.828947 0.48327 0.829417 0.48365 0.829417 0.48403 0.829887 0.48365 0.829887 0.48327 0.829417 0.48289 0.829887 0.48251 0.830357 0.48251 0.830827 0.482129 0.831297 0.48251 0.831767 0.48251 0.833177 0.481369 0.833647 0.481749 0.834117 0.481749 0.835526 0.480608 0.836936 0.480608 0.837406 0.480228 0.837876 0.480608 0.838346 0.480608 0.838346 0.479848 0.838816 0.479468 0.839756 0.479468 0.840226 0.479087 0.840695 0.479087 0.841165 0.478707 0.842105 0.478707 0.842575 0.478327 0.843045 0.478327 0.843515 0.477947 0.844455 0.477947 0.844925 0.477567 0.845395 0.477567 0.845865 0.477186 0.846805 0.477186 0.847274 0.476806 0.849154 0.476806 0.849154 0.476426 0.849624 0.476046 0.850094 0.476046 0.850564 0.475665 0.851504 0.475665 0.851974 0.475285 0.852444 0.475285 0.853853 0.474144 0.854323 0.474144 0.854323 0.473384 0.853853 0.473004 0.853853 0.472624 0.853383 0.472243 0.853383 0.471483 0.852914 0.471103 0.852914 0.470722 0.852444 0.470342 0.852444 0.469582 0.851974 0.469202 0.851974 0.468821 0.851504 0.468441 0.851504 0.467681 0.851034 0.4673 0.851034 0.46692 0.850564 0.46654 0.850564 0.465779 0.850094 0.465399 0.850094 0.465019 0.849624 0.464639 0.849624 0.463878 0.849154 0.463498 0.849154 0.463118 0.848684 0.462738 0.848684 0.461977 0.848214 0.461597 0.848214 0.461217 0.847744 0.460837 0.847744 0.460076 0.847274 0.459696 0.847274 0.459316 0.846805 0.458935 0.846805 0.458175 0.846335 0.457795 0.846335 0.457414 0.845865 0.457034 0.845865 0.456654 0.845395 0.456274 0.845395 0.455513 0.844925 0.455133 0.844925 0.454753 0.844455 0.454373 0.844455 0.453612 0.843985 0.453232 0.843985 0.452852 0.843515 0.452471 0.843515 0.451711 0.843045 0.451331 0.843045 0.450951 0.842575 0.45057 0.842575 0.44981 0.842105 0.44943 0.842105 0.449049 0.841635 0.448669 0.841635 0.447909 0.841165 0.447529 0.841165 0.447148 0.840695 0.446768 0.840695 0.446008 0.840226 0.445627 0.840226 0.445247 0.839756 0.444867 0.839756 0.444106 0.839286 0.443726 0.839286 0.443346 0.838816 0.442966 0.838816 0.442205 0.838346 0.441825 0.838346 0.441445 0.837876 0.441065 0.837876 0.440304 0.837406 0.439924 0.837406 0.439544 0.836936 0.439163 0.836936 0.438403 0.836466 0.438023 0.836466 0.437643 0.835996 0.437262 0.835996 0.436502 0.835526 0.436122 0.835526 0.435741 0.835056 0.435361 0.835056 0.434601 0.834586 0.434221 0.834586 0.43384 0.834117 0.43346 0.834117 0.43308 0.833647 0.4327 0.833647 0.431939 0.833177 0.431559 0.833177 0.431179 0.832707 0.430798 0.832707 0.430038 0.832237 0.429658 0.832237 0.429278 0.831767 0.428897 0.831767 0.428137 0.831297 0.427757 0.831297 0.427376 0.830827 0.426996 0.830827 0.426236 0.830357 0.425856 0.830357 0.425475 0.829887 0.425095 0.829887 0.424335 0.829417 0.423954 0.829417 0.423574 0.828947 0.423194 0.828947 0.422433 0.828477 0.422053 0.828477 0.421673 0.828008 0.421293 0.828008 0.420532 0.827538 0.420152 0.827538 0.419772 0.827068 0.419392 0.827068 0.418631 0.826598 0.418251 0.826598 0.417871 0.826128 0.41749 0.826128 0.41673 0.825658 0.41635 0.825658 0.41597 0.825188 0.415589 0.825188 0.414829 0.824718 0.414449 0.824718 0.414068 0.824248 0.413688 0.824248 0.412928 0.823778 0.412548 0.823778 0.412167 0.823308 0.411787 0.823308 0.411027 0.822838 0.410646 0.822838 0.410266 0.822368 0.409886 0.822368 0.409506 0.821898 0.409125 0.821898 0.408365 0.821429 0.407985 0.821429 0.407605 0.820959 0.407224 0.820959 0.406464 0.820489 0.406084 0.820489 0.405703 0.820019 0.405323 0.820019 0.404563 0.819549 0.404183 0.819549 0.403802 0.819079 0.403422 0.819079 0.402662 0.818609 0.402281 0.818609 0.401901 0.818139 0.401521 0.818139 0.40076 0.817669 0.40038 0.817669 0.4 0.817199 0.39962 0.817199 0.398859 0.816729 0.398479 0.816729 0.398099 0.816259 0.397719 0.816259 0.396958 0.815789 0.396578 0.815789 0.396198 0.81532 0.395817 0.81532 0.395057 0.81485 0.394677 0.81485 0.394297 0.81438 0.393916 0.81438 0.393156 0.81391 0.392776 0.81391 0.392395 0.81344 0.392015 0.81344 0.391255 0.81297 0.390875 0.81297 0.390494 0.8125 0.390114 0.8125 0.389354 0.81203 0.388973 0.81203 0.388593 0.81156 0.388213 0.81156 0.387452 0.81109 0.387072 0.81109 0.386692 0.81062 0.386312 0.81062 0.385932 0.81015 0.385551 0.81015 0.384791 0.80968 0.384411 0.80968 0.38403 0.809211 0.38365 0.809211 0.38289 0.808741 0.38251 0.808741 0.382129 0.808271 0.381749 0.808271 0.380989 0.807801 0.380608 0.807801 0.380228 0.807331 0.379848 0.807331 0.379087 0.806861 0.378707 0.806861 0.378327 0.806391 0.377947 0.806391 0.377186 0.805921 0.376806 0.805921 0.376426 0.805451 0.376046 0.805451 0.375285 0.804981 0.374905 0.804981 0.374525 0.804511 0.374144 0.804511 0.373384 0.804041 0.373004 0.804041 0.372624 0.803571 0.372243 0.803571 0.371483 0.803102 0.371103 0.803102 0.370722 0.802632 0.370342 0.802632 0.369582 0.802162 0.369202 0.802162 0.368821 0.801692 0.368441 0.801692 0.367681 0.801222 0.3673 0.801222 0.36692 0.800752 0.36654 0.800752 0.365779 0.800282 0.365399 0.800282 0.365019 0.799812 0.364639 0.799812 0.363878 0.799342 0.363498 0.799342 0.363118 0.798872 0.362738 0.798872 0.362357 0.798402 0.361977 0.798402 0.361217 0.797932 0.360837 0.797932 0.360456 0.797462 0.360076 0.797462 0.359316 0.796992 0.358935 0.796992 0.358555 0.796523 0.358175 0.796523 0.357414 0.796053 0.357034 0.796053 0.356654 0.795583 0.356274 0.795583 0.355513 0.795113 0.355133 0.795113 0.354753 0.794643 0.354373 0.794643 0.353612 0.794173 0.353232 0.794173 0.352852 0.793703 0.352471 0.793703 0.351711 0.793233 0.351331 0.793233 0.350951 0.792763 0.35057 0.792763 0.34981 0.792293 0.34943 0.792293 0.349049 0.791823 0.348669 0.791823 0.347909 0.791353 0.347529 0.791353 0.347148 0.790883 0.346768 0.790883 0.346008 0.790414 0.345627 0.790414 0.345247 0.789944 0.344867 0.789944 0.344106 0.789474 0.343726 0.789474 0.343346 0.789004 0.342966 0.789004 0.342205 0.788534 0.341825 0.788534 0.341445 0.788064 0.341065 0.788064 0.340304 0.787594 0.339924 0.787594 0.339544 0.787124 0.339163 0.787124 0.338783 0.786654 0.338403 0.786654 0.337643 0.786184 0.337262 0.786184 0.336882 0.785714 0.336502 0.785714 0.335741 0.785244 0.335361 0.785244 0.334981 0.784774 0.334601 0.784774 0.33384 0.784305 0.33346 0.784305 0.33308 0.783835 0.3327 0.783835 0.331939 0.783365 0.331559 0.783365 0.331179 0.782895 0.330798 0.782895 0.330038 0.782425 0.329658 0.782425 0.329278 0.781955 0.328897 0.781955 0.328137 0.781485 0.327757 0.781485 0.327376 0.781015 0.326996 0.781015 0.326236 0.780545 0.325856 0.780545 0.325475 0.780075 0.325095 0.780075 0.324335 0.779605 0.323954 0.779605 0.323574 0.779135 0.323194 0.779135 0.322433 0.778665 0.322053 0.778665 0.321673 0.778195 0.321293 0.778195 0.320532 0.777726 0.320152 0.777726 0.319772 0.777256 0.319392 0.777256 0.318631 0.776786 0.318251 0.776786 0.317871 0.776316 0.31749 0.776316 0.31673 0.775846 0.31635 0.775846 0.31597 0.775376 0.315589 0.775376 0.315209 0.774906 0.314829 0.774906 0.314068 0.774436 0.313688 0.774436 0.313308 0.773966 0.312928 0.773966 0.312167 0.773496 0.311787 0.773496 0.311407 0.773026 0.311027 0.773026 0.310266 0.772556 0.309886 0.772556 0.309506 0.772086 0.309125 0.772086 0.308365 0.771617 0.307985 0.771617 0.307605 0.771147 0.307224 0.771147 0.306464 0.770677 0.306084 0.770677 0.305703 0.770207 0.305323 0.770207 0.304563 0.769737 0.304183 0.769737 0.303802 0.769267 0.303422 0.769267 0.302662 0.768797 0.302281 0.768797 0.301901 0.768327 0.301521 0.768327 0.30076 0.767857 0.30038 0.767857 0.3 0.767387 0.29962 0.767387 0.298859 0.766917 0.298479 0.766917 0.298099 0.766447 0.297719 0.766447 0.296958 0.765977 0.296578 0.765977 0.296198 0.765508 0.295817 0.765508 0.295057 0.765038 0.294677 0.765038 0.294297 0.764568 0.293916 0.764568 0.293156 0.764098 0.292776 0.764098 0.292395 0.763628 0.292015 0.763628 0.291635 0.763158 0.291255 0.763158 0.290494 0.762688 0.290114 0.762688 0.289734 0.762218 0.289354 0.762218 0.288593 0.761748 0.288213 0.761748 0.287833 0.761278 0.287452 0.761278 0.286692 0.760808 0.286312 0.760808 0.285932 0.760338 0.285551 0.760338 0.284791 0.759868 0.284411 0.759868 0.28403 0.759398 0.28365 0.759398 0.28289 0.758929 0.28251 0.758929 0.282129 0.758459 0.281749 0.758459 0.280989 0.757989 0.280608 0.757989 0.280228 0.757519 0.279848 0.757519 0.279087 0.757049 0.278707 0.757049 0.278327 0.756579 0.277947 0.756579 0.277186 0.756109 0.276806 0.756109 0.276426 0.755639 0.276046 0.755639 0.275285 0.755169 0.274905 0.755169 0.274525 0.754699 0.274144 0.754699 0.273384 0.754229 0.273004 0.754229 0.272624 0.753759 0.272243 0.753759 0.271483 0.753289 0.271103 0.753289 0.270722 0.75282 0.270342 0.75282 0.269582 0.75235 0.269202 0.75235 0.268821 0.75188 0.268441 0.75188 0.268061 0.75141 0.267681 0.75141 0.26692 0.75094 0.26654 0.75094 0.26616 0.75047 0.265779 0.75047 0.265019 0.75 0.264639 0.75 0.264259 0.74953 0.263878 0.74953 0.263118 0.74906 0.262738 0.74906 0.262357 0.74859 0.261977 0.74859 0.261217 0.74812 0.260837 0.74812 0.260456 0.74765 0.260076 0.74765 0.259316 0.74718 0.258935 0.74718 0.258555 0.746711 0.258175 0.746711 0.257414 0.746241 0.257034 0.746241 0.256654 0.745771 0.256274 0.745771 0.255513 0.745301 0.255133 0.745301 0.254753 0.744831 0.254373 0.744831 0.253612 0.744361 0.253232 0.744361 0.252852 0.743891 0.252471 0.743891 0.251711 0.743421 0.251331 0.743421 0.250951 0.742951 0.25057 0.742951 0.24981 0.742481 0.24943 0.742481 0.249049 0.742011 0.248669 0.742011 0.247909 0.741541 0.247529 0.741541 0.247148 0.741071 0.246768 0.741071 0.246008 0.740602 0.245627 0.740602 0.245247 0.740132 0.244867 0.740132 0.244487 0.739662 0.244106 0.739662 0.243346 0.739192 0.242966 0.739192 0.242586 0.738722 0.242205 0.738722 0.241445 0.738252 0.241065 0.738252 0.240684 0.737782 0.240304 0.737782 0.239544 0.737312 0.239163 0.737312 0.238783 0.736842 0.238403 0.736842 0.237643 0.736372 0.237262 0.736372 0.236882 0.735902 0.236502 0.735902 0.235741 0.735432 0.235361 0.735432 0.234981 0.734962 0.234601 0.734962 0.23384 0.734492 0.23346 0.734492 0.23308 0.734023 0.2327 0.734023 0.231939 0.733553 0.231559 0.733553 0.231179 0.733083 0.230798 0.733083 0.230038 0.732613 0.229658 0.732613 0.229278 0.732143 0.228897 0.732143 0.228137 0.731673 0.227757 0.731673 0.227376 0.731203 0.226996 0.731203 0.226236 0.730733 0.225856 0.730733 0.225475 0.730263 0.225095 0.730263 0.224335 0.729793 0.223954 0.729793 0.223574 0.729323 0.223194 0.729323 0.222433 0.728853 0.222053 0.728853 0.221673 0.728383 0.221293 0.728383 0.220913 0.727914 0.220532 0.727914 0.219772 0.727444 0.219392 0.727444 0.219011 0.726974 0.218631 0.726974 0.217871 0.726504 0.21749 0.726504 0.21711 0.726034 0.21673 0.726034 0.21597 0.725564 0.215589 0.725564 0.215209 0.725094 0.214829 0.725094 0.214068 0.724624 0.213688 0.724624 0.213308 0.724154 0.212928 0.724154 0.212167 0.723684 0.211787 0.723684 0.211407 0.723214 0.211027 0.723214 0.210266 0.722744 0.209886 0.722744 0.209506 0.722274 0.209125 0.722274 0.208365 0.721805 0.207985 0.721805 0.207605 0.721335 0.207224 0.721335 0.206464 0.720865 0.206084 0.720865 0.205703 0.720395 0.205323 0.720395 0.204563 0.719925 0.204183 0.719925 0.203802 0.719455 0.203422 0.719455 0.202662 0.718985 0.202281 0.718985 0.201901 0.718515 0.201521 0.718515 0.20076 0.718045 0.20038 0.718045 0.2 0.717575 0.19962 0.717575 0.198859 0.717105 0.198479 0.717105 0.198099 0.716635 0.197719 0.716635 0.197338 0.716165 0.196958 0.716165 0.196198 0.715695 0.195817 0.715695 0.195437 0.715226 0.195057 0.715226 0.194297 0.714756 0.193916 0.714756 0.193536 0.714286 0.193156 0.714286 0.192395 0.713816 0.192015 0.713816 0.191635 0.713346 0.191255 0.713346 0.190494 0.712876 0.190114 0.712876 0.189734 0.712406 0.189354 0.712406 0.188593 0.711936 0.188213 0.711936 0.187833 0.711466 0.187452 0.711466 0.186692 0.710996 0.186312 0.710996 0.185932 0.710526 0.185551 0.710526 0.184791 0.710056 0.184411 0.710056 0.18403 0.709586 0.18365 0.709586 0.18289 0.709117 0.18251 0.709117 0.182129 0.708647 0.181749 0.708647 0.180989 0.708177 0.180608 0.708177 0.180228 0.707707 0.179848 0.707707 0.179087 0.707237 0.178707 0.707237 0.178327 0.706767 0.177947 0.706767 0.177186 0.706297 0.176806 0.706297 0.176426 0.705827 0.176046 0.705827 0.175285 0.705357 0.174905 0.705357 0.174525 0.704887 0.174144 0.704887 0.173764 0.704417 0.173384 0.704417 0.172624 0.703947 0.172243 0.703947 0.171863 0.703477 0.171483 0.703477 0.170722 0.703008 0.170342 0.703008 0.169962 0.702538 0.169582 0.702538 0.168821 0.702068 0.168441 0.702068 0.168061 0.701598 0.167681 0.701598 0.16692 0.701128 0.16654 0.701128 0.16616 0.700658 0.165779 0.700658 0.165019 0.700188 0.164639 0.700188 0.164259 0.699718 0.163878 0.699718 0.163118 0.699248 0.162738 0.699248 0.162357 0.698778 0.161977 0.698778 0.161217 0.698308 0.160837 0.698308 0.160456 0.697838 0.160076 0.697838 0.159316 0.697368 0.158935 0.697368 0.158555 0.696898 0.158175 0.696898 0.157414 0.696429 0.157034 0.696429 0.156654 0.695959 0.156274 0.695959 0.155513 0.695489 0.155133 0.695489 0.154753 0.695019 0.154373 0.695019 0.153612 0.694549 0.153232 0.694549 0.152852 0.694079 0.152471 0.694079 0.152091
