0 0.913015 0.579656 0.912693 0.579925 0.913338 0.580463 0.913338 0.580732 0.913982 0.58127 0.914304 0.58127 0.913982 0.581001 0.913982 0.580732 0.913338 0.580194 0.913338 0.579925
0 0.310245 0.492196 0.309923 0.492465 0.310245 0.492734 0.310245 0.493003 0.310567 0.492734 0.310889 0.492734 0.310889 0.492465 0.310567 0.492196
0 0.349871 0.468515 0.350193 0.468784 0.350515 0.468515
0 0.35567 0.46394 0.355026 0.464478 0.354704 0.464209 0.354381 0.464209 0.354059 0.464478 0.354381 0.464747 0.354704 0.464747 0.355348 0.464209 0.35567 0.464478 0.356314 0.464478 0.356314 0.464209 0.355992 0.46394
0 0.357603 0.462863 0.357603 0.463132 0.357925 0.463132 0.357925 0.462863
0 0.35857 0.461787 0.358247 0.462056 0.358247 0.462325 0.35857 0.462325 0.358892 0.462056
0 0.345361 0.455867 0.345039 0.456136 0.345361 0.456405 0.345683 0.456136
0 0.349549 0.453983 0.349871 0.454252 0.349871 0.453983
0 0.350193 0.452906 0.350193 0.453445 0.350838 0.453445 0.350838 0.452906
0 0.366302 0.45183 0.366302 0.452099 0.366624 0.452368 0.366624 0.45183
0 0.351804 0.451023 0.351482 0.451292 0.352126 0.45183 0.352448 0.451561 0.352771 0.451561 0.352126 0.451023
0 0.376933 0.449946 0.376933 0.450215 0.377255 0.450484 0.377577 0.450484 0.377577 0.450215 0.377255 0.449946
0 0.370812 0.449677 0.370812 0.449946 0.371134 0.449946 0.371134 0.449677
0 0.362113 0.448601 0.361791 0.44887 0.362113 0.449139 0.362436 0.44887 0.362436 0.448601
0 0.367268 0.447793 0.367268 0.448332 0.367912 0.447793
0 0.381443 0.447524 0.381443 0.448062 0.381765 0.448062 0.381765 0.447793
0 0.374034 0.446717 0.374356 0.446986 0.374356 0.446717
0 0.370168 0.446717 0.369523 0.447255 0.370168 0.447255
0 0.381121 0.44591 0.381121 0.446179 0.381443 0.446448 0.381765 0.446448 0.382088 0.446179 0.381765 0.44591
0 0.372423 0.444564 0.372423 0.445102 0.373067 0.445102
0 0.381443 0.444026 0.381443 0.444295 0.381765 0.444564 0.382088 0.444564 0.381765 0.444295 0.381765 0.444026
0 0.369845 0.443488 0.369845 0.444026 0.37049 0.444026 0.370812 0.444295 0.37049 0.444564 0.370812 0.444833 0.370812 0.444295
0 0.364046 0.443488 0.363724 0.443757 0.363402 0.443757 0.363724 0.444026 0.363724 0.444295 0.364046 0.444564 0.364691 0.444564 0.364691 0.444295 0.364369 0.444026 0.364369 0.443757
0 0.381121 0.442411 0.381121 0.44268 0.381443 0.442411
0 0.374678 0.441604 0.374356 0.441873 0.374356 0.442142 0.374678 0.442142 0.375 0.441873
0 0.373711 0.440797 0.373389 0.441066 0.373711 0.441335 0.373711 0.441604 0.373389 0.441873 0.373067 0.441604 0.372745 0.441873 0.372745 0.442142 0.373067 0.442411 0.373389 0.442142 0.373389 0.441873 0.374356 0.441066 0.374034 0.440797
0 0.371456 0.439989 0.371134 0.440258 0.371778 0.440797 0.371778 0.441066 0.372101 0.441335 0.372423 0.441066 0.372423 0.440797 0.371778 0.440258 0.371778 0.439989
0 0.369845 0.439989 0.369845 0.440258 0.369523 0.440527 0.369201 0.440258 0.368879 0.440527 0.368879 0.441066 0.369845 0.441873 0.369845 0.442142 0.37049 0.44268 0.37049 0.442142 0.369523 0.441335 0.369523 0.441066 0.369201 0.440797 0.369845 0.440258 0.370168 0.440527 0.37049 0.440527 0.37049 0.440258 0.370168 0.439989
0 0.377899 0.438644 0.377899 0.438913 0.378222 0.439182 0.378222 0.438644
0 0.376611 0.437029 0.376611 0.437567 0.377255 0.438105 0.377255 0.437567
0 0.375 0.43676 0.375 0.437029 0.375644 0.437567 0.375644 0.437836 0.375966 0.437836 0.375966 0.437567 0.375644 0.437298 0.375644 0.437029 0.375322 0.43676
0 0.404317 0.41873 0.403995 0.418999 0.404317 0.419268 0.404317 0.419537 0.404639 0.419806 0.404961 0.419806 0.405284 0.419537 0.404961 0.419268 0.404961 0.418999 0.404639 0.41873
0 0.425258 0.408773 0.425902 0.409311 0.425902 0.40958 0.426546 0.410118 0.426869 0.410118 0.426869 0.409849 0.425902 0.409042 0.425902 0.408773
0 0.494201 0.377826 0.494201 0.378364 0.494523 0.378633 0.494523 0.378902 0.495168 0.37944 0.496134 0.37944 0.496134 0.379171 0.495812 0.378902 0.49549 0.378902 0.495168 0.378633 0.495168 0.378364 0.494523 0.377826
0 0.492268 0.375942 0.492268 0.376211 0.49259 0.37648 0.49259 0.376749 0.492912 0.376749 0.492912 0.37648 0.49259 0.376211 0.49259 0.375942
0 0.490657 0.372982 0.490335 0.373251 0.490657 0.37352 0.490979 0.37352 0.490979 0.373251
0 0.484214 0.369483 0.484214 0.369752 0.484536 0.370022 0.484536 0.370291 0.48518 0.370829 0.48518 0.371098 0.486147 0.371905 0.486147 0.372174 0.486469 0.372443 0.486147 0.372713 0.485503 0.372713 0.485825 0.372982 0.485503 0.373251 0.48518 0.373251 0.48518 0.373789 0.485503 0.374058 0.485825 0.374058 0.485825 0.373789 0.486469 0.373251 0.486147 0.372982 0.486147 0.372713 0.486469 0.372443 0.487113 0.372982 0.487113 0.373251 0.48808 0.374058 0.48808 0.374327 0.488724 0.374865 0.488724 0.375404 0.489046 0.375673 0.488724 0.375942 0.488402 0.375942 0.488724 0.376211 0.488724 0.37648 0.489046 0.376749 0.489369 0.376749 0.489691 0.37648 0.490013 0.376749 0.490013 0.377018 0.490979 0.377826 0.490979 0.378095 0.491302 0.378364 0.491624 0.378364 0.492268 0.378902 0.493235 0.378902 0.493235 0.378633 0.492912 0.378364 0.492268 0.378364 0.491624 0.377826 0.491624 0.377557 0.491946 0.377287 0.491946 0.377018 0.491302 0.37648 0.490657 0.37648 0.489691 0.375673 0.490013 0.375404 0.489369 0.374865 0.489369 0.374596 0.488724 0.374058 0.488724 0.373789 0.487758 0.372982 0.487758 0.372713 0.486791 0.371905 0.486791 0.371636 0.485825 0.370829 0.485825 0.37056 0.484858 0.369752 0.484858 0.369483
0 0.499678 0.362756 0.499356 0.363025 0.499678 0.363294 0.5 0.363294 0.5 0.363025
0 0.495168 0.362756 0.495168 0.363294 0.495812 0.363832 0.495812 0.363294
0 0.498711 0.361679 0.498389 0.361948 0.498711 0.362217 0.499034 0.362217 0.499034 0.361948
0 0.501289 0.360065 0.501611 0.360334 0.501611 0.360603 0.501933 0.360334 0.501611 0.360065
0 0.503866 0.359795 0.503544 0.360065 0.503866 0.360334 0.504188 0.360334 0.504188 0.360065
0 0.5 0.359795 0.499356 0.360334 0.499034 0.360334 0.498711 0.360603 0.498711 0.360872 0.499034 0.360872 0.499356 0.360603 0.499678 0.360872 0.5 0.360872 0.500322 0.361141 0.500322 0.36141 0.500966 0.361948 0.500966 0.362217 0.501611 0.362756 0.501289 0.363025 0.501933 0.363563 0.502255 0.363563 0.502255 0.363025 0.501933 0.362756 0.501933 0.362487 0.502899 0.361679 0.503222 0.361679 0.502899 0.36141 0.502255 0.36141 0.501933 0.361679 0.501289 0.361679 0.500322 0.360872 0.5 0.360872 0.499678 0.360603 0.5 0.360334 0.500322 0.360334 0.500644 0.360065 0.500644 0.359795
0 0.503866 0.357374 0.502899 0.358181 0.502577 0.358181 0.502577 0.35845 0.502255 0.358719 0.501933 0.358719 0.501611 0.358988 0.501289 0.358988 0.501289 0.359257 0.501611 0.359257 0.501933 0.359526 0.502255 0.359526 0.502255 0.358719 0.502577 0.35845 0.502899 0.35845 0.503222 0.358181 0.503866 0.358181 0.504188 0.35845 0.50451 0.358181 0.50451 0.357643 0.504188 0.357374
0 0.506121 0.356028 0.505799 0.356297 0.505799 0.356566 0.506121 0.356835 0.506121 0.357104 0.505799 0.357374 0.505799 0.357643 0.506443 0.358181 0.506443 0.35845 0.506765 0.358719 0.506765 0.358988 0.506121 0.359526 0.505477 0.358988 0.505155 0.358988 0.505155 0.359257 0.505799 0.359795 0.506443 0.359795 0.506765 0.360065 0.507088 0.359795 0.50741 0.359795 0.507088 0.359526 0.507088 0.359257 0.506765 0.358988 0.506765 0.358719 0.507088 0.35845 0.50741 0.35845 0.507732 0.358719 0.507732 0.358988 0.508376 0.359526 0.508698 0.359257 0.508698 0.358988 0.508376 0.358719 0.508376 0.35845 0.508054 0.358181 0.507732 0.35845 0.50741 0.35845 0.507088 0.358181 0.507088 0.357912 0.506121 0.357104 0.506443 0.356835 0.506765 0.356835 0.507088 0.356566 0.506443 0.356028
0 0.508054 0.354952 0.507732 0.355221 0.50741 0.355221 0.507732 0.35549 0.507732 0.356028 0.508054 0.356028 0.508376 0.356297 0.508376 0.356566 0.509021 0.357104 0.509665 0.357104 0.509665 0.356835 0.509343 0.356566 0.509987 0.356028 0.510631 0.356028 0.510631 0.355759 0.510309 0.35549 0.509987 0.355759 0.509665 0.35549 0.509021 0.356028 0.508376 0.35549 0.508376 0.355221
0 0.509987 0.354413 0.509987 0.354682 0.510309 0.354952 0.510631 0.354682 0.510309 0.354413
0 0.511276 0.352799 0.510954 0.353068 0.510954 0.353337 0.511598 0.353337 0.511598 0.352799
0 0.513853 0.35226 0.513853 0.35253 0.514175 0.352799 0.514175 0.353068 0.513853 0.353337 0.513853 0.353606 0.513531 0.353875 0.513209 0.353606 0.512887 0.353606 0.512564 0.353875 0.51192 0.353875 0.51192 0.354144 0.512242 0.354413 0.512887 0.354413 0.513853 0.353606 0.514497 0.354144 0.514497 0.354413 0.51482 0.354144 0.514497 0.353875 0.515142 0.353337 0.515142 0.353068 0.514497 0.35253 0.514497 0.35226
0 0.517075 0.3493 0.51643 0.349839 0.516108 0.349839 0.515142 0.350646 0.51482 0.350646 0.514497 0.350915 0.514497 0.351184 0.51482 0.351453 0.515142 0.351453 0.515464 0.351722 0.515464 0.35226 0.515786 0.35226 0.51643 0.352799 0.516753 0.35253 0.517075 0.35253 0.517397 0.35226 0.518041 0.35226 0.518363 0.351991 0.518363 0.351722 0.517719 0.351184 0.518041 0.350915 0.518041 0.350646 0.518363 0.350377 0.517719 0.349839 0.517719 0.349569 0.517397 0.3493
0 0.521585 0.348493 0.521585 0.348762 0.522229 0.3493 0.522552 0.349031 0.522552 0.348762 0.522229 0.348493
0 0.519008 0.348224 0.518686 0.348493 0.518363 0.348493 0.518041 0.348762 0.518363 0.349031 0.518686 0.349031 0.51933 0.348493 0.51933 0.348224
0 0.521585 0.346609 0.521263 0.346878 0.520941 0.346878 0.520941 0.347147 0.521263 0.347417 0.521585 0.347417 0.521907 0.347147 0.521907 0.346609
0 0.526418 0.343649 0.526095 0.343918 0.525773 0.343918 0.525451 0.344187 0.525451 0.344456 0.526418 0.344456 0.526095 0.344187 0.526418 0.343918 0.52674 0.343918
0 0.528995 0.342034 0.528673 0.342304 0.528351 0.342304 0.527384 0.343111 0.528351 0.343111 0.528673 0.34338 0.528673 0.343111 0.528351 0.342842 0.528995 0.342304 0.529317 0.342304
0 0.691044 0.33746 0.690722 0.337729 0.691366 0.338267 0.691366 0.338536 0.69201 0.339074 0.692332 0.339074 0.692332 0.338805 0.691366 0.337998 0.691366 0.337729
0 0.563789 0.336652 0.563466 0.336921 0.563466 0.337191 0.563789 0.33746 0.563789 0.337729 0.564433 0.337191
0 0.552835 0.336652 0.552835 0.336921 0.553157 0.337191 0.553157 0.33746 0.553802 0.337998 0.554124 0.337998 0.554768 0.338536 0.55509 0.338267 0.55509 0.337998 0.554768 0.337729 0.554124 0.337729 0.553157 0.336921 0.553157 0.336652
0 0.561211 0.335576 0.560889 0.335845 0.560889 0.336114 0.561211 0.336383 0.561534 0.336114 0.561534 0.335845
0 0.563144 0.334769 0.562822 0.335038 0.562178 0.335038 0.561856 0.335307 0.562178 0.335576 0.562178 0.335845 0.5625 0.336114 0.562822 0.335845 0.563144 0.335845 0.563144 0.335576 0.563789 0.335038 0.563466 0.334769
0 0.55058 0.334769 0.550258 0.335038 0.549936 0.335038 0.55058 0.335576 0.550902 0.335307 0.550902 0.335038
0 0.55799 0.334499 0.557668 0.334769 0.558312 0.335307 0.55799 0.335576 0.55799 0.336114 0.558956 0.336921 0.558956 0.337191 0.558634 0.33746 0.55799 0.33746 0.55799 0.337729 0.558312 0.337998 0.558312 0.338267 0.55799 0.338536 0.557345 0.337998 0.557023 0.337998 0.556701 0.337729 0.556701 0.33746 0.556057 0.336921 0.556379 0.336652 0.556379 0.336383 0.556057 0.336114 0.556057 0.335845 0.555735 0.335576 0.555412 0.335845 0.556057 0.336383 0.556057 0.336652 0.555735 0.336921 0.55509 0.336383 0.55509 0.336921 0.556057 0.337729 0.556057 0.337998 0.557023 0.338805 0.55799 0.338805 0.558634 0.339343 0.559923 0.338267 0.560245 0.338536 0.560567 0.338267 0.560567 0.337998 0.560889 0.337729 0.560567 0.33746 0.560245 0.33746 0.559923 0.337191 0.560245 0.336921 0.559278 0.336114 0.559278 0.335845 0.559923 0.335307 0.560245 0.335307 0.559923 0.335038 0.559923 0.334769 0.559278 0.334769 0.559278 0.335307 0.558956 0.335576 0.558312 0.335038 0.558312 0.334769
0 0.542526 0.333692 0.541881 0.33423 0.541559 0.33423 0.541237 0.334499 0.541237 0.334769 0.541559 0.335038 0.542204 0.335038 0.542848 0.334499 0.542526 0.33423
0 0.549613 0.333423 0.549291 0.333692 0.549291 0.333961 0.549613 0.33423 0.549936 0.33423 0.550258 0.333961 0.549936 0.333692 0.549936 0.333423
0 0.546392 0.332885 0.547036 0.333423 0.547036 0.333692 0.54768 0.33423 0.548003 0.333961 0.547036 0.333154 0.547036 0.332885
0 0.546392 0.33127 0.546392 0.331539 0.54607 0.331808 0.545425 0.331808 0.544781 0.332347 0.544781 0.332616 0.545103 0.332616 0.545747 0.332078 0.54607 0.332347 0.54607 0.331808 0.546392 0.331539 0.547036 0.332078 0.547036 0.331539 0.546714 0.33127
0 0.54768 0.330463 0.547358 0.330732 0.548003 0.33127 0.548325 0.33127 0.548325 0.330732 0.548003 0.330463
0 0.549936 0.329386 0.549936 0.329656 0.550258 0.329925 0.550258 0.330194 0.549936 0.330463 0.550258 0.330732 0.550258 0.331001 0.551224 0.331808 0.551224 0.332078 0.552191 0.332885 0.552191 0.333154 0.552513 0.333423 0.552835 0.333423 0.553157 0.333154 0.553479 0.333423 0.553479 0.332885 0.552835 0.332347 0.552513 0.332347 0.551869 0.331808 0.551869 0.331539 0.550902 0.330732 0.550902 0.330463 0.55058 0.330194 0.55058 0.329656 0.550258 0.329386
0 0.615335 0.303552 0.615013 0.303821 0.615013 0.30409 0.615335 0.30436 0.615657 0.30409 0.615657 0.303552
0 0.642075 0.289559 0.641753 0.289828 0.642075 0.290097 0.642075 0.290366 0.641753 0.290635 0.641108 0.290635 0.640142 0.291442 0.639497 0.291442 0.639175 0.291712 0.638853 0.291712 0.638531 0.291981 0.637887 0.291981 0.63692 0.292788 0.636598 0.292788 0.636276 0.293057 0.635954 0.293057 0.635631 0.292788 0.635309 0.293057 0.635309 0.293326 0.634021 0.294403 0.633376 0.294403 0.63241 0.29521 0.632088 0.29521 0.631121 0.296017 0.630799 0.296017 0.629832 0.296825 0.62951 0.296825 0.628866 0.297363 0.628544 0.297363 0.628222 0.297632 0.627577 0.297632 0.627255 0.297901 0.626933 0.297901 0.626933 0.29817 0.626611 0.298439 0.626611 0.298708 0.626289 0.298977 0.625966 0.298977 0.625 0.299785 0.624678 0.299785 0.623711 0.300592 0.623389 0.300592 0.622745 0.30113 0.622423 0.30113 0.621456 0.301938 0.621134 0.301938 0.620812 0.302207 0.619845 0.302207 0.619523 0.301938 0.619201 0.302207 0.618557 0.301668 0.618557 0.301399 0.617912 0.300861 0.61759 0.300861 0.61759 0.30113 0.618557 0.301938 0.618557 0.302476 0.618879 0.302745 0.618879 0.303014 0.617912 0.303821 0.61759 0.303821 0.616946 0.30436 0.616302 0.30436 0.615979 0.304629 0.615979 0.305167 0.615657 0.305436 0.615335 0.305167 0.615013 0.305167 0.614691 0.304898 0.614046 0.304898 0.613724 0.304629 0.613402 0.304898 0.614046 0.305436 0.614046 0.305974 0.614369 0.306243 0.614046 0.306512 0.613724 0.306512 0.614046 0.306781 0.613724 0.307051 0.61308 0.307051 0.612758 0.30732 0.612436 0.30732 0.611791 0.306781 0.611791 0.306512 0.611469 0.306243 0.610825 0.306781 0.61018 0.306243 0.609536 0.306243 0.609536 0.306512 0.610503 0.30732 0.610503 0.307589 0.61018 0.307858 0.609858 0.307589 0.609536 0.307858 0.61018 0.308396 0.61018 0.308665 0.609858 0.308934 0.609536 0.308934 0.608892 0.308396 0.60857 0.308396 0.608247 0.308665 0.607603 0.308127 0.607281 0.308127 0.606959 0.308396 0.607281 0.308665 0.607281 0.308934 0.608247 0.309742 0.606637 0.311087 0.606314 0.310818 0.606314 0.311087 0.605992 0.311356 0.60567 0.311356 0.605026 0.310818 0.605026 0.310549 0.604381 0.310011 0.604059 0.31028 0.604059 0.310549 0.604381 0.310818 0.604381 0.311087 0.605026 0.311625 0.604381 0.312164 0.603737 0.311625 0.603737 0.312433 0.603415 0.312702 0.603093 0.312702 0.603415 0.312971 0.602771 0.313509 0.602448 0.313509 0.601804 0.312971 0.60116 0.312971 0.60116 0.31324 0.601804 0.313778 0.601482 0.314047 0.60116 0.314047 0.600515 0.313509 0.599871 0.313509 0.599549 0.31324 0.599227 0.31324 0.598905 0.313509 0.599871 0.314316 0.599871 0.315124 0.599549 0.315393 0.599227 0.315124 0.598905 0.315124 0.598582 0.314855 0.598582 0.314586 0.597938 0.314047 0.597616 0.314316 0.598582 0.315124 0.598582 0.3162 0.597938 0.316738 0.597294 0.3162 0.597294 0.315931 0.596649 0.315393 0.596649 0.315124 0.596327 0.314855 0.596005 0.315124 0.596005 0.315662 0.596972 0.316469 0.596972 0.317008 0.597294 0.317277 0.596972 0.317546 0.596649 0.317546 0.596005 0.317008 0.596005 0.316738 0.595683 0.317008 0.595683 0.317277 0.595361 0.317546 0.595039 0.317277 0.595039 0.317008 0.594394 0.316469 0.594072 0.316469 0.594394 0.316738 0.594394 0.317008 0.595039 0.317546 0.595039 0.317815 0.594716 0.318084 0.594394 0.318084 0.594072 0.317815 0.59375 0.317815 0.59375 0.318084 0.594072 0.318353 0.594072 0.318891 0.59375 0.31916 0.593106 0.318622 0.592784 0.318622 0.592461 0.318353 0.592461 0.318084 0.591495 0.317277 0.591495 0.317008 0.591173 0.317277 0.590851 0.317277 0.590206 0.316738 0.589884 0.317008 0.589562 0.317008 0.588918 0.317546 0.589562 0.318084 0.589562 0.318353 0.588918 0.318891 0.588595 0.318891 0.588273 0.318622 0.588273 0.318353 0.587629 0.318353 0.587307 0.318622 0.587951 0.31916 0.588273 0.318891 0.588918 0.318891 0.589562 0.319429 0.589562 0.319699 0.589884 0.319968 0.589562 0.320237 0.58924 0.320237 0.588918 0.319968 0.588918 0.319699 0.588595 0.319429 0.588273 0.319699 0.587951 0.319699 0.587629 0.319968 0.586985 0.319968 0.586662 0.320237 0.58634 0.320237 0.585374 0.319429 0.585374 0.31916 0.585052 0.31916 0.584729 0.319429 0.584729 0.319699 0.585052 0.319968 0.585052 0.320506 0.586018 0.321313 0.586018 0.321582 0.58634 0.321851 0.58634 0.322121 0.586018 0.32239 0.585696 0.32239 0.585374 0.322121 0.585374 0.321851 0.584407 0.321044 0.584085 0.321044 0.584407 0.321313 0.584407 0.321582 0.585374 0.32239 0.585374 0.322928 0.585696 0.323197 0.585696 0.323466 0.585374 0.323735 0.584729 0.323197 0.584729 0.322928 0.584407 0.322928 0.583119 0.321851 0.583119 0.321582 0.582796 0.321582 0.582796 0.321851 0.583119 0.322121 0.583119 0.322659 0.583441 0.322928 0.583441 0.323197 0.583763 0.323466 0.583763 0.323735 0.583441 0.324004 0.584085 0.324543 0.583763 0.324812 0.583441 0.324812 0.583119 0.325081 0.582796 0.325081 0.581508 0.324004 0.581186 0.324273 0.580541 0.323735 0.580541 0.323466 0.580863 0.323197 0.580541 0.322928 0.580219 0.322928 0.579897 0.323197 0.579575 0.323197 0.57893 0.323735 0.578608 0.323735 0.577964 0.324273 0.577964 0.324543 0.578286 0.324812 0.578286 0.325081 0.579253 0.325888 0.579253 0.326157 0.579575 0.326426 0.579575 0.327234 0.579253 0.327503 0.57893 0.327503 0.578608 0.327234 0.578608 0.326964 0.577964 0.326426 0.577964 0.326157 0.57732 0.325619 0.576675 0.326157 0.576353 0.326157 0.576353 0.326426 0.576031 0.326695 0.575709 0.326695 0.575064 0.326157 0.574742 0.326157 0.57442 0.326426 0.574742 0.326695 0.574742 0.327234 0.57442 0.327503 0.57442 0.327772 0.575064 0.327772 0.575387 0.328041 0.575709 0.328041 0.576031 0.32831 0.575387 0.328848 0.575709 0.329117 0.575709 0.329656 0.575387 0.329925 0.575387 0.330194 0.575064 0.330463 0.57442 0.329925 0.575064 0.329386 0.574742 0.329117 0.574742 0.328848 0.57442 0.328848 0.57442 0.329117 0.574742 0.329386 0.574742 0.329656 0.57442 0.329925 0.574098 0.329925 0.573776 0.330194 0.573454 0.329925 0.573454 0.329656 0.572487 0.328848 0.572487 0.328579 0.571521 0.327772 0.571843 0.327503 0.571843 0.326964 0.571521 0.327234 0.571521 0.327503 0.570876 0.328041 0.571843 0.328848 0.571843 0.329117 0.572809 0.329925 0.572809 0.330463 0.573131 0.330732 0.573131 0.331539 0.572809 0.331808 0.572165 0.33127 0.571843 0.33127 0.571843 0.331539 0.571521 0.331808 0.571198 0.331539 0.571198 0.33127 0.570876 0.331001 0.570876 0.330732 0.571521 0.330194 0.571198 0.329925 0.570876 0.329925 0.570554 0.330194 0.56991 0.330194 0.569588 0.330463 0.569265 0.330463 0.568621 0.329925 0.569265 0.329386 0.569265 0.329117 0.568943 0.328848 0.568621 0.329117 0.567977 0.329117 0.567655 0.328848 0.567655 0.328579 0.56701 0.329117 0.567977 0.329925 0.567977 0.330194 0.568943 0.331001 0.568943 0.33127 0.56991 0.332078 0.569588 0.332347 0.569588 0.332885 0.569265 0.333154 0.568621 0.332616 0.568621 0.332347 0.567655 0.331539 0.567655 0.33127 0.566688 0.330463 0.566688 0.330194 0.566044 0.329656 0.565722 0.329925 0.566688 0.330732 0.566688 0.331001 0.567655 0.331808 0.567655 0.332078 0.568621 0.332885 0.568621 0.333154 0.568299 0.333423 0.567655 0.332885 0.56701 0.332885 0.566688 0.333154 0.566688 0.333423 0.566366 0.333692 0.566366 0.33423 0.566688 0.334499 0.566688 0.334769 0.566366 0.335038 0.566366 0.335307 0.566044 0.335576 0.565722 0.335307 0.565722 0.335038 0.565399 0.334769 0.565077 0.334769 0.564433 0.33423 0.564433 0.333961 0.564755 0.333692 0.565077 0.333961 0.565722 0.333961 0.565722 0.333692 0.565077 0.333154 0.565077 0.332885 0.564433 0.332347 0.564111 0.332347 0.563466 0.332885 0.5625 0.332078 0.5625 0.331808 0.562178 0.332078 0.5625 0.332347 0.5625 0.332616 0.563466 0.333423 0.563466 0.333692 0.564433 0.334499 0.564433 0.334769 0.565399 0.335576 0.565399 0.335845 0.566044 0.336383 0.566044 0.336652 0.565722 0.336921 0.565399 0.336921 0.565399 0.337191 0.564111 0.338267 0.563789 0.338267 0.563144 0.338805 0.562822 0.338805 0.561856 0.339612 0.560889 0.339612 0.560567 0.339343 0.560245 0.339343 0.559923 0.339612 0.560245 0.339882 0.560245 0.340151 0.559601 0.340689 0.559601 0.340958 0.559278 0.341227 0.558956 0.341227 0.558312 0.341765 0.55799 0.341496 0.55799 0.341227 0.557668 0.341496 0.557345 0.341496 0.556701 0.340958 0.556701 0.340689 0.556057 0.340151 0.556057 0.339882 0.556701 0.339343 0.556057 0.338805 0.556057 0.339343 0.556379 0.339612 0.556057 0.339882 0.555735 0.339882 0.555735 0.340151 0.556057 0.34042 0.556057 0.340689 0.555735 0.340958 0.555412 0.340958 0.554446 0.340151 0.554446 0.339882 0.553479 0.339074 0.553479 0.338805 0.553157 0.338536 0.552835 0.338536 0.551869 0.337729 0.551869 0.33746 0.551224 0.336921 0.550902 0.336921 0.55058 0.336652 0.55058 0.336383 0.550258 0.336383 0.548969 0.335307 0.548647 0.335307 0.548325 0.335038 0.548325 0.334769 0.548003 0.335038 0.54768 0.334769 0.547036 0.335307 0.546392 0.335307 0.545747 0.335845 0.544781 0.335038 0.544781 0.334769 0.545103 0.334499 0.544781 0.33423 0.544781 0.333961 0.544459 0.333692 0.544137 0.333692 0.544137 0.33423 0.544459 0.334499 0.544459 0.334769 0.544137 0.335038 0.544137 0.335307 0.544459 0.335576 0.544137 0.335845 0.544459 0.336114 0.544459 0.336383 0.544137 0.336652 0.543814 0.336652 0.543492 0.336383 0.54317 0.336383 0.542848 0.336114 0.542848 0.335845 0.542526 0.336114 0.542526 0.336652 0.541881 0.337191 0.541237 0.337191 0.540271 0.336383 0.539948 0.336383 0.539626 0.336114 0.539304 0.336383 0.539304 0.336652 0.539948 0.337191 0.540593 0.337191 0.540915 0.33746 0.540915 0.338267 0.539948 0.339074 0.539948 0.339343 0.539626 0.339612 0.539304 0.339612 0.53866 0.339074 0.53866 0.338805 0.538338 0.338536 0.538015 0.338805 0.53866 0.339343 0.538338 0.339612 0.53866 0.339882 0.53866 0.340151 0.538338 0.34042 0.538015 0.34042 0.538015 0.340689 0.537049 0.341496 0.536727 0.341496 0.536082 0.342034 0.536082 0.342304 0.535438 0.342842 0.535116 0.342842 0.535116 0.343111 0.534149 0.343918 0.534149 0.344456 0.533827 0.344726 0.533183 0.344726 0.532539 0.345264 0.532216 0.345264 0.531572 0.345802 0.53125 0.345802 0.530284 0.344995 0.529961 0.344995 0.529639 0.345264 0.530606 0.346071 0.530606 0.34634 0.529961 0.346878 0.529639 0.346878 0.529317 0.347147 0.528351 0.34634 0.528028 0.346609 0.528028 0.346878 0.528351 0.347147 0.528351 0.347686 0.528673 0.347955 0.528351 0.348224 0.527706 0.348224 0.527062 0.348762 0.526095 0.347955 0.526095 0.347686 0.526418 0.347417 0.526418 0.347147 0.526095 0.346878 0.52674 0.34634 0.527062 0.34634 0.527062 0.346071 0.52674 0.345802 0.526418 0.346071 0.526095 0.346071 0.526418 0.34634 0.526418 0.346609 0.525773 0.347147 0.525451 0.347147 0.525129 0.346878 0.525129 0.346609 0.524162 0.345802 0.524162 0.345533 0.52384 0.345264 0.523518 0.345264 0.523196 0.345533 0.52384 0.346071 0.523196 0.346609 0.523196 0.346878 0.523518 0.347147 0.523518 0.347417 0.52384 0.347686 0.524485 0.347147 0.524807 0.347417 0.524807 0.347686 0.524485 0.347955 0.525129 0.348493 0.525451 0.348224 0.526418 0.349031 0.526418 0.349569 0.525773 0.350108 0.525451 0.349839 0.525129 0.350108 0.524807 0.349839 0.524485 0.349839 0.524485 0.350377 0.524162 0.350646 0.523518 0.350646 0.522552 0.351453 0.522229 0.351184 0.521585 0.351722 0.521585 0.351991 0.521263 0.35226 0.520941 0.35226 0.520619 0.35253 0.520619 0.352799 0.520296 0.353068 0.519652 0.353068 0.519008 0.35253 0.518686 0.35253 0.518686 0.352799 0.51933 0.353337 0.519008 0.353606 0.51933 0.353875 0.51933 0.354144 0.519008 0.354413 0.518686 0.354413 0.518363 0.354144 0.518363 0.353875 0.518041 0.354144 0.517719 0.354144 0.517397 0.354413 0.517719 0.354682 0.517397 0.354952 0.517075 0.354952 0.517397 0.355221 0.517397 0.35549 0.516753 0.356028 0.51643 0.356028 0.515786 0.356566 0.515464 0.356566 0.514497 0.357374 0.514175 0.357374 0.513209 0.358181 0.512887 0.358181 0.51192 0.358988 0.511598 0.358719 0.510954 0.359257 0.510309 0.359257 0.509987 0.359526 0.509987 0.359795 0.509665 0.360065 0.509343 0.359795 0.508698 0.360334 0.508376 0.360334 0.508054 0.360603 0.508376 0.360872 0.507732 0.36141 0.507088 0.360872 0.506443 0.360872 0.506443 0.361141 0.507088 0.361679 0.505799 0.362756 0.505477 0.362756 0.504832 0.363294 0.504832 0.363563 0.504188 0.364101 0.503866 0.364101 0.503222 0.364639 0.502899 0.36437 0.502255 0.364909 0.501933 0.364909 0.501289 0.365447 0.500966 0.365178 0.500644 0.365178 0.500322 0.364909 0.5 0.364909 0.499678 0.364639 0.499356 0.364639 0.499356 0.364909 0.5 0.365447 0.499678 0.365716 0.5 0.365985 0.5 0.366254 0.499678 0.366523 0.499356 0.366523 0.498389 0.36733 0.498067 0.36733 0.497745 0.3676 0.497745 0.367869 0.497101 0.368407 0.496456 0.367869 0.496456 0.3676 0.496134 0.3676 0.496134 0.367869 0.496456 0.368138 0.496456 0.368676 0.496134 0.368945 0.496134 0.369214 0.49549 0.369752 0.494845 0.369214 0.495168 0.368945 0.494523 0.368407 0.494523 0.368138 0.495168 0.3676 0.495168 0.367061 0.494523 0.366523 0.494523 0.366254 0.494845 0.365985 0.495168 0.365985 0.495812 0.366523 0.495812 0.366792 0.496134 0.366523 0.496456 0.366523 0.496778 0.366792 0.497101 0.366792 0.497423 0.366523 0.497423 0.365985 0.497745 0.365716 0.497745 0.365447 0.497101 0.364909 0.496456 0.364909 0.496134 0.364639 0.49549 0.364639 0.495168 0.364909 0.494523 0.36437 0.494523 0.364101 0.493879 0.363563 0.493235 0.364101 0.492912 0.364101 0.491946 0.364909 0.491624 0.364909 0.490657 0.365716 0.490979 0.365985 0.490979 0.366254 0.490657 0.366523 0.490013 0.365985 0.489369 0.366523 0.489046 0.366523 0.488724 0.366792 0.489369 0.36733 0.489046 0.3676 0.489691 0.368138 0.489691 0.368407 0.489369 0.368676 0.488402 0.367869 0.488402 0.3676 0.48808 0.36733 0.487758 0.36733 0.487436 0.3676 0.487436 0.368138 0.487758 0.368407 0.487758 0.368676 0.487436 0.368945 0.487758 0.369214 0.487758 0.369483 0.488724 0.370291 0.488724 0.37056 0.489046 0.370291 0.489369 0.37056 0.489369 0.370829 0.489691 0.37056 0.490013 0.37056 0.490657 0.371098 0.490657 0.371367 0.491624 0.372174 0.491624 0.372443 0.492268 0.372982 0.491946 0.373251 0.491624 0.373251 0.491624 0.373789 0.491946 0.373789 0.492268 0.374058 0.49259 0.373789 0.49259 0.37352 0.492912 0.373251 0.493235 0.37352 0.493235 0.373789 0.493879 0.374327 0.493879 0.374596 0.494201 0.374865 0.493879 0.375135 0.493557 0.375135 0.493235 0.375404 0.493235 0.375673 0.493557 0.375942 0.494201 0.375942 0.494201 0.375673 0.493879 0.375404 0.493879 0.375135 0.494201 0.374865 0.494845 0.375404 0.494845 0.375673 0.495812 0.37648 0.495812 0.376749 0.496778 0.377557 0.496778 0.377826 0.497101 0.378095 0.498067 0.378095 0.498389 0.377826 0.498389 0.377557 0.498711 0.377287 0.499356 0.377826 0.499034 0.378095 0.499356 0.378364 0.499034 0.378633 0.498711 0.378633 0.498389 0.378902 0.498067 0.378633 0.497745 0.378633 0.497745 0.37944 0.496456 0.380517 0.495812 0.380517 0.49549 0.380786 0.495168 0.380517 0.494523 0.381055 0.494201 0.380786 0.494201 0.380517 0.493879 0.380248 0.493557 0.380517 0.494201 0.381055 0.493879 0.381324 0.493879 0.381593 0.492912 0.3824 0.49259 0.382131 0.492268 0.382131 0.491946 0.381862 0.491946 0.381593 0.491302 0.381593 0.491302 0.381862 0.490979 0.382131 0.490657 0.382131 0.490335 0.381862 0.490335 0.381593 0.489691 0.381055 0.489691 0.380786 0.489369 0.380517 0.489369 0.379978 0.488402 0.379171 0.488402 0.378902 0.487758 0.378364 0.487758 0.378095 0.48808 0.377826 0.487758 0.377557 0.48808 0.377287 0.487436 0.376749 0.487436 0.37648 0.487113 0.376749 0.486791 0.37648 0.486791 0.376211 0.487113 0.375942 0.487436 0.375942 0.487758 0.375673 0.487758 0.375404 0.487436 0.375135 0.487113 0.375135 0.486791 0.375404 0.487113 0.375673 0.487113 0.375942 0.486791 0.376211 0.486147 0.375673 0.486147 0.375404 0.485503 0.374865 0.484536 0.374865 0.483247 0.373789 0.483247 0.37352 0.482281 0.372713 0.482281 0.372443 0.481637 0.371905 0.481637 0.371636 0.481314 0.371367 0.480992 0.371636 0.48067 0.371636 0.479704 0.372443 0.479381 0.372443 0.478415 0.373251 0.478093 0.373251 0.478415 0.37352 0.478093 0.373789 0.478093 0.374058 0.477771 0.374327 0.477448 0.374327 0.476804 0.374865 0.476482 0.374865 0.475515 0.375673 0.475193 0.375673 0.474227 0.37648 0.473905 0.37648 0.473582 0.376749 0.47326 0.376749 0.472938 0.37648 0.472294 0.377018 0.471972 0.377018 0.471005 0.377826 0.470683 0.377826 0.470039 0.378364 0.469716 0.378364 0.46875 0.379171 0.468428 0.379171 0.467461 0.379978 0.467139 0.379978 0.466173 0.380786 0.465851 0.380786 0.464884 0.381593 0.464562 0.381593 0.463918 0.382131 0.463595 0.382131 0.462629 0.382939 0.462307 0.382939 0.46134 0.383746 0.461018 0.383746 0.460052 0.384553 0.459729 0.384553 0.458763 0.385361 0.458441 0.385361 0.457796 0.385899 0.457474 0.385899 0.456508 0.386706 0.456186 0.386706 0.455219 0.387513 0.454897 0.387513 0.45393 0.388321 0.453608 0.388321 0.452642 0.389128 0.45232 0.389128 0.451675 0.389666 0.451353 0.389666 0.450387 0.390474 0.450064 0.390474 0.449098 0.391281 0.448776 0.391281 0.447809 0.392088 0.447487 0.392088 0.446843 0.392626 0.446521 0.392626 0.445554 0.393434 0.445232 0.393434 0.444265 0.394241 0.443943 0.394241 0.442977 0.395048 0.442655 0.395048 0.441688 0.395856 0.441366 0.395856 0.440722 0.396394 0.440399 0.396394 0.439433 0.397201 0.439111 0.397201 0.438144 0.398009 0.437822 0.398009 0.436856 0.398816 0.436534 0.398816 0.435567 0.399623 0.435245 0.399623 0.434601 0.400161 0.434278 0.400161 0.433312 0.400969 0.43299 0.400969 0.432023 0.401776 0.431701 0.401776 0.430735 0.402583 0.430412 0.402583 0.429446 0.403391 0.429124 0.403391 0.428479 0.403929 0.428157 0.403929 0.427191 0.404736 0.426869 0.404736 0.425902 0.405544 0.42558 0.405544 0.42558 0.405813 0.425258 0.406082 0.42558 0.406351 0.42558 0.406889 0.426224 0.407427 0.426224 0.407696 0.427191 0.408504 0.427191 0.408773 0.428157 0.40958 0.427835 0.409849 0.428479 0.410388 0.428479 0.410657 0.429446 0.411464 0.429124 0.411733 0.429768 0.412271 0.429768 0.41254 0.430412 0.413079 0.430412 0.413348 0.430735 0.413617 0.430735 0.414155 0.431701 0.414962 0.431701 0.415231 0.432668 0.416039 0.432668 0.416308 0.433634 0.417115 0.433634 0.417384 0.434278 0.417922 0.434278 0.419268 0.433634 0.419806 0.433634 0.420344 0.43299 0.420883 0.432668 0.420883 0.432345 0.421152 0.431701 0.420614 0.431701 0.421152 0.431379 0.421421 0.431057 0.421421 0.430735 0.421152 0.430412 0.421421 0.430412 0.421959 0.429446 0.422766 0.429124 0.422497 0.428479 0.423036 0.428157 0.422766 0.427835 0.423036 0.427513 0.423036 0.427835 0.423305 0.427513 0.423574 0.427191 0.423574 0.426224 0.424381 0.425902 0.424381 0.425258 0.424919 0.424936 0.42465 0.424613 0.424919 0.424613 0.425188 0.423647 0.425996 0.423325 0.425996 0.423003 0.426265 0.422036 0.426265 0.421714 0.425996 0.421392 0.426265 0.422036 0.426803 0.421392 0.427341 0.42107 0.427341 0.420103 0.428149 0.419781 0.427879 0.419137 0.428418 0.418814 0.428418 0.418814 0.428687 0.41817 0.429225 0.41817 0.429494 0.417848 0.429763 0.417204 0.429763 0.416881 0.430032 0.416559 0.430032 0.416559 0.430301 0.416237 0.430571 0.415915 0.430571 0.415593 0.43084 0.415593 0.431109 0.414948 0.431647 0.414626 0.431378 0.414304 0.431647 0.41366 0.431647 0.413338 0.431916 0.413338 0.432185 0.412693 0.432723 0.411405 0.431647 0.411405 0.431378 0.41076 0.43084 0.41076 0.430571 0.410116 0.430571 0.410116 0.431109 0.411082 0.431916 0.411082 0.432185 0.411405 0.432454 0.411405 0.433262 0.411082 0.433531 0.411082 0.4338 0.410116 0.434607 0.409794 0.434607 0.408827 0.435414 0.408505 0.435414 0.407539 0.436222 0.407216 0.436222 0.406894 0.436491 0.40625 0.436491 0.405284 0.437298 0.404961 0.437298 0.404317 0.43676 0.404317 0.436491 0.403995 0.436222 0.403673 0.436491 0.403673 0.437029 0.404639 0.437836 0.403995 0.438375 0.403673 0.438375 0.403351 0.438644 0.402706 0.438644 0.402062 0.439182 0.402062 0.439451 0.401418 0.439989 0.401095 0.439989 0.400129 0.440797 0.399807 0.440797 0.39884 0.441604 0.398518 0.441604 0.397874 0.442142 0.397552 0.442142 0.396585 0.442949 0.396263 0.442949 0.395296 0.443757 0.394974 0.443757 0.39433 0.444295 0.393686 0.444295 0.393041 0.444833 0.392397 0.444833 0.392397 0.445102 0.392075 0.445371 0.39143 0.444833 0.39143 0.444564 0.391108 0.444564 0.391108 0.444833 0.39143 0.445102 0.39143 0.44564 0.390786 0.446179 0.390464 0.446179 0.390142 0.446448 0.38982 0.446448 0.389175 0.44591 0.389175 0.44564 0.388853 0.44591 0.388853 0.446448 0.389175 0.446717 0.389175 0.446986 0.388209 0.447793 0.387887 0.447793 0.38692 0.448601 0.386276 0.448062 0.386276 0.447793 0.385954 0.447793 0.385631 0.448062 0.385309 0.448062 0.385309 0.448332 0.385954 0.44887 0.385309 0.449408 0.384665 0.44887 0.384343 0.44887 0.383698 0.448332 0.383698 0.448062 0.383054 0.447524 0.382732 0.447524 0.38241 0.447793 0.383376 0.448601 0.383376 0.44887 0.382732 0.449408 0.383054 0.449677 0.383054 0.449946 0.382732 0.450215 0.382088 0.449677 0.382088 0.449408 0.381765 0.449408 0.380799 0.448601 0.380477 0.44887 0.380155 0.44887 0.380799 0.449408 0.381443 0.449408 0.38241 0.450215 0.38241 0.450484 0.383054 0.451023 0.38241 0.451561 0.382088 0.451561 0.381765 0.451292 0.381121 0.451292 0.381121 0.452368 0.380799 0.452637 0.380155 0.452637 0.379832 0.452906 0.37951 0.452637 0.37951 0.452368 0.379188 0.452099 0.378866 0.452368 0.379188 0.452637 0.379188 0.452906 0.378866 0.453175 0.378544 0.453175 0.377899 0.452637 0.377899 0.452368 0.377255 0.45183 0.377255 0.451561 0.376933 0.451292 0.376289 0.45183 0.375966 0.451561 0.375644 0.45183 0.375644 0.452368 0.375966 0.452637 0.376289 0.452368 0.376289 0.45183 0.376611 0.451561 0.377255 0.452099 0.377255 0.452368 0.377899 0.452906 0.377899 0.453445 0.378222 0.453714 0.378222 0.453983 0.377255 0.45479 0.376289 0.453983 0.376289 0.453714 0.375644 0.453175 0.375322 0.453175 0.374356 0.453983 0.375 0.454521 0.375 0.45479 0.375644 0.455328 0.375644 0.456136 0.375322 0.456405 0.375 0.456405 0.374678 0.456674 0.374034 0.456674 0.373711 0.456405 0.373389 0.456405 0.373067 0.456674 0.373389 0.456943 0.373067 0.457212 0.373389 0.457481 0.373067 0.45775 0.372745 0.45775 0.372423 0.458019 0.372101 0.45775 0.371778 0.45775 0.371134 0.457212 0.371134 0.45775 0.371778 0.458288 0.37049 0.459365 0.370168 0.459365 0.369201 0.460172 0.368879 0.460172 0.368557 0.460441 0.368235 0.460441 0.367268 0.459634 0.367268 0.459365 0.366946 0.459365 0.366946 0.459634 0.367268 0.459903 0.367268 0.460441 0.36759 0.46071 0.36759 0.46098 0.366946 0.461518 0.366302 0.461518 0.365657 0.46098 0.365657 0.46071 0.365013 0.460172 0.364691 0.460172 0.364369 0.460441 0.364691 0.46071 0.364691 0.46098 0.364369 0.461249 0.364046 0.461249 0.363724 0.461518 0.364369 0.462056 0.364369 0.462325 0.364691 0.462594 0.364369 0.462863 0.364046 0.462863 0.36308 0.462056 0.362758 0.462056 0.362758 0.462325 0.363724 0.463132 0.363724 0.463402 0.36308 0.46394 0.362758 0.46394 0.362113 0.464478 0.361791 0.464478 0.361469 0.464747 0.361147 0.464747 0.360503 0.464209 0.360503 0.46394 0.36018 0.46394 0.359858 0.464209 0.36018 0.464478 0.36018 0.464747 0.359858 0.465016 0.359214 0.464478 0.358892 0.464478 0.358892 0.464747 0.359536 0.465285 0.358892 0.465823 0.35857 0.465554 0.358247 0.465554 0.358247 0.465823 0.357925 0.466093 0.357603 0.466093 0.357281 0.466362 0.357603 0.466631 0.357603 0.4669 0.357281 0.467169 0.356959 0.4669 0.356314 0.4669 0.356314 0.467169 0.356959 0.467707 0.356959 0.468245 0.356637 0.468515 0.356314 0.468515 0.35567 0.469053 0.355348 0.468784 0.355348 0.468515 0.354704 0.469053 0.354704 0.469591 0.354059 0.470129 0.352771 0.469053 0.352448 0.469053 0.352126 0.468784 0.352126 0.468515 0.351482 0.467976 0.351482 0.467707 0.350515 0.4669 0.350515 0.466631 0.350193 0.466362 0.349871 0.466631 0.350515 0.467169 0.350515 0.467438 0.351482 0.468245 0.351482 0.468515 0.352126 0.469053 0.352126 0.469322 0.353093 0.470129 0.353093 0.470398 0.353415 0.470667 0.352448 0.471475 0.352126 0.471475 0.351482 0.472013 0.350838 0.472013 0.349871 0.471206 0.349549 0.471475 0.349549 0.471744 0.348905 0.472282 0.348582 0.472282 0.348582 0.472551 0.349227 0.473089 0.349227 0.473358 0.348905 0.473628 0.348582 0.473628 0.34826 0.473897 0.347616 0.473897 0.346972 0.473358 0.346649 0.473628 0.346649 0.473897 0.346005 0.474435 0.346327 0.474704 0.346005 0.474973 0.345683 0.474973 0.345361 0.474704 0.345039 0.474704 0.344716 0.474435 0.344716 0.474166 0.344394 0.474166 0.344394 0.474435 0.344716 0.474704 0.344716 0.474973 0.345039 0.475242 0.345039 0.475511 0.344394 0.47605 0.344072 0.47605 0.34375 0.476319 0.34375 0.476588 0.343106 0.477126 0.342461 0.477126 0.341817 0.477664 0.341173 0.477126 0.340851 0.477126 0.340528 0.477395 0.341173 0.477933 0.341173 0.478202 0.340851 0.478471 0.340528 0.478471 0.340206 0.478202 0.339562 0.478202 0.339562 0.478741 0.33924 0.47901 0.339562 0.479279 0.33924 0.479548 0.338918 0.479548 0.338595 0.479279 0.338595 0.47901 0.338273 0.478741 0.337629 0.478741 0.337629 0.47901 0.337951 0.479279 0.337951 0.479817 0.338273 0.480086 0.337951 0.480355 0.337629 0.480355 0.336985 0.480893 0.336662 0.480893 0.33634 0.480624 0.336018 0.480893 0.336018 0.481163 0.335696 0.481432 0.335696 0.481701 0.335374 0.48197 0.335052 0.48197 0.334407 0.482508 0.334085 0.482239 0.333763 0.482508 0.333119 0.482508 0.333119 0.482777 0.332796 0.483046 0.332796 0.483315 0.33183 0.484123 0.331508 0.484123 0.331186 0.484392 0.330541 0.484392 0.330219 0.484661 0.330219 0.48493 0.329897 0.485199 0.329575 0.485199 0.329253 0.48493 0.32893 0.48493 0.32893 0.485199 0.329253 0.485468 0.327964 0.486545 0.327642 0.486545 0.326997 0.487083 0.326675 0.487083 0.325709 0.48789 0.325387 0.48789 0.32442 0.488698 0.324098 0.488698 0.323131 0.489505 0.322809 0.489505 0.321843 0.490312 0.321521 0.490312 0.320876 0.49085 0.320554 0.49085 0.319588 0.491658 0.319265 0.491658 0.318943 0.491927 0.318299 0.491927 0.317977 0.492196 0.317977 0.492465 0.31701 0.493272 0.316688 0.493272 0.316044 0.493811 0.315722 0.493811 0.314755 0.494618 0.314433 0.494618 0.314111 0.494887 0.313789 0.494887 0.313144 0.494349 0.312178 0.494349 0.311856 0.494618 0.311856 0.494887 0.312178 0.495156 0.3125 0.494887 0.312822 0.494887 0.313144 0.495156 0.313144 0.495425 0.313466 0.495694 0.313144 0.495963 0.312822 0.495963 0.312178 0.496502 0.312178 0.49704 0.313144 0.497847 0.313144 0.498116 0.314111 0.498924 0.314111 0.499193 0.314755 0.499731 0.314755 0.5 0.315722 0.500807 0.315722 0.501076 0.316688 0.501884 0.316688 0.502153 0.317655 0.50296 0.317655 0.503229 0.318621 0.504037 0.318621 0.504306 0.319265 0.504844 0.319265 0.505113 0.320232 0.50592 0.320232 0.506189 0.321198 0.506997 0.321198 0.507266 0.322165 0.508073 0.322165 0.508342 0.323131 0.50915 0.323131 0.509419 0.323776 0.509957 0.323776 0.510226 0.324742 0.511033 0.324742 0.511302 0.325709 0.51211 0.325709 0.512379 0.326675 0.513186 0.326675 0.513455 0.327642 0.514263 0.327642 0.514532 0.328286 0.51507 0.328286 0.515339 0.329253 0.516146 0.329253 0.516416 0.330219 0.517223 0.330219 0.517492 0.331186 0.518299 0.331186 0.518568 0.332152 0.519376 0.332152 0.519645 0.332796 0.520183 0.332796 0.520452 0.333763 0.521259 0.333763 0.521529 0.334729 0.522336 0.334729 0.522605 0.335696 0.523412 0.335696 0.523681 0.336662 0.524489 0.336662 0.524758 0.337307 0.525296 0.337307 0.525565 0.338273 0.526372 0.338273 0.526642 0.33924 0.527449 0.33924 0.527718 0.340206 0.528525 0.340206 0.528794 0.341173 0.529602 0.341173 0.529871 0.341817 0.530409 0.341817 0.530678 0.342784 0.531485 0.342784 0.531755 0.34375 0.532562 0.34375 0.532831 0.344716 0.533638 0.344716 0.533907 0.345361 0.534446 0.345361 0.534715 0.346327 0.535522 0.346327 0.535791 0.347294 0.536598 0.347294 0.536868 0.34826 0.537675 0.34826 0.537944 0.349227 0.538751 0.349227 0.53902 0.349871 0.539559 0.349871 0.539828 0.350838 0.540635 0.350838 0.540904 0.351804 0.541712 0.351804 0.541981 0.352771 0.542788 0.352771 0.543057 0.353737 0.543864 0.353737 0.544133 0.354381 0.544672 0.354381 0.544941 0.355348 0.545748 0.355348 0.546017 0.356314 0.546825 0.356314 0.547094 0.357281 0.547901 0.357281 0.54817 0.358247 0.548977 0.358247 0.549247 0.358892 0.549785 0.358892 0.550054 0.359858 0.550861 0.359858 0.55113 0.360825 0.551938 0.360825 0.552207 0.361791 0.553014 0.361791 0.553283 0.362758 0.55409 0.362758 0.55436 0.363402 0.554898 0.363402 0.555167 0.364369 0.555974 0.364369 0.556243 0.365335 0.557051 0.365335 0.55732 0.366302 0.558127 0.366302 0.558396 0.367268 0.559203 0.367268 0.559473 0.367912 0.560011 0.367912 0.56028 0.368879 0.561087 0.368879 0.561356 0.369845 0.562164 0.369845 0.562433 0.370812 0.56324 0.370812 0.563509 0.371778 0.564316 0.371778 0.564586 0.372423 0.565124 0.372423 0.565393 0.373389 0.5662 0.373389 0.566469 0.374356 0.567277 0.374356 0.567546 0.375322 0.568353 0.375322 0.568622 0.375966 0.56916 0.375966 0.569429 0.376933 0.570237 0.376933 0.570506 0.377899 0.571313 0.377899 0.571582 0.378866 0.57239 0.378866 0.572659 0.379832 0.573466 0.379832 0.573735 0.380477 0.574273 0.380477 0.574543 0.381443 0.57535 0.381443 0.575619 0.38241 0.576426 0.38241 0.576695 0.383376 0.577503 0.383376 0.577772 0.384343 0.578579 0.384343 0.578848 0.384987 0.579386 0.384987 0.579656 0.385954 0.580463 0.385954 0.580732 0.38692 0.581539 0.38692 0.581808 0.387887 0.582616 0.387887 0.582885 0.388853 0.583692 0.388853 0.583961 0.389497 0.584499 0.389497 0.584769 0.390464 0.585576 0.390464 0.585845 0.39143 0.586652 0.39143 0.586921 0.392397 0.587729 0.392397 0.587998 0.393363 0.588805 0.393363 0.589074 0.394008 0.589612 0.394008 0.589882 0.394974 0.590689 0.394974 0.590958 0.395941 0.591765 0.395941 0.592034 0.396907 0.592842 0.396907 0.593111 0.397874 0.593918 0.397874 0.594187 0.398518 0.594726 0.398518 0.594995 0.399485 0.595802 0.399485 0.596071 0.400451 0.596878 0.400451 0.597147 0.401418 0.597955 0.401418 0.598224 0.402384 0.599031 0.402384 0.5993 0.403028 0.599839 0.403028 0.600108 0.403995 0.600915 0.403995 0.601184 0.404961 0.601991 0.404961 0.60226 0.405928 0.603068 0.405928 0.603337 0.406572 0.603875 0.406572 0.604144 0.407539 0.604952 0.407539 0.605221 0.408505 0.606028 0.408505 0.606297 0.409472 0.607104 0.409472 0.607374 0.410438 0.608181 0.410438 0.60845 0.411082 0.608988 0.411082 0.609257 0.412049 0.610065 0.412049 0.610334 0.413015 0.611141 0.413015 0.61141 0.413982 0.612217 0.413982 0.612487 0.414948 0.613294 0.414948 0.613563 0.415593 0.614101 0.415593 0.61437 0.416559 0.615178 0.416559 0.615447 0.417526 0.616254 0.417526 0.616523 0.418492 0.61733 0.418492 0.6176 0.419459 0.618407 0.419459 0.618676 0.420103 0.619214 0.420103 0.619483 0.42107 0.620291 0.42107 0.62056 0.422036 0.621367 0.422036 0.621636 0.423003 0.622443 0.423003 0.622713 0.423969 0.62352 0.423969 0.623789 0.424613 0.624327 0.424613 0.624596 0.42558 0.625404 0.42558 0.625673 0.426546 0.62648 0.426546 0.626749 0.427513 0.627557 0.427513 0.627826 0.428479 0.628633 0.428479 0.628902 0.429124 0.62944 0.429124 0.629709 0.43009 0.630517 0.43009 0.630786 0.431057 0.631593 0.431057 0.631862 0.432023 0.63267 0.432023 0.632939 0.43299 0.633746 0.43299 0.634015 0.433634 0.634553 0.433634 0.634822 0.434601 0.63563 0.434601 0.635899 0.435567 0.636706 0.435567 0.636975 0.436534 0.637783 0.436534 0.638052 0.4375 0.638859 0.4375 0.639128 0.438144 0.639666 0.438144 0.639935 0.439111 0.640743 0.439111 0.641012 0.440077 0.641819 0.440077 0.642088 0.441044 0.642896 0.441044 0.643165 0.441688 0.643703 0.441688 0.643972 0.442655 0.644779 0.442655 0.645048 0.443621 0.645856 0.443621 0.646125 0.444588 0.646932 0.444588 0.647201 0.445554 0.648009 0.445554 0.648278 0.446198 0.648816 0.446198 0.649085 0.447165 0.649892 0.447165 0.650161 0.448131 0.650969 0.448131 0.651238 0.449098 0.652045 0.449098 0.652314 0.450064 0.653122 0.450064 0.653391 0.450709 0.653929 0.450709 0.654198 0.451675 0.655005 0.451675 0.655274 0.452642 0.656082 0.452642 0.656351 0.453608 0.657158 0.453608 0.657427 0.454575 0.658235 0.454575 0.658504 0.455219 0.659042 0.455219 0.659311 0.456186 0.660118 0.456186 0.660388 0.457152 0.661195 0.457152 0.661464 0.458119 0.662271 0.458119 0.66254 0.459085 0.663348 0.459085 0.663617 0.459729 0.664155 0.459729 0.664424 0.460696 0.665231 0.460696 0.665501 0.461662 0.666308 0.461662 0.666577 0.462629 0.667384 0.462629 0.667653 0.463595 0.668461 0.463595 0.66873 0.46424 0.669268 0.46424 0.669537 0.465206 0.670344 0.465206 0.670614 0.466173 0.671421 0.466173 0.67169 0.467139 0.672497 0.467139 0.672766 0.468106 0.673574 0.468106 0.673843 0.46875 0.674381 0.46875 0.67465 0.469716 0.675457 0.469716 0.675727 0.470683 0.676534 0.470683 0.676803 0.471649 0.67761 0.471649 0.677879 0.472294 0.678418 0.472294 0.678687 0.47326 0.679494 0.47326 0.679763 0.474227 0.680571 0.474227 0.68084 0.475193 0.681647 0.475193 0.681916 0.47616 0.682723 0.47616 0.682992 0.476804 0.683531 0.476804 0.6838 0.477771 0.684607 0.477771 0.684876 0.478737 0.685684 0.478737 0.685953 0.479704 0.68676 0.479704 0.687029 0.48067 0.687836 0.48067 0.688105 0.481314 0.688644 0.481314 0.688913 0.482281 0.68972 0.482281 0.689989 0.483247 0.690797 0.483247 0.691066 0.484214 0.691873 0.484214 0.692142 0.48518 0.692949 0.48518 0.693219 0.485825 0.693757 0.485825 0.694026 0.486791 0.694833 0.486791 0.695102 0.487758 0.69591 0.487758 0.696179 0.488724 0.696986 0.488724 0.697255 0.489691 0.698062 0.489691 0.698332 0.490335 0.69887 0.490335 0.699139 0.491302 0.699946 0.491302 0.700215 0.492268 0.701023 0.492268 0.701292 0.493235 0.702099 0.493235 0.702368 0.494201 0.703175 0.494201 0.703445 0.494845 0.703983 0.494845 0.704252 0.495812 0.705059 0.495812 0.705328 0.496778 0.706136 0.496778 0.706405 0.497745 0.707212 0.497745 0.707481 0.498711 0.708288 0.498711 0.708558 0.499356 0.709096 0.499356 0.709365 0.500322 0.710172 0.500322 0.710441 0.501289 0.711249 0.501289 0.711518 0.502255 0.712325 0.502255 0.712594 0.502899 0.713132 0.502899 0.713402 0.503866 0.714209 0.503866 0.714478 0.504832 0.715285 0.504832 0.715554 0.505799 0.716362 0.505799 0.716631 0.506765 0.717438 0.506765 0.717707 0.50741 0.718245 0.50741 0.718515 0.508376 0.719322 0.508376 0.719591 0.509343 0.720398 0.509343 0.720667 0.510309 0.721475 0.510309 0.721744 0.511276 0.722551 0.511276 0.72282 0.51192 0.723358 0.51192 0.723628 0.512887 0.724435 0.512887 0.724704 0.513853 0.725511 0.513853 0.72578 0.51482 0.726588 0.51482 0.726857 0.515786 0.727664 0.515786 0.727933 0.51643 0.728471 0.51643 0.728741 0.517397 0.729548 0.517397 0.729817 0.518363 0.730624 0.518363 0.730893 0.51933 0.731701 0.51933 0.73197 0.520296 0.732777 0.520296 0.733046 0.520941 0.733584 0.520941 0.733854 0.521907 0.734661 0.521907 0.73493 0.522874 0.735737 0.522874 0.736006 0.52384 0.736814 0.52384 0.737083 0.524807 0.73789 0.524807 0.738159 0.525451 0.738698 0.525451 0.738967 0.526418 0.739774 0.526418 0.740043 0.527384 0.74085 0.527384 0.741119 0.528351 0.741927 0.528351 0.742196 0.529317 0.743003 0.529317 0.743272 0.529961 0.743811 0.529961 0.74408 0.530928 0.744887 0.530928 0.745156 0.531894 0.745963 0.531894 0.746233 0.532861 0.74704 0.532861 0.747309 0.533827 0.748116 0.533827 0.748385 0.534472 0.748924 0.534472 0.749193 0.535438 0.75 0.535438 0.750269 0.536405 0.751076 0.536405 0.751346 0.537371 0.752153 0.537371 0.752422 0.538015 0.75296 0.538015 0.753229 0.538982 0.754037 0.538982 0.754306 0.539948 0.755113 0.539948 0.755382 0.540915 0.756189 0.540915 0.756459 0.541881 0.757266 0.541881 0.757535 0.542526 0.758073 0.542526 0.758342 0.543492 0.75915 0.543492 0.759419 0.544459 0.760226 0.544459 0.760495 0.545425 0.761302 0.545425 0.761572 0.546392 0.762379 0.546392 0.762648 0.547036 0.763186 0.547036 0.763455 0.548003 0.764263 0.548003 0.764532 0.548969 0.765339 0.548969 0.765608 0.549936 0.766416 0.549936 0.766685 0.550902 0.767492 0.550902 0.767761 0.551546 0.768299 0.551546 0.768568 0.552513 0.769376 0.552513 0.769645 0.553479 0.770452 0.553479 0.770721 0.554446 0.771529 0.554446 0.771798 0.555412 0.772605 0.555412 0.772874 0.556057 0.773412 0.556057 0.773681 0.557023 0.774489 0.557023 0.774758 0.55799 0.775565 0.55799 0.775834 0.558956 0.776642 0.558956 0.776911 0.559923 0.777718 0.559923 0.777987 0.560567 0.778525 0.560567 0.778794 0.561534 0.779602 0.561534 0.779871 0.5625 0.780678 0.5625 0.780947 0.563466 0.781755 0.563466 0.782024 0.564433 0.782831 0.564433 0.7831 0.565077 0.783638 0.565077 0.783907 0.566044 0.784715 0.566044 0.784984 0.56701 0.785791 0.56701 0.78606 0.567977 0.786868 0.567977 0.787137 0.568621 0.787675 0.568621 0.787944 0.569588 0.788751 0.569588 0.78902 0.570554 0.789828 0.570554 0.790097 0.571521 0.790904 0.571521 0.791173 0.572487 0.791981 0.572487 0.79225 0.573131 0.792788 0.573131 0.793057 0.574098 0.793864 0.574098 0.794133 0.575064 0.794941 0.575064 0.79521 0.576031 0.796017 0.576031 0.796286 0.576997 0.797094 0.576997 0.797363 0.577642 0.797901 0.577642 0.79817 0.578608 0.798977 0.578608 0.799247 0.579575 0.800054 0.579575 0.800323 0.580541 0.80113 0.580541 0.801399 0.581508 0.802207 0.581508 0.802476 0.582152 0.803014 0.582152 0.803283 0.583119 0.80409 0.583119 0.80436 0.584085 0.805167 0.584085 0.805436 0.585052 0.806243 0.585052 0.806512 0.586018 0.80732 0.586018 0.807589 0.586662 0.808127 0.586662 0.808396 0.587629 0.809203 0.587629 0.809473 0.588595 0.81028 0.588595 0.810549 0.589562 0.811356 0.589562 0.811625 0.590528 0.812433 0.590528 0.812702 0.591173 0.81324 0.591173 0.813509 0.592139 0.814316 0.592139 0.814586 0.593106 0.815393 0.593106 0.815662 0.594072 0.816469 0.594072 0.816738 0.595039 0.817546 0.595039 0.817815 0.595683 0.818353 0.595683 0.818622 0.596649 0.819429 0.596649 0.819699 0.597616 0.820506 0.597616 0.820775 0.598582 0.821582 0.598582 0.821851 0.599227 0.82239 0.599227 0.822659 0.600193 0.823466 0.600193 0.823735 0.60116 0.824543 0.60116 0.824812 0.602126 0.825619 0.602126 0.825888 0.603093 0.826695 0.603093 0.826964 0.603737 0.827503 0.603737 0.827772 0.604704 0.828579 0.604704 0.828848 0.60567 0.829656 0.60567 0.829925 0.606637 0.830732 0.606637 0.831001 0.607603 0.831808 0.607603 0.832078 0.608247 0.832616 0.608247 0.832885 0.609214 0.833692 0.609214 0.833961 0.61018 0.834769 0.61018 0.835038 0.611147 0.835845 0.611147 0.836114 0.612113 0.836921 0.612113 0.837191 0.612758 0.837729 0.612758 0.837998 0.613724 0.838805 0.613724 0.839074 0.614691 0.839882 0.614691 0.840151 0.615657 0.840958 0.615657 0.841227 0.616624 0.842034 0.616624 0.842304 0.617268 0.842842 0.617268 0.843111 0.618235 0.843918 0.618235 0.844187 0.619201 0.844995 0.619201 0.845264 0.620168 0.846071 0.620168 0.84634 0.620812 0.846878 0.621778 0.846878 0.622423 0.84634 0.622745 0.84634 0.623711 0.845533 0.624034 0.845533 0.625 0.844726 0.625322 0.844726 0.626289 0.843918 0.626611 0.843918 0.627577 0.843111 0.627899 0.843111 0.628544 0.842573 0.628866 0.842573 0.629832 0.841765 0.630155 0.841765 0.631121 0.840958 0.631443 0.840958 0.63241 0.840151 0.632732 0.840151 0.633698 0.839343 0.634021 0.839343 0.634665 0.838805 0.634987 0.838805 0.635954 0.837998 0.636276 0.837998 0.637242 0.837191 0.637564 0.837191 0.638531 0.836383 0.638853 0.836383 0.63982 0.835576 0.640142 0.835576 0.640786 0.835038 0.641108 0.835038 0.642075 0.83423 0.642397 0.83423 0.643363 0.833423 0.643686 0.833423 0.644652 0.832616 0.644974 0.832616 0.645941 0.831808 0.646263 0.831808 0.646907 0.83127 0.647229 0.83127 0.648196 0.830463 0.648518 0.830463 0.649485 0.829656 0.649807 0.829656 0.650773 0.828848 0.651095 0.828848 0.65174 0.82831 0.652062 0.82831 0.653028 0.827503 0.653351 0.827503 0.654317 0.826695 0.654639 0.826695 0.655606 0.825888 0.655928 0.825888 0.656894 0.825081 0.657216 0.825081 0.657861 0.824543 0.658183 0.824543 0.659149 0.823735 0.659472 0.823735 0.660438 0.822928 0.66076 0.822928 0.661727 0.822121 0.662049 0.822121 0.663015 0.821313 0.663338 0.821313 0.663982 0.820775 0.664304 0.820775 0.665271 0.819968 0.665593 0.819968 0.666559 0.81916 0.666881 0.81916 0.667848 0.818353 0.66817 0.818353 0.669137 0.817546 0.669459 0.817546 0.670103 0.817008 0.670425 0.817008 0.671392 0.8162 0.671714 0.8162 0.67268 0.815393 0.673003 0.815393 0.673969 0.814586 0.674291 0.814586 0.675258 0.813778 0.67558 0.813778 0.676224 0.81324 0.676546 0.81324 0.677513 0.812433 0.677835 0.812433 0.678802 0.811625 0.679124 0.811625 0.68009 0.810818 0.680412 0.810818 0.681379 0.810011 0.681701 0.810011 0.682345 0.809473 0.682668 0.809473 0.683634 0.808665 0.683956 0.808665 0.684923 0.807858 0.685245 0.807858 0.686211 0.807051 0.686534 0.807051 0.6875 0.806243 0.687822 0.806243 0.688466 0.805705 0.688789 0.805705 0.689755 0.804898 0.690077 0.804898 0.691044 0.80409 0.691366 0.80409 0.692332 0.803283 0.692655 0.803283 0.693299 0.802745 0.693621 0.802745 0.694588 0.801938 0.69491 0.801938 0.695876 0.80113 0.696198 0.80113 0.697165 0.800323 0.697487 0.800323 0.698454 0.799516 0.698776 0.799516 0.69942 0.798977 0.699742 0.798977 0.700709 0.79817 0.701031 0.79817 0.701997 0.797363 0.70232 0.797363 0.703286 0.796555 0.703608 0.796555 0.704575 0.795748 0.704897 0.795748 0.705541 0.79521 0.705863 0.79521 0.70683 0.794403 0.707152 0.794403 0.708119 0.793595 0.708441 0.793595 0.709407 0.792788 0.709729 0.792788 0.710696 0.791981 0.711018 0.791981 0.711662 0.791442 0.711985 0.791442 0.712951 0.790635 0.713273 0.790635 0.71424 0.789828 0.714562 0.789828 0.715528 0.78902 0.715851 0.78902 0.716817 0.788213 0.717139 0.788213 0.717784 0.787675 0.718106 0.787675 0.719072 0.786868 0.719394 0.786868 0.720361 0.78606 0.720683 0.78606 0.721649 0.785253 0.721972 0.785253 0.722938 0.784446 0.72326 0.784446 0.723905 0.783907 0.724227 0.783907 0.725193 0.7831 0.725515 0.7831 0.726482 0.782293 0.726804 0.782293 0.727771 0.781485 0.728093 0.781485 0.729059 0.780678 0.729381 0.780678 0.730026 0.78014 0.730348 0.78014 0.731314 0.779333 0.731637 0.779333 0.732603 0.778525 0.732925 0.778525 0.733892 0.777718 0.734214 0.777718 0.734858 0.77718 0.73518 0.77718 0.736147 0.776372 0.736469 0.776372 0.737436 0.775565 0.737758 0.775565 0.738724 0.774758 0.739046 0.774758 0.740013 0.77395 0.740335 0.77395 0.740979 0.773412 0.741302 0.773412 0.742268 0.772605 0.74259 0.772605 0.743557 0.771798 0.743879 0.771798 0.744845 0.77099 0.745168 0.77099 0.746134 0.770183 0.746456 0.770183 0.747101 0.769645 0.747423 0.769645 0.748389 0.768837 0.748711 0.768837 0.749678 0.76803 0.75 0.76803 0.750966 0.767223 0.751289 0.767223 0.752255 0.766416 0.752577 0.766416 0.753222 0.765877 0.753544 0.765877 0.75451 0.76507 0.754832 0.76507 0.755799 0.764263 0.756121 0.764263 0.757088 0.763455 0.75741 0.763455 0.758376 0.762648 0.758698 0.762648 0.759343 0.76211 0.759665 0.76211 0.760631 0.761302 0.760954 0.761302 0.76192 0.760495 0.762242 0.760495 0.763209 0.759688 0.763531 0.759688 0.764497 0.758881 0.76482 0.758881 0.765464 0.758342 0.765786 0.758342 0.766753 0.757535 0.767075 0.757535 0.768041 0.756728 0.768363 0.756728 0.76933 0.75592 0.769652 0.75592 0.770619 0.755113 0.770941 0.755113 0.771585 0.754575 0.771907 0.754575 0.772874 0.753767 0.773196 0.753767 0.774162 0.75296 0.774485 0.75296 0.775451 0.752153 0.775773 0.752153 0.77674 0.751346 0.777062 0.751346 0.777706 0.750807 0.778028 0.750807 0.778995 0.75 0.779317 0.75 0.780284 0.749193 0.780606 0.749193 0.781572 0.748385 0.781894 0.748385 0.782539 0.747847 0.782861 0.747847 0.783827 0.74704 0.784149 0.74704 0.785116 0.746233 0.785438 0.746233 0.786405 0.745425 0.786727 0.745425 0.787693 0.744618 0.788015 0.744618 0.78866 0.74408 0.788982 0.74408 0.789948 0.743272 0.790271 0.743272 0.791237 0.742465 0.791559 0.742465 0.792526 0.741658 0.792848 0.741658 0.793814 0.74085 0.794137 0.74085 0.794781 0.740312 0.795103 0.740312 0.79607 0.739505 0.796392 0.739505 0.797358 0.738698 0.79768 0.738698 0.798647 0.73789 0.798969 0.73789 0.799936 0.737083 0.800258 0.737083 0.800902 0.736545 0.801224 0.736545 0.802191 0.735737 0.802513 0.735737 0.803479 0.73493 0.803802 0.73493 0.804768 0.734123 0.80509 0.734123 0.806057 0.733315 0.806379 0.733315 0.807023 0.732777 0.807345 0.732777 0.808312 0.73197 0.808634 0.73197 0.809601 0.731163 0.809923 0.731163 0.810889 0.730355 0.811211 0.730355 0.812178 0.729548 0.8125 0.729548 0.813144 0.72901 0.813466 0.72901 0.814433 0.728202 0.814755 0.728202 0.815722 0.727395 0.816044 0.727395 0.81701 0.726588 0.817332 0.726588 0.818299 0.72578 0.818621 0.72578 0.819265 0.725242 0.819588 0.725242 0.820554 0.724435 0.820876 0.724435 0.821843 0.723628 0.822165 0.723628 0.823131 0.72282 0.823454 0.72282 0.824098 0.722282 0.82442 0.722282 0.825387 0.721475 0.825709 0.721475 0.826675 0.720667 0.826997 0.720667 0.827964 0.71986 0.828286 0.71986 0.829253 0.719053 0.829575 0.719053 0.830219 0.718515 0.830541 0.718515 0.831508 0.717707 0.83183 0.717707 0.832796 0.7169 0.833119 0.7169 0.834085 0.716093 0.834407 0.716093 0.835374 0.715285 0.835696 0.715285 0.83634 0.714747 0.836662 0.714747 0.837629 0.71394 0.837951 0.71394 0.838918 0.713132 0.83924 0.713132 0.840206 0.712325 0.840528 0.712325 0.841495 0.711518 0.841817 0.711518 0.842461 0.71098 0.842784 0.71098 0.84375 0.710172 0.844072 0.710172 0.845039 0.709365 0.845361 0.709365 0.846327 0.708558 0.846649 0.708558 0.847616 0.70775 0.847938 0.70775 0.848582 0.707212 0.848905 0.707212 0.849871 0.706405 0.850193 0.706405 0.85116 0.705597 0.851482 0.705597 0.852448 0.70479 0.852771 0.70479 0.853737 0.703983 0.854059 0.703983 0.854704 0.703445 0.855026 0.703445 0.855992 0.702637 0.856314 0.702637 0.857281 0.70183 0.857603 0.70183 0.85857 0.701023 0.858892 0.701023 0.859858 0.700215 0.86018 0.700215 0.860825 0.699677 0.861147 0.699677 0.862113 0.69887 0.862436 0.69887 0.863402 0.698062 0.863724 0.698062 0.864691 0.697255 0.865013 0.697255 0.865657 0.696717 0.865979 0.696717 0.866946 0.69591 0.867268 0.69591 0.868235 0.695102 0.868557 0.695102 0.869523 0.694295 0.869845 0.694295 0.870812 0.693488 0.871134 0.693488 0.871778 0.692949 0.872101 0.692949 0.873067 0.692142 0.873389 0.692142 0.874356 0.691335 0.874678 0.691335 0.875644 0.690527 0.875966 0.690527 0.876933 0.68972 0.877255 0.68972 0.877899 0.689182 0.878222 0.689182 0.879188 0.688375 0.87951 0.688375 0.880477 0.687567 0.880799 0.687567 0.881765 0.68676 0.882088 0.68676 0.883054 0.685953 0.883376 0.685953 0.884021 0.685414 0.884343 0.685414 0.885309 0.684607 0.885631 0.684607 0.886598 0.6838 0.88692 0.6838 0.887887 0.682992 0.888209 0.682992 0.889175 0.682185 0.889497 0.682185 0.890142 0.681647 0.890464 0.681647 0.89143 0.68084 0.891753 0.68084 0.892719 0.680032 0.893041 0.680032 0.894008 0.679225 0.89433 0.679225 0.895296 0.678418 0.895619 0.678418 0.896263 0.677879 0.896585 0.677879 0.897552 0.677072 0.897874 0.677072 0.89884 0.676265 0.899162 0.676265 0.900129 0.675457 0.900451 0.675457 0.901418 0.67465 0.90174 0.67465 0.902384 0.674112 0.902706 0.674112 0.903673 0.673305 0.903995 0.673305 0.904961 0.672497 0.905284 0.672497 0.90625 0.67169 0.906572 0.67169 0.907539 0.670883 0.907861 0.670883 0.908505 0.670344 0.908827 0.670344 0.909794 0.669537 0.910116 0.669537 0.911082 0.66873 0.911405 0.66873 0.912371 0.667922 0.912693 0.667922 0.913338 0.667384 0.91366 0.667384 0.914626 0.666577 0.914948 0.666577 0.915915 0.66577 0.916237 0.66577 0.917204 0.664962 0.917526 0.664962 0.918492 0.664155 0.918814 0.664155 0.919459 0.663617 0.919781 0.663617 0.920747 0.662809 0.92107 0.662809 0.922036 0.662002 0.922358 0.662002 0.923325 0.661195 0.923647 0.661195 0.924613 0.660388 0.924936 0.660388 0.92558 0.659849 0.925902 0.659849 0.926869 0.659042 0.927191 0.659042 0.928157 0.658235 0.928479 0.658235 0.929446 0.657427 0.929768 0.657427 0.930735 0.65662 0.931057 0.65662 0.931701 0.656082 0.932023 0.656082 0.93299 0.655274 0.933312 0.655274 0.934278 0.654467 0.934601 0.654467 0.935567 0.65366 0.935889 0.65366 0.936856 0.652853 0.937178 0.652853 0.937822 0.652314 0.938144 0.652314 0.939111 0.651507 0.939433 0.651507 0.940399 0.6507 0.940722 0.6507 0.941688 0.649892 0.94201 0.649892 0.942977 0.649085 0.943299 0.649085 0.943943 0.648547 0.944265 0.648547 0.945232 0.64774 0.945554 0.64774 0.946521 0.646932 0.946843 0.646932 0.947809 0.646125 0.948131 0.646125 0.949098 0.645318 0.94942 0.645318 0.950064 0.644779 0.950387 0.644779 0.951353 0.643972 0.951675 0.643972 0.952642 0.643165 0.952964 0.643165 0.95393 0.642357 0.954253 0.642357 0.954897 0.641819 0.955219 0.641819 0.956186 0.641012 0.956508 0.641012 0.957474 0.640205 0.957796 0.640205 0.958763 0.639397 0.959085 0.639397 0.959085 0.639128 0.958763 0.639128 0.958441 0.639397 0.958119 0.639397 0.957152 0.640205 0.956508 0.639666 0.956508 0.639397 0.956186 0.639128 0.956186 0.638859 0.955863 0.63859 0.955863 0.638321 0.956186 0.638052 0.956186 0.637783 0.955863 0.637513 0.955863 0.63563 0.955541 0.635361 0.955541 0.635091 0.954897 0.634553 0.955219 0.634284 0.954575 0.633746 0.954897 0.633477 0.95393 0.63267 0.95393 0.6324 0.953286 0.631862 0.953286 0.631593 0.95232 0.630786 0.95232 0.630517 0.951997 0.630248 0.951997 0.629709 0.951031 0.628902 0.951031 0.628633 0.950064 0.627826 0.950064 0.627557 0.94942 0.627018 0.94942 0.626749 0.948454 0.625942 0.948454 0.625673 0.947487 0.624865 0.947809 0.624596 0.947165 0.624058 0.947165 0.623789 0.946198 0.622982 0.946198 0.622713 0.945876 0.622443 0.945876 0.621905 0.945232 0.621367 0.945232 0.620829 0.94491 0.62056 0.94491 0.620291 0.943943 0.619483 0.944265 0.619214 0.944588 0.619214 0.944265 0.618945 0.944265 0.618407 0.943943 0.618138 0.943943 0.61733 0.944265 0.617061 0.944588 0.61733 0.944588 0.6176 0.94491 0.617869 0.945232 0.617869 0.945232 0.6176 0.944588 0.617061 0.944588 0.616792 0.943943 0.616254 0.944265 0.615985 0.943943 0.615716 0.944588 0.615178 0.944588 0.614639 0.94491 0.61437 0.94491 0.613294 0.945232 0.613025 0.945232 0.612487 0.94491 0.612217 0.94491 0.611679 0.944588 0.61141 0.944588 0.611141 0.94491 0.610872 0.944265 0.610334 0.944265 0.610065 0.943943 0.609795 0.943943 0.609257 0.942977 0.60845 0.942977 0.608181 0.942332 0.607643 0.942332 0.607374 0.941366 0.606566 0.941366 0.606297 0.940399 0.60549 0.940399 0.605221 0.939433 0.604413 0.939433 0.604144 0.939111 0.604144 0.938144 0.603337 0.938144 0.603068 0.937178 0.60226 0.937178 0.601991 0.936856 0.601722 0.935567 0.601722 0.935245 0.601453 0.934278 0.601453 0.933956 0.601184 0.933312 0.601722 0.93299 0.601453 0.932345 0.601991 0.932023 0.601991 0.931701 0.60226 0.931379 0.60226 0.931057 0.601991 0.930735 0.601991 0.930412 0.601722 0.93009 0.601722 0.929768 0.601453 0.929446 0.601453 0.929124 0.601184 0.928479 0.601184 0.928157 0.600915 0.927835 0.600915 0.927191 0.600377 0.926546 0.600377 0.925902 0.599839 0.92558 0.599839 0.925258 0.599569 0.924936 0.599569 0.924291 0.599031 0.923969 0.599031 0.923647 0.598762 0.923647 0.598493 0.92268 0.597686 0.92268 0.597417 0.922036 0.596878 0.922036 0.596609 0.92107 0.595802 0.92107 0.595533 0.920103 0.594726 0.920103 0.594187 0.920747 0.593649 0.920747 0.59338 0.919781 0.592573 0.919781 0.592304 0.919459 0.592573 0.919137 0.592573 0.918814 0.592304 0.918814 0.592034 0.91817 0.591496 0.91817 0.590958 0.917848 0.590689 0.917848 0.589612 0.916881 0.588805 0.917204 0.588536 0.916559 0.587998 0.916559 0.587729 0.915593 0.586921 0.915593 0.586114 0.914626 0.585307 0.914626 0.585038 0.91366 0.58423 0.91366 0.583961 0.912693 0.583154 0.912693 0.582885 0.911727 0.582078 0.911727 0.58127 0.911405 0.581001 0.911405 0.580194 0.911727 0.579925 0.911727 0.579656 0.912049 0.579386 0.912049 0.579117 0.913015 0.57831 0.913338 0.57831 0.91366 0.578041 0.91366 0.577772 0.914626 0.576964 0.914948 0.576964 0.915593 0.576426 0.915915 0.576426 0.915915 0.576157 0.916881 0.57535 0.916881 0.575081 0.917204 0.574812 0.917204 0.574543 0.917526 0.574273 0.917526 0.574004 0.917848 0.573735 0.917848 0.573466 0.91817 0.573197 0.917204 0.57239 0.917204 0.572121 0.916237 0.571313 0.916237 0.571044 0.915593 0.570506 0.915915 0.570237 0.915271 0.569699 0.915271 0.569429 0.914304 0.568622 0.914304 0.568353 0.913338 0.567546 0.913338 0.567277 0.912371 0.566469 0.912371 0.5662 0.911727 0.565662 0.911727 0.565393 0.91076 0.564586 0.91076 0.564316 0.909794 0.563509 0.909794 0.56324 0.908827 0.562433 0.908827 0.562164 0.907861 0.561356 0.907861 0.561087 0.907216 0.560549 0.907216 0.56028 0.90625 0.559473 0.90625 0.559203 0.905284 0.558396 0.905284 0.558127 0.904317 0.55732 0.904317 0.557051 0.903673 0.556512 0.903351 0.556512 0.903028 0.556243 0.903028 0.555974 0.902062 0.555167 0.902062 0.554898 0.901095 0.55409 0.901095 0.553821 0.900129 0.553014 0.900129 0.552745 0.899162 0.551938 0.899162 0.551668 0.898518 0.55113 0.898518 0.550861 0.898196 0.550861 0.896907 0.549785 0.896907 0.549516 0.896585 0.549785 0.896263 0.549516 0.896263 0.549247 0.895619 0.548708 0.895296 0.548708 0.894652 0.54817 0.894008 0.54817 0.893686 0.548439 0.892719 0.548439 0.892397 0.548708 0.891753 0.548708 0.89143 0.548977 0.890786 0.548977 0.890464 0.549247 0.889175 0.549247 0.888853 0.549516 0.888531 0.549516 0.887887 0.550054 0.887242 0.550054 0.886598 0.550592 0.886276 0.550323 0.885954 0.550323 0.885631 0.550054 0.885309 0.550054 0.884665 0.549516 0.884665 0.549247 0.883698 0.548439 0.883698 0.54817 0.883054 0.547632 0.882732 0.547632 0.882088 0.547094 0.882088 0.546825 0.881443 0.546286 0.881443 0.546017 0.881121 0.545748 0.880799 0.545748 0.879832 0.544941 0.879832 0.544672 0.87951 0.544672 0.878866 0.544133 0.878544 0.544133 0.878222 0.543864 0.877899 0.543864 0.877577 0.544133 0.877255 0.543864 0.876933 0.543864 0.876611 0.543595 0.875966 0.543595 0.875322 0.543057 0.875 0.543057 0.874678 0.542788 0.874678 0.542519 0.874356 0.54225 0.874034 0.54225 0.873389 0.541712 0.873389 0.541442 0.872423 0.540635 0.872423 0.540366 0.871456 0.539559 0.871456 0.53929 0.87049 0.538482 0.87049 0.538213 0.869845 0.537675 0.869845 0.537406 0.869201 0.536868 0.869201 0.536329 0.868557 0.535791 0.868557 0.535522 0.867912 0.534984 0.868235 0.534715 0.867268 0.533907 0.867268 0.533638 0.86759 0.533369 0.867912 0.533369 0.867912 0.532831 0.868235 0.532562 0.868235 0.532293 0.868557 0.532024 0.868557 0.530678 0.868235 0.530409 0.868235 0.529333 0.86759 0.528794 0.86759 0.528256 0.867268 0.527987 0.867268 0.527449 0.866946 0.52718 0.866946 0.526642 0.866624 0.526372 0.866624 0.526103 0.865657 0.525296 0.865979 0.525027 0.865657 0.524758 0.865657 0.524489 0.865335 0.52422 0.865335 0.523681 0.864369 0.522874 0.864369 0.522605 0.864046 0.522336 0.864046 0.521798 0.863402 0.521259 0.863402 0.520721 0.863724 0.520452 0.863724 0.520183 0.864369 0.519645 0.864691 0.519645 0.865335 0.519107 0.865657 0.519107 0.866624 0.518299 0.866946 0.518299 0.866946 0.51803 0.867268 0.517761 0.867268 0.517492 0.86759 0.517223 0.867268 0.516954 0.86759 0.516685 0.867912 0.516685 0.86759 0.516416 0.867912 0.516146 0.86759 0.515877 0.86759 0.514532 0.866946 0.513994 0.866946 0.513724 0.865979 0.512917 0.865979 0.512648 0.865013 0.511841 0.865013 0.511572 0.864369 0.511033 0.864369 0.510764 0.863402 0.509957 0.863402 0.509688 0.862436 0.508881 0.862436 0.508611 0.861469 0.507804 0.861469 0.507535 0.860503 0.506728 0.860503 0.506459 0.859858 0.50592 0.859858 0.505651 0.858892 0.504844 0.858892 0.504575 0.857925 0.503767 0.857925 0.503498 0.856959 0.502691 0.856959 0.502422 0.855992 0.501615 0.855992 0.501346 0.855348 0.500807 0.855348 0.500538 0.854381 0.499731 0.854381 0.499462 0.853415 0.498654 0.853415 0.498385 0.852448 0.497578 0.852448 0.497309 0.851482 0.496502 0.851482 0.496233 0.850838 0.495694 0.850838 0.495425 0.849871 0.494618 0.849871 0.494349 0.849227 0.493811 0.848905 0.493811 0.84826 0.493272 0.84826 0.493003 0.847294 0.492196 0.847294 0.491927 0.846327 0.491119 0.846327 0.49085 0.845683 0.490312 0.845683 0.490043 0.844716 0.489236 0.844716 0.488967 0.844394 0.488967 0.843106 0.48789 0.843106 0.487621 0.842139 0.486814 0.842139 0.486545 0.841495 0.486006 0.841495 0.485737 0.840528 0.48493 0.840528 0.484661 0.839884 0.484123 0.839562 0.484123 0.83924 0.483854 0.839562 0.483584 0.839562 0.483315 0.83924 0.483046 0.83924 0.482777 0.838595 0.482239 0.835696 0.482239 0.835374 0.482508 0.835052 0.482239 0.834407 0.482777 0.834085 0.482777 0.833441 0.483315 0.833119 0.483046 0.832152 0.483854 0.831186 0.483854 0.830219 0.484661 0.829897 0.484661 0.82893 0.485468 0.828608 0.485199 0.827964 0.485737 0.827642 0.485737 0.826997 0.486276 0.826675 0.486006 0.825387 0.486006 0.824098 0.48493 0.824098 0.484661 0.823131 0.483854 0.823131 0.483584 0.822809 0.483854 0.822487 0.483584 0.822487 0.483315 0.821843 0.482777 0.821843 0.482508 0.820876 0.481701 0.820554 0.481701 0.820232 0.481432 0.820232 0.481163 0.819265 0.480355 0.819265 0.480086 0.818943 0.479817 0.818621 0.479817 0.817977 0.479279 0.817655 0.479279 0.815722 0.477664 0.815722 0.477395 0.814755 0.476588 0.814755 0.476319 0.813789 0.475511 0.813789 0.475242 0.812822 0.474435 0.812822 0.474166 0.812178 0.473628 0.812178 0.473089 0.811856 0.47282 0.811856 0.472551 0.810889 0.471744 0.810889 0.471475 0.809923 0.470667 0.810245 0.470398 0.809601 0.46986 0.809601 0.469322 0.809923 0.469053 0.809923 0.468784 0.809601 0.468515 0.809601 0.468245 0.808956 0.467707 0.809278 0.467438 0.808956 0.467169 0.808956 0.466362 0.808634 0.466093 0.808634 0.465823 0.80799 0.465285 0.808312 0.465016 0.808312 0.464209 0.808634 0.46394 0.808312 0.463671 0.808634 0.463402 0.808956 0.463402 0.809278 0.463132 0.809278 0.462594 0.809601 0.462325 0.809601 0.462056 0.809923 0.461787 0.809601 0.461518 0.809923 0.461249 0.810245 0.461249 0.809923 0.46098 0.809923 0.46071 0.810245 0.460441 0.809923 0.460172 0.809923 0.459903 0.808956 0.459096 0.808956 0.458827 0.80799 0.458019 0.80799 0.45775 0.807023 0.456943 0.807023 0.456674 0.806701 0.456405 0.806701 0.456136 0.807023 0.455867 0.806701 0.455597 0.806701 0.455328 0.807023 0.455059 0.807023 0.454521 0.806701 0.454252 0.807023 0.453983 0.806701 0.453714 0.807023 0.453445 0.806701 0.453175 0.806701 0.452637 0.806379 0.452368 0.806379 0.452099 0.806057 0.45183 0.806057 0.451561 0.805412 0.451023 0.804446 0.451023 0.804124 0.451292 0.803802 0.451292 0.803479 0.451561 0.802835 0.451561 0.802513 0.45183 0.801869 0.45183 0.801546 0.452099 0.801224 0.452099 0.800902 0.45183 0.799613 0.45183 0.799291 0.452099 0.798969 0.452099 0.798647 0.45183 0.798003 0.452368 0.79768 0.452099 0.797358 0.452099 0.797036 0.45183 0.796714 0.452099 0.79607 0.451561 0.795747 0.451561 0.795103 0.451023 0.794459 0.451023 0.793814 0.450484 0.793492 0.450484 0.79317 0.450215 0.792848 0.450484 0.792526 0.450215 0.792204 0.450215 0.791881 0.449946 0.791559 0.450215 0.791237 0.449946 0.790915 0.449946 0.790593 0.449677 0.790593 0.449408 0.790271 0.449139 0.789948 0.449139 0.789304 0.448601 0.789304 0.448332 0.788982 0.448062 0.78866 0.448062 0.787693 0.447255 0.787693 0.446986 0.787371 0.446717 0.787049 0.446717 0.786082 0.44591 0.786082 0.44564 0.784794 0.444564 0.784794 0.444295 0.784149 0.443757 0.784149 0.443488 0.783183 0.44268 0.783183 0.442411 0.782216 0.441604 0.782216 0.441335 0.78125 0.440527 0.78125 0.440258 0.780284 0.439451 0.780284 0.439182 0.779961 0.438913 0.779961 0.438644 0.779317 0.438105 0.779639 0.437836 0.779639 0.436222 0.779961 0.435953 0.779961 0.435684 0.779639 0.435414 0.779639 0.434876 0.779317 0.434607 0.779317 0.434338 0.778673 0.4338 0.778673 0.433262 0.778351 0.432992 0.778351 0.432723 0.777384 0.431916 0.777384 0.431647 0.776418 0.43084 0.776418 0.430571 0.775451 0.429763 0.775451 0.429494 0.774485 0.428687 0.774485 0.428418 0.77384 0.427879 0.77384 0.42761 0.772874 0.426803 0.772874 0.425457 0.773196 0.425188 0.773196 0.424919 0.773518 0.42465 0.773518 0.424381 0.774485 0.423574 0.774807 0.423574 0.774807 0.423305 0.776095 0.422228 0.776418 0.422228 0.777062 0.42169 0.777062 0.421421 0.777384 0.421152 0.777706 0.421152 0.778028 0.420883 0.778028 0.420614 0.778351 0.420344 0.778351 0.420075 0.778995 0.419537 0.778995 0.419268 0.779317 0.418999 0.779317 0.418192 0.779639 0.417922 0.779317 0.417653 0.779639 0.417384 0.779639 0.416039 0.778673 0.415231 0.778673 0.414962 0.777706 0.414155 0.777706 0.413886 0.77674 0.413079 0.77674 0.412809 0.775773 0.412002 0.775773 0.411733 0.775129 0.411195 0.775129 0.410926 0.774162 0.410118 0.774162 0.409849 0.773196 0.409042 0.773518 0.408773 0.772874 0.408235 0.772874 0.407966 0.771907 0.407158 0.771907 0.406889 0.771585 0.406889 0.770619 0.406082 0.770619 0.405813 0.769652 0.405005 0.769652 0.404736 0.768686 0.403929 0.768686 0.40366 0.767719 0.402853 0.767719 0.402583 0.767075 0.402045 0.767075 0.401776 0.766108 0.400969 0.766108 0.4007 0.765786 0.400431 0.765464 0.400431 0.764497 0.399623 0.764497 0.399354 0.763531 0.398547 0.763531 0.398278 0.761598 0.396663 0.761276 0.396663 0.760631 0.396125 0.759987 0.396125 0.759665 0.395856 0.759343 0.395856 0.759021 0.395587 0.75741 0.395587 0.757088 0.395856 0.756443 0.395856 0.756121 0.396125 0.755477 0.396125 0.755155 0.396394 0.75451 0.396394 0.753866 0.396932 0.753544 0.396663 0.753222 0.396932 0.752899 0.396663 0.752577 0.396932 0.751933 0.396932 0.750966 0.39774 0.750644 0.39747 0.750322 0.39774 0.75 0.39747 0.749678 0.39774 0.748711 0.39774 0.748389 0.39747 0.748067 0.39747 0.747745 0.39774 0.747423 0.39747 0.747101 0.39747 0.746778 0.397201 0.746778 0.396932 0.745812 0.396125 0.745812 0.395856 0.74549 0.395587 0.745168 0.395587 0.744201 0.394779 0.744201 0.39451 0.743557 0.393972 0.743235 0.393972 0.742912 0.393703 0.742912 0.393434 0.741946 0.392626 0.741946 0.392357 0.741624 0.392357 0.740335 0.391281 0.740335 0.391012 0.739046 0.391012 0.738724 0.390743 0.737758 0.390743 0.737436 0.390474 0.737113 0.390474 0.736469 0.389935 0.736147 0.389935 0.735503 0.389397 0.735503 0.389128 0.73518 0.388859 0.734858 0.388859 0.733892 0.388052 0.733892 0.387783 0.732925 0.386975 0.732603 0.386975 0.732281 0.386706 0.732281 0.386437 0.731637 0.385899 0.731959 0.38563 0.731314 0.385091 0.731314 0.384822 0.730348 0.384015 0.730348 0.383746 0.729381 0.382939 0.729381 0.38267 0.728415 0.381862 0.728415 0.381593 0.727448 0.380786 0.727448 0.380517 0.726804 0.379978 0.726804 0.379709 0.725838 0.378902 0.725838 0.378633 0.724871 0.377826 0.724871 0.377557 0.723905 0.376749 0.723905 0.37648 0.722938 0.375673 0.722938 0.375404 0.722294 0.374865 0.722616 0.374596 0.721972 0.374058 0.721972 0.373789 0.721005 0.372982 0.721005 0.372713 0.720039 0.371905 0.720039 0.371636 0.719072 0.370829 0.719072 0.37056 0.718428 0.370022 0.718428 0.369752 0.717461 0.368945 0.717461 0.368676 0.716495 0.367869 0.716495 0.3676 0.716173 0.36733 0.715851 0.36733 0.714884 0.366523 0.714884 0.366254 0.71424 0.365716 0.71424 0.365447 0.713273 0.364639 0.713273 0.36437 0.712307 0.363563 0.712307 0.363294 0.71134 0.362487 0.71134 0.362217 0.710374 0.36141 0.710374 0.361141 0.709729 0.360603 0.709729 0.360334 0.708763 0.359526 0.708763 0.359257 0.707796 0.35845 0.707796 0.358181 0.70683 0.357374 0.70683 0.357104 0.705863 0.356297 0.705863 0.356028 0.705219 0.35549 0.705219 0.355221 0.704253 0.354413 0.704253 0.354144 0.703286 0.353337 0.703286 0.353068 0.70232 0.35226 0.70232 0.351991 0.701353 0.351184 0.701353 0.350915 0.700709 0.350377 0.700709 0.350108 0.699742 0.3493 0.699742 0.349031 0.698776 0.348224 0.698776 0.347955 0.697809 0.347147 0.697809 0.346878 0.696843 0.346071 0.696843 0.345802 0.696198 0.345264 0.696198 0.344995 0.695232 0.344187 0.695232 0.343918 0.694265 0.343111 0.694265 0.342842 0.693299 0.342034 0.693299 0.341765 0.692332 0.340958 0.692332 0.340689 0.691688 0.340151 0.691688 0.339882 0.690722 0.339074 0.690722 0.338805 0.690399 0.339074 0.690077 0.338805 0.690077 0.338536 0.689111 0.337729 0.689111 0.33746 0.688144 0.336652 0.688144 0.336383 0.6875 0.335845 0.6875 0.335576 0.686534 0.334769 0.686534 0.334499 0.685567 0.333692 0.685567 0.333423 0.684601 0.332616 0.684601 0.332347 0.683634 0.331539 0.683634 0.33127 0.68299 0.330732 0.68299 0.330463 0.682023 0.329656 0.682023 0.329386 0.681057 0.328579 0.681057 0.32831 0.68009 0.327503 0.68009 0.327234 0.679124 0.326426 0.679124 0.326157 0.678479 0.325619 0.678479 0.32535 0.677513 0.324543 0.677513 0.324273 0.676546 0.323466 0.676546 0.323197 0.67558 0.32239 0.67558 0.322121 0.674613 0.321313 0.674613 0.321044 0.673969 0.320506 0.673969 0.320237 0.673003 0.319429 0.673003 0.31916 0.672036 0.318353 0.672036 0.318084 0.67107 0.317277 0.67107 0.317008 0.670103 0.3162 0.670103 0.315931 0.669459 0.315393 0.669459 0.315124 0.668492 0.314316 0.668492 0.314047 0.667526 0.31324 0.667526 0.312971 0.666559 0.312164 0.666559 0.311895 0.665915 0.311356 0.665915 0.311087 0.665593 0.310818 0.665271 0.310818 0.664304 0.310011 0.664304 0.309742 0.663338 0.308934 0.663338 0.308665 0.662371 0.307858 0.662371 0.307589 0.661405 0.306781 0.661405 0.306512 0.66076 0.305974 0.66076 0.305705 0.659794 0.304898 0.660116 0.304629 0.659472 0.30409 0.659472 0.303552 0.659149 0.303283 0.659472 0.303014 0.659149 0.302745 0.659149 0.302207 0.658505 0.301668 0.658505 0.301399 0.658183 0.301668 0.657861 0.301399 0.657861 0.30113 0.657539 0.30113 0.657216 0.300861 0.656894 0.300861 0.655928 0.300054 0.655928 0.299785 0.655606 0.299516 0.655284 0.299516 0.654317 0.298708 0.654317 0.298439 0.653351 0.297632 0.653351 0.297363 0.652384 0.296555 0.652384 0.296286 0.65174 0.295748 0.65174 0.295479 0.651418 0.29521 0.651418 0.294672 0.650773 0.294133 0.650451 0.294133 0.650129 0.293864 0.649807 0.293864 0.649162 0.293326 0.649162 0.293057 0.648196 0.29225 0.648196 0.291981 0.647552 0.291442 0.647552 0.291173 0.647229 0.291442 0.646907 0.291173 0.646907 0.290904 0.646585 0.290635 0.646263 0.290635 0.645941 0.290904 0.645619 0.290635 0.645296 0.290635 0.644974 0.290366 0.644652 0.290635 0.64433 0.290366 0.644008 0.290366 0.643686 0.290635 0.643363 0.290366 0.642719 0.290366 0.642075 0.289828
