0 0.384007 0.509187 0.3843 0.509439 0.3843 0.50969 0.384593 0.50969 0.384593 0.509187
0 0.386057 0.508935 0.386057 0.509187 0.385764 0.509439 0.385472 0.509187 0.385179 0.509187 0.385472 0.509439 0.385472 0.50969 0.386057 0.509187 0.38635 0.509439 0.387522 0.509439 0.387522 0.509187 0.386643 0.509187 0.38635 0.508935
0 0.389865 0.50818 0.389572 0.508432 0.389572 0.508684 0.389279 0.508935 0.389572 0.509187 0.389865 0.508935 0.390451 0.508935 0.390451 0.508432 0.390158 0.508432
0 0.385764 0.507173 0.385764 0.507425 0.386057 0.507677 0.386057 0.508432 0.38635 0.508432 0.38635 0.507677 0.386057 0.507425 0.386057 0.507173
0 0.40246 0.506922 0.402168 0.507173 0.401875 0.507173 0.401875 0.507425 0.403339 0.507425 0.403339 0.507173 0.403046 0.507173 0.402753 0.506922
0 0.404804 0.50667 0.404511 0.506922 0.404218 0.506922 0.404218 0.507173 0.40539 0.507173 0.40539 0.506922 0.405097 0.50667
0 0.3843 0.50667 0.3843 0.507173 0.384593 0.507173 0.384593 0.50667
0 0.408905 0.506167 0.408905 0.50667 0.409197 0.50667 0.40949 0.506418 0.409197 0.506167
0 0.381664 0.505915 0.381664 0.50667 0.381957 0.50667 0.38225 0.506922 0.38225 0.507677 0.382542 0.507929 0.382542 0.508935 0.38225 0.509187 0.381957 0.509187 0.381957 0.509439 0.38225 0.50969 0.382835 0.50969 0.382542 0.509439 0.382835 0.509187 0.382835 0.507929 0.382542 0.507677 0.382542 0.506167 0.38225 0.506167 0.381957 0.505915
0 0.3843 0.505412 0.3843 0.505663 0.384593 0.505915 0.384886 0.505915 0.384593 0.505663 0.384593 0.505412
0 0.405097 0.50516 0.405097 0.505663 0.40539 0.505412 0.40539 0.50516
0 0.419449 0.504405 0.419449 0.504656 0.420035 0.504656 0.420035 0.504405
0 0.40949 0.504405 0.409197 0.504656 0.408905 0.504656 0.408905 0.505412 0.409197 0.505412 0.40949 0.50516
0 0.417399 0.503901 0.417399 0.504405 0.417692 0.504405 0.417985 0.504656 0.417985 0.505412 0.418571 0.505412 0.418571 0.50516 0.418278 0.504908 0.418278 0.503901
0 0.413591 0.503901 0.413298 0.504153 0.413298 0.504656 0.413005 0.504908 0.412712 0.504908 0.412419 0.50516 0.412419 0.505663 0.412127 0.505915 0.411834 0.505915 0.411541 0.505663 0.411541 0.505915 0.411248 0.506167 0.411248 0.506418 0.411541 0.506167 0.412127 0.506167 0.412127 0.505915 0.412419 0.505663 0.412712 0.505915 0.412712 0.506167 0.413298 0.506167 0.413591 0.505915 0.415349 0.505915 0.415349 0.505663 0.414763 0.50516 0.415056 0.504908 0.415056 0.504153 0.41447 0.504153 0.41447 0.504405 0.414177 0.504656 0.413884 0.504405 0.413884 0.504153
0 0.416227 0.50365 0.415934 0.503901 0.415934 0.504908 0.41652 0.504908 0.41652 0.504656 0.416813 0.504405 0.416813 0.503901 0.41652 0.50365
0 0.433216 0.502895 0.433216 0.50365 0.433509 0.503398 0.433509 0.502895
0 0.430287 0.502895 0.43058 0.503146 0.43058 0.503398 0.430873 0.503398 0.430873 0.503146 0.43058 0.502895
0 0.4215 0.502895 0.421207 0.503146 0.421207 0.503398 0.420914 0.50365 0.420621 0.50365 0.420328 0.503901 0.420035 0.50365 0.420035 0.503398 0.419742 0.503398 0.420035 0.50365 0.420035 0.503901 0.420328 0.503901 0.420621 0.504153 0.420914 0.504153 0.420914 0.50365 0.421207 0.503398 0.4215 0.50365 0.4215 0.504908 0.421793 0.504908 0.421793 0.504656 0.422086 0.504405 0.422086 0.504153 0.421793 0.503901 0.421793 0.50365 0.4215 0.503398
0 0.368483 0.502643 0.368483 0.503146 0.368776 0.503146 0.368776 0.502643
0 0.426186 0.502391 0.426186 0.502895 0.426479 0.502895 0.426479 0.502391
0 0.382835 0.502139 0.382835 0.502391 0.383421 0.502895 0.383421 0.503901 0.383714 0.503901 0.383714 0.502643 0.383421 0.502643 0.383128 0.502391 0.383128 0.502139
0 0.430287 0.501888 0.430287 0.502139 0.43058 0.502139 0.43058 0.501888
0 0.424136 0.501888 0.424136 0.502391 0.424429 0.502643 0.424429 0.502895 0.424722 0.503146 0.425015 0.503146 0.425015 0.502391 0.424722 0.502391 0.424429 0.502139 0.424429 0.501888
0 0.422671 0.501888 0.422671 0.502643 0.422964 0.502643 0.423257 0.502895 0.423257 0.503901 0.422964 0.504153 0.422964 0.504908 0.423257 0.504908 0.42355 0.504656 0.42355 0.504405 0.423843 0.504153 0.423843 0.50365 0.42355 0.503398 0.42355 0.502895 0.423257 0.502895 0.422964 0.502643 0.422964 0.501888
0 0.377563 0.501636 0.377563 0.502139 0.377856 0.502139 0.377856 0.501636
0 0.376684 0.501384 0.376391 0.501636 0.375806 0.501636 0.375806 0.502139 0.376684 0.502139 0.376977 0.501888 0.376977 0.501384
0 0.429115 0.500881 0.428822 0.501133 0.42853 0.501133 0.428822 0.501384 0.428822 0.501888 0.42853 0.502139 0.428237 0.501888 0.427651 0.501888 0.427651 0.502391 0.42853 0.502391 0.428822 0.502643 0.428822 0.502895 0.429115 0.503146 0.429115 0.503398 0.428822 0.50365 0.42853 0.50365 0.427944 0.503146 0.427651 0.503146 0.427944 0.503398 0.427944 0.50365 0.427651 0.503901 0.427358 0.50365 0.426772 0.504153 0.425015 0.504153 0.425015 0.504656 0.425308 0.504656 0.4256 0.504405 0.427065 0.504405 0.427358 0.504153 0.427651 0.504153 0.427651 0.503901 0.427944 0.50365 0.428237 0.503901 0.428237 0.504153 0.429115 0.504153 0.429408 0.503901 0.429994 0.503901 0.429994 0.50365 0.429115 0.502895 0.429115 0.501636 0.429408 0.501384 0.429115 0.501133
0 0.376391 0.500126 0.376391 0.500629 0.376684 0.500629 0.376684 0.500126
0 0.444347 0.498616 0.443761 0.499119 0.443761 0.499622 0.444054 0.499622 0.444347 0.499371 0.44464 0.499371 0.44464 0.498867
0 0.440539 0.49484 0.440539 0.495344 0.440832 0.495092 0.440832 0.49484
0 0.441125 0.493078 0.441125 0.493582 0.441711 0.493582 0.442004 0.493833 0.442004 0.494337 0.441711 0.494588 0.441418 0.494588 0.441418 0.495344 0.441711 0.495595 0.442004 0.495595 0.442296 0.495847 0.442296 0.49635 0.442004 0.496602 0.442004 0.496854 0.442296 0.497105 0.442296 0.498616 0.442589 0.498867 0.442589 0.500378 0.442882 0.500629 0.442882 0.502139 0.443468 0.502139 0.443468 0.500629 0.443175 0.500378 0.443175 0.498867 0.442882 0.498616 0.442882 0.496854 0.443175 0.496602 0.443468 0.496602 0.443468 0.495847 0.443175 0.495847 0.442589 0.495344 0.442589 0.493833 0.442296 0.493833 0.442004 0.493582 0.442004 0.49333 0.441711 0.49333 0.441418 0.493078
0 0.517575 0.492071 0.517868 0.492323 0.517868 0.492827 0.518161 0.492827 0.518161 0.492575 0.517868 0.492323 0.517868 0.492071
0 0.43966 0.492071 0.43966 0.492323 0.439953 0.492575 0.439953 0.493582 0.440246 0.493582 0.440539 0.49333 0.440539 0.492071
0 0.499121 0.491568 0.499121 0.49333 0.499414 0.49333 0.499414 0.49182
0 0.549502 0.488296 0.549502 0.488548 0.549795 0.488799 0.550088 0.488799 0.549795 0.488548 0.549795 0.488296
0 0.543937 0.487793 0.543937 0.488548 0.54423 0.488799 0.544523 0.488799 0.544815 0.489051 0.544815 0.489303 0.545108 0.489303 0.545108 0.489051 0.544815 0.488799 0.544815 0.488296 0.544523 0.488296 0.54423 0.488044 0.54423 0.487793
0 0.55536 0.487289 0.55536 0.488044 0.555653 0.488044 0.555653 0.487289
0 0.548623 0.487038 0.548623 0.488044 0.548916 0.488044 0.548916 0.487038
0 0.550381 0.486786 0.550381 0.488296 0.550674 0.488548 0.55126 0.488548 0.550967 0.488296 0.550967 0.487038 0.550674 0.486786
0 0.543644 0.486786 0.543644 0.487038 0.543937 0.487289 0.543937 0.486786
0 0.547452 0.486534 0.547452 0.486786 0.547745 0.487038 0.547745 0.486534
0 0.54833 0.486031 0.54833 0.486534 0.548623 0.486534 0.548623 0.486031
0 0.566491 0.485779 0.566491 0.486534 0.566784 0.486534 0.566784 0.486031
0 0.547452 0.485779 0.547452 0.486031 0.547745 0.486031 0.547745 0.485779
0 0.568541 0.485276 0.568248 0.485527 0.567955 0.485527 0.568248 0.485779 0.568541 0.485527
0 0.572935 0.485024 0.572935 0.485276 0.573228 0.485276 0.573228 0.485024
0 0.569127 0.485024 0.569127 0.485276 0.56942 0.485276 0.56942 0.485024
0 0.55126 0.485024 0.55126 0.485779 0.550967 0.486031 0.55126 0.486282 0.551552 0.486282 0.551552 0.485276
0 0.558582 0.484772 0.558582 0.485024 0.559168 0.485024 0.559168 0.484772
0 0.550381 0.484269 0.550088 0.484521 0.549795 0.484521 0.549795 0.484772 0.550088 0.484772 0.550381 0.484521
0 0.554774 0.483765 0.554774 0.484269 0.555067 0.484269 0.555067 0.483765
0 0.552724 0.483514 0.552724 0.484017 0.553017 0.484017 0.553017 0.483514
0 0.543058 0.483514 0.543058 0.483765 0.543351 0.483765 0.543351 0.483514
0 0.550088 0.482507 0.549795 0.482759 0.549502 0.482759 0.549502 0.48301 0.549795 0.48301 0.550088 0.482759
0 0.543351 0.482004 0.543644 0.482255 0.543644 0.482507 0.543937 0.482255 0.543644 0.482004
0 0.557118 0.4815 0.557118 0.481752 0.557411 0.481752 0.557411 0.4815
0 0.55331 0.4815 0.55331 0.482004 0.553603 0.481752 0.553603 0.4815
0 0.544523 0.480745 0.544523 0.481248 0.544815 0.481248 0.544815 0.480745
0 0.545108 0.479487 0.545108 0.47999 0.545401 0.47999 0.545401 0.479487
0 0.548916 0.479235 0.548916 0.479738 0.549502 0.479738 0.549502 0.479235
0 0.550967 0.478228 0.550967 0.478731 0.55126 0.478731 0.55126 0.478228
0 0.570299 0.476466 0.570299 0.476718 0.570592 0.476718 0.570592 0.476466
0 0.567663 0.476466 0.56737 0.476718 0.566491 0.476718 0.566491 0.47697 0.566784 0.477221 0.567077 0.477221 0.567077 0.47697 0.56737 0.476718 0.567955 0.476718 0.567955 0.476466
0 0.569713 0.475963 0.56942 0.476214 0.56942 0.476466 0.569713 0.476214
0 0.574985 0.474956 0.574985 0.475208 0.575278 0.475208 0.575278 0.474956
0 0.611599 0.470425 0.611599 0.470677 0.611892 0.470929 0.612185 0.470929 0.612185 0.470425
0 0.246046 0.225522 0.246046 0.226277 0.246339 0.226529 0.246339 0.226781 0.246632 0.226781 0.246339 0.226529 0.246339 0.225522
0 0.554189 0.13189 0.553896 0.132142 0.552431 0.132142 0.552138 0.132394 0.550381 0.132394 0.550088 0.132645 0.54833 0.132645 0.548037 0.132897 0.54628 0.132897 0.545987 0.133149 0.544523 0.133149 0.54423 0.1334 0.542472 0.1334 0.542179 0.133652 0.540422 0.133652 0.540129 0.133904 0.538371 0.133904 0.538079 0.134156 0.536321 0.134156 0.536028 0.134407 0.534564 0.134407 0.534271 0.134659 0.532513 0.134659 0.53222 0.134911 0.530463 0.134911 0.53017 0.135162 0.528412 0.135162 0.52812 0.135414 0.526655 0.135414 0.526362 0.135666 0.524605 0.135666 0.524312 0.135917 0.522554 0.135917 0.522261 0.136169 0.520504 0.136169 0.520211 0.136421 0.518453 0.136421 0.518161 0.136673 0.516696 0.136673 0.516403 0.136924 0.514646 0.136924 0.514353 0.137176 0.512595 0.137176 0.512302 0.137428 0.510545 0.137428 0.510252 0.137679 0.508787 0.137679 0.508494 0.137931 0.506737 0.137931 0.506444 0.138183 0.504687 0.138183 0.504394 0.138434 0.502636 0.138434 0.502343 0.138686 0.500586 0.138686 0.500293 0.138938 0.498828 0.138938 0.498535 0.13919 0.496778 0.13919 0.496485 0.139441 0.494728 0.139441 0.494435 0.139693 0.492677 0.139693 0.492384 0.139945 0.49092 0.139945 0.490627 0.140196 0.488869 0.140196 0.488576 0.140448 0.486819 0.140448 0.486526 0.1407 0.484769 0.1407 0.484476 0.140951 0.482718 0.140951 0.482425 0.141203 0.480961 0.141203 0.480668 0.141455 0.47891 0.141455 0.478617 0.141707 0.47686 0.141707 0.476567 0.141958 0.47481 0.141958 0.474517 0.14221 0.473052 0.14221 0.472759 0.142462 0.471002 0.142462 0.470709 0.142713 0.468951 0.142713 0.468658 0.142965 0.466901 0.142965 0.466608 0.143217 0.464851 0.143217 0.464558 0.143468 0.463093 0.143468 0.4628 0.14372 0.461043 0.14372 0.46075 0.143972 0.458992 0.143972 0.458699 0.144224 0.456942 0.144224 0.456649 0.144475 0.454892 0.144475 0.454599 0.144727 0.453134 0.144727 0.452841 0.144979 0.451084 0.144979 0.450791 0.14523 0.449033 0.14523 0.44874 0.145482 0.446983 0.145482 0.44669 0.145734 0.445226 0.145734 0.444933 0.145985 0.443175 0.145985 0.442882 0.146237 0.441125 0.146237 0.440832 0.146489 0.439074 0.146489 0.438781 0.14674 0.437024 0.14674 0.436731 0.146992 0.435267 0.146992 0.434974 0.147244 0.433216 0.147244 0.432923 0.147496 0.431166 0.147496 0.430873 0.147747 0.429115 0.147747 0.428822 0.147999 0.427358 0.147999 0.427065 0.148251 0.425308 0.148251 0.425015 0.148502 0.423257 0.148502 0.422964 0.148754 0.421207 0.148754 0.420914 0.149006 0.419156 0.149006 0.418864 0.149257 0.417399 0.149257 0.417106 0.149509 0.415349 0.149509 0.415056 0.149761 0.413298 0.149761 0.413005 0.150013 0.411248 0.150013 0.410955 0.150264 0.40949 0.150264 0.409197 0.150516 0.40744 0.150516 0.407147 0.150768 0.40539 0.150768 0.405097 0.151019 0.403339 0.151019 0.403046 0.151271 0.401289 0.151271 0.400996 0.151523 0.399531 0.151523 0.399238 0.151774 0.397481 0.151774 0.397188 0.152026 0.395431 0.152026 0.395138 0.152278 0.39338 0.152278 0.393087 0.15253 0.391623 0.15253 0.39133 0.152781 0.389572 0.152781 0.389279 0.153033 0.387522 0.153033 0.387229 0.153285 0.385472 0.153285 0.385179 0.153536 0.383421 0.153536 0.383128 0.153788 0.381664 0.153788 0.381371 0.15404 0.379613 0.15404 0.37932 0.154291 0.377563 0.154291 0.37727 0.154543 0.375513 0.154543 0.37522 0.154795 0.373755 0.154795 0.373462 0.155047 0.371705 0.155047 0.371412 0.155298 0.369654 0.155298 0.369361 0.15555 0.367604 0.15555 0.367311 0.155802 0.365554 0.155802 0.365261 0.156053 0.363796 0.156053 0.363503 0.156305 0.361746 0.156305 0.361453 0.156557 0.359695 0.156557 0.359402 0.156808 0.357645 0.156808 0.357352 0.15706 0.355595 0.15706 0.355302 0.157312 0.353837 0.157312 0.353544 0.157564 0.351787 0.157564 0.351494 0.157815 0.349736 0.157815 0.349443 0.158067 0.347686 0.158067 0.347393 0.158319 0.345929 0.158319 0.345636 0.15857 0.343878 0.15857 0.343585 0.158822 0.341828 0.158822 0.341535 0.159074 0.339777 0.159074 0.339484 0.159325 0.337727 0.159325 0.337434 0.159577 0.33597 0.159577 0.335677 0.159829 0.333919 0.159829 0.333626 0.160081 0.331869 0.160081 0.331576 0.160332 0.329818 0.160332 0.329525 0.160584 0.328061 0.160584 0.327768 0.160836 0.326011 0.160836 0.325718 0.161087 0.32396 0.161087 0.323667 0.161339 0.32191 0.161339 0.321617 0.161591 0.319859 0.161591 0.319566 0.161842 0.318102 0.161842 0.317809 0.162094 0.316052 0.162094 0.315759 0.162346 0.314001 0.162346 0.313708 0.162598 0.311951 0.162598 0.311658 0.162849 0.310193 0.162849 0.3099 0.163101 0.308143 0.163101 0.30785 0.163353 0.306093 0.163353 0.3058 0.163604 0.304042 0.163604 0.303749 0.163856 0.301992 0.163856 0.301699 0.164108 0.300234 0.164108 0.299941 0.164359 0.298184 0.164359 0.297891 0.164611 0.296134 0.164611 0.295841 0.164863 0.294083 0.164863 0.29379 0.165115 0.292326 0.165115 0.292033 0.165366 0.290275 0.165366 0.289982 0.165618 0.288225 0.165618 0.287932 0.16587 0.286175 0.16587 0.285882 0.166121 0.284124 0.166121 0.283831 0.166373 0.282367 0.166373 0.282074 0.166625 0.280316 0.166625 0.280023 0.166876 0.278266 0.166876 0.277973 0.167128 0.276216 0.167128 0.275923 0.16738 0.274165 0.16738 0.273872 0.167632 0.272408 0.167632 0.272115 0.167883 0.270357 0.167883 0.270064 0.168135 0.268307 0.168135 0.268014 0.168387 0.266257 0.168387 0.265964 0.168638 0.264499 0.168638 0.264206 0.16889 0.262449 0.16889 0.262156 0.169142 0.260398 0.169142 0.260105 0.169393 0.258348 0.169393 0.258055 0.169645 0.256298 0.169645 0.256005 0.169897 0.25454 0.169897 0.254247 0.170149 0.25249 0.170149 0.252197 0.1704 0.250439 0.1704 0.250146 0.170652 0.248389 0.170652 0.248096 0.170904 0.246632 0.170904 0.246339 0.171155 0.244581 0.171155 0.244288 0.171407 0.242531 0.171407 0.242238 0.171659 0.241066 0.171659 0.241066 0.17191 0.242238 0.17191 0.242531 0.172162 0.242531 0.173169 0.242238 0.173421 0.242238 0.173924 0.241945 0.174176 0.241945 0.174427 0.241359 0.174931 0.241652 0.175182 0.241652 0.175434 0.241359 0.175686 0.241359 0.175938 0.241066 0.176189 0.241066 0.176693 0.241359 0.176944 0.241359 0.178455 0.241652 0.178706 0.241652 0.179965 0.241359 0.180216 0.241652 0.180468 0.241652 0.181727 0.241945 0.181978 0.241945 0.183489 0.242238 0.18374 0.242238 0.184999 0.241945 0.18525 0.242238 0.185502 0.242238 0.187012 0.242531 0.187264 0.242238 0.187516 0.242238 0.188774 0.242531 0.189026 0.242238 0.189278 0.242238 0.189781 0.241945 0.190033 0.241945 0.190284 0.241359 0.190788 0.240773 0.190788 0.240773 0.192298 0.24048 0.19255 0.24048 0.192801 0.240187 0.193053 0.239895 0.193053 0.239309 0.193557 0.239016 0.193557 0.239016 0.193808 0.238723 0.19406 0.239016 0.194312 0.23843 0.194815 0.23843 0.19557 0.238137 0.195822 0.23843 0.196073 0.238137 0.196325 0.238137 0.197584 0.23843 0.197835 0.23843 0.199346 0.238723 0.199597 0.238723 0.200856 0.239016 0.201107 0.239016 0.202618 0.239309 0.202869 0.239309 0.203624 0.239602 0.203876 0.239602 0.204128 0.24048 0.204883 0.24048 0.205135 0.240773 0.205386 0.241652 0.205386 0.241945 0.205638 0.243117 0.205638 0.243409 0.20589 0.243702 0.20589 0.243995 0.206141 0.243995 0.206393 0.244581 0.206897 0.244581 0.207148 0.245167 0.207652 0.24546 0.207652 0.245753 0.207903 0.245753 0.208407 0.246046 0.208658 0.246046 0.20891 0.246924 0.209665 0.246924 0.210924 0.247217 0.211175 0.247217 0.212434 0.24751 0.212686 0.24751 0.214196 0.247803 0.214448 0.24751 0.214699 0.246924 0.214699 0.246924 0.215958 0.247217 0.216209 0.24751 0.216209 0.247803 0.216461 0.247803 0.217216 0.24751 0.217468 0.24751 0.218475 0.247217 0.218726 0.247217 0.21923 0.246924 0.219482 0.247217 0.219733 0.247217 0.221243 0.24751 0.221495 0.24751 0.222754 0.247803 0.223005 0.247803 0.224515 0.248096 0.224767 0.248096 0.225522 0.247803 0.225774 0.247803 0.226781 0.24751 0.227032 0.247217 0.227032 0.246632 0.227536 0.24546 0.227536 0.245167 0.227788 0.244874 0.227788 0.244581 0.228039 0.243409 0.228039 0.243117 0.228291 0.242531 0.228291 0.242238 0.228543 0.241945 0.228543 0.241652 0.228794 0.241359 0.228794 0.241359 0.229046 0.241066 0.229298 0.24048 0.229298 0.240187 0.229549 0.240187 0.231815 0.24048 0.232066 0.24048 0.233577 0.240773 0.233828 0.240773 0.235339 0.241066 0.23559 0.241066 0.2371 0.241359 0.237352 0.241359 0.238862 0.241652 0.239114 0.241652 0.240373 0.241945 0.240624 0.241945 0.242134 0.242238 0.242386 0.242238 0.243896 0.242531 0.244148 0.242531 0.245658 0.242824 0.24591 0.242824 0.24742 0.243117 0.247672 0.243117 0.24893 0.243409 0.24893 0.243702 0.249182 0.243702 0.250692 0.243995 0.250944 0.243995 0.252454 0.244288 0.252454 0.244581 0.252706 0.244581 0.253461 0.244874 0.253713 0.244874 0.253964 0.245167 0.254216 0.24546 0.253964 0.245753 0.254216 0.246046 0.254216 0.246339 0.254468 0.246924 0.254468 0.247217 0.254719 0.24751 0.254468 0.247803 0.254468 0.248096 0.254719 0.248389 0.254719 0.248682 0.254971 0.249268 0.254971 0.249561 0.254719 0.250439 0.254719 0.250732 0.254971 0.251318 0.254971 0.251611 0.255223 0.251611 0.255474 0.251904 0.255474 0.252197 0.255726 0.252197 0.25623 0.25249 0.256481 0.25249 0.256985 0.252783 0.257236 0.252783 0.258747 0.253076 0.258998 0.253076 0.260005 0.253368 0.260257 0.253368 0.260508 0.253661 0.26076 0.253661 0.261264 0.253954 0.261515 0.253954 0.262019 0.25454 0.262019 0.255126 0.262522 0.255126 0.262774 0.255419 0.262774 0.255712 0.263025 0.255712 0.263529 0.256298 0.264032 0.256298 0.265542 0.256591 0.265794 0.256591 0.267053 0.256883 0.267304 0.256883 0.268814 0.257176 0.269066 0.257176 0.270576 0.257469 0.270828 0.257469 0.27108 0.257176 0.271331 0.257176 0.272338 0.256591 0.272842 0.256298 0.272842 0.256005 0.273093 0.255712 0.273093 0.255419 0.273345 0.255419 0.273597 0.254833 0.2741 0.255126 0.274352 0.255126 0.274604 0.254833 0.274855 0.254833 0.275107 0.25454 0.275359 0.25454 0.275862 0.254833 0.276114 0.254833 0.276365 0.25454 0.276617 0.25454 0.278631 0.254247 0.278882 0.254247 0.279386 0.25454 0.279638 0.25454 0.281903 0.253954 0.282406 0.253954 0.282658 0.253661 0.28291 0.252197 0.28291 0.251904 0.283161 0.251025 0.283161 0.250732 0.283413 0.250439 0.283413 0.249268 0.28442 0.249268 0.285175 0.248975 0.285427 0.248975 0.286685 0.249268 0.286937 0.249268 0.288195 0.249561 0.288447 0.249561 0.289957 0.249854 0.290209 0.249854 0.291719 0.250146 0.291971 0.250146 0.293481 0.250439 0.293733 0.250439 0.295243 0.250732 0.295495 0.250732 0.296753 0.251025 0.297005 0.251025 0.298515 0.251318 0.298767 0.251318 0.300277 0.251611 0.300529 0.251611 0.302039 0.251904 0.30229 0.251904 0.303549 0.252197 0.303801 0.252197 0.305311 0.25249 0.305311 0.252783 0.305563 0.252783 0.307073 0.253076 0.307324 0.253076 0.308835 0.253368 0.309086 0.253368 0.310345 0.253661 0.310345 0.253954 0.310597 0.253954 0.312107 0.254247 0.312358 0.254247 0.313869 0.25454 0.31412 0.25454 0.315379 0.254247 0.315631 0.25454 0.315882 0.25454 0.316889 0.254833 0.316637 0.255419 0.317141 0.255712 0.317141 0.256005 0.317392 0.257469 0.317392 0.257762 0.317644 0.258641 0.317644 0.258934 0.317392 0.259813 0.317392 0.260105 0.317644 0.260691 0.317644 0.260984 0.317392 0.262156 0.317392 0.262449 0.317644 0.262742 0.317644 0.263035 0.317392 0.26362 0.317392 0.263913 0.317644 0.264206 0.317644 0.265378 0.318651 0.265378 0.320161 0.265671 0.320161 0.265964 0.320413 0.265964 0.321671 0.266257 0.321923 0.266257 0.323433 0.26655 0.323685 0.26655 0.32444 0.267135 0.324943 0.267135 0.325195 0.267721 0.325698 0.267721 0.326705 0.268014 0.326957 0.268014 0.328467 0.268307 0.328719 0.268307 0.330229 0.2686 0.330481 0.268307 0.330732 0.268307 0.331991 0.2686 0.332243 0.2686 0.334005 0.268307 0.334256 0.268307 0.334508 0.268014 0.33476 0.268014 0.336018 0.267721 0.33627 0.267721 0.337025 0.267428 0.337277 0.267428 0.33778 0.266842 0.338283 0.266842 0.338535 0.26655 0.338787 0.265964 0.338787 0.265671 0.339039 0.265378 0.339039 0.265378 0.33929 0.265085 0.339542 0.264792 0.339542 0.264792 0.339794 0.264206 0.340297 0.264206 0.3408 0.264499 0.341052 0.264499 0.342562 0.264792 0.342814 0.264792 0.343821 0.264499 0.344072 0.264499 0.344576 0.26362 0.345331 0.26362 0.345834 0.263327 0.346086 0.26362 0.346338 0.26362 0.347093 0.263327 0.347345 0.263327 0.347848 0.263913 0.348351 0.265085 0.348351 0.265378 0.348603 0.266257 0.348603 0.267135 0.349358 0.267428 0.349358 0.267721 0.349106 0.268014 0.349358 0.268307 0.349358 0.2686 0.34961 0.268893 0.34961 0.269479 0.350113 0.269479 0.350365 0.269772 0.350365 0.270064 0.350617 0.270064 0.350868 0.270943 0.351623 0.270943 0.352127 0.271529 0.35263 0.271822 0.35263 0.272701 0.353385 0.272701 0.35414 0.272994 0.35414 0.273286 0.354392 0.273286 0.355902 0.273579 0.356154 0.273579 0.356657 0.273872 0.356909 0.273872 0.357413 0.274165 0.357664 0.274165 0.358419 0.274458 0.358671 0.274458 0.359174 0.274751 0.359426 0.274751 0.360936 0.275044 0.361188 0.275044 0.362447 0.275337 0.362698 0.275337 0.363957 0.275044 0.364208 0.275337 0.36446 0.275337 0.364712 0.275044 0.364964 0.275044 0.365467 0.274458 0.36597 0.274458 0.366222 0.274165 0.366474 0.273872 0.366474 0.273872 0.367732 0.274165 0.367984 0.273872 0.368236 0.273872 0.369494 0.274165 0.369746 0.274165 0.371256 0.274458 0.371508 0.274458 0.373018 0.274751 0.37327 0.274751 0.375031 0.274165 0.375535 0.274165 0.375787 0.273579 0.37629 0.272115 0.37629 0.272115 0.376542 0.271822 0.376793 0.270064 0.376793 0.269479 0.377297 0.268893 0.377297 0.2686 0.377548 0.268307 0.377548 0.267428 0.378304 0.267135 0.378304 0.266842 0.378555 0.266842 0.378807 0.26655 0.379059 0.266257 0.379059 0.266257 0.37931 0.265964 0.379562 0.265964 0.380317 0.266257 0.380569 0.266257 0.381576 0.265964 0.381827 0.265964 0.382079 0.266257 0.382331 0.266257 0.383841 0.26655 0.384093 0.26655 0.385603 0.266842 0.385855 0.266842 0.387113 0.267135 0.387365 0.267135 0.388875 0.267428 0.389127 0.267428 0.390637 0.267721 0.390888 0.267721 0.391895 0.268014 0.392147 0.268014 0.392399 0.268307 0.39265 0.268307 0.394161 0.2686 0.394412 0.2686 0.395671 0.268893 0.395922 0.268893 0.397433 0.269186 0.397684 0.269186 0.397936 0.269479 0.398188 0.269479 0.398943 0.27065 0.39995 0.27065 0.400201 0.271236 0.400705 0.271529 0.400705 0.271822 0.400956 0.272115 0.400705 0.272408 0.400705 0.272701 0.400956 0.272994 0.400956 0.273286 0.401208 0.273872 0.401208 0.274165 0.400956 0.274458 0.401208 0.274751 0.401208 0.275044 0.40146 0.27563 0.40146 0.275923 0.401712 0.276216 0.40146 0.277094 0.40146 0.27768 0.401963 0.278559 0.401963 0.279731 0.40297 0.279731 0.403725 0.280023 0.403977 0.280023 0.404732 0.280316 0.404984 0.280316 0.405235 0.280609 0.405487 0.280609 0.406997 0.280902 0.407249 0.280902 0.408004 0.281195 0.408256 0.281195 0.408759 0.281781 0.409263 0.281781 0.409514 0.28266 0.410269 0.283245 0.410269 0.283538 0.410521 0.283538 0.411276 0.283831 0.411528 0.283831 0.412031 0.284417 0.412535 0.284417 0.413793 0.28471 0.414045 0.28471 0.415555 0.285003 0.415807 0.285003 0.417065 0.285296 0.417317 0.285296 0.418827 0.285589 0.419079 0.285589 0.420589 0.285882 0.420841 0.285882 0.422351 0.286175 0.422603 0.286175 0.423861 0.286467 0.424113 0.286467 0.427385 0.28676 0.427637 0.28676 0.429147 0.287053 0.429398 0.287053 0.430909 0.287346 0.43116 0.287346 0.432419 0.287639 0.432671 0.287639 0.432922 0.287932 0.433174 0.287932 0.434181 0.288225 0.434432 0.288225 0.435943 0.288518 0.436194 0.288518 0.437705 0.288811 0.437956 0.288811 0.439215 0.289104 0.439466 0.289104 0.440977 0.289397 0.441228 0.289397 0.442738 0.28969 0.44299 0.28969 0.4445 0.289982 0.444752 0.289982 0.446262 0.290275 0.446514 0.290275 0.447772 0.290568 0.448024 0.290568 0.449534 0.290861 0.449786 0.290861 0.451296 0.291154 0.451548 0.291154 0.453058 0.291447 0.45331 0.291447 0.454568 0.29174 0.45482 0.29174 0.45633 0.292033 0.456582 0.292033 0.458092 0.292326 0.458344 0.292326 0.459854 0.292033 0.460106 0.29174 0.459854 0.29174 0.459602 0.291447 0.459602 0.291154 0.459854 0.291447 0.460106 0.291447 0.460861 0.292033 0.460861 0.292033 0.460106 0.292326 0.459854 0.292619 0.460106 0.292619 0.461616 0.292912 0.461868 0.292912 0.463126 0.293204 0.463378 0.293204 0.464888 0.293497 0.46514 0.293497 0.46665 0.29379 0.466902 0.29379 0.468412 0.294083 0.468663 0.294083 0.469922 0.294376 0.470174 0.294376 0.471684 0.294669 0.471936 0.294669 0.473446 0.294962 0.473697 0.294962 0.475208 0.295255 0.475459 0.295255 0.476214 0.295548 0.476466 0.295548 0.47697 0.295841 0.477221 0.295841 0.47848 0.296134 0.478731 0.296134 0.480242 0.296426 0.480493 0.296426 0.482004 0.296719 0.482255 0.296719 0.483765 0.297012 0.484017 0.297012 0.485276 0.297305 0.485527 0.297305 0.487038 0.297598 0.487289 0.297598 0.488799 0.297891 0.489051 0.297891 0.490561 0.298184 0.490813 0.298184 0.492071 0.298477 0.492323 0.298477 0.493582 0.298184 0.493833 0.298477 0.494085 0.298477 0.494337 0.298184 0.494588 0.298184 0.49484 0.297891 0.495092 0.297891 0.495595 0.298477 0.496099 0.298477 0.49635 0.29877 0.496602 0.29877 0.497357 0.299063 0.497357 0.299356 0.497609 0.299356 0.498867 0.299649 0.499119 0.299649 0.500629 0.299941 0.500881 0.299941 0.502391 0.300234 0.502643 0.300234 0.503901 0.30082 0.504405 0.30082 0.505915 0.301406 0.506418 0.301406 0.50667 0.301699 0.506922 0.301699 0.507173 0.301992 0.507425 0.302285 0.507425 0.302871 0.507929 0.303456 0.507929 0.303749 0.50818 0.303749 0.508935 0.304042 0.509187 0.304335 0.508935 0.304335 0.508684 0.304628 0.508432 0.304921 0.508684 0.305214 0.508684 0.305507 0.508432 0.306093 0.508432 0.306385 0.508684 0.309022 0.508684 0.309315 0.508432 0.309607 0.508684 0.3099 0.508684 0.310193 0.508432 0.311072 0.508432 0.311365 0.50818 0.313122 0.50818 0.313415 0.507929 0.315173 0.507929 0.315466 0.507677 0.316344 0.507677 0.316637 0.507929 0.317516 0.507929 0.317809 0.507677 0.318102 0.507677 0.318395 0.507425 0.318981 0.507425 0.319274 0.507173 0.321031 0.507173 0.321324 0.506922 0.323081 0.506922 0.323374 0.50667 0.32396 0.507173 0.32396 0.507425 0.324253 0.507425 0.324839 0.507929 0.324839 0.508684 0.325132 0.508684 0.325425 0.508432 0.325425 0.507929 0.325132 0.507677 0.325132 0.506922 0.325425 0.50667 0.326889 0.50667 0.327182 0.506418 0.327475 0.50667 0.327475 0.507425 0.328061 0.507425 0.328061 0.506418 0.328354 0.506167 0.328647 0.506418 0.328647 0.506922 0.32894 0.506922 0.329233 0.507173 0.329525 0.507173 0.329525 0.506418 0.330111 0.505915 0.33099 0.505915 0.331283 0.505663 0.331576 0.505915 0.331576 0.506922 0.331869 0.506922 0.332162 0.507173 0.332162 0.507425 0.332455 0.507425 0.332748 0.507677 0.33304 0.507677 0.332748 0.507425 0.332748 0.50667 0.333333 0.506167 0.333333 0.505663 0.333626 0.505412 0.334212 0.505915 0.334212 0.506418 0.334505 0.506418 0.334798 0.506167 0.335091 0.506418 0.335091 0.506922 0.335384 0.50667 0.335384 0.505663 0.335091 0.505412 0.335384 0.50516 0.336555 0.50516 0.336848 0.505412 0.337141 0.50516 0.337434 0.50516 0.337727 0.505412 0.337727 0.505663 0.33802 0.505915 0.33802 0.506418 0.338313 0.506418 0.338313 0.505412 0.338606 0.50516 0.338899 0.505412 0.338899 0.505663 0.339192 0.505412 0.339484 0.505412 0.339192 0.50516 0.339484 0.504908 0.339777 0.504908 0.340363 0.504405 0.340656 0.504656 0.340656 0.50516 0.340949 0.505412 0.341535 0.504908 0.341828 0.50516 0.342121 0.50516 0.342414 0.505412 0.342414 0.505915 0.342999 0.505915 0.342999 0.50516 0.342707 0.504908 0.343292 0.504405 0.343585 0.504656 0.343585 0.504908 0.343878 0.50516 0.343878 0.505663 0.344171 0.505663 0.344171 0.50516 0.343878 0.504908 0.343878 0.504656 0.344464 0.504153 0.344757 0.504153 0.34505 0.504405 0.34505 0.504656 0.345343 0.504908 0.345343 0.505412 0.345929 0.505412 0.345929 0.504908 0.345636 0.504656 0.345636 0.503901 0.345929 0.50365 0.346221 0.503901 0.346221 0.504405 0.346514 0.504405 0.346807 0.504153 0.3471 0.504405 0.3471 0.504656 0.347393 0.504908 0.347393 0.50516 0.347686 0.50516 0.347686 0.504908 0.347393 0.504656 0.347393 0.504153 0.347686 0.503901 0.347979 0.504153 0.347979 0.504405 0.348272 0.504405 0.348272 0.504153 0.348565 0.503901 0.348565 0.50365 0.348858 0.503398 0.349151 0.50365 0.349151 0.504405 0.349443 0.504656 0.349443 0.505663 0.349736 0.505663 0.350029 0.505915 0.350029 0.506167 0.350908 0.506167 0.351201 0.505915 0.351201 0.50516 0.351494 0.504908 0.351787 0.50516 0.35208 0.50516 0.352373 0.505412 0.352373 0.505915 0.352958 0.505915 0.352958 0.505663 0.352665 0.505412 0.352373 0.505412 0.35208 0.50516 0.352373 0.504908 0.352958 0.504908 0.353251 0.504656 0.353544 0.504908 0.354423 0.504908 0.354716 0.50516 0.354423 0.505412 0.354423 0.505915 0.354716 0.506167 0.355009 0.506167 0.354716 0.505915 0.355302 0.505412 0.355302 0.504405 0.355595 0.504153 0.355888 0.504405 0.355888 0.50516 0.35618 0.50516 0.35618 0.504405 0.355888 0.504153 0.355888 0.503146 0.35618 0.502895 0.356473 0.503146 0.356473 0.50365 0.356766 0.503901 0.356766 0.504153 0.357059 0.504405 0.357059 0.50516 0.357352 0.504908 0.357352 0.504656 0.357645 0.504405 0.357352 0.504153 0.357352 0.503398 0.357645 0.503146 0.357645 0.502895 0.357938 0.502643 0.358524 0.502643 0.358817 0.502895 0.358817 0.503146 0.35911 0.503398 0.35911 0.50365 0.359695 0.504153 0.359695 0.504405 0.359402 0.504656 0.359402 0.504908 0.360867 0.504908 0.36116 0.504656 0.361746 0.504656 0.361746 0.504153 0.361453 0.503901 0.361453 0.502643 0.362039 0.502139 0.362332 0.502391 0.362332 0.50365 0.362624 0.503901 0.363796 0.503901 0.364089 0.50365 0.364382 0.503901 0.364382 0.504405 0.364675 0.504405 0.364968 0.504153 0.364968 0.503901 0.365261 0.50365 0.365554 0.50365 0.365554 0.503398 0.365261 0.503398 0.364968 0.503146 0.364675 0.503146 0.364382 0.502895 0.364382 0.502643 0.364675 0.502391 0.365554 0.502391 0.365847 0.502643 0.366139 0.502643 0.366139 0.502391 0.366432 0.502139 0.366725 0.502139 0.367018 0.502391 0.367018 0.503398 0.367311 0.50365 0.367311 0.504405 0.367018 0.504656 0.366725 0.504656 0.366725 0.504908 0.367018 0.504908 0.367604 0.504405 0.367604 0.504153 0.367897 0.503901 0.367897 0.50365 0.367604 0.503398 0.367604 0.502139 0.36819 0.501636 0.368483 0.501888 0.368483 0.501636 0.368776 0.501384 0.369361 0.501888 0.369361 0.502139 0.369654 0.502139 0.369947 0.502391 0.369654 0.502643 0.369361 0.502643 0.369361 0.503146 0.369947 0.503146 0.37024 0.503398 0.37024 0.50365 0.369947 0.503901 0.369654 0.503901 0.369654 0.504153 0.369947 0.504153 0.37024 0.504405 0.37024 0.504908 0.370826 0.504908 0.370826 0.503398 0.370533 0.503146 0.370533 0.500881 0.370826 0.500629 0.371119 0.500881 0.371119 0.501384 0.371412 0.501636 0.371412 0.503146 0.371705 0.503398 0.371705 0.504656 0.371998 0.504656 0.371998 0.503398 0.371705 0.503146 0.371705 0.501636 0.371998 0.501384 0.372291 0.501636 0.372291 0.502139 0.372876 0.502139 0.372876 0.501888 0.373169 0.501636 0.373462 0.501636 0.373755 0.501888 0.373755 0.502895 0.374048 0.503146 0.374048 0.503398 0.374634 0.503398 0.374634 0.503146 0.374927 0.502895 0.37522 0.503146 0.37522 0.504405 0.375513 0.504405 0.375513 0.503146 0.37522 0.502895 0.37522 0.501384 0.374927 0.501133 0.374927 0.500126 0.37522 0.499874 0.375513 0.499874 0.375806 0.499622 0.376684 0.499622 0.376977 0.499371 0.378442 0.499371 0.378735 0.499119 0.37932 0.499119 0.379613 0.499371 0.379613 0.499874 0.379906 0.499874 0.380492 0.499371 0.380492 0.499119 0.380785 0.498867 0.381664 0.498867 0.381957 0.499119 0.38225 0.499119 0.382835 0.499622 0.382835 0.500629 0.382542 0.500881 0.38225 0.500881 0.38225 0.501384 0.381957 0.501636 0.381664 0.501384 0.381664 0.501133 0.381078 0.500629 0.381078 0.500126 0.380785 0.500378 0.379028 0.500378 0.378735 0.500629 0.378442 0.500629 0.378442 0.500881 0.379028 0.501384 0.378735 0.501636 0.378735 0.502391 0.378442 0.502643 0.377856 0.502643 0.378149 0.502895 0.378149 0.503146 0.378442 0.503398 0.378735 0.503398 0.379028 0.50365 0.379613 0.50365 0.379613 0.503146 0.379906 0.502895 0.380199 0.502895 0.379906 0.502643 0.379906 0.501888 0.380199 0.501636 0.380785 0.501636 0.380785 0.500881 0.381078 0.500629 0.381371 0.500881 0.381371 0.502391 0.381664 0.502643 0.381078 0.503146 0.381078 0.50365 0.381664 0.50365 0.381957 0.503398 0.38225 0.503398 0.38225 0.502643 0.381957 0.502391 0.381957 0.501888 0.38225 0.501636 0.382835 0.501636 0.382835 0.501133 0.382542 0.500881 0.382835 0.500629 0.383128 0.500629 0.383128 0.500378 0.383421 0.500126 0.383714 0.500378 0.383714 0.500629 0.384007 0.500881 0.384007 0.501636 0.3843 0.501888 0.3843 0.502391 0.384593 0.502643 0.384593 0.503901 0.384886 0.504153 0.384886 0.504405 0.385179 0.504656 0.385179 0.50516 0.385472 0.505412 0.385472 0.505663 0.386057 0.506167 0.386057 0.50667 0.386936 0.50667 0.387229 0.506922 0.387522 0.50667 0.387815 0.50667 0.388108 0.506922 0.388108 0.507173 0.388401 0.507425 0.388108 0.507677 0.387815 0.507677 0.387815 0.508432 0.388401 0.508432 0.388401 0.507929 0.388694 0.507677 0.388987 0.507677 0.388987 0.506922 0.389279 0.50667 0.389572 0.50667 0.389865 0.506922 0.389865 0.507173 0.390158 0.507425 0.390451 0.507425 0.390744 0.507173 0.391037 0.507173 0.39133 0.506922 0.391623 0.506922 0.391916 0.507173 0.391916 0.507929 0.392209 0.50818 0.392501 0.50818 0.392501 0.507425 0.391916 0.506922 0.392501 0.506418 0.393087 0.506418 0.393087 0.506167 0.39338 0.505915 0.393673 0.505915 0.393966 0.506167 0.393966 0.506922 0.394259 0.506922 0.394259 0.50667 0.394552 0.506418 0.394552 0.506167 0.394845 0.505915 0.395138 0.505915 0.395723 0.505412 0.397188 0.505412 0.397188 0.50516 0.397481 0.504908 0.39836 0.504908 0.398653 0.504656 0.399238 0.504656 0.399238 0.504405 0.399531 0.504153 0.400996 0.504153 0.401289 0.503901 0.401582 0.503901 0.401875 0.504153 0.401875 0.504405 0.40246 0.504908 0.40246 0.50516 0.402753 0.50516 0.402753 0.504908 0.40246 0.504656 0.40246 0.504153 0.402753 0.503901 0.403046 0.503901 0.403339 0.50365 0.403632 0.50365 0.403925 0.503901 0.403925 0.504405 0.404218 0.504656 0.404511 0.504656 0.404511 0.504153 0.40539 0.503398 0.405975 0.503398 0.406268 0.50365 0.406268 0.504405 0.405975 0.504656 0.405975 0.50516 0.406268 0.50516 0.406561 0.505412 0.406561 0.506167 0.406854 0.506418 0.406854 0.506922 0.407147 0.506922 0.407147 0.506167 0.40744 0.505915 0.40744 0.50516 0.407147 0.504908 0.40744 0.504656 0.407147 0.504405 0.406854 0.504405 0.406561 0.504153 0.406561 0.503398 0.406854 0.503146 0.407147 0.503146 0.40744 0.502895 0.408026 0.503398 0.408026 0.50365 0.408319 0.50365 0.408319 0.503398 0.408612 0.503146 0.408905 0.503146 0.409197 0.502895 0.409783 0.502895 0.410076 0.503146 0.410076 0.503398 0.410662 0.503398 0.411541 0.502643 0.412419 0.502643 0.413005 0.503146 0.413005 0.50365 0.413298 0.503398 0.413298 0.502643 0.413884 0.502139 0.41447 0.502643 0.414763 0.502643 0.415056 0.502391 0.415056 0.502139 0.415641 0.501636 0.41652 0.501636 0.416813 0.501888 0.417106 0.501636 0.418864 0.501636 0.419156 0.501384 0.420914 0.501384 0.421207 0.501133 0.4215 0.501384 0.421793 0.501384 0.422086 0.501133 0.422378 0.501384 0.422671 0.501384 0.422964 0.501133 0.42355 0.501133 0.423843 0.500881 0.424136 0.500881 0.424429 0.501133 0.424429 0.501384 0.424722 0.501384 0.424722 0.500629 0.425015 0.500378 0.4256 0.500378 0.425893 0.500629 0.426186 0.500629 0.426479 0.500378 0.426772 0.500378 0.427065 0.500126 0.427358 0.500126 0.427651 0.499874 0.42853 0.499874 0.428822 0.500126 0.43058 0.500126 0.430873 0.500378 0.430873 0.501133 0.431166 0.500881 0.431166 0.500378 0.431752 0.499874 0.432337 0.499874 0.43263 0.499622 0.432923 0.499622 0.433216 0.499371 0.433509 0.499371 0.433802 0.499119 0.434388 0.499119 0.434681 0.499371 0.434681 0.499874 0.434974 0.499874 0.435267 0.500126 0.435267 0.500881 0.435559 0.501133 0.434974 0.501636 0.434681 0.501384 0.434681 0.501133 0.434388 0.500881 0.434388 0.500629 0.434095 0.500629 0.433509 0.500126 0.433216 0.500126 0.433216 0.500629 0.432923 0.500881 0.43263 0.500881 0.432923 0.501133 0.432923 0.501636 0.433216 0.501384 0.433509 0.501636 0.433509 0.501888 0.434095 0.502391 0.434095 0.502643 0.434388 0.502895 0.434388 0.503398 0.435267 0.503398 0.435559 0.503146 0.437024 0.503146 0.437317 0.502895 0.439074 0.502895 0.43966 0.502391 0.439953 0.502643 0.440832 0.502643 0.440832 0.502391 0.440539 0.502139 0.440832 0.501888 0.440832 0.500881 0.440539 0.500629 0.440539 0.499874 0.440246 0.499874 0.439953 0.499622 0.439953 0.499119 0.43966 0.498867 0.43966 0.497609 0.439953 0.497357 0.440246 0.497357 0.440539 0.497609 0.440539 0.498112 0.440832 0.498112 0.440832 0.497609 0.440539 0.497609 0.439953 0.497105 0.439953 0.496602 0.43966 0.496602 0.43966 0.496854 0.439367 0.497105 0.439074 0.496854 0.439074 0.495595 0.439367 0.495344 0.43966 0.495595 0.439953 0.495595 0.43966 0.495344 0.43966 0.49484 0.439367 0.49484 0.439367 0.495344 0.439074 0.495595 0.438781 0.495344 0.438781 0.494085 0.438489 0.493833 0.438489 0.492323 0.438196 0.492071 0.438196 0.491568 0.438781 0.491065 0.439953 0.491065 0.440246 0.491316 0.440539 0.491065 0.440832 0.491316 0.441125 0.491316 0.441418 0.491568 0.441418 0.49182 0.441711 0.49182 0.441711 0.491568 0.442004 0.491316 0.442004 0.491065 0.442296 0.490813 0.442882 0.490813 0.443468 0.491316 0.443468 0.491568 0.443761 0.49182 0.444054 0.49182 0.444347 0.491568 0.44464 0.49182 0.44464 0.493078 0.444347 0.49333 0.44464 0.493582 0.44464 0.495595 0.444347 0.495847 0.444347 0.496602 0.44464 0.496854 0.444347 0.497105 0.443761 0.497105 0.443761 0.497609 0.444347 0.497609 0.444347 0.497105 0.44464 0.496854 0.444933 0.497105 0.444933 0.498112 0.445226 0.498364 0.445518 0.498364 0.445811 0.498616 0.445811 0.500126 0.446104 0.500378 0.446104 0.501888 0.446983 0.501888 0.447276 0.501636 0.449033 0.501636 0.449033 0.501384 0.449619 0.500881 0.451084 0.500881 0.451377 0.500629 0.452841 0.500629 0.453134 0.500378 0.45372 0.500378 0.454013 0.500629 0.454013 0.500881 0.454892 0.500881 0.455185 0.500629 0.456942 0.500629 0.457235 0.500378 0.458992 0.500378 0.459285 0.500126 0.461043 0.500126 0.461336 0.499874 0.4628 0.499874 0.463093 0.499622 0.464851 0.499622 0.465144 0.499371 0.466901 0.499371 0.467194 0.499119 0.468951 0.499119 0.469244 0.498867 0.471002 0.498867 0.471295 0.498616 0.472759 0.498616 0.473052 0.498364 0.47481 0.498364 0.475103 0.498112 0.47686 0.498112 0.477153 0.497861 0.47891 0.497861 0.479203 0.497609 0.480668 0.497609 0.480961 0.497357 0.482718 0.497357 0.483011 0.497105 0.484769 0.497105 0.485062 0.496854 0.486819 0.496854 0.487112 0.496602 0.488869 0.496602 0.489162 0.49635 0.490627 0.49635 0.49092 0.496099 0.492677 0.496099 0.49297 0.495847 0.494728 0.495847 0.495021 0.495595 0.496778 0.495595 0.497071 0.495344 0.498243 0.495344 0.498243 0.49484 0.498535 0.494588 0.498535 0.493582 0.498243 0.49333 0.498243 0.49031 0.49795 0.490058 0.49795 0.486786 0.497657 0.486534 0.497657 0.483765 0.49795 0.483514 0.49795 0.483262 0.498243 0.48301 0.498535 0.48301 0.498828 0.482759 0.499707 0.482759 0.500293 0.483262 0.500586 0.483262 0.500879 0.48301 0.501172 0.48301 0.501465 0.482759 0.501757 0.482759 0.50205 0.482507 0.503222 0.482507 0.503515 0.482759 0.503808 0.482507 0.504101 0.482507 0.504394 0.482255 0.505565 0.482255 0.505858 0.482004 0.506151 0.482004 0.506444 0.482255 0.506737 0.482255 0.50703 0.482004 0.507616 0.482004 0.507909 0.481752 0.508202 0.481752 0.508494 0.482004 0.508787 0.482004 0.509373 0.482507 0.509373 0.482004 0.509959 0.4815 0.510838 0.4815 0.511131 0.481752 0.511716 0.481752 0.512009 0.4815 0.512302 0.4815 0.512595 0.481248 0.513474 0.481248 0.513767 0.480997 0.51406 0.480997 0.514353 0.481248 0.514646 0.481248 0.514938 0.480997 0.515524 0.480997 0.515817 0.480745 0.516696 0.480745 0.516989 0.480997 0.517282 0.480997 0.517868 0.480493 0.518161 0.480745 0.518161 0.4815 0.518746 0.482004 0.518746 0.482759 0.519039 0.482759 0.519039 0.482004 0.518746 0.481752 0.518746 0.481248 0.519918 0.480242 0.521383 0.480242 0.521675 0.47999 0.523433 0.47999 0.523726 0.479738 0.52519 0.479738 0.525483 0.47999 0.525483 0.480997 0.525776 0.480745 0.525776 0.47999 0.525483 0.479738 0.525776 0.479487 0.527534 0.479487 0.527827 0.479235 0.529291 0.479235 0.529584 0.478983 0.531342 0.478983 0.531634 0.478731 0.533392 0.478731 0.533685 0.47848 0.535442 0.47848 0.535735 0.478228 0.536321 0.478228 0.536614 0.47848 0.536907 0.47848 0.5372 0.478731 0.5372 0.478983 0.537493 0.479235 0.537786 0.478983 0.537786 0.478228 0.538079 0.477976 0.538957 0.477976 0.53925 0.478228 0.53925 0.478731 0.539543 0.478983 0.539836 0.478731 0.539836 0.477976 0.540129 0.477725 0.541301 0.477725 0.541593 0.477473 0.541886 0.477473 0.542179 0.477725 0.542179 0.47848 0.542765 0.47848 0.542765 0.477725 0.543058 0.477473 0.543351 0.477473 0.543644 0.477725 0.543644 0.477976 0.543937 0.478228 0.543937 0.47848 0.54423 0.478731 0.54423 0.479487 0.544523 0.479487 0.544523 0.478731 0.544815 0.47848 0.545108 0.47848 0.545108 0.477725 0.545401 0.477473 0.545694 0.477725 0.545694 0.478228 0.54628 0.478731 0.54628 0.479487 0.546573 0.479487 0.546573 0.478731 0.545987 0.478228 0.545987 0.477221 0.54628 0.47697 0.546573 0.47697 0.546866 0.477221 0.546866 0.477473 0.547159 0.477473 0.547159 0.47697 0.547452 0.476718 0.54833 0.476718 0.548623 0.47697 0.548623 0.477473 0.549209 0.477473 0.549795 0.477976 0.549795 0.478731 0.550381 0.478731 0.550381 0.478228 0.550088 0.477976 0.550088 0.476718 0.550381 0.476466 0.55126 0.476466 0.551552 0.476718 0.551552 0.477725 0.551845 0.477725 0.551845 0.47697 0.552138 0.476718 0.552431 0.47697 0.552431 0.477725 0.552724 0.477725 0.552724 0.476214 0.553017 0.475963 0.55331 0.475963 0.553603 0.475711 0.553896 0.475963 0.554189 0.475963 0.554482 0.476214 0.555067 0.475711 0.55536 0.475711 0.555653 0.475459 0.555946 0.475711 0.555946 0.475963 0.556239 0.476214 0.556239 0.476466 0.556532 0.476466 0.556532 0.476214 0.556239 0.475963 0.556239 0.475711 0.556532 0.475459 0.557118 0.475459 0.557411 0.475208 0.559168 0.475208 0.559461 0.474956 0.559754 0.475208 0.559754 0.475711 0.560047 0.475963 0.560047 0.476214 0.56034 0.476214 0.56034 0.475963 0.560047 0.475711 0.560047 0.475459 0.560633 0.474956 0.560926 0.474956 0.561511 0.475459 0.561511 0.475711 0.561804 0.475963 0.561804 0.476466 0.562097 0.476466 0.562097 0.476214 0.56239 0.475963 0.562976 0.475963 0.562976 0.475711 0.562683 0.475459 0.562683 0.475208 0.562976 0.474956 0.563269 0.474956 0.563562 0.475208 0.563562 0.475459 0.563855 0.475711 0.564148 0.475711 0.563855 0.475459 0.563855 0.474704 0.564148 0.474453 0.565026 0.474453 0.565319 0.474201 0.565905 0.474201 0.566198 0.474453 0.566198 0.475208 0.567663 0.475208 0.567663 0.474201 0.567955 0.473949 0.568248 0.474201 0.568248 0.474704 0.568541 0.474704 0.568541 0.474201 0.568834 0.473949 0.569127 0.474201 0.569127 0.474704 0.56942 0.474453 0.56942 0.473949 0.569713 0.473697 0.570006 0.473949 0.570006 0.474453 0.570299 0.474453 0.570299 0.473446 0.570592 0.473194 0.571763 0.473194 0.572056 0.473446 0.572349 0.473446 0.572349 0.473194 0.572642 0.472942 0.572935 0.472942 0.573228 0.472691 0.573521 0.472942 0.573521 0.473697 0.573814 0.473949 0.573814 0.474956 0.574107 0.475208 0.574107 0.476466 0.5744 0.476466 0.5744 0.475208 0.574107 0.474956 0.574107 0.473446 0.573814 0.473194 0.573814 0.472942 0.574107 0.472691 0.574985 0.472691 0.575278 0.472439 0.576157 0.472439 0.57645 0.472691 0.57645 0.472942 0.576743 0.473194 0.577036 0.473194 0.577329 0.472942 0.577622 0.472942 0.577622 0.472439 0.577914 0.472187 0.578793 0.472187 0.579379 0.472691 0.579672 0.472691 0.579965 0.472439 0.580258 0.472439 0.580258 0.472187 0.580551 0.471936 0.580844 0.472187 0.580844 0.472439 0.581429 0.472942 0.581722 0.472942 0.581429 0.472691 0.581429 0.472187 0.582015 0.471684 0.582894 0.471684 0.583187 0.471432 0.584359 0.471432 0.584651 0.471684 0.584651 0.471936 0.584944 0.472187 0.585237 0.471936 0.585237 0.471432 0.58553 0.47118 0.585823 0.47118 0.586116 0.471432 0.586116 0.471684 0.586409 0.471684 0.587288 0.470929 0.587581 0.47118 0.587581 0.471684 0.587873 0.471684 0.587873 0.471432 0.588459 0.470929 0.589045 0.470929 0.589338 0.470677 0.589631 0.470929 0.589924 0.470929 0.590217 0.470677 0.590803 0.470677 0.591095 0.470425 0.591974 0.470425 0.592267 0.470677 0.59256 0.470677 0.593146 0.470174 0.594903 0.470174 0.595196 0.469922 0.595782 0.469922 0.596075 0.470174 0.596075 0.470425 0.596661 0.470425 0.596661 0.470174 0.597247 0.46967 0.599004 0.46967 0.599297 0.469419 0.600762 0.469419 0.601054 0.469167 0.602812 0.469167 0.603105 0.468915 0.604862 0.468915 0.605155 0.468663 0.606913 0.468663 0.607206 0.468412 0.60867 0.468412 0.608963 0.46816 0.610428 0.46816 0.610721 0.468412 0.610721 0.468915 0.611013 0.468663 0.611892 0.468663 0.611892 0.468412 0.611599 0.468412 0.611306 0.46816 0.611306 0.467657 0.611599 0.467405 0.612478 0.467405 0.612478 0.465895 0.612185 0.465643 0.612185 0.464133 0.611892 0.463881 0.611892 0.462371 0.611599 0.462119 0.611599 0.460609 0.611306 0.460357 0.611306 0.459099 0.611013 0.458847 0.611013 0.457337 0.610721 0.457085 0.610721 0.455575 0.610428 0.455323 0.610428 0.453813 0.610135 0.453562 0.610135 0.452051 0.609842 0.4518 0.609842 0.450541 0.609549 0.450289 0.609549 0.448779 0.609256 0.448528 0.609256 0.447017 0.608963 0.446766 0.608963 0.445255 0.60867 0.445004 0.60867 0.443745 0.608377 0.443494 0.608377 0.441983 0.608084 0.441732 0.608084 0.440221 0.607791 0.43997 0.607791 0.43846 0.607499 0.438208 0.607499 0.436698 0.607206 0.436446 0.607206 0.435188 0.606913 0.434936 0.606913 0.433426 0.60662 0.433174 0.60662 0.431664 0.606327 0.431412 0.606327 0.429902 0.606034 0.42965 0.606034 0.42814 0.605741 0.427888 0.605741 0.42663 0.605448 0.426378 0.605448 0.424868 0.605155 0.424616 0.605155 0.423106 0.604862 0.422854 0.604862 0.421344 0.604569 0.421092 0.604569 0.419834 0.604277 0.419582 0.604277 0.418072 0.603984 0.41782 0.603984 0.41631 0.603691 0.416058 0.603691 0.414548 0.603398 0.414297 0.603398 0.412786 0.603105 0.412535 0.603105 0.411276 0.602812 0.411024 0.602812 0.409514 0.602519 0.409263 0.602519 0.407752 0.602226 0.407501 0.602226 0.40599 0.601933 0.405739 0.601933 0.40448 0.60164 0.404229 0.60164 0.402718 0.601347 0.402467 0.601347 0.400956 0.601054 0.400705 0.601054 0.399195 0.600762 0.398943 0.600762 0.397433 0.600469 0.397181 0.600469 0.395922 0.600176 0.395671 0.600176 0.394161 0.599883 0.393909 0.599883 0.392399 0.59959 0.392147 0.59959 0.390637 0.599297 0.390385 0.599297 0.389127 0.599004 0.388875 0.599004 0.387365 0.598711 0.387113 0.598711 0.385603 0.598418 0.385351 0.598418 0.383841 0.598125 0.383589 0.598125 0.382079 0.597832 0.381827 0.597832 0.380569 0.59754 0.380317 0.59754 0.378807 0.597247 0.378555 0.597247 0.377045 0.596954 0.376793 0.596954 0.375283 0.596661 0.375031 0.596661 0.373773 0.596368 0.373521 0.596368 0.372011 0.596075 0.371759 0.596075 0.370249 0.595782 0.369997 0.595782 0.368487 0.595489 0.368236 0.595489 0.366725 0.595196 0.366474 0.595196 0.365215 0.594903 0.364964 0.594903 0.363453 0.59461 0.363202 0.59461 0.361691 0.594318 0.36144 0.594318 0.35993 0.594025 0.359678 0.594025 0.358419 0.593732 0.358168 0.593732 0.356657 0.593439 0.356406 0.593439 0.354896 0.593146 0.354644 0.593146 0.353134 0.592853 0.352882 0.592853 0.351372 0.59256 0.35112 0.59256 0.349862 0.592267 0.34961 0.592267 0.3481 0.591974 0.347848 0.591974 0.346338 0.591681 0.346086 0.591681 0.344576 0.591388 0.344324 0.591388 0.342814 0.591095 0.342562 0.591095 0.341304 0.590803 0.341052 0.590803 0.339542 0.59051 0.33929 0.59051 0.33778 0.590217 0.337528 0.590217 0.336018 0.589924 0.335766 0.589924 0.334508 0.589631 0.334256 0.589631 0.332746 0.589338 0.332494 0.589338 0.330984 0.589045 0.330732 0.589045 0.329222 0.588752 0.328971 0.588752 0.32746 0.588459 0.327209 0.588459 0.32595 0.588166 0.325698 0.588166 0.324188 0.587873 0.323937 0.587873 0.322426 0.587581 0.322175 0.587581 0.320664 0.587288 0.320413 0.587288 0.319154 0.586995 0.318903 0.586995 0.317392 0.586702 0.317141 0.586702 0.315631 0.586409 0.315379 0.586409 0.313869 0.586116 0.313617 0.586116 0.312107 0.585823 0.311855 0.585823 0.310597 0.58553 0.310345 0.58553 0.308835 0.585237 0.308583 0.585237 0.307073 0.584944 0.306821 0.584944 0.305311 0.584651 0.305059 0.584651 0.303801 0.584359 0.303549 0.584359 0.302039 0.584066 0.301787 0.584066 0.300277 0.583773 0.300025 0.583773 0.298515 0.58348 0.298263 0.58348 0.296753 0.583187 0.296501 0.583187 0.295243 0.582894 0.294991 0.582894 0.293481 0.582601 0.293229 0.582601 0.291719 0.582308 0.291467 0.582308 0.289957 0.582015 0.289706 0.582015 0.288447 0.581722 0.288195 0.581722 0.286685 0.581429 0.286433 0.581429 0.284923 0.581136 0.284672 0.581136 0.283161 0.580844 0.28291 0.580844 0.281399 0.580551 0.281148 0.580551 0.279889 0.580258 0.279638 0.580258 0.278127 0.579965 0.277876 0.579965 0.276365 0.579672 0.276114 0.579672 0.274604 0.579379 0.274352 0.579379 0.272842 0.579086 0.27259 0.579086 0.271331 0.578793 0.27108 0.578793 0.26957 0.5785 0.269318 0.5785 0.267808 0.578207 0.267556 0.578207 0.266046 0.577914 0.265794 0.577914 0.264536 0.577622 0.264284 0.577622 0.262774 0.577329 0.262522 0.577329 0.261012 0.577036 0.26076 0.577036 0.25925 0.576743 0.258998 0.576743 0.257488 0.57645 0.257236 0.57645 0.255978 0.576157 0.255726 0.576157 0.254216 0.575864 0.253964 0.575864 0.252454 0.575571 0.252202 0.575571 0.250692 0.575278 0.25044 0.575278 0.249182 0.574985 0.24893 0.574985 0.24742 0.574692 0.247168 0.574692 0.245658 0.5744 0.245406 0.5744 0.243896 0.574107 0.243645 0.574107 0.242134 0.573814 0.241883 0.573814 0.240624 0.573521 0.240373 0.573521 0.238862 0.573228 0.238611 0.573228 0.2371 0.572935 0.236849 0.572935 0.235339 0.572642 0.235087 0.572642 0.233828 0.572349 0.233577 0.572349 0.232066 0.572056 0.231815 0.572056 0.230305 0.571763 0.230053 0.571763 0.228543 0.57147 0.228291 0.57147 0.226781 0.571178 0.226529 0.571178 0.225271 0.570885 0.225019 0.570885 0.223509 0.570592 0.223257 0.570592 0.221747 0.570299 0.221495 0.570299 0.219985 0.570006 0.219733 0.570006 0.218475 0.569713 0.218223 0.569713 0.216713 0.56942 0.216461 0.56942 0.214951 0.569127 0.214699 0.569127 0.213189 0.568834 0.212937 0.568834 0.211427 0.568541 0.211175 0.568541 0.209917 0.568248 0.209665 0.568248 0.208155 0.567955 0.207903 0.567955 0.206393 0.567663 0.206141 0.567663 0.204631 0.56737 0.20438 0.56737 0.203121 0.567077 0.202869 0.567077 0.201359 0.566784 0.201107 0.566784 0.199597 0.566491 0.199346 0.566491 0.197835 0.566198 0.197584 0.566198 0.196073 0.565905 0.195822 0.565905 0.194563 0.565612 0.194312 0.565612 0.192801 0.565319 0.19255 0.565319 0.19104 0.565026 0.190788 0.565026 0.189278 0.564733 0.189026 0.564733 0.187516 0.564441 0.187264 0.564441 0.186006 0.564148 0.185754 0.564148 0.184244 0.563855 0.183992 0.563855 0.182482 0.563562 0.18223 0.563562 0.18072 0.563269 0.180468 0.563269 0.17921 0.562976 0.178958 0.562976 0.177448 0.562683 0.177196 0.562683 0.175686 0.56239 0.175434 0.56239 0.173924 0.562097 0.173672 0.562097 0.172162 0.561804 0.17191 0.561804 0.170652 0.561511 0.1704 0.561511 0.16889 0.561219 0.168638 0.561219 0.167128 0.560926 0.166876 0.560926 0.165366 0.560633 0.165115 0.560633 0.163856 0.56034 0.163604 0.56034 0.162094 0.560047 0.161842 0.560047 0.160332 0.559754 0.160081 0.559754 0.15857 0.559461 0.158319 0.559461 0.156808 0.559168 0.156557 0.559168 0.155298 0.558875 0.155047 0.558875 0.153536 0.558582 0.153285 0.558582 0.151774 0.558289 0.151523 0.558289 0.150013 0.557996 0.149761 0.557996 0.148502 0.557704 0.148251 0.557704 0.14674 0.557411 0.146489 0.557411 0.144979 0.557118 0.144727 0.557118 0.143217 0.556825 0.142965 0.556825 0.141455 0.556532 0.141203 0.556532 0.139945 0.556239 0.139693 0.556239 0.138183 0.555946 0.137931 0.555946 0.136421 0.555653 0.136169 0.555653 0.134659 0.55536 0.134407 0.55536 0.133149 0.555067 0.132897 0.555067 0.13189
