0 0.755151 0.773822 0.754884 0.774078 0.754884 0.775102 0.754616 0.775359 0.754616 0.776127 0.755151 0.776127 0.755151 0.775102 0.755419 0.774846 0.755419 0.774078
0 0.783784 0.366291 0.783784 0.367059 0.783516 0.367316 0.783516 0.368852 0.784051 0.368852 0.784051 0.367316 0.784319 0.367059 0.784319 0.366291
0 0.748997 0.276127 0.748997 0.276639 0.748729 0.276895 0.749264 0.276895 0.749532 0.276639 0.749532 0.276127
0 0.689591 0.27126 0.689323 0.271516 0.689323 0.272285 0.689858 0.272285 0.689858 0.271516 0.690126 0.27126
0 0.672732 0.27126 0.672732 0.272285 0.673267 0.272285 0.673267 0.271516 0.673 0.27126
0 0.710731 0.270492 0.710731 0.271004 0.710998 0.27126 0.710998 0.271516 0.711533 0.271516 0.711533 0.271004 0.711266 0.270748 0.711266 0.270492
0 0.685309 0.269723 0.685309 0.270492 0.685577 0.270492 0.685844 0.270748 0.685844 0.270492 0.686112 0.270236 0.685577 0.269723
0 0.673 0.268443 0.673 0.269723 0.673267 0.269723 0.673535 0.26998 0.673535 0.269723 0.673803 0.269467 0.67407 0.269723 0.674605 0.269723 0.674605 0.268955 0.67407 0.268955 0.673803 0.268699 0.673535 0.268699 0.673267 0.268443
0 0.662831 0.268443 0.662831 0.270236 0.662564 0.270492 0.662831 0.270748 0.663099 0.270748 0.663366 0.270492 0.663366 0.269723 0.663634 0.269467 0.663634 0.268699 0.663366 0.268443
0 0.671394 0.268186 0.671394 0.268955 0.671929 0.268955 0.671929 0.268186
0 0.664169 0.267674 0.664169 0.268699 0.664704 0.268699 0.664704 0.267674
0 0.677549 0.267418 0.677549 0.267674 0.677281 0.26793 0.677014 0.26793 0.677014 0.268186 0.676746 0.268443 0.676746 0.269723 0.677014 0.26998 0.677816 0.26998 0.677816 0.26793 0.678084 0.267674 0.678084 0.267418
0 0.684506 0.267162 0.684506 0.26793 0.684774 0.26793 0.685041 0.267674 0.685041 0.267162
0 0.681295 0.265881 0.681295 0.26793 0.681028 0.268186 0.681028 0.271004 0.68076 0.27126 0.68076 0.271773 0.681028 0.272029 0.681295 0.272029 0.681563 0.271773 0.681563 0.271004 0.68183 0.270748 0.68183 0.268186 0.682098 0.26793 0.682098 0.265881
0 0.670859 0.265881 0.670859 0.267418 0.671662 0.267418 0.671662 0.266393 0.671394 0.266137 0.671394 0.265881
0 0.669789 0.264857 0.669789 0.265625 0.669521 0.265881 0.668986 0.265881 0.668986 0.267418 0.668718 0.267674 0.668718 0.270492 0.669253 0.270492 0.669521 0.270236 0.670056 0.270236 0.670056 0.269723 0.669789 0.269467 0.669521 0.269467 0.669253 0.269211 0.669253 0.268955 0.669521 0.268699 0.670056 0.268699 0.670056 0.267674 0.670324 0.267418 0.670324 0.265881 0.670056 0.265625 0.670324 0.265369 0.670324 0.264857
0 0.666845 0.264088 0.666845 0.264344 0.666577 0.2646 0.666577 0.265369 0.66631 0.265625 0.666042 0.265369 0.666042 0.2646 0.665507 0.2646 0.665507 0.265881 0.665775 0.266137 0.665775 0.267418 0.665507 0.267674 0.665507 0.268443 0.665775 0.268699 0.665775 0.268955 0.666042 0.268955 0.66631 0.269211 0.66631 0.26998 0.666845 0.26998 0.667113 0.269723 0.66738 0.26998 0.66738 0.270236 0.667915 0.270236 0.668183 0.26998 0.668183 0.268186 0.667113 0.268186 0.667113 0.268443 0.666845 0.268699 0.666577 0.268699 0.66631 0.268443 0.66631 0.267674 0.666042 0.267418 0.66631 0.267162 0.66631 0.265625 0.666577 0.265369 0.667113 0.265369 0.667113 0.2646 0.66738 0.264344 0.667113 0.264088
0 0.663366 0.263064 0.663366 0.264344 0.663099 0.2646 0.663099 0.265113 0.663634 0.265113 0.663902 0.265369 0.663902 0.266393 0.664437 0.266393 0.664437 0.265369 0.664169 0.265369 0.663902 0.265113 0.663902 0.263832 0.664169 0.263576 0.663902 0.26332 0.663902 0.263064
0 0.57399 0.26127 0.57399 0.263576 0.573722 0.263832 0.57399 0.263832 0.574525 0.264344 0.574793 0.264344 0.574793 0.263832 0.57506 0.263576 0.574793 0.263576 0.574525 0.26332 0.574525 0.261527 0.574257 0.26127
0 0.662831 0.259477 0.662831 0.260246 0.663366 0.260246 0.663366 0.259477
0 0.575595 0.257941 0.575595 0.259477 0.576131 0.259477 0.576131 0.257941
0 0.57399 0.257941 0.573722 0.258197 0.573722 0.258709 0.57399 0.258965 0.574525 0.258965 0.574525 0.258197 0.574257 0.257941
0 0.663366 0.257684 0.663366 0.258453 0.663634 0.258453 0.663902 0.258197 0.663902 0.257684
0 0.661761 0.254867 0.661761 0.255379 0.661493 0.255635 0.661493 0.25666 0.661761 0.256916 0.662028 0.256916 0.662028 0.255635 0.662296 0.255379 0.662296 0.254867
0 0.65855 0.254098 0.65855 0.255379 0.658817 0.255379 0.659085 0.255123 0.659085 0.254098
0 0.667648 0.253842 0.667648 0.254611 0.66738 0.254867 0.667113 0.254867 0.667113 0.255635 0.666845 0.255891 0.666845 0.258453 0.666577 0.258709 0.666577 0.25999 0.666845 0.25999 0.667113 0.260246 0.66738 0.260246 0.667648 0.260502 0.667648 0.259221 0.667113 0.258709 0.66738 0.258453 0.66738 0.255635 0.667648 0.255379 0.667648 0.255123 0.667915 0.254867 0.668183 0.254867 0.668183 0.254098 0.667915 0.254098
0 0.664437 0.253586 0.664437 0.254098 0.664704 0.254098 0.664972 0.254355 0.665239 0.254098 0.665239 0.253586
0 0.575328 0.253586 0.575328 0.254355 0.575863 0.254355 0.575863 0.253586
0 0.662831 0.253074 0.662831 0.254098 0.663366 0.254098 0.663366 0.253074
0 0.631523 0.253074 0.631523 0.253842 0.632058 0.253842 0.632325 0.253586 0.632325 0.253074
0 0.570244 0.253074 0.570244 0.254355 0.570511 0.254355 0.570779 0.254098 0.570779 0.253074
0 0.660423 0.252818 0.660423 0.25333 0.661493 0.25333 0.661761 0.253586 0.661761 0.253842 0.662296 0.253842 0.662296 0.253074 0.661761 0.253074 0.661493 0.252818
0 0.655339 0.252561 0.655339 0.25333 0.655606 0.253586 0.655874 0.253586 0.656141 0.25333 0.656409 0.253586 0.656409 0.253842 0.656944 0.253842 0.656944 0.25333 0.657212 0.253074 0.657212 0.252561
0 0.625368 0.252049 0.625368 0.25333 0.626171 0.25333 0.626171 0.252049
0 0.60396 0.251793 0.60396 0.252818 0.603693 0.253074 0.603693 0.25333 0.604228 0.25333 0.604228 0.253074 0.604496 0.252818 0.604496 0.251793
0 0.602087 0.251537 0.602087 0.252818 0.602355 0.252818 0.602622 0.252561 0.602622 0.251793 0.602355 0.251537
0 0.635537 0.250768 0.635537 0.251281 0.635804 0.251281 0.636072 0.251537 0.636072 0.251793 0.636607 0.251793 0.636607 0.251537 0.636874 0.251281 0.637142 0.251537 0.637677 0.251537 0.637945 0.251281 0.637945 0.251025 0.637142 0.251025 0.636874 0.250768
0 0.632593 0.250512 0.632593 0.251025 0.632861 0.251281 0.633128 0.251281 0.633396 0.251025 0.633931 0.251025 0.634199 0.250768 0.633931 0.250768 0.633663 0.250512
0 0.601017 0.250512 0.601017 0.251793 0.601552 0.251793 0.601552 0.250512
0 0.595933 0.250512 0.595933 0.251281 0.596468 0.251281 0.596735 0.251537 0.597003 0.251537 0.597003 0.250768 0.596735 0.250768 0.596468 0.250512
0 0.614932 0.250256 0.614932 0.250512 0.614664 0.250768 0.614664 0.251025 0.614397 0.251281 0.613861 0.251281 0.613861 0.252561 0.614397 0.252561 0.614397 0.252049 0.614664 0.251793 0.615199 0.251793 0.615199 0.250256
0 0.611988 0.250256 0.611721 0.250512 0.611721 0.251281 0.611988 0.251281 0.612256 0.251537 0.613059 0.251537 0.613059 0.250768 0.612523 0.250768
0 0.598876 0.250256 0.598876 0.251025 0.599411 0.251025 0.599411 0.250256
0 0.626171 0.25 0.626171 0.250512 0.626438 0.250768 0.626974 0.250768 0.627241 0.250512 0.627241 0.25
0 0.592186 0.25 0.592186 0.250768 0.592721 0.250768 0.592721 0.25
0 0.571314 0.25 0.571046 0.250256 0.569976 0.250256 0.569976 0.251281 0.570511 0.251281 0.570779 0.251025 0.571046 0.251025 0.571314 0.250768 0.571849 0.250768 0.571849 0.25
0 0.622157 0.249744 0.622157 0.250256 0.622424 0.250512 0.62296 0.250512 0.623227 0.250256 0.623495 0.250256 0.623495 0.249744
0 0.60958 0.249488 0.60958 0.250256 0.610115 0.250256 0.610115 0.249488
0 0.61841 0.249232 0.61841 0.249744 0.618678 0.25 0.618678 0.250512 0.61841 0.250768 0.617073 0.250768 0.616805 0.251025 0.616805 0.251537 0.617073 0.251793 0.617073 0.252305 0.617608 0.252305 0.617608 0.251793 0.617875 0.251537 0.618143 0.251537 0.61841 0.251793 0.61841 0.253074 0.619481 0.253074 0.619481 0.250768 0.619748 0.250512 0.620016 0.250768 0.620016 0.251537 0.620551 0.251537 0.620819 0.251281 0.620819 0.250768 0.621086 0.250512 0.621086 0.249488 0.618678 0.249488
0 0.616805 0.249232 0.616805 0.249744 0.617073 0.25 0.617073 0.250256 0.617608 0.250256 0.617608 0.25 0.617875 0.249744 0.617875 0.249232
0 0.611721 0.248719 0.611721 0.249232 0.611988 0.249488 0.612523 0.249488 0.612791 0.249232 0.612791 0.248975 0.612256 0.248975 0.611988 0.248719
0 0.594862 0.248719 0.594862 0.249488 0.594595 0.249744 0.594595 0.251281 0.594327 0.251537 0.594327 0.252818 0.594595 0.252818 0.59513 0.252305 0.59513 0.251025 0.595397 0.250768 0.595397 0.250256 0.59513 0.25 0.59513 0.249744 0.595397 0.249488 0.595397 0.248719
0 0.606369 0.248463 0.606369 0.248719 0.606636 0.248975 0.606369 0.249232 0.606101 0.249232 0.606101 0.249488 0.606369 0.249744 0.606369 0.250256 0.606101 0.250512 0.606101 0.251537 0.606369 0.251793 0.607172 0.251793 0.607172 0.250256 0.607439 0.25 0.607707 0.250256 0.607707 0.251025 0.608242 0.251025 0.608509 0.251281 0.609045 0.251281 0.609045 0.250512 0.608509 0.250512 0.608242 0.250256 0.607707 0.250256 0.607439 0.25 0.607439 0.248463
0 0.596735 0.248463 0.596735 0.249232 0.597003 0.249488 0.597271 0.249488 0.597271 0.248719 0.597003 0.248719
0 0.408617 0.248463 0.408617 0.249744 0.409152 0.249744 0.409152 0.248463
0 0.60396 0.248207 0.60396 0.248719 0.604228 0.248975 0.60396 0.249232 0.603693 0.249232 0.603425 0.249488 0.603425 0.25 0.603158 0.250256 0.603158 0.251281 0.603693 0.251281 0.603693 0.250768 0.60396 0.250512 0.60396 0.250256 0.604228 0.25 0.604228 0.249744 0.604496 0.249488 0.604763 0.249488 0.605031 0.249232 0.605031 0.248207
0 0.592454 0.248207 0.592454 0.248975 0.592989 0.248975 0.592989 0.248207
0 0.401391 0.248207 0.401391 0.249232 0.401659 0.249232 0.401927 0.249488 0.401927 0.248207
0 0.600749 0.247951 0.600749 0.248463 0.601017 0.248719 0.601017 0.248975 0.601552 0.248975 0.601552 0.248719 0.60182 0.248463 0.60182 0.247951
0 0.41049 0.247951 0.410222 0.248207 0.410222 0.248719 0.410757 0.248719 0.410757 0.247951
0 0.599411 0.247695 0.599411 0.248207 0.599946 0.248207 0.600214 0.248463 0.600214 0.247951 0.599946 0.247951 0.599679 0.247695
0 0.597806 0.247695 0.597806 0.248207 0.598073 0.248463 0.598073 0.248719 0.598609 0.248719 0.598609 0.248463 0.598876 0.248207 0.598876 0.247695
0 0.594059 0.247439 0.594059 0.247951 0.594327 0.247951 0.594595 0.248207 0.59513 0.248207 0.595397 0.247951 0.595665 0.248207 0.5962 0.248207 0.596468 0.247951 0.596468 0.247439
0 0.404603 0.247182 0.404603 0.247695 0.404335 0.247951 0.40487 0.247951 0.405138 0.247695 0.405138 0.247439 0.40487 0.247439
0 0.588708 0.246926 0.58844 0.247182 0.58844 0.248207 0.588708 0.248463 0.589243 0.248463 0.589243 0.246926
0 0.411828 0.246414 0.411828 0.247182 0.412363 0.247182 0.412363 0.246414
0 0.572652 0.245902 0.572652 0.247695 0.572919 0.247951 0.572919 0.248719 0.572652 0.248975 0.572652 0.251537 0.572384 0.251793 0.572384 0.252561 0.572117 0.252818 0.572117 0.254611 0.571849 0.254867 0.571581 0.254867 0.571314 0.255123 0.570779 0.255123 0.570779 0.256404 0.571314 0.256404 0.571581 0.25666 0.571581 0.257428 0.571314 0.257684 0.571314 0.25999 0.571581 0.260246 0.571581 0.260502 0.571314 0.260758 0.571581 0.261014 0.571849 0.261014 0.572117 0.26127 0.572117 0.261527 0.572652 0.261527 0.572652 0.260758 0.572384 0.260758 0.572117 0.260502 0.572117 0.259221 0.572384 0.258965 0.572919 0.258965 0.572919 0.257684 0.573187 0.257428 0.572652 0.257428 0.572384 0.257172 0.572384 0.255891 0.572652 0.255635 0.572652 0.254867 0.572919 0.254611 0.572919 0.251793 0.573187 0.251537 0.573187 0.248975 0.573455 0.248719 0.573455 0.245902
0 0.363928 0.245902 0.363661 0.246158 0.363661 0.246414 0.364196 0.246414 0.364196 0.245902
0 0.37704 0.245645 0.37704 0.245902 0.377308 0.246158 0.377576 0.246158 0.377576 0.245645
0 0.375435 0.245645 0.375435 0.246158 0.37597 0.246158 0.37597 0.245645
0 0.372759 0.245645 0.372759 0.246414 0.373026 0.246414 0.373294 0.246158 0.373294 0.245902 0.373026 0.245645
0 0.371153 0.244877 0.371153 0.245389 0.371689 0.245389 0.371689 0.244877
0 0.413968 0.244365 0.413968 0.245389 0.414236 0.245389 0.414236 0.245133 0.414504 0.244877 0.414504 0.244621 0.414236 0.244365
0 0.415039 0.242572 0.415039 0.243084 0.415574 0.243084 0.415574 0.242572
0 0.398983 0.242316 0.398983 0.242572 0.399251 0.242828 0.399786 0.242828 0.399786 0.242316
0 0.405138 0.241803 0.40487 0.242059 0.405138 0.242059 0.405405 0.242316 0.405405 0.241803
0 0.485416 0.241291 0.485149 0.241547 0.485149 0.242059 0.484881 0.242316 0.484881 0.244109 0.485684 0.244109 0.485684 0.242316 0.485951 0.242059 0.485951 0.241547 0.485684 0.241547
0 0.393364 0.241291 0.393096 0.241547 0.393096 0.241803 0.393631 0.241803 0.393631 0.241547 0.393899 0.241291
0 0.306663 0.240523 0.306396 0.240779 0.306396 0.241547 0.306931 0.241547 0.306931 0.240523
0 0.405405 0.23873 0.405138 0.238986 0.405405 0.239242 0.405673 0.239242 0.405673 0.238986 0.405941 0.23873
0 0.400856 0.23873 0.400856 0.239242 0.401391 0.239242 0.401391 0.23873
0 0.488092 0.238473 0.488092 0.23873 0.487824 0.238986 0.487824 0.239242 0.487022 0.24001 0.487022 0.242059 0.486754 0.242316 0.486754 0.244365 0.486486 0.244621 0.486486 0.245133 0.486219 0.245389 0.486219 0.247439 0.485951 0.247695 0.485951 0.247951 0.485684 0.248207 0.485684 0.250256 0.485416 0.250512 0.485416 0.251025 0.485149 0.251281 0.485149 0.253842 0.484881 0.254098 0.484881 0.256148 0.484613 0.256404 0.484613 0.256916 0.484346 0.257172 0.484346 0.257428 0.483811 0.257941 0.483543 0.257941 0.483543 0.258453 0.483008 0.258965 0.48274 0.258709 0.482205 0.258709 0.482205 0.258965 0.481937 0.259221 0.48167 0.258965 0.480332 0.258965 0.480064 0.258709 0.480064 0.257941 0.479529 0.257941 0.479529 0.258453 0.479261 0.258709 0.478726 0.258709 0.478459 0.258453 0.478459 0.257941 0.477923 0.257941 0.477388 0.258453 0.47605 0.258453 0.475515 0.257941 0.474712 0.257941 0.474445 0.257684 0.473642 0.257684 0.473374 0.257941 0.472572 0.257941 0.472304 0.257684 0.470163 0.257684 0.469896 0.257428 0.46722 0.257428 0.466952 0.257172 0.466417 0.257172 0.466149 0.256916 0.466149 0.256148 0.465614 0.256148 0.465347 0.256404 0.465347 0.256916 0.465079 0.257172 0.463473 0.257172 0.463206 0.256916 0.462938 0.256916 0.462671 0.25666 0.462135 0.25666 0.461868 0.256916 0.4616 0.25666 0.460797 0.25666 0.46053 0.256916 0.459192 0.256916 0.458924 0.25666 0.458389 0.25666 0.458121 0.256404 0.457586 0.256404 0.457319 0.25666 0.457051 0.256404 0.456516 0.256404 0.456248 0.25666 0.45491 0.25666 0.454643 0.256404 0.454108 0.256404 0.45384 0.256148 0.45384 0.255891 0.453305 0.255891 0.453037 0.256148 0.451967 0.256148 0.451699 0.255891 0.451699 0.255635 0.451967 0.255379 0.451967 0.254867 0.451699 0.254611 0.451699 0.252818 0.451967 0.252561 0.451967 0.252305 0.451432 0.252305 0.451432 0.252561 0.451164 0.252818 0.451164 0.254867 0.450896 0.255123 0.450896 0.255379 0.450629 0.255635 0.450361 0.255635 0.450094 0.255891 0.449558 0.255891 0.449291 0.256148 0.447953 0.256148 0.447685 0.255891 0.444742 0.255891 0.444474 0.255635 0.443136 0.255635 0.442869 0.255379 0.441263 0.255379 0.440995 0.255123 0.440995 0.25333 0.44046 0.25333 0.44046 0.255123 0.440193 0.255379 0.438587 0.255379 0.43832 0.255123 0.438052 0.255123 0.437784 0.254867 0.436982 0.254867 0.436714 0.255123 0.435644 0.255123 0.435376 0.254867 0.432432 0.254867 0.432165 0.254611 0.429489 0.254611 0.429221 0.254355 0.426278 0.254355 0.42601 0.254098 0.42494 0.254098 0.424672 0.253842 0.423602 0.253842 0.423067 0.25333 0.422799 0.25333 0.422531 0.253586 0.422264 0.25333 0.422264 0.252305 0.421729 0.252305 0.421729 0.253074 0.421193 0.253586 0.420123 0.253586 0.419855 0.25333 0.41932 0.25333 0.419053 0.253074 0.419053 0.252049 0.418518 0.252049 0.418518 0.252818 0.417982 0.25333 0.41718 0.25333 0.416912 0.253074 0.415039 0.253074 0.414771 0.252818 0.414771 0.251793 0.413968 0.251793 0.413701 0.251537 0.413701 0.252561 0.413433 0.252818 0.41263 0.252818 0.412363 0.252561 0.412363 0.251793 0.412095 0.251793 0.411828 0.251537 0.411828 0.251025 0.412095 0.250768 0.412095 0.248975 0.41156 0.248975 0.41156 0.250768 0.411292 0.251025 0.411292 0.252305 0.411025 0.252561 0.41049 0.252049 0.41049 0.250768 0.410222 0.250768 0.409955 0.251025 0.409687 0.250768 0.409687 0.250256 0.409152 0.250256 0.409152 0.250768 0.408884 0.251025 0.408884 0.252561 0.408617 0.252818 0.407814 0.252818 0.407546 0.252561 0.407546 0.252305 0.407279 0.252049 0.407279 0.251537 0.406743 0.251537 0.406743 0.252049 0.406476 0.252305 0.406208 0.252305 0.405941 0.252561 0.405405 0.252561 0.405138 0.252305 0.40487 0.252305 0.404603 0.252049 0.404603 0.251025 0.404067 0.251025 0.404067 0.251537 0.4038 0.251793 0.403265 0.251793 0.402997 0.251537 0.402997 0.250768 0.403265 0.250512 0.403265 0.248463 0.402997 0.248463 0.402729 0.248719 0.402729 0.250512 0.402462 0.250768 0.402462 0.251025 0.402194 0.251281 0.402194 0.252049 0.401927 0.252305 0.401659 0.252305 0.401391 0.252049 0.400589 0.252049 0.400321 0.251793 0.400321 0.250512 0.400589 0.250256 0.400589 0.249488 0.400054 0.249488 0.400054 0.250512 0.399786 0.250768 0.399786 0.251537 0.399518 0.251793 0.399251 0.251537 0.399251 0.251025 0.398983 0.250768 0.398983 0.250512 0.399251 0.250256 0.399251 0.249488 0.398448 0.249488 0.398448 0.250256 0.39818 0.250512 0.39818 0.251793 0.397913 0.252049 0.396307 0.252049 0.395772 0.251537 0.395772 0.251281 0.395504 0.251281 0.395237 0.251025 0.395237 0.251281 0.394969 0.251537 0.394702 0.251537 0.394434 0.251793 0.393364 0.251793 0.393096 0.251537 0.393096 0.251281 0.392828 0.251025 0.392828 0.250256 0.392293 0.250256 0.392293 0.251281 0.392026 0.251537 0.38935 0.251537 0.389082 0.251281 0.387477 0.251281 0.387209 0.251025 0.387209 0.25 0.387477 0.249744 0.387477 0.249488 0.386941 0.249488 0.386941 0.249744 0.386674 0.25 0.386674 0.250512 0.386406 0.250768 0.386406 0.251025 0.386139 0.251281 0.385871 0.251025 0.385068 0.251025 0.384801 0.250768 0.384533 0.250768 0.384265 0.250512 0.384265 0.25 0.384533 0.249744 0.384533 0.248463 0.383998 0.248463 0.383998 0.248719 0.38373 0.248975 0.38373 0.25 0.383463 0.250256 0.383463 0.250512 0.383195 0.250768 0.382927 0.250512 0.382927 0.25 0.383195 0.249744 0.383195 0.249232 0.382927 0.248975 0.38266 0.248975 0.38266 0.249744 0.382392 0.25 0.382392 0.250256 0.382125 0.250512 0.382125 0.250768 0.381857 0.251025 0.38159 0.250768 0.38159 0.250512 0.381322 0.250256 0.381322 0.249744 0.38159 0.249488 0.38159 0.248975 0.380787 0.248975 0.380787 0.250256 0.380519 0.250512 0.380519 0.250768 0.380252 0.251025 0.379984 0.251025 0.379716 0.250768 0.377308 0.250768 0.37704 0.250512 0.37704 0.249744 0.377308 0.249488 0.377308 0.248975 0.37704 0.248975 0.376773 0.248719 0.376773 0.249488 0.376505 0.249744 0.376505 0.25 0.376238 0.250256 0.376238 0.250512 0.37597 0.250768 0.375702 0.250512 0.375702 0.250256 0.375435 0.25 0.375435 0.249488 0.375702 0.249232 0.375702 0.248207 0.375167 0.248207 0.375167 0.249488 0.3749 0.249744 0.374632 0.249744 0.374632 0.250256 0.374364 0.250512 0.374097 0.250256 0.374097 0.249488 0.374364 0.249232 0.374364 0.248975 0.373829 0.248975 0.373829 0.249232 0.373562 0.249488 0.373562 0.250256 0.373294 0.250512 0.373026 0.250512 0.372759 0.250256 0.372759 0.249488 0.373026 0.249232 0.373026 0.248975 0.372491 0.248975 0.372491 0.249232 0.372224 0.249488 0.372224 0.25 0.371956 0.250256 0.371956 0.250768 0.371689 0.251025 0.371421 0.250768 0.371421 0.250256 0.371153 0.25 0.371153 0.249488 0.371421 0.249232 0.371421 0.248975 0.370886 0.248975 0.370886 0.249232 0.370618 0.249488 0.370618 0.250256 0.370083 0.250768 0.368745 0.250768 0.36821 0.250256 0.36821 0.249744 0.367675 0.249744 0.367675 0.25 0.367139 0.250512 0.365801 0.250512 0.365534 0.250256 0.365534 0.249232 0.365801 0.248975 0.365801 0.248719 0.365534 0.248463 0.365534 0.246158 0.365801 0.245902 0.365801 0.244109 0.365266 0.244109 0.365266 0.245902 0.364999 0.246158 0.364999 0.248975 0.364731 0.249232 0.364731 0.250512 0.364463 0.250768 0.364196 0.250512 0.36152 0.250512 0.360985 0.25 0.360985 0.248975 0.361252 0.248719 0.360985 0.248463 0.360717 0.248463 0.360717 0.248719 0.36045 0.248975 0.36045 0.249488 0.359914 0.25 0.359647 0.249744 0.359647 0.248719 0.359379 0.248719 0.359112 0.248975 0.359112 0.249744 0.358576 0.250256 0.358309 0.250256 0.358041 0.25 0.357238 0.25 0.356436 0.249232 0.356436 0.248719 0.356703 0.248463 0.356168 0.248463 0.3559 0.248719 0.3559 0.249232 0.355633 0.249488 0.355365 0.249232 0.355365 0.248719 0.355098 0.248463 0.35483 0.248719 0.35483 0.249232 0.354295 0.249744 0.354027 0.249488 0.354027 0.248975 0.35376 0.248719 0.35376 0.247439 0.353225 0.247439 0.353225 0.248463 0.352957 0.248719 0.352957 0.248975 0.352422 0.249488 0.352154 0.249488 0.351887 0.249232 0.351084 0.249232 0.350816 0.249488 0.350013 0.249488 0.349746 0.249232 0.349211 0.249232 0.348943 0.248975 0.348675 0.248975 0.348408 0.249232 0.347873 0.248719 0.347873 0.248463 0.34814 0.248207 0.34814 0.247695 0.347605 0.247695 0.347605 0.248207 0.34707 0.248719 0.34707 0.248975 0.346802 0.249232 0.346267 0.249232 0.345999 0.248975 0.345999 0.248207 0.345732 0.247951 0.345732 0.248207 0.345464 0.248463 0.345197 0.248463 0.344929 0.248719 0.344394 0.248719 0.344126 0.248975 0.343591 0.248463 0.343591 0.248207 0.343859 0.247951 0.343859 0.247182 0.343324 0.247182 0.343324 0.247951 0.342521 0.248719 0.340915 0.248719 0.340648 0.248463 0.340648 0.248207 0.339042 0.248207 0.338774 0.248463 0.337436 0.248463 0.337169 0.248207 0.336901 0.248207 0.336366 0.247695 0.335831 0.247695 0.335563 0.247951 0.335028 0.247951 0.334761 0.248207 0.33369 0.248207 0.333423 0.247951 0.332352 0.247951 0.332085 0.247695 0.331817 0.247695 0.331549 0.247951 0.330479 0.247951 0.330211 0.247695 0.330479 0.247439 0.330479 0.24667 0.330211 0.246414 0.329944 0.246414 0.329944 0.247439 0.329676 0.247695 0.327535 0.247695 0.327268 0.247439 0.324324 0.247439 0.324057 0.247182 0.321381 0.247182 0.321113 0.246926 0.31817 0.246926 0.317902 0.24667 0.315226 0.24667 0.314691 0.246158 0.313621 0.246158 0.313353 0.246414 0.312015 0.246414 0.311747 0.246158 0.309071 0.246158 0.308804 0.245902 0.307733 0.245902 0.307466 0.245645 0.307466 0.244365 0.306931 0.244365 0.306663 0.244109 0.306128 0.244109 0.306128 0.244877 0.306663 0.244877 0.306931 0.245133 0.306931 0.246158 0.306663 0.246414 0.30586 0.246414 0.305593 0.246158 0.304522 0.246158 0.304522 0.246414 0.304255 0.24667 0.304255 0.249488 0.303987 0.249744 0.303987 0.252305 0.30372 0.252561 0.30372 0.255379 0.303452 0.255635 0.303452 0.258197 0.303184 0.258453 0.303184 0.26127 0.302917 0.261527 0.302917 0.264088 0.302649 0.264344 0.302649 0.267162 0.302382 0.267418 0.302382 0.26998 0.302114 0.270236 0.302114 0.273053 0.301846 0.273309 0.301846 0.275871 0.301579 0.276127 0.301579 0.278945 0.301311 0.279201 0.301311 0.281762 0.301044 0.282018 0.301044 0.284836 0.300776 0.285092 0.300776 0.28791 0.300508 0.288166 0.300508 0.290727 0.300241 0.290984 0.300241 0.293801 0.299973 0.294057 0.299973 0.296619 0.299706 0.296875 0.299706 0.299693 0.299438 0.299949 0.299438 0.30251 0.29917 0.302766 0.29917 0.305584 0.298903 0.30584 0.298903 0.308402 0.298635 0.308658 0.298635 0.311475 0.298368 0.311732 0.298368 0.314293 0.2981 0.314549 0.2981 0.317367 0.297832 0.317623 0.297832 0.320184 0.297565 0.320441 0.297565 0.323258 0.297297 0.323514 0.297297 0.326076 0.29703 0.326332 0.29703 0.32915 0.296762 0.329406 0.296762 0.332223 0.296495 0.33248 0.296495 0.335041 0.296227 0.335297 0.296227 0.338115 0.295959 0.338371 0.295959 0.340932 0.295692 0.341189 0.295692 0.344006 0.295424 0.344262 0.295424 0.346824 0.295157 0.34708 0.295157 0.349898 0.294889 0.350154 0.294889 0.352715 0.294621 0.352971 0.294621 0.355789 0.294354 0.356045 0.294354 0.358607 0.294086 0.358863 0.294086 0.36168 0.293819 0.361936 0.293819 0.364498 0.293551 0.364754 0.293551 0.367572 0.293283 0.367828 0.293283 0.370389 0.293016 0.370645 0.293016 0.373463 0.292748 0.373719 0.292748 0.376281 0.292481 0.376537 0.292481 0.379355 0.292213 0.379611 0.292213 0.382428 0.291945 0.382684 0.291945 0.385246 0.291678 0.385502 0.291678 0.38832 0.29141 0.388576 0.29141 0.391137 0.291143 0.391393 0.291143 0.394211 0.290875 0.394467 0.290875 0.397029 0.290607 0.397285 0.290607 0.400102 0.29034 0.400359 0.29034 0.40292 0.290072 0.403176 0.290072 0.405994 0.289805 0.40625 0.289805 0.408811 0.289537 0.409068 0.289537 0.411885 0.289269 0.412141 0.289269 0.414703 0.289002 0.414959 0.289002 0.417777 0.288734 0.418033 0.288734 0.420594 0.288467 0.42085 0.288467 0.423668 0.288199 0.423924 0.288199 0.426486 0.287931 0.426742 0.287931 0.429559 0.287664 0.429816 0.287664 0.432633 0.287396 0.432889 0.287396 0.435451 0.287129 0.435707 0.287129 0.438525 0.286861 0.438781 0.286861 0.441342 0.286594 0.441598 0.286594 0.444416 0.286326 0.444672 0.286326 0.447234 0.286058 0.44749 0.286058 0.450307 0.285791 0.450564 0.285791 0.453125 0.285523 0.453381 0.285523 0.456199 0.285256 0.456455 0.285256 0.459016 0.284988 0.459273 0.284988 0.46209 0.28472 0.462346 0.28472 0.464908 0.284453 0.465164 0.284453 0.467982 0.284185 0.468238 0.284185 0.470799 0.283918 0.471055 0.283918 0.473873 0.28365 0.474129 0.28365 0.476691 0.283382 0.476947 0.283382 0.479764 0.283115 0.48002 0.283115 0.482838 0.282847 0.483094 0.282847 0.485656 0.28258 0.485912 0.28258 0.48873 0.282312 0.488986 0.282312 0.491547 0.282044 0.491803 0.282044 0.494621 0.281777 0.494877 0.281777 0.497439 0.281509 0.497695 0.281509 0.500512 0.281242 0.500768 0.281242 0.50333 0.280974 0.503586 0.280974 0.506404 0.280706 0.50666 0.280706 0.509221 0.280439 0.509477 0.280439 0.512295 0.280171 0.512551 0.280171 0.515113 0.279904 0.515369 0.279904 0.518186 0.279636 0.518443 0.279636 0.521004 0.279368 0.52126 0.279368 0.524078 0.279101 0.524334 0.279101 0.526895 0.278833 0.527152 0.278833 0.529969 0.278566 0.530225 0.278566 0.533043 0.278298 0.533299 0.278298 0.535861 0.278031 0.536117 0.278031 0.538934 0.277763 0.539191 0.277763 0.541752 0.277495 0.542008 0.277495 0.544826 0.277228 0.545082 0.277228 0.547643 0.27696 0.5479 0.27696 0.550717 0.276693 0.550973 0.276693 0.553535 0.276425 0.553791 0.276425 0.556609 0.276157 0.556865 0.276157 0.559426 0.27589 0.559682 0.27589 0.5625 0.275622 0.562756 0.275622 0.565318 0.275355 0.565574 0.275355 0.568391 0.275087 0.568648 0.275087 0.571209 0.274819 0.571465 0.274819 0.574283 0.274552 0.574539 0.274552 0.5771 0.274284 0.577357 0.274284 0.580174 0.274017 0.58043 0.274017 0.583248 0.273749 0.583504 0.273749 0.586066 0.273481 0.586322 0.273481 0.589139 0.273214 0.589395 0.273214 0.591957 0.272946 0.592213 0.272946 0.595031 0.272679 0.595287 0.272679 0.597848 0.272411 0.598105 0.272411 0.600922 0.272143 0.601178 0.272143 0.60374 0.271876 0.603996 0.271876 0.606814 0.271608 0.60707 0.271608 0.609631 0.271341 0.609887 0.271341 0.612705 0.271073 0.612961 0.271073 0.615523 0.270805 0.615779 0.270805 0.618596 0.270538 0.618852 0.270538 0.621414 0.27027 0.62167 0.27027 0.624488 0.270003 0.624744 0.270003 0.627561 0.269735 0.627818 0.269735 0.630379 0.269467 0.630635 0.269467 0.633453 0.2692 0.633709 0.2692 0.63627 0.268932 0.636527 0.268932 0.639344 0.268665 0.6396 0.268665 0.642162 0.268397 0.642418 0.268397 0.645236 0.26813 0.645492 0.26813 0.648053 0.267862 0.648309 0.267862 0.651127 0.267594 0.651383 0.267594 0.653945 0.267327 0.654201 0.267327 0.657018 0.267059 0.657275 0.267059 0.659836 0.266792 0.660092 0.266792 0.66291 0.266524 0.663166 0.266524 0.665727 0.266256 0.665984 0.266256 0.668801 0.265989 0.669057 0.265989 0.671619 0.265721 0.671875 0.265721 0.674693 0.265454 0.674949 0.265454 0.677766 0.265186 0.678023 0.265186 0.680584 0.264918 0.68084 0.264918 0.683658 0.264651 0.683914 0.264651 0.686475 0.264383 0.686732 0.264383 0.689549 0.264116 0.689805 0.264116 0.692367 0.263848 0.692623 0.263848 0.695441 0.26358 0.695697 0.26358 0.698258 0.263313 0.698514 0.263313 0.701332 0.263045 0.701588 0.263045 0.70415 0.262778 0.704406 0.262778 0.707223 0.26251 0.70748 0.26251 0.710041 0.262242 0.710297 0.262242 0.713115 0.261975 0.713371 0.261975 0.715932 0.261707 0.716189 0.261707 0.719006 0.26144 0.719262 0.26144 0.721824 0.261172 0.72208 0.261172 0.724898 0.260904 0.725154 0.260904 0.727971 0.260637 0.728227 0.260637 0.730789 0.260369 0.731045 0.260369 0.733863 0.260102 0.734119 0.260102 0.73668 0.259834 0.736936 0.259834 0.739754 0.259566 0.74001 0.259566 0.742572 0.259299 0.742828 0.259299 0.745645 0.259031 0.745902 0.259031 0.748463 0.258764 0.748719 0.258764 0.751537 0.258496 0.751793 0.258496 0.754355 0.258229 0.754611 0.258229 0.757428 0.257961 0.757684 0.257961 0.760246 0.257693 0.760502 0.257693 0.76332 0.257426 0.763576 0.257426 0.766137 0.257158 0.766393 0.257158 0.769211 0.256891 0.769467 0.256891 0.772029 0.256623 0.772285 0.256623 0.775102 0.256355 0.775359 0.256355 0.778176 0.256088 0.778432 0.256088 0.780994 0.25582 0.78125 0.25582 0.784068 0.255553 0.784324 0.255553 0.786885 0.255285 0.787141 0.255285 0.789959 0.255017 0.790215 0.255017 0.792777 0.25475 0.793033 0.25475 0.79585 0.254482 0.796107 0.254482 0.798668 0.254215 0.798924 0.254215 0.801742 0.253947 0.801998 0.253947 0.804559 0.253679 0.804816 0.253679 0.807633 0.253412 0.807889 0.253412 0.810451 0.253144 0.810707 0.253144 0.813525 0.252877 0.813781 0.252877 0.816342 0.252609 0.816598 0.252609 0.819416 0.252341 0.819672 0.252341 0.822234 0.252074 0.82249 0.252074 0.825307 0.251806 0.825564 0.251806 0.827357 0.25475 0.827357 0.255017 0.827613 0.257693 0.827613 0.257961 0.827869 0.260904 0.827869 0.261172 0.828125 0.263848 0.828125 0.264116 0.828381 0.267059 0.828381 0.267327 0.828637 0.270003 0.828637 0.27027 0.828893 0.273214 0.828893 0.273481 0.82915 0.276157 0.82915 0.276425 0.829406 0.279368 0.829406 0.279636 0.829662 0.282312 0.829662 0.28258 0.829918 0.285523 0.829918 0.285791 0.830174 0.288467 0.830174 0.288734 0.83043 0.291678 0.83043 0.291945 0.830686 0.294889 0.830686 0.295157 0.830943 0.297832 0.830943 0.2981 0.831199 0.301044 0.831199 0.301311 0.831455 0.303987 0.831455 0.304255 0.831711 0.307198 0.831711 0.307466 0.831967 0.310142 0.831967 0.310409 0.832223 0.313353 0.832223 0.313621 0.83248 0.316296 0.83248 0.316564 0.832736 0.319508 0.832736 0.319775 0.832992 0.322451 0.832992 0.322719 0.833248 0.325662 0.833248 0.32593 0.833504 0.328606 0.833504 0.328873 0.83376 0.331817 0.83376 0.332085 0.834016 0.334761 0.834016 0.335028 0.834273 0.337972 0.834273 0.338239 0.834529 0.341183 0.834529 0.34145 0.834785 0.344126 0.834785 0.344394 0.835041 0.347337 0.835041 0.347605 0.835297 0.350281 0.835297 0.350549 0.835553 0.353492 0.835553 0.35376 0.835809 0.356436 0.835809 0.356703 0.836066 0.359647 0.836066 0.359914 0.836322 0.36259 0.836322 0.362858 0.836578 0.365801 0.836578 0.366069 0.836834 0.368745 0.836834 0.369013 0.83709 0.371956 0.83709 0.372224 0.837346 0.3749 0.837346 0.375167 0.837602 0.378111 0.837602 0.378378 0.837859 0.381054 0.837859 0.381322 0.838115 0.384265 0.838115 0.384533 0.838371 0.387209 0.838371 0.387477 0.838627 0.39042 0.838627 0.390688 0.838883 0.393631 0.838883 0.393899 0.839139 0.396575 0.839139 0.396842 0.839395 0.399786 0.839395 0.400054 0.839652 0.402729 0.839652 0.402997 0.839908 0.405941 0.839908 0.406208 0.840164 0.408884 0.840164 0.409152 0.84042 0.412095 0.84042 0.412363 0.840676 0.415039 0.840676 0.415306 0.840932 0.41825 0.840932 0.418518 0.841189 0.421193 0.841189 0.421461 0.841445 0.424405 0.841445 0.424672 0.841701 0.427348 0.841701 0.427616 0.841957 0.430559 0.841957 0.430827 0.842213 0.433503 0.842213 0.43377 0.842469 0.436714 0.842469 0.436982 0.842725 0.439657 0.842725 0.439925 0.842982 0.442869 0.842982 0.443136 0.843238 0.44608 0.843238 0.446347 0.843494 0.449023 0.843494 0.449291 0.84375 0.452234 0.84375 0.452502 0.844006 0.455178 0.844006 0.455446 0.844262 0.458389 0.844262 0.458657 0.844518 0.461333 0.844518 0.4616 0.844775 0.464544 0.844775 0.464811 0.845031 0.467487 0.845031 0.467755 0.845287 0.470698 0.845287 0.470966 0.845543 0.473642 0.845543 0.47391 0.845799 0.476853 0.845799 0.477121 0.846055 0.479797 0.846055 0.480064 0.846311 0.483008 0.846311 0.483275 0.846568 0.485951 0.846568 0.486219 0.846824 0.489162 0.846824 0.48943 0.84708 0.492106 0.84708 0.492374 0.847336 0.495317 0.847336 0.495585 0.847592 0.498528 0.847592 0.498796 0.847848 0.501472 0.847848 0.501739 0.848105 0.504683 0.848105 0.50495 0.848361 0.507626 0.848361 0.507894 0.848617 0.510838 0.848617 0.511105 0.848873 0.513781 0.848873 0.514049 0.849129 0.516992 0.849129 0.51726 0.849385 0.519936 0.849385 0.520203 0.849641 0.523147 0.849641 0.523415 0.849898 0.52609 0.849898 0.526358 0.850154 0.529302 0.850154 0.529569 0.85041 0.532245 0.85041 0.532513 0.850666 0.535456 0.850666 0.535724 0.850922 0.5384 0.850922 0.538667 0.851178 0.541611 0.851178 0.541879 0.851434 0.544554 0.851434 0.544822 0.851691 0.547766 0.851691 0.548033 0.851947 0.550977 0.851947 0.551244 0.852203 0.55392 0.852203 0.554188 0.852459 0.557131 0.852459 0.557399 0.852715 0.560075 0.852715 0.560343 0.852971 0.563286 0.852971 0.563554 0.853227 0.56623 0.853227 0.566497 0.853484 0.569441 0.853484 0.569708 0.85374 0.572384 0.85374 0.572652 0.853996 0.575595 0.853996 0.575863 0.854252 0.578539 0.854252 0.578807 0.854508 0.58175 0.854508 0.582018 0.854764 0.584694 0.854764 0.584961 0.85502 0.587905 0.85502 0.588172 0.855277 0.590848 0.855277 0.591116 0.855533 0.594059 0.855533 0.594327 0.855789 0.597003 0.855789 0.597271 0.856045 0.600214 0.856045 0.600482 0.856301 0.603425 0.856301 0.603693 0.856557 0.606369 0.856557 0.606636 0.856814 0.60958 0.856814 0.609847 0.85707 0.612523 0.85707 0.612791 0.857326 0.615735 0.857326 0.616002 0.857582 0.618678 0.857582 0.618946 0.857838 0.621889 0.857838 0.622157 0.858094 0.624833 0.858094 0.6251 0.85835 0.628044 0.85835 0.628311 0.858607 0.630987 0.858607 0.631255 0.858863 0.634199 0.858863 0.634466 0.859119 0.637142 0.859119 0.63741 0.859375 0.640353 0.859375 0.640621 0.859631 0.643297 0.859631 0.643564 0.859887 0.646508 0.859887 0.646775 0.860143 0.649719 0.860143 0.649987 0.8604 0.652663 0.8604 0.65293 0.860656 0.655874 0.860656 0.656141 0.860912 0.658817 0.860912 0.659085 0.861168 0.662028 0.861168 0.662296 0.861424 0.664972 0.861424 0.665239 0.86168 0.668183 0.86168 0.668451 0.861936 0.671127 0.861936 0.671394 0.862193 0.674338 0.862193 0.674605 0.862449 0.677281 0.862449 0.677549 0.862705 0.680492 0.862705 0.68076 0.862961 0.683436 0.862961 0.683704 0.863217 0.686647 0.863217 0.686915 0.863473 0.689591 0.863473 0.689858 0.86373 0.692802 0.86373 0.693069 0.863986 0.695745 0.863986 0.696013 0.864242 0.698956 0.864242 0.699224 0.864498 0.702168 0.864498 0.702435 0.864754 0.705111 0.864754 0.705379 0.86501 0.708322 0.86501 0.70859 0.865266 0.711266 0.865266 0.711533 0.865523 0.714477 0.865523 0.714744 0.865779 0.71742 0.865779 0.717688 0.866035 0.720632 0.866035 0.720899 0.866291 0.723575 0.866291 0.723843 0.866547 0.726786 0.866547 0.727054 0.866803 0.72973 0.866803 0.729997 0.867059 0.732941 0.867059 0.733208 0.867316 0.735884 0.867316 0.736152 0.867572 0.739096 0.867572 0.739363 0.867828 0.740701 0.867828 0.740701 0.867316 0.739363 0.867316 0.739096 0.867059 0.738293 0.867059 0.738025 0.866803 0.738025 0.866291 0.738293 0.866035 0.738293 0.865779 0.73856 0.865523 0.73856 0.86501 0.739363 0.864242 0.739363 0.86373 0.740434 0.862705 0.740434 0.862449 0.740701 0.862193 0.740969 0.862193 0.740969 0.861936 0.741236 0.86168 0.741236 0.861168 0.741504 0.860912 0.741504 0.860656 0.742039 0.860143 0.742039 0.858863 0.742307 0.858607 0.742307 0.857582 0.742574 0.857326 0.742574 0.854764 0.742842 0.854508 0.742842 0.85374 0.743109 0.853484 0.743109 0.851691 0.743377 0.851434 0.743377 0.848873 0.743912 0.848361 0.743912 0.845799 0.74418 0.845543 0.74418 0.844775 0.744447 0.844518 0.744447 0.842982 0.744715 0.842725 0.744715 0.841189 0.744983 0.840932 0.744983 0.839908 0.74525 0.839652 0.74525 0.839395 0.745518 0.839139 0.745518 0.838115 0.745785 0.837859 0.745785 0.83709 0.746053 0.836834 0.746321 0.836834 0.746856 0.836322 0.746856 0.836066 0.747123 0.835809 0.747123 0.835297 0.747391 0.835041 0.747391 0.834785 0.747926 0.834273 0.748194 0.834529 0.748194 0.836066 0.748729 0.836066 0.748729 0.834273 0.748997 0.834016 0.748997 0.833504 0.749264 0.833248 0.749264 0.832992 0.749532 0.832736 0.749799 0.832736 0.750067 0.83248 0.750334 0.832736 0.750602 0.83248 0.75087 0.83248 0.751137 0.832223 0.751405 0.832223 0.752208 0.831455 0.752475 0.831455 0.753278 0.830686 0.753278 0.83043 0.753813 0.829918 0.753813 0.829406 0.754081 0.82915 0.754081 0.828893 0.754616 0.828381 0.754616 0.828125 0.754884 0.827869 0.754884 0.8271 0.755151 0.826844 0.755151 0.825564 0.755419 0.825307 0.755419 0.822746 0.755686 0.82249 0.755686 0.819672 0.755954 0.819416 0.755954 0.817879 0.755686 0.817623 0.755686 0.816598 0.755954 0.816342 0.755954 0.814805 0.755686 0.814549 0.755686 0.813268 0.755151 0.812756 0.755151 0.812244 0.754616 0.811732 0.754081 0.811732 0.753813 0.811475 0.753813 0.811219 0.753546 0.810963 0.75301 0.810963 0.752743 0.810707 0.752208 0.810707 0.75194 0.810451 0.751405 0.810451 0.750602 0.809682 0.750602 0.809426 0.750334 0.80917 0.750334 0.808658 0.750067 0.808658 0.749532 0.808145 0.749532 0.807889 0.749264 0.807633 0.749532 0.807377 0.749264 0.807121 0.749264 0.806865 0.748997 0.806609 0.748997 0.806352 0.748729 0.806096 0.748729 0.80584 0.748461 0.805584 0.748461 0.805328 0.748194 0.805072 0.748194 0.804816 0.747926 0.804559 0.748194 0.804303 0.748194 0.804047 0.747926 0.803791 0.747926 0.803023 0.747659 0.802766 0.747659 0.80251 0.747391 0.802254 0.747391 0.801742 0.747123 0.801486 0.747391 0.80123 0.747391 0.798668 0.747659 0.798412 0.747659 0.795594 0.747926 0.795338 0.747926 0.794057 0.748194 0.793801 0.748194 0.792777 0.748461 0.79252 0.748729 0.792777 0.748729 0.793545 0.748997 0.793801 0.749264 0.793801 0.749264 0.792777 0.749532 0.79252 0.749532 0.791496 0.748997 0.791496 0.748729 0.79124 0.748729 0.790471 0.748997 0.790215 0.748997 0.789703 0.749532 0.789191 0.749532 0.788678 0.749799 0.788422 0.749799 0.78791 0.750067 0.787654 0.750067 0.787141 0.750602 0.786629 0.750602 0.785861 0.75087 0.785605 0.75087 0.783811 0.751137 0.783555 0.751137 0.782531 0.751405 0.782275 0.751405 0.780994 0.751672 0.780738 0.751672 0.77792 0.75194 0.777664 0.75194 0.775102 0.752208 0.774846 0.752475 0.774846 0.752475 0.774078 0.75301 0.773566 0.75301 0.773309 0.753278 0.773053 0.753813 0.773053 0.754081 0.772797 0.754348 0.772797 0.754616 0.772541 0.755151 0.772541 0.755419 0.772285 0.755686 0.772285 0.755954 0.772541 0.757827 0.772541 0.758095 0.772285 0.758898 0.772285 0.759165 0.772541 0.761038 0.772541 0.761306 0.772285 0.762911 0.772285 0.763179 0.772029 0.763982 0.772029 0.764249 0.771773 0.764517 0.771773 0.764785 0.771516 0.765052 0.771516 0.76532 0.77126 0.765587 0.77126 0.765587 0.76998 0.766123 0.769467 0.766123 0.766906 0.766658 0.766393 0.766658 0.763832 0.766925 0.763576 0.766925 0.760758 0.767193 0.760502 0.767193 0.757941 0.767461 0.757684 0.767461 0.754867 0.767728 0.754611 0.767728 0.752049 0.767996 0.751793 0.767996 0.748975 0.768263 0.748719 0.768263 0.746158 0.768531 0.745902 0.768531 0.74334 0.768263 0.743084 0.768531 0.742828 0.768531 0.740266 0.768799 0.74001 0.768799 0.737449 0.768531 0.737193 0.768799 0.736936 0.768799 0.734375 0.769066 0.734119 0.769066 0.733863 0.768799 0.733607 0.768799 0.729764 0.768531 0.729508 0.768531 0.728996 0.767996 0.728484 0.767728 0.728484 0.766925 0.727715 0.76639 0.727715 0.766123 0.727459 0.766123 0.727203 0.765587 0.727203 0.76532 0.726947 0.764785 0.726947 0.764517 0.726691 0.764249 0.726691 0.763982 0.726434 0.763982 0.726178 0.763447 0.726178 0.763179 0.725922 0.762911 0.725922 0.762644 0.725666 0.761038 0.725666 0.760771 0.72541 0.760503 0.72541 0.760235 0.725154 0.7597 0.725154 0.759165 0.724641 0.759165 0.724385 0.758898 0.724129 0.758898 0.723873 0.75863 0.723617 0.75863 0.722848 0.758362 0.722592 0.758362 0.72208 0.75863 0.721824 0.75863 0.719775 0.758362 0.719518 0.758362 0.719006 0.75863 0.71875 0.75863 0.715932 0.758362 0.715676 0.758362 0.713883 0.758095 0.713627 0.758095 0.712346 0.756757 0.711066 0.756757 0.710809 0.756222 0.710297 0.756222 0.709016 0.755954 0.70876 0.755954 0.707736 0.755686 0.70748 0.755686 0.706967 0.755954 0.706711 0.755954 0.70415 0.756222 0.703893 0.756222 0.701076 0.756489 0.70082 0.756489 0.698514 0.757024 0.698002 0.757024 0.695697 0.757292 0.695441 0.757292 0.695184 0.75756 0.694928 0.75756 0.694672 0.757827 0.694416 0.757827 0.69416 0.758362 0.693648 0.75863 0.693648 0.758898 0.693391 0.759165 0.693391 0.759433 0.693135 0.7597 0.693391 0.759968 0.693135 0.760235 0.693135 0.761306 0.692111 0.761573 0.692111 0.761573 0.691855 0.761841 0.691598 0.761841 0.691086 0.762109 0.69083 0.762109 0.690574 0.762376 0.690318 0.762376 0.689805 0.762911 0.689293 0.762911 0.688781 0.763179 0.688525 0.763179 0.688012 0.763447 0.687756 0.763447 0.686988 0.763982 0.686475 0.763982 0.685707 0.764249 0.685451 0.764249 0.68417 0.764517 0.683914 0.764517 0.683658 0.764785 0.683402 0.764785 0.682633 0.765052 0.682377 0.765052 0.68084 0.76532 0.680584 0.76532 0.679559 0.765587 0.679303 0.765587 0.678535 0.766123 0.678023 0.766925 0.678023 0.767193 0.677766 0.769334 0.677766 0.769601 0.678023 0.769869 0.677766 0.77201 0.677766 0.772277 0.67751 0.773348 0.67751 0.77415 0.676742 0.77415 0.676486 0.774418 0.67623 0.774418 0.675973 0.774686 0.675717 0.774686 0.675461 0.775488 0.674693 0.775488 0.67418 0.775756 0.673924 0.775756 0.672387 0.776024 0.672131 0.776024 0.669314 0.776291 0.669057 0.776291 0.666496 0.776559 0.66624 0.776559 0.663422 0.776826 0.663166 0.776826 0.660348 0.777094 0.660092 0.777094 0.657531 0.777362 0.657275 0.777362 0.654457 0.777629 0.654201 0.777629 0.651639 0.777897 0.651383 0.777897 0.648566 0.778164 0.648309 0.778164 0.64626 0.777897 0.646004 0.777897 0.645748 0.778164 0.645492 0.778164 0.642674 0.778432 0.642418 0.778432 0.640113 0.778164 0.639857 0.778432 0.6396 0.778432 0.636783 0.778699 0.636527 0.778699 0.633965 0.778967 0.633709 0.778967 0.63166 0.778699 0.631404 0.778699 0.630891 0.778967 0.630635 0.778967 0.628074 0.779235 0.627818 0.779235 0.625 0.779502 0.624744 0.779502 0.623463 0.779235 0.623207 0.779235 0.622951 0.779502 0.622695 0.77977 0.622695 0.77977 0.622182 0.780037 0.621926 0.780037 0.620389 0.779502 0.620389 0.778164 0.619109 0.778164 0.618852 0.777897 0.618596 0.777362 0.618596 0.777094 0.61834 0.776024 0.61834 0.775756 0.618084 0.775221 0.618084 0.774953 0.617828 0.774686 0.617828 0.774418 0.617572 0.772812 0.617572 0.772545 0.617316 0.772277 0.617316 0.77201 0.617059 0.769066 0.617059 0.768531 0.616547 0.767193 0.616547 0.766925 0.616291 0.76639 0.616291 0.765587 0.615523 0.765587 0.615266 0.76532 0.61501 0.76532 0.614498 0.765052 0.614242 0.765052 0.613217 0.764785 0.612961 0.764785 0.612449 0.765052 0.612193 0.765052 0.610656 0.764785 0.6104 0.764785 0.609631 0.765052 0.609375 0.765052 0.607326 0.764785 0.60707 0.764785 0.606557 0.765052 0.606301 0.765052 0.60374 0.76532 0.603484 0.765052 0.603227 0.765052 0.602971 0.764785 0.602715 0.764785 0.602459 0.764517 0.602203 0.764517 0.601434 0.764249 0.601434 0.763982 0.601178 0.763982 0.600666 0.764249 0.60041 0.764249 0.597592 0.764517 0.597336 0.764517 0.594775 0.764785 0.594518 0.764785 0.592469 0.765052 0.592213 0.76532 0.592213 0.76532 0.591701 0.765587 0.591445 0.765587 0.588883 0.765855 0.588627 0.765855 0.588115 0.766123 0.587859 0.766123 0.587346 0.76639 0.58709 0.76639 0.586834 0.766925 0.586322 0.766925 0.586066 0.767728 0.585297 0.767728 0.584529 0.767996 0.584273 0.767996 0.58376 0.768263 0.583504 0.768263 0.582992 0.768531 0.582736 0.768799 0.582736 0.768799 0.582223 0.769066 0.581967 0.769066 0.581199 0.769601 0.580686 0.769601 0.58043 0.770136 0.579918 0.771207 0.579918 0.771474 0.579662 0.772277 0.579662 0.772545 0.579406 0.772812 0.579406 0.77308 0.57915 0.773348 0.57915 0.773883 0.578637 0.77415 0.578893 0.774953 0.578125 0.775221 0.578125 0.775488 0.577869 0.775488 0.576844 0.775756 0.576588 0.775756 0.57377 0.776024 0.573514 0.776024 0.571465 0.777362 0.570184 0.777629 0.570184 0.777897 0.569928 0.777897 0.569672 0.778164 0.569416 0.778164 0.56916 0.778432 0.568904 0.778432 0.568648 0.778699 0.568391 0.778967 0.568391 0.778967 0.567879 0.779235 0.567623 0.779235 0.566855 0.779502 0.566598 0.779502 0.56583 0.77977 0.565574 0.77977 0.564805 0.779502 0.564549 0.779502 0.564293 0.779235 0.564037 0.777629 0.564037 0.777094 0.563525 0.776559 0.563525 0.776291 0.563268 0.776024 0.563268 0.775756 0.563012 0.775488 0.563012 0.774953 0.5625 0.774953 0.562244 0.77415 0.561475 0.773883 0.561475 0.773615 0.561219 0.773348 0.561219 0.77308 0.560963 0.772545 0.560963 0.771474 0.559939 0.771474 0.559682 0.771207 0.559426 0.771207 0.558658 0.770939 0.558402 0.770939 0.558145 0.770672 0.557889 0.770672 0.557377 0.770404 0.557121 0.770404 0.556865 0.770136 0.556609 0.770136 0.55584 0.769869 0.555584 0.769869 0.555072 0.768263 0.553535 0.768263 0.55251 0.767996 0.552254 0.767996 0.551486 0.767728 0.55123 0.767728 0.550461 0.767996 0.550205 0.767996 0.549693 0.767728 0.549436 0.767728 0.547387 0.767996 0.547131 0.767728 0.546875 0.767728 0.54457 0.767996 0.544314 0.767996 0.544057 0.767728 0.543801 0.767728 0.541496 0.767996 0.54124 0.767996 0.538678 0.768263 0.538422 0.768263 0.535605 0.768531 0.535348 0.768531 0.534068 0.768799 0.533811 0.768799 0.532787 0.769066 0.532531 0.769334 0.532531 0.769334 0.532275 0.769601 0.532018 0.769869 0.532018 0.770672 0.53125 0.770939 0.53125 0.771742 0.530482 0.771742 0.529969 0.772277 0.529457 0.772277 0.527664 0.772545 0.527408 0.772545 0.526895 0.772812 0.526639 0.772812 0.523822 0.77308 0.523566 0.77308 0.521004 0.773348 0.520748 0.773348 0.518443 0.773615 0.518186 0.773615 0.51793 0.773883 0.517674 0.773883 0.516393 0.77415 0.516137 0.77415 0.515881 0.775221 0.514857 0.775756 0.514857 0.776024 0.5146 0.776559 0.5146 0.776826 0.514344 0.777094 0.5146 0.778432 0.5146 0.778699 0.514344 0.77977 0.514344 0.780037 0.5146 0.780573 0.5146 0.78084 0.514344 0.782446 0.514344 0.782713 0.514088 0.782981 0.514088 0.783249 0.514344 0.783784 0.514344 0.784051 0.514088 0.784587 0.514088 0.784854 0.513832 0.785122 0.513832 0.785389 0.513576 0.785657 0.513576 0.786192 0.513064 0.78646 0.51332 0.787263 0.512551 0.78753 0.512551 0.788333 0.511783 0.7886 0.511783 0.788868 0.511527 0.788868 0.51127 0.789136 0.511014 0.789136 0.509734 0.789403 0.509477 0.789403 0.508197 0.789671 0.507941 0.789671 0.506916 0.789938 0.50666 0.789938 0.503842 0.790206 0.503586 0.790206 0.501025 0.790474 0.500768 0.790474 0.499232 0.790741 0.498975 0.790741 0.497951 0.791009 0.497695 0.791009 0.495645 0.790741 0.495389 0.790741 0.495133 0.791009 0.494877 0.791009 0.492059 0.791276 0.491803 0.791276 0.49001 0.791009 0.489754 0.791009 0.489242 0.791276 0.488986 0.791276 0.486168 0.791544 0.485912 0.791544 0.484631 0.791276 0.484375 0.791276 0.483094 0.791544 0.482838 0.791544 0.480277 0.791812 0.48002 0.791812 0.479764 0.791544 0.479508 0.791544 0.477971 0.791276 0.477715 0.791276 0.476691 0.791009 0.476434 0.791009 0.476178 0.790741 0.475922 0.790741 0.47541 0.789938 0.474641 0.789938 0.474385 0.789403 0.473873 0.789136 0.473873 0.788868 0.473617 0.788333 0.473617 0.787798 0.473105 0.78753 0.473105 0.787263 0.472848 0.78646 0.472848 0.786192 0.472592 0.785657 0.472592 0.785389 0.472336 0.785122 0.472336 0.784854 0.47208 0.784587 0.47208 0.784319 0.471824 0.784051 0.471824 0.783784 0.471568 0.783249 0.471568 0.782981 0.471311 0.782178 0.471311 0.781643 0.470799 0.781375 0.470799 0.781108 0.470543 0.78084 0.470543 0.780573 0.470287 0.780305 0.470287 0.780037 0.470031 0.77977 0.470031 0.779502 0.469775 0.779502 0.469518 0.778699 0.46875 0.778699 0.468494 0.778432 0.468238 0.778432 0.467982 0.778164 0.467725 0.778432 0.467469 0.778432 0.466957 0.778164 0.466701 0.778164 0.461834 0.778432 0.461578 0.778164 0.461322 0.778164 0.456967 0.777897 0.456711 0.777897 0.456199 0.777629 0.455943 0.777629 0.455686 0.776291 0.454406 0.776291 0.45415 0.775756 0.453637 0.775756 0.453381 0.775488 0.453125 0.775488 0.452869 0.775756 0.452613 0.775756 0.452357 0.775488 0.4521 0.775488 0.450564 0.775221 0.450307 0.775221 0.450051 0.775488 0.449795 0.775488 0.445184 0.775756 0.444928 0.775756 0.443904 0.776024 0.443648 0.776024 0.441086 0.776291 0.44083 0.776291 0.438012 0.776559 0.437756 0.776559 0.435195 0.776826 0.434939 0.776826 0.432121 0.777094 0.431865 0.777094 0.429303 0.777362 0.429047 0.777362 0.427254 0.777629 0.426998 0.777629 0.42623 0.777897 0.425973 0.777897 0.423412 0.778164 0.423156 0.778164 0.420338 0.778432 0.420082 0.778432 0.41752 0.778699 0.417264 0.778699 0.414703 0.778432 0.414447 0.778699 0.414191 0.778699 0.411629 0.778967 0.411373 0.778967 0.408555 0.779235 0.408299 0.779235 0.405738 0.779502 0.405482 0.779502 0.402664 0.77977 0.402408 0.77977 0.399846 0.780037 0.39959 0.780037 0.396773 0.780305 0.396516 0.780305 0.393699 0.780573 0.393443 0.780573 0.390881 0.78084 0.390625 0.78084 0.387807 0.781108 0.387551 0.781108 0.38499 0.781375 0.384734 0.781375 0.381916 0.781643 0.38166 0.781643 0.379098 0.781911 0.378842 0.781911 0.376025 0.782178 0.375768 0.782178 0.373207 0.782446 0.372951 0.782446 0.370133 0.782713 0.369877 0.782713 0.364242 0.782981 0.363986 0.782981 0.361424 0.783249 0.361168 0.783249 0.35835 0.783516 0.358094 0.783516 0.355533 0.783784 0.355277 0.783784 0.352459 0.784051 0.352203 0.784051 0.349385 0.784319 0.349129 0.784319 0.346568 0.784587 0.346311 0.784587 0.343494 0.784854 0.343238 0.784854 0.340676 0.785122 0.34042 0.785122 0.339908 0.784854 0.339652 0.784854 0.337602 0.785122 0.337346 0.785122 0.334785 0.785389 0.334529 0.785389 0.331711 0.785657 0.331455 0.785657 0.328893 0.785925 0.328637 0.785925 0.32582 0.786192 0.325564 0.786192 0.323002 0.78646 0.322746 0.78646 0.320697 0.786192 0.320441 0.786192 0.319928 0.78646 0.319672 0.78646 0.317111 0.786727 0.316855 0.786727 0.314037 0.786995 0.313781 0.786995 0.310963 0.787263 0.310707 0.787263 0.310195 0.78753 0.309939 0.78753 0.309426 0.787798 0.30917 0.787798 0.308914 0.788065 0.308658 0.788065 0.308145 0.788333 0.307889 0.7886 0.307889 0.7886 0.307633 0.788868 0.307377 0.788868 0.305584 0.7886 0.305328 0.788868 0.305072 0.788868 0.304816 0.7886 0.304559 0.7886 0.304047 0.788333 0.303791 0.788333 0.303023 0.788065 0.302766 0.788065 0.302254 0.788333 0.301998 0.788333 0.30123 0.788065 0.300973 0.788065 0.29918 0.788333 0.298924 0.788333 0.296363 0.7886 0.296107 0.7886 0.29457 0.788868 0.294314 0.788868 0.293289 0.789136 0.293033 0.789136 0.29252 0.788868 0.292264 0.788868 0.291752 0.7886 0.291496 0.7886 0.290471 0.788868 0.290215 0.788868 0.286885 0.7886 0.286629 0.7886 0.286373 0.788333 0.286373 0.788065 0.286117 0.788065 0.285861 0.787263 0.285092 0.787263 0.284836 0.786995 0.28458 0.786995 0.284324 0.785925 0.283299 0.785925 0.283043 0.785657 0.282787 0.785657 0.281762 0.785122 0.281762 0.785122 0.282531 0.784854 0.282787 0.784319 0.282787 0.783784 0.282275 0.782981 0.282275 0.782713 0.282018 0.781911 0.282018 0.781643 0.281762 0.781108 0.281762 0.78084 0.281506 0.780573 0.281506 0.780305 0.28125 0.778164 0.28125 0.777629 0.280738 0.777362 0.280738 0.777094 0.280482 0.776559 0.280482 0.776291 0.280738 0.775488 0.280738 0.775221 0.280994 0.774953 0.280994 0.774686 0.280738 0.77415 0.280738 0.773883 0.280482 0.77201 0.280482 0.771742 0.280225 0.768799 0.280225 0.768531 0.279969 0.766123 0.279969 0.765052 0.278945 0.764517 0.278945 0.764517 0.279201 0.764249 0.279457 0.763714 0.279457 0.763447 0.279713 0.762644 0.279713 0.762376 0.279457 0.7597 0.279457 0.759433 0.279201 0.756489 0.279201 0.756222 0.278945 0.755686 0.278945 0.755419 0.278689 0.755151 0.278689 0.754616 0.278176 0.754616 0.277664 0.754081 0.277664 0.753813 0.277408 0.753813 0.277152 0.754081 0.276895 0.754081 0.275359 0.753546 0.275359 0.753546 0.276895 0.75301 0.277408 0.75301 0.278176 0.752743 0.278432 0.750334 0.278432 0.750067 0.278176 0.749799 0.278176 0.749532 0.27792 0.749532 0.277664 0.748729 0.277664 0.748729 0.27792 0.748461 0.278176 0.748194 0.278176 0.747926 0.278432 0.747659 0.278176 0.747659 0.27792 0.747391 0.277664 0.747391 0.276895 0.747123 0.276895 0.746856 0.276639 0.746856 0.275871 0.746321 0.275871 0.746321 0.276639 0.746053 0.276895 0.746053 0.277408 0.745785 0.277664 0.745785 0.27792 0.745518 0.278176 0.74525 0.278176 0.744983 0.278432 0.744447 0.278432 0.743912 0.27792 0.743377 0.27792 0.743109 0.277664 0.743109 0.276639 0.743377 0.276383 0.743377 0.275871 0.742574 0.275871 0.742307 0.275615 0.742307 0.274846 0.742039 0.27459 0.741504 0.27459 0.741504 0.276383 0.741236 0.276639 0.741236 0.277152 0.740969 0.277408 0.740701 0.277152 0.740701 0.276127 0.740434 0.276127 0.740434 0.276383 0.740166 0.276639 0.740166 0.277152 0.739898 0.277408 0.739631 0.277152 0.739096 0.277152 0.738828 0.276895 0.738828 0.276383 0.739096 0.276127 0.739096 0.275871 0.73856 0.275871 0.738293 0.276127 0.738025 0.275871 0.738025 0.27459 0.73749 0.27459 0.73749 0.276127 0.737222 0.276383 0.737222 0.276639 0.736955 0.276895 0.736955 0.277152 0.736687 0.277408 0.735884 0.277408 0.735617 0.277664 0.735349 0.277408 0.735082 0.277408 0.734546 0.276895 0.734011 0.276895 0.733744 0.277152 0.733476 0.276895 0.733476 0.276383 0.733744 0.276127 0.733476 0.275871 0.733476 0.27459 0.732941 0.27459 0.732941 0.276127 0.732406 0.276639 0.732406 0.277408 0.732138 0.277664 0.731603 0.277152 0.731603 0.275871 0.731335 0.275615 0.731335 0.275871 0.731068 0.276127 0.731068 0.276383 0.7308 0.276639 0.7308 0.276895 0.730533 0.277152 0.730265 0.276895 0.730265 0.276383 0.72973 0.276383 0.72973 0.276639 0.728927 0.277408 0.728659 0.277152 0.728659 0.276383 0.728392 0.276127 0.728659 0.275871 0.728659 0.275359 0.728392 0.275102 0.728124 0.275102 0.728124 0.275871 0.727857 0.276127 0.727857 0.276383 0.727589 0.276639 0.727054 0.276127 0.727054 0.275871 0.727321 0.275615 0.727321 0.275102 0.726786 0.275102 0.726519 0.274846 0.726519 0.274078 0.725448 0.274078 0.725448 0.275871 0.725181 0.276127 0.724913 0.276127 0.724645 0.276383 0.724378 0.276127 0.724378 0.273822 0.723843 0.273822 0.723843 0.275615 0.723307 0.276127 0.723307 0.276383 0.72304 0.276639 0.722505 0.276639 0.721969 0.276127 0.721969 0.275871 0.722237 0.275615 0.722237 0.274334 0.721969 0.274078 0.721969 0.273309 0.721167 0.273309 0.721167 0.275615 0.720632 0.276127 0.720632 0.276383 0.720364 0.276639 0.719829 0.276127 0.719829 0.275615 0.720096 0.275359 0.719561 0.275359 0.719294 0.275615 0.719026 0.275359 0.719026 0.273309 0.718491 0.273309 0.718491 0.275359 0.718223 0.275615 0.717956 0.275615 0.717688 0.275359 0.717688 0.274846 0.71742 0.27459 0.717153 0.27459 0.716885 0.274846 0.716885 0.275359 0.716618 0.275615 0.71635 0.275615 0.71635 0.275871 0.716082 0.276127 0.715547 0.275615 0.715815 0.275359 0.715815 0.274846 0.715547 0.27459 0.715547 0.272541 0.715815 0.272285 0.715815 0.271773 0.71528 0.271773 0.715012 0.271516 0.715012 0.271004 0.713674 0.271004 0.713406 0.270748 0.713406 0.272285 0.713139 0.272541 0.712871 0.272541 0.712336 0.272029 0.711801 0.272029 0.711801 0.272285 0.711533 0.272541 0.711533 0.273566 0.711266 0.273822 0.710463 0.273822 0.710195 0.273566 0.710195 0.273309 0.710463 0.273053 0.710998 0.273053 0.710998 0.272285 0.710731 0.272285 0.710463 0.272541 0.710195 0.272285 0.710195 0.272029 0.709928 0.272029 0.70966 0.271773 0.709125 0.271773 0.708857 0.271516 0.708055 0.271516 0.707787 0.27126 0.708055 0.271004 0.708055 0.269467 0.707787 0.269467 0.707252 0.26998 0.706984 0.26998 0.706984 0.272029 0.706717 0.272285 0.706717 0.272797 0.706449 0.273053 0.706181 0.273053 0.705914 0.272797 0.705914 0.272029 0.706181 0.271773 0.706181 0.270748 0.705646 0.270748 0.705646 0.272029 0.705379 0.272285 0.705379 0.272797 0.705111 0.273053 0.705111 0.274078 0.704576 0.27459 0.704308 0.274334 0.704308 0.272797 0.704041 0.272541 0.704041 0.272029 0.704308 0.271773 0.704308 0.270492 0.704041 0.270236 0.703505 0.270236 0.703505 0.271004 0.703238 0.27126 0.703238 0.271773 0.70297 0.272029 0.70297 0.272797 0.702703 0.273053 0.702435 0.273053 0.702435 0.274078 0.702168 0.274334 0.701365 0.274334 0.70083 0.273822 0.70083 0.273309 0.700562 0.273053 0.700027 0.273053 0.699759 0.272797 0.700027 0.272541 0.700562 0.272541 0.700562 0.272029 0.70083 0.271773 0.700562 0.271516 0.700294 0.271516 0.700027 0.27126 0.700027 0.270492 0.700294 0.270236 0.70083 0.270236 0.70083 0.269723 0.700294 0.269723 0.700027 0.269467 0.698154 0.269467 0.698154 0.271773 0.697886 0.272029 0.697618 0.271773 0.697618 0.269211 0.697083 0.269211 0.697083 0.271516 0.696816 0.271773 0.696816 0.272285 0.696548 0.272541 0.696548 0.273053 0.696013 0.273566 0.695745 0.273566 0.695478 0.273309 0.695478 0.272541 0.69521 0.272285 0.69521 0.271773 0.695478 0.271516 0.695478 0.270492 0.694675 0.270492 0.694407 0.270236 0.694407 0.26998 0.693872 0.26998 0.693872 0.271516 0.693604 0.271773 0.693604 0.272797 0.693337 0.273053 0.693069 0.272797 0.693069 0.271516 0.693337 0.27126 0.693337 0.270236 0.693069 0.270236 0.692802 0.26998 0.692802 0.268955 0.692267 0.268955 0.692267 0.269467 0.691731 0.26998 0.691464 0.269723 0.690929 0.269723 0.690929 0.270236 0.691464 0.270236 0.691731 0.270492 0.691731 0.271004 0.692267 0.271516 0.691999 0.271773 0.691999 0.272285 0.691731 0.272541 0.691464 0.272541 0.691196 0.272285 0.691196 0.271773 0.690661 0.271773 0.690661 0.273053 0.690393 0.273309 0.690126 0.273309 0.689858 0.273053 0.689323 0.273053 0.689055 0.273309 0.688788 0.273053 0.688788 0.272285 0.688253 0.272285 0.687985 0.272029 0.687985 0.271516 0.688253 0.27126 0.688253 0.268443 0.68852 0.268186 0.68852 0.26793 0.688788 0.267674 0.689055 0.26793 0.689323 0.26793 0.689323 0.267418 0.688788 0.267418 0.688788 0.267674 0.68852 0.26793 0.688253 0.267674 0.687985 0.267674 0.687985 0.268186 0.687717 0.268443 0.68745 0.268443 0.68745 0.27126 0.686915 0.271773 0.686915 0.272797 0.686647 0.273053 0.686379 0.273053 0.686112 0.273309 0.685844 0.273053 0.685844 0.272285 0.685577 0.272029 0.685041 0.272029 0.685041 0.272541 0.684774 0.272797 0.684506 0.272541 0.684506 0.27126 0.684774 0.271004 0.684774 0.270748 0.684239 0.270748 0.683971 0.270492 0.683971 0.270236 0.684239 0.26998 0.684774 0.26998 0.684774 0.269211 0.684239 0.269211 0.683971 0.269467 0.683704 0.269211 0.683704 0.268186 0.683971 0.26793 0.683971 0.266137 0.683436 0.266137 0.683436 0.268186 0.683168 0.268443 0.683168 0.271004 0.682633 0.271516 0.682366 0.27126 0.682098 0.271516 0.682098 0.272541 0.68183 0.272797 0.681563 0.272541 0.680492 0.272541 0.679957 0.272029 0.679957 0.271004 0.680225 0.270748 0.680225 0.270492 0.679957 0.270236 0.679957 0.26998 0.67969 0.26998 0.679422 0.269723 0.679422 0.270748 0.679154 0.271004 0.678887 0.270748 0.678887 0.270236 0.678352 0.270236 0.678352 0.270748 0.678084 0.271004 0.678084 0.272029 0.677816 0.272285 0.677549 0.272029 0.677549 0.271773 0.677014 0.271773 0.677014 0.272285 0.676746 0.272541 0.676211 0.272029 0.676211 0.271004 0.676478 0.270748 0.676478 0.270492 0.676211 0.270236 0.676211 0.26793 0.676478 0.267674 0.676478 0.265113 0.676211 0.265113 0.675943 0.265369 0.675943 0.267674 0.675676 0.26793 0.675676 0.270748 0.675408 0.271004 0.675408 0.272541 0.67514 0.272797 0.674605 0.272797 0.674338 0.273053 0.673267 0.273053 0.673 0.272797 0.670056 0.272797 0.669789 0.272541 0.668718 0.272541 0.668183 0.272029 0.668183 0.271516 0.66738 0.271516 0.66738 0.271773 0.667113 0.272029 0.66631 0.272029 0.666042 0.272285 0.664437 0.272285 0.663634 0.271516 0.663366 0.271516 0.663366 0.271773 0.663099 0.272029 0.662296 0.27126 0.662296 0.271004 0.662028 0.270748 0.662028 0.270236 0.662296 0.26998 0.662296 0.269467 0.662028 0.269211 0.662028 0.267418 0.662296 0.267162 0.662028 0.266906 0.662028 0.265113 0.661761 0.264857 0.661761 0.264344 0.662028 0.264088 0.662028 0.262295 0.661761 0.262039 0.661761 0.261527 0.662028 0.26127 0.662028 0.260758 0.661761 0.260502 0.661761 0.260246 0.661493 0.25999 0.661493 0.259221 0.661226 0.258965 0.661226 0.258453 0.661493 0.258197 0.661226 0.257941 0.661226 0.257684 0.659888 0.257684 0.65962 0.257428 0.658817 0.257428 0.65855 0.257172 0.65855 0.256916 0.658014 0.256404 0.658014 0.255123 0.657747 0.255123 0.657212 0.255635 0.656944 0.255635 0.656944 0.256148 0.656409 0.25666 0.656141 0.25666 0.655874 0.256404 0.655874 0.256148 0.655606 0.256148 0.655339 0.255891 0.655339 0.255123 0.655071 0.254867 0.655071 0.255123 0.654803 0.255379 0.653733 0.255379 0.653733 0.255891 0.653465 0.256148 0.653198 0.255891 0.653198 0.255379 0.65293 0.255123 0.653198 0.254867 0.653198 0.253842 0.65293 0.253842 0.652663 0.253586 0.652663 0.253074 0.652395 0.253074 0.652127 0.252818 0.652127 0.254098 0.652663 0.254611 0.652663 0.254867 0.652395 0.255123 0.652395 0.255379 0.65186 0.255891 0.651325 0.255891 0.651057 0.256148 0.650789 0.255891 0.650254 0.255891 0.649987 0.256148 0.649719 0.256148 0.649719 0.256404 0.649451 0.25666 0.649184 0.256404 0.649184 0.255891 0.648916 0.255635 0.649184 0.255379 0.649184 0.254867 0.649451 0.254611 0.649184 0.254611 0.648916 0.254355 0.648916 0.254867 0.648381 0.255379 0.648381 0.255891 0.647846 0.256404 0.647043 0.256404 0.646775 0.25666 0.645973 0.25666 0.645705 0.256404 0.6441 0.256404 0.643832 0.25666 0.643029 0.25666 0.642762 0.256404 0.642494 0.256404 0.641959 0.256916 0.640621 0.256916 0.640086 0.257428 0.63955 0.256916 0.636874 0.256916 0.636339 0.256404 0.636339 0.256148 0.636072 0.255891 0.636072 0.254611 0.635804 0.254611 0.635537 0.254867 0.635537 0.256404 0.635269 0.25666 0.633663 0.25666 0.633396 0.256404 0.633396 0.255123 0.632325 0.255123 0.632325 0.255891 0.632058 0.256148 0.632058 0.256404 0.63179 0.25666 0.631523 0.25666 0.631255 0.256404 0.63072 0.256404 0.630452 0.256148 0.630185 0.256404 0.629917 0.256148 0.629917 0.254098 0.630185 0.253842 0.63072 0.254355 0.63072 0.254098 0.630987 0.253842 0.630987 0.253586 0.63072 0.253586 0.630185 0.253074 0.630185 0.251281 0.630452 0.251025 0.630452 0.250256 0.629917 0.250256 0.629917 0.251025 0.629382 0.251537 0.628311 0.251537 0.628311 0.252818 0.629382 0.252818 0.629649 0.253074 0.629649 0.253586 0.629382 0.253842 0.629114 0.253586 0.628579 0.253586 0.628579 0.254355 0.629114 0.254355 0.629382 0.254611 0.629382 0.256404 0.629114 0.25666 0.627776 0.25666 0.626974 0.255891 0.626974 0.255379 0.626438 0.255379 0.626438 0.255891 0.625903 0.256404 0.625368 0.255891 0.624565 0.255891 0.624298 0.255635 0.623762 0.255635 0.623495 0.255379 0.623495 0.255123 0.62296 0.255123 0.622692 0.255379 0.622157 0.255379 0.621889 0.255635 0.621354 0.255635 0.621086 0.255379 0.620819 0.255379 0.620551 0.255635 0.620016 0.255635 0.619213 0.254867 0.619213 0.254098 0.618678 0.254098 0.618678 0.255123 0.61841 0.255379 0.61841 0.255635 0.618143 0.255891 0.617875 0.255891 0.61734 0.255379 0.61734 0.255123 0.617073 0.254867 0.616537 0.254867 0.616537 0.255123 0.61627 0.255379 0.615735 0.255379 0.615735 0.255635 0.615467 0.255891 0.613326 0.255891 0.613059 0.255635 0.611988 0.255635 0.611721 0.255379 0.609045 0.255379 0.608777 0.255123 0.607439 0.255123 0.607172 0.254867 0.606369 0.254867 0.606101 0.255123 0.605566 0.254611 0.605566 0.254355 0.605031 0.254355 0.604763 0.254611 0.604496 0.254611 0.604228 0.254355 0.603693 0.254355 0.603425 0.254611 0.603158 0.254355 0.60289 0.254355 0.602622 0.254098 0.602622 0.254355 0.602355 0.254611 0.601284 0.254611 0.601017 0.254355 0.601017 0.253586 0.600482 0.253586 0.600482 0.254611 0.600214 0.254867 0.599679 0.254867 0.599411 0.254611 0.599144 0.254611 0.598876 0.254355 0.598341 0.254355 0.598073 0.254611 0.594595 0.254611 0.594059 0.254098 0.593257 0.254098 0.592989 0.253842 0.591919 0.253842 0.591383 0.25333 0.591383 0.253074 0.591116 0.252818 0.591116 0.252561 0.591383 0.252305 0.591383 0.252049 0.590848 0.252049 0.590848 0.252305 0.590581 0.252561 0.590581 0.253074 0.590045 0.253586 0.588975 0.253586 0.588708 0.253842 0.58737 0.253842 0.587102 0.253586 0.586834 0.253586 0.586567 0.253842 0.585764 0.253842 0.585496 0.253586 0.585496 0.252561 0.584961 0.252561 0.584961 0.253586 0.584694 0.253842 0.583088 0.253842 0.58282 0.253586 0.58282 0.253074 0.583088 0.252818 0.583088 0.252305 0.583356 0.252049 0.583356 0.251281 0.58282 0.251281 0.582553 0.251025 0.582553 0.249744 0.58282 0.249488 0.583356 0.249488 0.583356 0.249232 0.583623 0.248975 0.583623 0.247439 0.583891 0.247182 0.584158 0.247439 0.584426 0.247439 0.584694 0.247695 0.585229 0.247695 0.585496 0.247951 0.585496 0.249232 0.585229 0.249488 0.585229 0.249744 0.584961 0.25 0.584426 0.25 0.584158 0.249744 0.584158 0.251537 0.584426 0.251793 0.584694 0.251793 0.584961 0.251537 0.584961 0.25 0.585229 0.249744 0.585764 0.249744 0.586032 0.25 0.586032 0.251537 0.586567 0.251537 0.586834 0.251793 0.586834 0.252049 0.587102 0.252049 0.587637 0.252561 0.587637 0.252305 0.587905 0.252049 0.587905 0.251537 0.588172 0.251281 0.58844 0.251537 0.58844 0.251793 0.588708 0.251793 0.588975 0.251537 0.588975 0.250256 0.58844 0.250256 0.588172 0.250512 0.587905 0.250256 0.587905 0.249488 0.587102 0.248719 0.587102 0.24667 0.584694 0.24667 0.584426 0.246414 0.584158 0.246414 0.583891 0.24667 0.583623 0.246414 0.582018 0.246414 0.582018 0.248719 0.58175 0.248975 0.581482 0.248975 0.581215 0.248719 0.581482 0.248463 0.581482 0.246414 0.581215 0.246158 0.579609 0.246158 0.579342 0.246414 0.579342 0.246926 0.579074 0.247182 0.579074 0.248975 0.578807 0.249232 0.578539 0.249232 0.578271 0.248975 0.578539 0.248719 0.578539 0.246158 0.578271 0.245902 0.577469 0.245902 0.577201 0.246158 0.577201 0.247182 0.576933 0.247439 0.576666 0.247439 0.576666 0.248719 0.576398 0.248975 0.576398 0.249744 0.576666 0.25 0.576666 0.250768 0.577201 0.250768 0.577469 0.251025 0.577469 0.251793 0.577201 0.252049 0.577201 0.254867 0.576933 0.255123 0.575863 0.255123 0.575863 0.255635 0.576131 0.255891 0.576131 0.256148 0.576666 0.256148 0.576666 0.255891 0.576933 0.255635 0.577201 0.255891 0.577201 0.257684 0.576933 0.257941 0.576933 0.260758 0.576666 0.261014 0.576666 0.263576 0.576398 0.263832 0.576398 0.264088 0.576933 0.264088 0.577201 0.264344 0.576933 0.2646 0.576398 0.2646 0.576398 0.265113 0.576131 0.265369 0.576131 0.265625 0.575863 0.265881 0.575595 0.265881 0.575328 0.265625 0.574525 0.265625 0.574257 0.265369 0.573455 0.265369 0.573187 0.265113 0.572919 0.265113 0.572652 0.264857 0.571849 0.264857 0.571581 0.2646 0.571581 0.263832 0.571314 0.263576 0.571046 0.263832 0.571046 0.264088 0.570779 0.264344 0.570779 0.2646 0.570511 0.264857 0.568906 0.264857 0.56837 0.264344 0.56837 0.263576 0.568638 0.26332 0.56837 0.26332 0.568103 0.263064 0.567835 0.263064 0.567568 0.26332 0.5673 0.263064 0.5673 0.260502 0.567568 0.260246 0.567835 0.260246 0.567835 0.257428 0.568103 0.257172 0.568103 0.256916 0.56837 0.25666 0.568638 0.256916 0.568906 0.256916 0.568906 0.256404 0.569173 0.256148 0.569173 0.255123 0.568906 0.254867 0.568906 0.254611 0.569173 0.254355 0.569173 0.251793 0.568638 0.251793 0.56837 0.251537 0.568638 0.251281 0.568638 0.251025 0.56837 0.250768 0.56837 0.248719 0.568638 0.248463 0.568638 0.245645 0.568906 0.245389 0.568906 0.245133 0.56623 0.245133 0.565962 0.244877 0.564892 0.244877 0.564624 0.245133 0.564356 0.245133 0.563821 0.245645 0.563018 0.245645 0.562751 0.245389 0.559807 0.245389 0.55954 0.245133 0.556864 0.245133 0.556596 0.244877 0.556596 0.244109 0.553653 0.244109 0.553385 0.243852 0.550709 0.243852 0.550442 0.243596 0.547498 0.243596 0.54723 0.24334 0.544554 0.24334 0.544287 0.243084 0.541343 0.243084 0.541076 0.242828 0.5384 0.242828 0.538132 0.242572 0.535189 0.242572 0.534921 0.242316 0.532245 0.242316 0.531978 0.242059 0.529034 0.242059 0.528766 0.241803 0.52609 0.241803 0.525823 0.241547 0.522879 0.241547 0.522612 0.241291 0.519936 0.241291 0.519668 0.241035 0.516725 0.241035 0.516457 0.240779 0.513781 0.240779 0.513514 0.240523 0.51057 0.240523 0.510302 0.240266 0.507359 0.240266 0.507091 0.24001 0.504415 0.24001 0.504148 0.239754 0.501204 0.239754 0.500937 0.239498 0.498261 0.239498 0.497993 0.239242 0.49505 0.239242 0.494782 0.238986 0.492106 0.238986 0.491838 0.23873 0.488895 0.23873 0.488627 0.238473
0 0.397913 0.237705 0.397913 0.238217 0.398448 0.238217 0.398448 0.237705
0 0.409687 0.237193 0.409687 0.237705 0.410222 0.237705 0.410222 0.237193
0 0.4038 0.236936 0.4038 0.237449 0.404335 0.237449 0.404335 0.236936
0 0.415842 0.236424 0.415574 0.23668 0.415574 0.237449 0.416109 0.237449 0.416109 0.236424
0 0.457051 0.236168 0.457051 0.237449 0.457586 0.237449 0.457586 0.236168
0 0.408349 0.235912 0.408081 0.236168 0.408081 0.23668 0.408349 0.23668 0.408617 0.236936 0.408617 0.235912
0 0.409955 0.235656 0.409955 0.235912 0.409687 0.236168 0.410222 0.236168 0.41049 0.235912 0.410222 0.235656
0 0.404067 0.2354 0.404067 0.235656 0.4038 0.235912 0.4038 0.236168 0.404067 0.236424 0.404335 0.236424 0.404335 0.235912 0.404603 0.235656 0.404603 0.2354
0 0.392561 0.234887 0.392561 0.2354 0.392828 0.2354 0.393096 0.235143 0.392828 0.234887
0 0.408349 0.234375 0.408349 0.234631 0.408617 0.234887 0.408884 0.234887 0.408884 0.234375
0 0.415842 0.234119 0.415842 0.2354 0.416377 0.2354 0.416377 0.234119
0 0.408349 0.23335 0.408349 0.233607 0.408617 0.233607 0.408884 0.233863 0.408884 0.23335
0 0.415039 0.232582 0.415039 0.23335 0.414771 0.233607 0.414771 0.234119 0.415039 0.234375 0.415306 0.234375 0.415306 0.23335 0.415574 0.233094 0.415574 0.232582
0 0.407279 0.231814 0.407279 0.232838 0.407814 0.232838 0.407814 0.231814
0 0.405941 0.231814 0.405941 0.232838 0.405673 0.233094 0.405673 0.234887 0.406208 0.234887 0.406208 0.233094 0.406476 0.232838 0.406476 0.232582 0.406743 0.232326 0.406743 0.231814
0 0.398448 0.231045 0.398448 0.232582 0.398983 0.232582 0.398983 0.231045
0 0.376773 0.231045 0.376773 0.231557 0.377308 0.231557 0.377308 0.231045
0 0.378378 0.230789 0.378378 0.231301 0.378914 0.231301 0.378914 0.230789
0 0.381054 0.229764 0.381054 0.231045 0.38159 0.231045 0.38159 0.229764
0 0.370886 0.229764 0.370886 0.230277 0.371421 0.230277 0.371421 0.229764
