0 0.337443 0.640785 0.337695 0.641193 0.338198 0.641193 0.33845 0.641602 0.338953 0.641602 0.339205 0.642011 0.339708 0.642011 0.33996 0.642419 0.340211 0.642419 0.340463 0.642828 0.340715 0.642828 0.340966 0.642419 0.340715 0.642419 0.340463 0.642011 0.33996 0.642011 0.339708 0.641602 0.339205 0.641602 0.338953 0.641193 0.33845 0.641193 0.338198 0.640785
0 0.354806 0.104209 0.354806 0.104618 0.355058 0.104618 0.355058 0.104209
0 0.351535 0.102166 0.351535 0.102575 0.351787 0.102983 0.352038 0.102983 0.35229 0.103392 0.352793 0.103392 0.353045 0.103801 0.353548 0.103801 0.353548 0.103392 0.353296 0.103392 0.353045 0.102983 0.352542 0.102983 0.35229 0.102575 0.351787 0.102575
0 0.349522 0.101349 0.349522 0.101757 0.350025 0.101757 0.350277 0.102166 0.350528 0.102166 0.350528 0.101757 0.350277 0.101757 0.350025 0.101349
0 0.348264 0.100531 0.348012 0.10094 0.348515 0.10094 0.348767 0.101349 0.349019 0.101349 0.349019 0.10094 0.348767 0.10094 0.348515 0.100531
0 0.339708 0.095627 0.339456 0.096036 0.33996 0.096036 0.340211 0.096445 0.340463 0.096445 0.340715 0.096036 0.340211 0.096036 0.33996 0.095627
0 0.337192 0.094401 0.337192 0.09481 0.337695 0.09481 0.337947 0.095219 0.338198 0.095219 0.338198 0.09481 0.337947 0.09481 0.337695 0.094401
0 0.32159 0.085411 0.32159 0.085819 0.321842 0.085819 0.322094 0.086228 0.322345 0.085819 0.322094 0.085819 0.321842 0.085411
0 0.320081 0.085002 0.320081 0.085411 0.320584 0.085411 0.320332 0.085002
0 0.318571 0.084593 0.318571 0.085002 0.318822 0.085002 0.318822 0.084593
0 0.317564 0.084185 0.317816 0.084593 0.318067 0.084593 0.318067 0.084185
0 0.310267 0.080507 0.31077 0.081324 0.310518 0.081733 0.310015 0.081733 0.310015 0.082141 0.310267 0.08255 0.310267 0.083367 0.31077 0.084185 0.31077 0.084593 0.311022 0.085002 0.311022 0.085411 0.31077 0.085819 0.31077 0.086637 0.310015 0.087863 0.310267 0.088271 0.310267 0.08868 0.310015 0.089089 0.310015 0.089906 0.309763 0.090315 0.309763 0.091132 0.309512 0.091541 0.309763 0.091949 0.309763 0.092358 0.309512 0.092767 0.309512 0.093584 0.30926 0.093993 0.30926 0.09481 0.308757 0.095627 0.308757 0.096036 0.308505 0.096445 0.308505 0.096853 0.308254 0.097262 0.308254 0.098079 0.308002 0.098488 0.308002 0.099305 0.30775 0.099714 0.30775 0.100123 0.307247 0.10094 0.306995 0.10094 0.306995 0.101757 0.306744 0.102166 0.306744 0.102575 0.306492 0.102983 0.306492 0.103801 0.306744 0.104209 0.306492 0.104618 0.306492 0.105027 0.306241 0.105435 0.306492 0.105844 0.306492 0.106253 0.306241 0.106661 0.306241 0.10707 0.306492 0.107479 0.306241 0.107887 0.306241 0.108705 0.305989 0.109113 0.305989 0.109931 0.305737 0.110339 0.305737 0.111157 0.305486 0.111565 0.305486 0.112383 0.304982 0.1132 0.304982 0.113609 0.304731 0.114017 0.304731 0.114834 0.304479 0.115243 0.304479 0.115652 0.304227 0.11606 0.304227 0.116878 0.303976 0.117286 0.303976 0.118104 0.303724 0.118512 0.303724 0.11933 0.303473 0.119738 0.303724 0.120147 0.303724 0.120556 0.303473 0.120964 0.303473 0.121373 0.302969 0.12219 0.302969 0.122599 0.302718 0.123008 0.302466 0.123008 0.302466 0.123416 0.302718 0.123825 0.302466 0.124234 0.302466 0.125051 0.302214 0.12546 0.302466 0.125868 0.302466 0.126277 0.302214 0.126686 0.301963 0.126686 0.301963 0.127503 0.301711 0.127912 0.301711 0.128729 0.301459 0.129138 0.301459 0.129955 0.301208 0.130364 0.301208 0.131181 0.300956 0.13159 0.300956 0.132407 0.300705 0.132816 0.300705 0.133224 0.300453 0.133633 0.300453 0.13445 0.300201 0.134859 0.300201 0.135676 0.299698 0.136494 0.299698 0.136902 0.299446 0.137311 0.299446 0.138128 0.299195 0.138537 0.299195 0.139354 0.298943 0.139763 0.298943 0.140172 0.298691 0.14058 0.298691 0.141398 0.29844 0.141806 0.29844 0.142624 0.298188 0.143032 0.298188 0.14385 0.297937 0.144258 0.297937 0.145076 0.297685 0.145484 0.297685 0.146302 0.297433 0.14671 0.297433 0.147528 0.297182 0.147936 0.297182 0.148754 0.29693 0.149162 0.29693 0.149571 0.296678 0.14998 0.296678 0.150388 0.296175 0.151206 0.296175 0.153249 0.295924 0.153658 0.295924 0.154475 0.295672 0.154884 0.295672 0.155701 0.295169 0.156518 0.295169 0.156927 0.294917 0.157336 0.294917 0.157744 0.294665 0.158153 0.294665 0.15897 0.294414 0.159379 0.294414 0.160196 0.294162 0.160605 0.294162 0.161422 0.29391 0.161831 0.29391 0.162648 0.293659 0.163057 0.293659 0.163874 0.293407 0.164283 0.293407 0.1651 0.293156 0.165509 0.293156 0.165917 0.292904 0.166326 0.292904 0.167143 0.292401 0.167961 0.292401 0.168369 0.292149 0.168778 0.292149 0.169595 0.291897 0.170004 0.291897 0.170821 0.291646 0.17123 0.291646 0.172047 0.291394 0.172456 0.291394 0.173273 0.291142 0.173682 0.291142 0.174091 0.290891 0.174499 0.290891 0.175317 0.290639 0.175725 0.290639 0.176543 0.290388 0.176951 0.290388 0.177769 0.289884 0.178586 0.289884 0.178995 0.289633 0.179403 0.289633 0.180221 0.289381 0.180629 0.289381 0.181038 0.289129 0.181447 0.288878 0.181447 0.288878 0.182264 0.288626 0.182673 0.288626 0.18349 0.288374 0.183899 0.288374 0.184716 0.288123 0.185125 0.288123 0.185942 0.287871 0.186351 0.287871 0.187168 0.28762 0.187577 0.28762 0.187985 0.287368 0.188394 0.287368 0.189211 0.287116 0.18962 0.287116 0.190437 0.286865 0.190846 0.286865 0.191663 0.286613 0.192072 0.286865 0.192481 0.286865 0.192889 0.286613 0.193298 0.286613 0.194115 0.286361 0.194524 0.286361 0.195341 0.28611 0.19575 0.28611 0.196567 0.285858 0.196976 0.285858 0.197793 0.285606 0.198202 0.285606 0.198611 0.285355 0.199019 0.285355 0.199428 0.284852 0.200245 0.284852 0.201063 0.2846 0.201471 0.2846 0.202289 0.284348 0.202697 0.284097 0.202697 0.284097 0.203515 0.283845 0.203923 0.283845 0.204332 0.283593 0.20474 0.283593 0.205558 0.283342 0.205966 0.283342 0.206375 0.283593 0.206784 0.283342 0.207192 0.283342 0.20801 0.28309 0.208418 0.28309 0.209236 0.282838 0.209644 0.282838 0.210462 0.282587 0.21087 0.282335 0.21087 0.282335 0.211688 0.282084 0.212096 0.282335 0.212505 0.282335 0.212914 0.282084 0.213322 0.281832 0.213322 0.281832 0.213731 0.28158 0.21414 0.28158 0.214957 0.281329 0.215366 0.281329 0.216183 0.280825 0.217 0.280825 0.217409 0.280574 0.217818 0.280574 0.218635 0.280322 0.219044 0.280322 0.219861 0.28007 0.22027 0.28007 0.221087 0.279819 0.221496 0.279567 0.221496 0.279567 0.221904 0.279316 0.222313 0.279316 0.22313 0.279064 0.223539 0.279064 0.224356 0.278812 0.224765 0.278812 0.225582 0.278561 0.225991 0.278561 0.226808 0.278309 0.227217 0.278309 0.22926 0.277554 0.230486 0.277554 0.231304 0.277302 0.231712 0.277302 0.232121 0.277051 0.23253 0.276296 0.23253 0.276044 0.232121 0.275793 0.232121 0.275541 0.23253 0.275793 0.23253 0.276044 0.232938 0.276044 0.233347 0.275793 0.233756 0.274786 0.233756 0.274534 0.234164 0.274283 0.234164 0.274031 0.234573 0.27378 0.234573 0.27378 0.23539 0.273528 0.235799 0.273276 0.235799 0.273276 0.236208 0.273025 0.236616 0.273528 0.237434 0.273528 0.237842 0.273276 0.238251 0.272773 0.238251 0.272773 0.23866 0.272521 0.239068 0.272521 0.240294 0.27227 0.240703 0.27227 0.241112 0.272018 0.24152 0.272018 0.242338 0.271766 0.242746 0.271766 0.243564 0.271515 0.243972 0.271515 0.24479 0.271263 0.245198 0.271263 0.245607 0.271012 0.246016 0.271012 0.246833 0.27076 0.247242 0.27076 0.248059 0.270508 0.248468 0.270508 0.249285 0.270257 0.249694 0.270257 0.250511 0.270005 0.250919 0.270005 0.251737 0.269753 0.252145 0.269753 0.252963 0.269502 0.253371 0.269502 0.254189 0.26925 0.254597 0.26925 0.255006 0.268998 0.255415 0.268998 0.256232 0.268747 0.256641 0.268747 0.257458 0.268495 0.257867 0.268495 0.258684 0.268244 0.259093 0.268244 0.25991 0.267992 0.260319 0.267992 0.261136 0.26774 0.261545 0.26774 0.262362 0.266985 0.263588 0.266985 0.264405 0.266734 0.264814 0.266734 0.265631 0.266482 0.26604 0.266734 0.266449 0.266734 0.266857 0.266482 0.267266 0.266482 0.267675 0.266734 0.268083 0.266482 0.268492 0.266482 0.270127 0.266734 0.270127 0.266985 0.270535 0.266985 0.271353 0.267489 0.27217 0.267237 0.272579 0.267237 0.273396 0.266985 0.273805 0.267237 0.274213 0.26774 0.274213 0.267992 0.274622 0.267992 0.275848 0.26774 0.276257 0.26774 0.277074 0.267489 0.277483 0.267489 0.2783 0.267237 0.278709 0.267237 0.279526 0.266985 0.279935 0.266985 0.280752 0.266734 0.281161 0.266734 0.281978 0.266482 0.282387 0.266482 0.282795 0.26623 0.283204 0.26623 0.284021 0.265979 0.28443 0.265979 0.285247 0.265727 0.285656 0.265727 0.286473 0.265476 0.286882 0.265476 0.287699 0.265224 0.288108 0.265224 0.288925 0.264972 0.289334 0.264972 0.290151 0.264721 0.29056 0.264721 0.291377 0.264469 0.291786 0.264469 0.292195 0.264217 0.292603 0.264217 0.293421 0.263966 0.293829 0.264217 0.294238 0.264217 0.294647 0.263714 0.295464 0.263714 0.296281 0.263463 0.29669 0.263463 0.297098 0.263211 0.297507 0.263211 0.298324 0.262959 0.298733 0.262959 0.29955 0.262708 0.299959 0.262708 0.300368 0.262456 0.300776 0.262456 0.301594 0.262204 0.302002 0.262204 0.30282 0.261953 0.303228 0.261953 0.304046 0.261701 0.304454 0.261701 0.305272 0.261449 0.30568 0.261449 0.306498 0.261198 0.306906 0.261198 0.307724 0.260946 0.308132 0.260946 0.30895 0.260695 0.309358 0.260946 0.309767 0.260946 0.310176 0.260695 0.310584 0.260695 0.310993 0.260443 0.311402 0.260191 0.311402 0.260191 0.31181 0.25994 0.312219 0.259688 0.312219 0.259436 0.312628 0.259185 0.312219 0.258681 0.312219 0.25843 0.31181 0.258178 0.31181 0.257927 0.311402 0.257423 0.311402 0.257172 0.310993 0.256668 0.310993 0.256417 0.310584 0.255913 0.310584 0.255662 0.310176 0.255159 0.310176 0.254907 0.309767 0.254404 0.309767 0.254152 0.309358 0.253649 0.309358 0.253397 0.30895 0.252894 0.30895 0.252642 0.308541 0.252391 0.308541 0.252139 0.308132 0.251636 0.308132 0.251384 0.307724 0.250881 0.307724 0.250629 0.307315 0.250126 0.307315 0.249874 0.306906 0.249371 0.306906 0.249119 0.306498 0.248616 0.306498 0.248364 0.306906 0.248364 0.307724 0.248113 0.308132 0.248113 0.30895 0.247861 0.309358 0.247861 0.310176 0.247609 0.310584 0.247609 0.311402 0.247358 0.31181 0.247358 0.312628 0.247106 0.313036 0.247106 0.313854 0.246855 0.314262 0.246855 0.314671 0.246603 0.31508 0.246603 0.315897 0.246351 0.316306 0.246351 0.317123 0.2461 0.317532 0.2461 0.318349 0.245848 0.318758 0.245848 0.319575 0.245596 0.319984 0.245596 0.322027 0.245345 0.322436 0.245345 0.323253 0.245093 0.323662 0.245093 0.324479 0.244841 0.324888 0.244841 0.325296 0.24459 0.325705 0.24459 0.326522 0.244338 0.326931 0.244338 0.327748 0.244087 0.328157 0.244087 0.328974 0.243835 0.329383 0.243835 0.3302 0.243583 0.330609 0.243835 0.331018 0.243835 0.331426 0.243583 0.331835 0.243583 0.332652 0.243332 0.333061 0.243332 0.333878 0.24308 0.334287 0.24308 0.335104 0.242828 0.335513 0.242828 0.335922 0.242577 0.33633 0.242577 0.337148 0.242325 0.337556 0.242325 0.338374 0.242073 0.338782 0.242073 0.3396 0.241822 0.340008 0.241822 0.340826 0.24157 0.341234 0.24157 0.342051 0.241319 0.34246 0.241319 0.343277 0.241067 0.343686 0.241067 0.344503 0.240815 0.344912 0.240815 0.345321 0.240564 0.345729 0.240564 0.346547 0.240312 0.346955 0.240312 0.347773 0.24006 0.348181 0.24006 0.348999 0.239809 0.349407 0.239809 0.350225 0.239557 0.350633 0.239557 0.351451 0.239305 0.351859 0.239305 0.352677 0.239054 0.353085 0.239054 0.353494 0.238802 0.353903 0.238802 0.35472 0.238551 0.355129 0.238551 0.355946 0.238299 0.356355 0.238299 0.357172 0.238047 0.357581 0.238047 0.358398 0.237796 0.358807 0.237796 0.359624 0.237544 0.360033 0.237544 0.36085 0.237292 0.361259 0.237292 0.362076 0.237041 0.362485 0.237041 0.362893 0.236789 0.363302 0.236789 0.364119 0.236537 0.364528 0.236537 0.365345 0.236286 0.365754 0.236286 0.366571 0.236034 0.36698 0.236034 0.367797 0.235783 0.368206 0.235783 0.369023 0.235531 0.369432 0.235531 0.370249 0.235279 0.370658 0.235279 0.371475 0.235028 0.371884 0.235028 0.372293 0.234776 0.372701 0.234776 0.373519 0.234524 0.373927 0.234524 0.374745 0.234273 0.375153 0.234273 0.375971 0.234021 0.376379 0.234021 0.377197 0.23377 0.377605 0.23377 0.378423 0.233518 0.378831 0.233518 0.379649 0.233266 0.380057 0.233266 0.380466 0.233015 0.380875 0.233015 0.381692 0.232763 0.382101 0.232763 0.382918 0.232511 0.383327 0.232511 0.384144 0.23226 0.384553 0.23226 0.38537 0.232008 0.385779 0.232008 0.386596 0.231756 0.387004 0.231756 0.387822 0.231505 0.38823 0.231505 0.389048 0.231253 0.389456 0.231253 0.389865 0.231002 0.390274 0.231002 0.391091 0.23075 0.3915 0.23075 0.392317 0.230498 0.392726 0.230498 0.393543 0.230247 0.393952 0.230247 0.394769 0.229995 0.395178 0.229995 0.395995 0.229743 0.396404 0.229743 0.397221 0.229492 0.39763 0.229995 0.398447 0.230247 0.398447 0.230498 0.398038 0.23075 0.398447 0.231253 0.398447 0.231505 0.398856 0.231756 0.398856 0.232008 0.399264 0.232511 0.399264 0.232763 0.399673 0.233266 0.399673 0.233518 0.400082 0.234021 0.400082 0.234273 0.40049 0.234776 0.40049 0.235028 0.400899 0.235531 0.400899 0.235783 0.401308 0.236286 0.401308 0.236537 0.401716 0.236789 0.401716 0.237041 0.402125 0.237544 0.402125 0.237796 0.402534 0.238299 0.402534 0.238551 0.402942 0.239054 0.402942 0.239305 0.403351 0.239305 0.40376 0.239809 0.40376 0.24006 0.404168 0.24006 0.404577 0.240312 0.404986 0.24006 0.405394 0.239809 0.405394 0.239809 0.406212 0.239557 0.40662 0.239557 0.407029 0.239305 0.407438 0.239305 0.408255 0.239054 0.408664 0.239054 0.409481 0.238802 0.40989 0.238802 0.410298 0.238299 0.411116 0.238299 0.411933 0.238047 0.412342 0.238047 0.413159 0.237796 0.413568 0.237796 0.414385 0.237544 0.414794 0.237544 0.415202 0.237292 0.415611 0.237292 0.416428 0.237041 0.416837 0.237041 0.417654 0.236789 0.418063 0.236789 0.41888 0.236537 0.419289 0.236537 0.420106 0.236034 0.420924 0.236034 0.421332 0.235783 0.421741 0.235783 0.42215 0.235531 0.422558 0.235531 0.423376 0.235279 0.423784 0.235028 0.423784 0.235028 0.424602 0.234776 0.42501 0.234776 0.425828 0.234524 0.426236 0.234524 0.427054 0.234273 0.427462 0.234273 0.427871 0.234524 0.42828 0.234273 0.428688 0.234273 0.429506 0.234021 0.429914 0.23377 0.429914 0.23377 0.430323 0.233266 0.43114 0.233015 0.43114 0.232763 0.430732 0.233015 0.430323 0.233015 0.429506 0.232763 0.429506 0.232511 0.429097 0.232008 0.429097 0.232008 0.429506 0.23226 0.429914 0.232008 0.430323 0.23226 0.430323 0.232511 0.430732 0.232511 0.43114 0.232763 0.431549 0.232511 0.431957 0.232511 0.433183 0.233015 0.434001 0.233518 0.434001 0.23377 0.434409 0.233518 0.434818 0.233266 0.434818 0.233015 0.435227 0.232763 0.434818 0.232763 0.435227 0.23226 0.436044 0.23226 0.436453 0.232008 0.436861 0.231756 0.436453 0.231756 0.436861 0.231505 0.43727 0.231002 0.43727 0.23075 0.437679 0.230247 0.437679 0.229743 0.438496 0.229743 0.438905 0.229995 0.439313 0.229743 0.439722 0.229743 0.440539 0.229492 0.440948 0.229492 0.441765 0.22924 0.442174 0.22924 0.442991 0.228988 0.4434 0.228988 0.444217 0.228737 0.444626 0.228737 0.445443 0.228485 0.445852 0.228485 0.446261 0.228234 0.446669 0.228234 0.447487 0.227982 0.447895 0.227982 0.448713 0.22773 0.449121 0.22773 0.449939 0.227479 0.450347 0.227479 0.451165 0.227227 0.451573 0.227227 0.452391 0.226975 0.452799 0.226975 0.453617 0.226724 0.454025 0.226724 0.454434 0.226472 0.454843 0.226472 0.45566 0.22622 0.456069 0.22622 0.456886 0.225969 0.457295 0.225969 0.458112 0.225717 0.458521 0.225717 0.459338 0.225466 0.459747 0.225466 0.460564 0.225214 0.460973 0.225214 0.46179 0.224962 0.462199 0.224962 0.463016 0.224711 0.463425 0.224711 0.463833 0.224459 0.464242 0.224459 0.465059 0.224207 0.465468 0.224207 0.466285 0.223956 0.466694 0.223956 0.467511 0.223704 0.46792 0.223704 0.468737 0.223452 0.469146 0.223452 0.469963 0.223201 0.470372 0.223201 0.471189 0.222949 0.471598 0.222949 0.472415 0.222698 0.472824 0.222698 0.473233 0.222446 0.473641 0.222446 0.474459 0.222194 0.474867 0.222194 0.475685 0.221943 0.476093 0.221943 0.476911 0.221691 0.477319 0.221691 0.478136 0.221188 0.478954 0.221188 0.480588 0.220936 0.480997 0.220936 0.481406 0.220684 0.481814 0.220684 0.482632 0.220433 0.48304 0.220433 0.483858 0.220181 0.484266 0.220181 0.485084 0.21993 0.485492 0.21993 0.48631 0.219678 0.486718 0.219678 0.487536 0.219426 0.487944 0.219426 0.488762 0.219175 0.48917 0.219175 0.489988 0.218923 0.490396 0.219175 0.490805 0.218923 0.491214 0.218671 0.491214 0.218671 0.492031 0.21842 0.49244 0.21842 0.493257 0.218168 0.493666 0.218168 0.494483 0.217916 0.494892 0.217916 0.495709 0.217665 0.496118 0.217665 0.496935 0.217413 0.497344 0.217413 0.498161 0.217162 0.49857 0.217162 0.500613 0.21691 0.501022 0.21691 0.50143 0.216658 0.501839 0.216658 0.502248 0.217162 0.503065 0.217162 0.503474 0.217413 0.503882 0.217413 0.504291 0.217162 0.5047 0.217162 0.505517 0.21691 0.505926 0.21691 0.506743 0.216658 0.507152 0.216658 0.50756 0.216407 0.507969 0.216407 0.508786 0.216658 0.509195 0.216658 0.51083 0.21691 0.511238 0.21691 0.511647 0.216658 0.512056 0.216407 0.512056 0.216407 0.512464 0.216155 0.512873 0.216407 0.513282 0.216407 0.51369 0.216155 0.514099 0.216155 0.514508 0.2154 0.515734 0.2154 0.516142 0.215148 0.516551 0.215148 0.517368 0.214897 0.517777 0.214897 0.518594 0.214645 0.519003 0.214645 0.51982 0.214394 0.520229 0.214394 0.520638 0.214142 0.521046 0.214142 0.521864 0.21389 0.522272 0.21389 0.523089 0.213639 0.523498 0.213639 0.524315 0.213387 0.524724 0.213387 0.525541 0.213135 0.52595 0.213135 0.526767 0.212884 0.527176 0.212884 0.527993 0.212632 0.528402 0.212632 0.528811 0.21238 0.529219 0.21238 0.530037 0.212129 0.530445 0.212129 0.531263 0.211877 0.531671 0.211877 0.533715 0.211626 0.534123 0.211626 0.534941 0.211374 0.535349 0.211374 0.536167 0.211122 0.536575 0.211122 0.536984 0.210619 0.537801 0.210619 0.53821 0.210367 0.538619 0.210367 0.539436 0.210116 0.539845 0.210116 0.540662 0.209864 0.541071 0.209864 0.541888 0.209612 0.542297 0.209612 0.543114 0.209361 0.543523 0.209361 0.54434 0.209109 0.544749 0.209109 0.545566 0.208858 0.545975 0.208858 0.546792 0.208606 0.547201 0.208606 0.547609 0.208858 0.548018 0.208606 0.548427 0.208606 0.548835 0.208354 0.549244 0.208354 0.550061 0.208103 0.55047 0.208103 0.551287 0.207851 0.551696 0.207851 0.552513 0.207599 0.552922 0.207851 0.553331 0.207851 0.553739 0.207348 0.554557 0.207348 0.554965 0.207096 0.555374 0.207096 0.556191 0.206844 0.5566 0.206844 0.557417 0.206593 0.557826 0.206593 0.558235 0.206341 0.558643 0.206341 0.559461 0.20609 0.559869 0.20609 0.560687 0.205586 0.561504 0.205586 0.561913 0.205335 0.562321 0.205335 0.563139 0.205083 0.563547 0.205083 0.564365 0.204831 0.564773 0.204831 0.565182 0.205083 0.565182 0.205586 0.565999 0.20609 0.565999 0.206341 0.566408 0.206844 0.566408 0.207096 0.566817 0.207348 0.566817 0.207599 0.567225 0.208103 0.567225 0.208354 0.567634 0.208858 0.567634 0.209109 0.568043 0.209612 0.568043 0.209864 0.568451 0.210367 0.568451 0.210619 0.56886 0.211122 0.56886 0.211374 0.569268 0.211626 0.569268 0.211877 0.56886 0.212129 0.569268 0.212632 0.569268 0.212884 0.569677 0.213135 0.569677 0.213639 0.570494 0.21389 0.570494 0.214142 0.570903 0.214645 0.570903 0.214897 0.571312 0.2154 0.571312 0.215652 0.57172 0.216155 0.57172 0.216407 0.572129 0.21691 0.572129 0.217162 0.572538 0.217665 0.572538 0.217916 0.572946 0.21842 0.572946 0.218671 0.573355 0.218923 0.573355 0.219175 0.573764 0.219678 0.573764 0.21993 0.574172 0.220433 0.574172 0.220684 0.574581 0.221188 0.574581 0.221439 0.57499 0.221943 0.57499 0.222194 0.575398 0.222698 0.575398 0.222949 0.575807 0.223452 0.575807 0.223704 0.576216 0.223956 0.576216 0.224207 0.576624 0.224711 0.576624 0.224962 0.577033 0.225466 0.577033 0.225717 0.577442 0.22622 0.577442 0.226472 0.57785 0.226975 0.57785 0.227227 0.578259 0.22773 0.578259 0.227982 0.578668 0.228485 0.578668 0.228737 0.579076 0.22924 0.579076 0.229492 0.579485 0.229743 0.579485 0.229995 0.579894 0.230498 0.579894 0.23075 0.580302 0.231253 0.580302 0.231505 0.580711 0.232008 0.580711 0.23226 0.58112 0.232763 0.58112 0.233015 0.581528 0.233266 0.581528 0.23377 0.582346 0.234021 0.582346 0.234273 0.582754 0.234776 0.582754 0.235028 0.583163 0.235531 0.583163 0.235783 0.583572 0.236286 0.583572 0.236537 0.58398 0.237041 0.58398 0.237292 0.584389 0.237796 0.584389 0.238047 0.584798 0.238299 0.584798 0.238551 0.584389 0.238802 0.584798 0.238802 0.585206 0.239305 0.585206 0.239557 0.585615 0.239809 0.585615 0.24006 0.586024 0.240564 0.586024 0.240815 0.586432 0.241319 0.586432 0.24157 0.586841 0.241822 0.586841 0.242073 0.586432 0.242325 0.586841 0.242828 0.586841 0.24308 0.58725 0.24308 0.587658 0.243583 0.587658 0.243835 0.588067 0.244338 0.588067 0.24459 0.588476 0.245093 0.588476 0.245345 0.588884 0.245596 0.588884 0.245848 0.589293 0.246351 0.589293 0.246603 0.589702 0.247106 0.589702 0.247358 0.59011 0.247861 0.59011 0.248113 0.590519 0.248616 0.590519 0.248868 0.590928 0.249119 0.590928 0.249371 0.590519 0.249623 0.590928 0.250126 0.590928 0.250377 0.591336 0.250881 0.591336 0.251132 0.591745 0.251636 0.591745 0.252391 0.592971 0.252894 0.592971 0.253145 0.59338 0.254404 0.59338 0.254655 0.593788 0.255159 0.593788 0.25541 0.594197 0.255913 0.594197 0.256165 0.594606 0.256668 0.594606 0.25692 0.595014 0.257172 0.595014 0.257423 0.595423 0.257927 0.595423 0.258178 0.595832 0.258681 0.595832 0.258933 0.59624 0.259436 0.59624 0.259688 0.596649 0.260191 0.596649 0.260443 0.597058 0.260946 0.597058 0.261198 0.597466 0.261701 0.597466 0.261953 0.597875 0.262456 0.597875 0.262708 0.598284 0.262959 0.598284 0.263211 0.598692 0.263714 0.598692 0.263966 0.599101 0.264469 0.599101 0.264721 0.59951 0.265224 0.59951 0.265476 0.599918 0.265727 0.59951 0.265979 0.59951 0.26623 0.599101 0.267489 0.599101 0.26774 0.59951 0.268244 0.59951 0.268495 0.599918 0.269753 0.599918 0.270508 0.601144 0.270508 0.601962 0.270257 0.60237 0.270508 0.602779 0.270508 0.604414 0.270257 0.604822 0.270257 0.60564 0.270005 0.606048 0.270005 0.606866 0.269753 0.607274 0.269753 0.608092 0.269502 0.6085 0.269502 0.609318 0.26925 0.609726 0.26925 0.610544 0.268998 0.610952 0.268998 0.611361 0.268747 0.61177 0.268747 0.612587 0.268495 0.612996 0.268495 0.613813 0.268244 0.614221 0.268244 0.615039 0.267992 0.615447 0.267992 0.616265 0.26774 0.616673 0.26774 0.617491 0.267489 0.617899 0.267489 0.618717 0.267237 0.619125 0.267992 0.620351 0.268495 0.620351 0.268747 0.62076 0.270005 0.62076 0.270257 0.621169 0.270508 0.621169 0.27076 0.621577 0.271263 0.621577 0.271515 0.621986 0.272018 0.621986 0.27227 0.622395 0.272773 0.622395 0.273025 0.622803 0.273528 0.622803 0.27378 0.623212 0.274031 0.623212 0.274534 0.624029 0.275038 0.624029 0.275289 0.624438 0.275541 0.624438 0.275793 0.624847 0.276296 0.624847 0.276548 0.625255 0.277051 0.625255 0.277302 0.625664 0.277806 0.625664 0.278057 0.626073 0.278561 0.626073 0.278812 0.626481 0.28007 0.626481 0.280322 0.62689 0.280825 0.62689 0.281077 0.627299 0.28158 0.627299 0.281832 0.627707 0.282084 0.627707 0.282335 0.628116 0.282838 0.628116 0.28309 0.628525 0.283593 0.628525 0.283845 0.628933 0.284348 0.628933 0.2846 0.629342 0.285103 0.629342 0.285355 0.629751 0.285858 0.629751 0.28611 0.630159 0.286613 0.630159 0.286865 0.630568 0.287116 0.630568 0.287368 0.630977 0.287871 0.630977 0.288123 0.631385 0.288626 0.631385 0.288878 0.631794 0.289633 0.631794 0.289884 0.632203 0.290891 0.632203 0.291142 0.632611 0.291142 0.63302 0.291646 0.63302 0.291897 0.633429 0.292401 0.633429 0.292652 0.633837 0.292904 0.633837 0.293156 0.634246 0.293659 0.634246 0.294162 0.635063 0.294414 0.635063 0.294665 0.635472 0.295169 0.635472 0.29542 0.635881 0.295924 0.635881 0.296175 0.636289 0.296427 0.636289 0.296678 0.635881 0.29693 0.636289 0.297433 0.636289 0.297685 0.636698 0.297685 0.637107 0.297937 0.637107 0.298188 0.637515 0.298691 0.637515 0.298943 0.637924 0.299446 0.637924 0.299698 0.638333 0.300201 0.638333 0.300453 0.638741 0.300956 0.638741 0.301208 0.63915 0.301711 0.63915 0.301963 0.639559 0.302466 0.639559 0.302718 0.639967 0.302969 0.639967 0.303221 0.640376 0.303724 0.640376 0.303976 0.640785 0.304479 0.640785 0.304731 0.641193 0.305234 0.641193 0.305486 0.641602 0.305989 0.641602 0.306241 0.642011 0.306744 0.642011 0.306995 0.642419 0.307499 0.642419 0.30775 0.642828 0.308254 0.642828 0.308505 0.643237 0.308757 0.643237 0.309009 0.643645 0.309512 0.643645 0.309763 0.644054 0.310267 0.644054 0.310518 0.644463 0.311022 0.644463 0.311273 0.644871 0.311777 0.644871 0.312028 0.64528 0.312531 0.64528 0.312783 0.645689 0.313286 0.645689 0.313538 0.646097 0.314041 0.646097 0.314293 0.646506 0.314545 0.646506 0.314796 0.646915 0.315299 0.646915 0.315551 0.647323 0.316054 0.647323 0.316306 0.647732 0.316809 0.647732 0.317061 0.648141 0.317564 0.648141 0.317816 0.648549 0.318319 0.648549 0.318571 0.648958 0.319074 0.648958 0.319326 0.649367 0.319577 0.649367 0.319829 0.649775 0.320332 0.649775 0.320584 0.650184 0.321087 0.650184 0.321339 0.650593 0.321842 0.650593 0.322094 0.651001 0.322849 0.651001 0.322849 0.650593 0.3231 0.650184 0.3231 0.649367 0.323603 0.648549 0.323603 0.648141 0.323855 0.647732 0.324107 0.647732 0.324107 0.646915 0.324358 0.646506 0.324358 0.646097 0.32461 0.645689 0.32461 0.644871 0.324862 0.644463 0.324862 0.643645 0.325113 0.643237 0.325113 0.642419 0.325365 0.642011 0.325365 0.641193 0.325617 0.640785 0.325617 0.639967 0.325868 0.639559 0.325868 0.638741 0.32612 0.638333 0.32612 0.637515 0.326371 0.637107 0.326371 0.636698 0.326623 0.636289 0.326875 0.636289 0.327126 0.635881 0.327126 0.635472 0.327378 0.635063 0.32763 0.635063 0.32763 0.634246 0.327881 0.633837 0.328384 0.633837 0.328636 0.633429 0.328888 0.633429 0.329139 0.633837 0.329643 0.633837 0.329894 0.634246 0.330398 0.634246 0.330649 0.634655 0.331152 0.634655 0.331404 0.635063 0.331907 0.635063 0.332159 0.635472 0.332662 0.635472 0.332914 0.635881 0.333417 0.635881 0.333669 0.636289 0.334172 0.636289 0.334927 0.637515 0.33543 0.637515 0.335682 0.637924 0.336185 0.637924 0.336437 0.638333 0.33694 0.638333 0.337192 0.638741 0.337695 0.638741 0.337947 0.63915 0.338198 0.638741 0.338702 0.639559 0.338953 0.63915 0.339205 0.639559 0.339205 0.639967 0.339708 0.639967 0.33996 0.640376 0.340463 0.640376 0.340715 0.640785 0.341218 0.640785 0.34147 0.641193 0.341973 0.641193 0.342224 0.641602 0.342728 0.641602 0.342979 0.642011 0.343483 0.642011 0.343734 0.642419 0.343986 0.642419 0.344238 0.642011 0.344489 0.642419 0.344992 0.642419 0.345244 0.642828 0.345496 0.642828 0.345747 0.643237 0.346251 0.643237 0.346502 0.643645 0.347006 0.643645 0.347257 0.644054 0.34776 0.644054 0.348012 0.644463 0.348515 0.644463 0.348767 0.644871 0.34927 0.644871 0.349522 0.64528 0.350025 0.64528 0.350277 0.645689 0.35078 0.645689 0.351032 0.646097 0.351283 0.646097 0.351535 0.646506 0.352038 0.646506 0.35229 0.646915 0.352793 0.646915 0.353045 0.647323 0.353296 0.647323 0.3538 0.648141 0.3538 0.648549 0.353548 0.648958 0.353548 0.649775 0.353296 0.650184 0.353296 0.651001 0.353045 0.65141 0.353045 0.652227 0.352793 0.652636 0.352793 0.653045 0.352542 0.653453 0.352542 0.654271 0.35229 0.654679 0.35229 0.655497 0.352038 0.655905 0.352038 0.656723 0.351787 0.657131 0.351787 0.657949 0.351535 0.658357 0.351535 0.659174 0.351283 0.659583 0.351283 0.6604 0.351032 0.660809 0.351032 0.661626 0.35078 0.662035 0.35078 0.662444 0.350528 0.662852 0.350528 0.66367 0.350277 0.664078 0.350277 0.664896 0.350025 0.665304 0.350025 0.66653 0.350277 0.666939 0.35078 0.666939 0.351032 0.667348 0.351535 0.667348 0.351787 0.667756 0.35229 0.667756 0.352542 0.668165 0.352793 0.668165 0.353045 0.668574 0.353548 0.668574 0.3538 0.668982 0.354303 0.668982 0.354555 0.669391 0.355058 0.669391 0.35531 0.6698 0.355813 0.6698 0.356064 0.670208 0.356568 0.670208 0.356819 0.670617 0.357323 0.670617 0.357574 0.671026 0.358078 0.671026 0.358329 0.671434 0.358581 0.671434 0.358832 0.671843 0.359336 0.671843 0.359587 0.672252 0.360091 0.672252 0.360342 0.67266 0.360845 0.67266 0.361097 0.673069 0.3616 0.673069 0.361852 0.673478 0.362355 0.673478 0.362607 0.673886 0.36311 0.673886 0.363362 0.674295 0.363865 0.674295 0.364117 0.674704 0.364368 0.674704 0.36462 0.675112 0.365123 0.675112 0.365375 0.675521 0.365878 0.675521 0.36613 0.67593 0.366633 0.67593 0.366885 0.676338 0.367388 0.676338 0.36764 0.676747 0.368143 0.676747 0.368395 0.677156 0.368898 0.677156 0.369149 0.677564 0.369653 0.677564 0.369904 0.677973 0.370156 0.677973 0.370408 0.678382 0.370911 0.678382 0.371163 0.67879 0.371666 0.67879 0.371917 0.679199 0.372421 0.679199 0.372672 0.679608 0.373176 0.679608 0.373427 0.680016 0.373931 0.680016 0.374182 0.680425 0.374685 0.680425 0.374937 0.680834 0.375189 0.680834 0.37544 0.681242 0.375944 0.681242 0.376195 0.681651 0.376699 0.681651 0.37695 0.68206 0.377453 0.68206 0.377705 0.682468 0.378208 0.682468 0.37846 0.682877 0.378963 0.682877 0.379215 0.683286 0.379718 0.683286 0.37997 0.683694 0.380473 0.683694 0.380725 0.684103 0.380976 0.684103 0.381228 0.684512 0.381731 0.684512 0.381983 0.68492 0.382486 0.68492 0.382738 0.685329 0.383241 0.685329 0.383493 0.685738 0.383996 0.685738 0.384248 0.686146 0.384751 0.686146 0.385003 0.686555 0.385506 0.686555 0.385757 0.686964 0.386261 0.686964 0.386512 0.687372 0.386764 0.687372 0.387016 0.687781 0.387519 0.687781 0.387771 0.68819 0.388274 0.68819 0.388525 0.688598 0.389029 0.688598 0.38928 0.689007 0.389784 0.689007 0.390035 0.689416 0.390539 0.689416 0.39079 0.689824 0.391293 0.689824 0.391545 0.690233 0.391797 0.690233 0.392048 0.690642 0.392552 0.690642 0.392803 0.69105 0.393306 0.69105 0.393558 0.691459 0.394061 0.691459 0.394313 0.691868 0.394816 0.691868 0.395068 0.692276 0.395571 0.692276 0.395823 0.692685 0.396326 0.692685 0.396578 0.693094 0.397081 0.693094 0.397333 0.693502 0.397584 0.693502 0.397836 0.693911 0.398339 0.693911 0.398591 0.69432 0.399094 0.69432 0.399346 0.694728 0.399849 0.694728 0.400101 0.695137 0.400604 0.695137 0.400856 0.695546 0.401359 0.695546 0.40161 0.695954 0.402114 0.695954 0.402365 0.696363 0.402869 0.696363 0.40312 0.696772 0.403372 0.696772 0.403624 0.69718 0.404127 0.69718 0.404378 0.697589 0.404882 0.697589 0.405133 0.697998 0.405385 0.697589 0.405637 0.697589 0.405637 0.696772 0.405888 0.696363 0.405888 0.695546 0.40614 0.695137 0.40614 0.69432 0.406392 0.693911 0.406392 0.693094 0.406643 0.692685 0.406643 0.692276 0.406895 0.691868 0.406895 0.69105 0.407146 0.690642 0.407146 0.689824 0.407398 0.689416 0.407398 0.688598 0.40765 0.68819 0.40765 0.687372 0.407901 0.686964 0.407901 0.686146 0.408153 0.685738 0.408153 0.68492 0.408405 0.684512 0.408405 0.684103 0.408656 0.683694 0.408908 0.683694 0.408908 0.682877 0.40916 0.682468 0.409411 0.682468 0.409663 0.68206 0.409914 0.682468 0.410418 0.682468 0.410669 0.682877 0.410921 0.682877 0.411173 0.683286 0.411676 0.683286 0.411928 0.683694 0.412431 0.683694 0.412682 0.684103 0.412934 0.684103 0.413186 0.683694 0.413437 0.684103 0.413689 0.684103 0.414192 0.68492 0.414696 0.68492 0.414947 0.685329 0.41545 0.685329 0.415702 0.685738 0.416205 0.685738 0.416457 0.686146 0.416709 0.686146 0.41696 0.686555 0.417212 0.686555 0.417464 0.686146 0.417715 0.686555 0.418218 0.686555 0.41847 0.686964 0.418973 0.686964 0.419225 0.687372 0.419225 0.686964 0.418973 0.686555 0.418722 0.686555 0.41847 0.686146 0.417967 0.686146 0.417715 0.685738 0.417715 0.685329 0.417967 0.68492 0.41847 0.68492 0.418722 0.685329 0.419225 0.685329 0.419477 0.685738 0.41998 0.685738 0.420232 0.686146 0.420735 0.686146 0.420986 0.686555 0.421238 0.686555 0.42149 0.686964 0.421993 0.686964 0.422245 0.687372 0.422748 0.687372 0.422999 0.687781 0.423503 0.687781 0.423754 0.68819 0.425013 0.68819 0.425264 0.688598 0.425767 0.688598 0.426019 0.689007 0.426522 0.689007 0.426774 0.689416 0.427277 0.689416 0.427529 0.689824 0.427781 0.689824 0.428032 0.690233 0.428535 0.690233 0.428787 0.690642 0.42929 0.690642 0.429542 0.69105 0.430045 0.69105 0.430297 0.691459 0.4308 0.691459 0.431052 0.691868 0.431555 0.691868 0.431807 0.692276 0.43231 0.692276 0.432562 0.692685 0.433065 0.692685 0.433317 0.693094 0.433568 0.693094 0.43382 0.693502 0.435078 0.693502 0.43533 0.693911 0.435833 0.693911 0.436336 0.694728 0.436085 0.695137 0.436336 0.695546 0.436336 0.695954 0.436085 0.696363 0.436336 0.696772 0.436336 0.69718 0.436085 0.697589 0.436085 0.698406 0.435833 0.698815 0.435833 0.699632 0.435581 0.700041 0.435581 0.700858 0.43533 0.701267 0.43533 0.702084 0.435078 0.702493 0.435078 0.70331 0.434826 0.703719 0.434826 0.704128 0.434575 0.704536 0.434575 0.705353 0.434323 0.705762 0.434323 0.706579 0.434071 0.706988 0.434071 0.707805 0.43382 0.708214 0.43382 0.709031 0.433568 0.70944 0.433568 0.710257 0.433317 0.710666 0.433317 0.711483 0.433065 0.711892 0.433065 0.712709 0.432813 0.713118 0.432813 0.713527 0.433065 0.713527 0.433317 0.713935 0.43382 0.713935 0.434071 0.714344 0.434575 0.714344 0.434826 0.714753 0.43533 0.714753 0.435581 0.715161 0.436085 0.715161 0.436336 0.71557 0.436588 0.71557 0.436839 0.715979 0.437343 0.715979 0.437594 0.716387 0.438098 0.716387 0.438349 0.716796 0.438853 0.716796 0.439104 0.717205 0.439607 0.717205 0.439859 0.717613 0.440362 0.717613 0.440614 0.718022 0.441117 0.718022 0.441369 0.718431 0.441621 0.718431 0.441872 0.718839 0.442375 0.718839 0.442627 0.719248 0.44313 0.719248 0.443382 0.719657 0.443885 0.719657 0.444137 0.720065 0.44464 0.720065 0.444892 0.720474 0.445395 0.720474 0.445647 0.720883 0.44615 0.720883 0.446402 0.721291 0.446905 0.721291 0.447157 0.7217 0.447408 0.7217 0.44766 0.722109 0.448163 0.722109 0.448415 0.722517 0.448918 0.722517 0.44917 0.722926 0.449673 0.722926 0.449925 0.723335 0.450428 0.723335 0.450679 0.723743 0.451183 0.723743 0.451434 0.724152 0.451938 0.724152 0.452189 0.724561 0.452693 0.724561 0.452944 0.724969 0.453196 0.724969 0.453447 0.725378 0.453951 0.725378 0.454202 0.725787 0.454706 0.725787 0.454957 0.726195 0.45546 0.726195 0.455712 0.726604 0.456215 0.726604 0.456467 0.727013 0.45697 0.727013 0.457222 0.727421 0.457725 0.727421 0.457977 0.72783 0.45848 0.72783 0.458732 0.728239 0.458983 0.728239 0.459235 0.728647 0.459738 0.728647 0.45999 0.729056 0.460493 0.729056 0.460745 0.729465 0.461248 0.729465 0.4615 0.729873 0.462003 0.729873 0.462255 0.730282 0.462758 0.730282 0.46301 0.730691 0.463513 0.730691 0.463764 0.731099 0.464016 0.731099 0.464268 0.731508 0.464771 0.731508 0.465023 0.731917 0.465526 0.731917 0.465778 0.732325 0.466281 0.732325 0.466532 0.732734 0.467036 0.732734 0.467287 0.733143 0.467791 0.733143 0.468042 0.733551 0.468546 0.733551 0.468797 0.73396 0.4693 0.73396 0.469552 0.734369 0.469804 0.734369 0.470055 0.734777 0.470559 0.734777 0.47081 0.735186 0.471314 0.735186 0.471565 0.735595 0.472068 0.735595 0.47232 0.736003 0.472823 0.736003 0.473075 0.736412 0.473578 0.736412 0.47383 0.736821 0.474333 0.736821 0.474585 0.737229 0.475088 0.737229 0.47534 0.737638 0.475591 0.737638 0.475843 0.738047 0.476346 0.738047 0.476598 0.738455 0.477101 0.738455 0.477353 0.738864 0.477856 0.738864 0.478108 0.739273 0.478611 0.739273 0.478863 0.739681 0.479366 0.739681 0.479618 0.74009 0.480121 0.74009 0.480372 0.740499 0.480624 0.740499 0.480876 0.740907 0.481379 0.740907 0.481631 0.741316 0.482134 0.741316 0.482386 0.741725 0.482889 0.741725 0.48314 0.742133 0.483644 0.742133 0.483895 0.742542 0.484399 0.742542 0.48465 0.742951 0.485153 0.742951 0.485405 0.743359 0.485908 0.743359 0.48616 0.743768 0.486412 0.743768 0.486663 0.744177 0.487167 0.744177 0.487418 0.744585 0.487921 0.744585 0.488173 0.744994 0.488676 0.744177 0.488676 0.743359 0.488928 0.742951 0.488928 0.742133 0.48918 0.741725 0.48918 0.740907 0.489431 0.740499 0.489431 0.739681 0.489683 0.739273 0.489683 0.738455 0.489935 0.738047 0.489935 0.737229 0.490186 0.736821 0.490186 0.736003 0.490438 0.735595 0.490438 0.735186 0.490689 0.734777 0.490689 0.73396 0.490941 0.733551 0.490941 0.732734 0.491193 0.732325 0.491193 0.731508 0.491444 0.731099 0.491444 0.730282 0.491696 0.729873 0.491696 0.729056 0.491948 0.728647 0.492451 0.728647 0.492451 0.728239 0.492703 0.72783 0.492954 0.72783 0.493206 0.727421 0.493457 0.727421 0.493709 0.727013 0.493961 0.727421 0.494464 0.727421 0.494716 0.72783 0.494967 0.72783 0.495219 0.728239 0.495722 0.728239 0.495974 0.728647 0.496477 0.728647 0.496729 0.729056 0.497232 0.729056 0.497484 0.729465 0.497987 0.729465 0.498239 0.729873 0.498742 0.729873 0.498993 0.730282 0.499497 0.730282 0.499748 0.730691 0.5 0.730691 0.500252 0.731099 0.500755 0.731099 0.501007 0.731508 0.50151 0.731508 0.501761 0.731917 0.502265 0.731917 0.502516 0.732325 0.50302 0.732325 0.503271 0.732734 0.503775 0.732734 0.504026 0.733143 0.504529 0.733143 0.504781 0.733551 0.505284 0.733551 0.505536 0.73396 0.505788 0.73396 0.506039 0.734369 0.506543 0.734369 0.506794 0.734777 0.507297 0.734777 0.507549 0.735186 0.508052 0.735186 0.508304 0.735595 0.508807 0.735595 0.509059 0.736003 0.509562 0.736003 0.509814 0.736412 0.510317 0.736412 0.510569 0.736821 0.511072 0.736821 0.511324 0.737229 0.511575 0.737229 0.511827 0.737638 0.51233 0.737638 0.512582 0.738047 0.513085 0.738047 0.513337 0.738455 0.51384 0.738455 0.514092 0.738864 0.514595 0.738864 0.514847 0.739273 0.51535 0.739273 0.515601 0.739681 0.516105 0.739681 0.51686 0.740907 0.51686 0.741316 0.517111 0.741725 0.517363 0.741725 0.517614 0.742133 0.517614 0.742542 0.518118 0.743359 0.517866 0.743768 0.518118 0.744177 0.518118 0.745811 0.517866 0.74622 0.517866 0.747037 0.517614 0.747446 0.517614 0.748263 0.517363 0.748672 0.517363 0.749489 0.517111 0.749898 0.517111 0.750715 0.51686 0.751124 0.51686 0.751532 0.516608 0.751941 0.516608 0.752758 0.516356 0.753167 0.516356 0.753984 0.516105 0.754393 0.516105 0.75521 0.515853 0.755619 0.515853 0.756436 0.515601 0.756845 0.515601 0.757662 0.51535 0.758071 0.51535 0.758888 0.515098 0.759297 0.515098 0.760114 0.51535 0.760114 0.515601 0.760523 0.516105 0.760523 0.516356 0.760932 0.51686 0.760932 0.517111 0.76134 0.517614 0.76134 0.517866 0.761749 0.518369 0.761749 0.518621 0.762158 0.519124 0.762158 0.519376 0.762566 0.519628 0.762566 0.519879 0.762975 0.520382 0.762975 0.520634 0.763384 0.521137 0.763384 0.521389 0.763792 0.521892 0.763792 0.522144 0.764201 0.522647 0.764201 0.522899 0.76461 0.523402 0.76461 0.523654 0.765018 0.524157 0.765018 0.524409 0.765427 0.524912 0.765427 0.525164 0.765836 0.525415 0.765836 0.525667 0.766244 0.52617 0.766244 0.526422 0.766653 0.526925 0.766653 0.527177 0.767062 0.52768 0.767062 0.527932 0.76747 0.528435 0.76747 0.528686 0.767879 0.52919 0.767879 0.529441 0.768288 0.529945 0.768288 0.530196 0.768696 0.5307 0.768696 0.530951 0.769105 0.531203 0.769105 0.531454 0.769514 0.531958 0.769514 0.532209 0.769922 0.532713 0.769922 0.532964 0.770331 0.533468 0.770331 0.533719 0.77074 0.534977 0.77074 0.535229 0.771148 0.535732 0.771148 0.535984 0.771557 0.536487 0.771557 0.536739 0.771966 0.537242 0.771966 0.537494 0.772374 0.537745 0.772374 0.537997 0.772783 0.5385 0.772783 0.538752 0.773192 0.539255 0.773192 0.539507 0.7736 0.54001 0.7736 0.540262 0.774009 0.540765 0.774009 0.541017 0.774418 0.54152 0.774418 0.541772 0.774826 0.542275 0.774826 0.542526 0.775235 0.542778 0.775235 0.54303 0.775644 0.543533 0.775644 0.543785 0.776052 0.544288 0.776052 0.54454 0.776461 0.545043 0.776461 0.545294 0.77687 0.545798 0.77687 0.546049 0.777278 0.546553 0.777278 0.546804 0.777687 0.547307 0.777687 0.547559 0.778096 0.548062 0.778096 0.548314 0.778504 0.548566 0.778504 0.548817 0.778913 0.549321 0.778913 0.549572 0.779322 0.550075 0.779322 0.550327 0.77973 0.55083 0.77973 0.551082 0.780139 0.551585 0.780139 0.551837 0.780548 0.55234 0.780548 0.552592 0.780956 0.553095 0.780956 0.553347 0.781365 0.55385 0.781365 0.554102 0.781774 0.554353 0.781365 0.554605 0.781365 0.55536 0.782591 0.555863 0.782591 0.556115 0.783 0.556618 0.783 0.55687 0.783408 0.557373 0.783408 0.557625 0.783817 0.558128 0.783817 0.558379 0.784226 0.558883 0.784226 0.559134 0.784634 0.559386 0.784634 0.559638 0.785043 0.560141 0.785043 0.560393 0.785452 0.560896 0.785452 0.561147 0.78586 0.561651 0.78586 0.561902 0.786269 0.562406 0.786269 0.562657 0.786678 0.563161 0.786678 0.563412 0.787086 0.563915 0.787086 0.564167 0.787495 0.56467 0.787495 0.564922 0.787904 0.565174 0.787904 0.565425 0.788312 0.565929 0.788312 0.56618 0.788721 0.566683 0.788721 0.566935 0.78913 0.567438 0.78913 0.56769 0.789538 0.568193 0.789538 0.568445 0.789947 0.568948 0.789947 0.5692 0.790356 0.569451 0.789947 0.569703 0.789947 0.569955 0.790356 0.570458 0.790356 0.570458 0.78913 0.57071 0.788721 0.57071 0.788312 0.571213 0.787495 0.571213 0.787086 0.571465 0.786678 0.571465 0.78586 0.571716 0.785452 0.571716 0.783408 0.571968 0.783 0.572219 0.783 0.572219 0.782182 0.572471 0.781774 0.572471 0.781365 0.572723 0.780956 0.572723 0.780139 0.572974 0.77973 0.572974 0.778913 0.573226 0.778504 0.573226 0.777687 0.573478 0.777278 0.573478 0.776461 0.573729 0.776052 0.573729 0.775644 0.574233 0.774826 0.574484 0.775235 0.574987 0.775235 0.575239 0.775644 0.575491 0.775235 0.575491 0.774418 0.575742 0.774009 0.575994 0.774009 0.576246 0.774418 0.576749 0.774418 0.577001 0.774826 0.577252 0.774826 0.577504 0.775235 0.578007 0.775235 0.578259 0.775644 0.578762 0.775644 0.579014 0.776052 0.579517 0.776052 0.579768 0.776461 0.580272 0.776461 0.580523 0.77687 0.581027 0.77687 0.581278 0.777278 0.581782 0.777278 0.582033 0.777687 0.582285 0.777687 0.582536 0.778096 0.58304 0.778096 0.583291 0.778504 0.583795 0.778504 0.584046 0.778913 0.58455 0.778913 0.584801 0.779322 0.585304 0.779322 0.585556 0.77973 0.586059 0.77973 0.586311 0.780139 0.586814 0.780139 0.587066 0.780548 0.587569 0.780548 0.587821 0.780956 0.588072 0.780956 0.588324 0.781365 0.588324 0.781774 0.588827 0.781774 0.589079 0.782182 0.589582 0.782182 0.589834 0.782591 0.590337 0.782591 0.590589 0.783 0.591092 0.783 0.591344 0.783408 0.591847 0.783408 0.592099 0.783817 0.59235 0.783817 0.592602 0.784226 0.593105 0.784226 0.593357 0.784634 0.59386 0.784634 0.594112 0.785043 0.594615 0.785043 0.594867 0.785452 0.59537 0.785452 0.595622 0.78586 0.596125 0.78586 0.596376 0.786269 0.59688 0.786269 0.597131 0.786678 0.597635 0.786678 0.597886 0.787086 0.598138 0.787086 0.59839 0.787495 0.598893 0.787495 0.599144 0.787904 0.599144 0.788312 0.600403 0.788312 0.600654 0.788721 0.600906 0.788721 0.601409 0.789538 0.601661 0.78913 0.601912 0.78913 0.602164 0.789538 0.602164 0.789947 0.602667 0.789947 0.602919 0.790356 0.603171 0.790356 0.603422 0.790764 0.604177 0.790764 0.604429 0.791173 0.60468 0.791173 0.604932 0.791582 0.605435 0.791582 0.605687 0.79199 0.605939 0.79199 0.60619 0.791582 0.606442 0.79199 0.606442 0.792399 0.607197 0.792399 0.607448 0.792808 0.6077 0.792808 0.607952 0.793216 0.608203 0.793216 0.608455 0.793625 0.608707 0.793625 0.608958 0.793216 0.60921 0.793625 0.60921 0.794034 0.609461 0.794034 0.609713 0.793625 0.609965 0.794034 0.610468 0.794034 0.61072 0.794442 0.611223 0.794442 0.611475 0.794851 0.611978 0.794851 0.612229 0.79526 0.612733 0.79526 0.612984 0.795668 0.613488 0.795668 0.613739 0.796077 0.614997 0.796077 0.615249 0.796485 0.615752 0.796485 0.616004 0.796894 0.616256 0.796894 0.616507 0.797303 0.617011 0.797303 0.617262 0.797711 0.617765 0.797711 0.618017 0.79812 0.61852 0.79812 0.618772 0.798529 0.619275 0.798529 0.619527 0.798937 0.62003 0.798937 0.620282 0.799346 0.620785 0.799346 0.621037 0.799755 0.621288 0.799755 0.62154 0.800163 0.622043 0.800163 0.622547 0.800981 0.622798 0.800981 0.62305 0.801389 0.623553 0.801389 0.623805 0.801798 0.624308 0.801798 0.62456 0.802207 0.625063 0.802207 0.625315 0.802615 0.625818 0.802615 0.626069 0.803024 0.626321 0.803024 0.626573 0.803433 0.626824 0.803024 0.627076 0.803024 0.627328 0.803433 0.627831 0.803433 0.628083 0.803841 0.628586 0.803841 0.628837 0.80425 0.629341 0.80425 0.629592 0.804659 0.630096 0.804659 0.630347 0.805067 0.630851 0.805067 0.631102 0.805476 0.631605 0.805476 0.631857 0.805885 0.63236 0.805885 0.632612 0.806293 0.632864 0.805885 0.633115 0.805885 0.633367 0.806293 0.633115 0.806702 0.633619 0.806702 0.63387 0.807111 0.634373 0.807111 0.634625 0.807519 0.635128 0.807519 0.63538 0.807928 0.635632 0.807519 0.635883 0.807519 0.636135 0.807928 0.636638 0.807111 0.63689 0.807111 0.637141 0.806702 0.637141 0.806293 0.637393 0.805885 0.637141 0.805476 0.637141 0.805067 0.637393 0.804659 0.637393 0.803841 0.637645 0.803433 0.637645 0.802615 0.637896 0.802207 0.637896 0.801798 0.638148 0.801389 0.6384 0.801389 0.6384 0.799346 0.638651 0.798937 0.638651 0.798529 0.639155 0.797711 0.639406 0.797711 0.640161 0.796485 0.640161 0.796077 0.640413 0.795668 0.640413 0.794851 0.640664 0.794442 0.640664 0.793625 0.640916 0.793216 0.640916 0.792399 0.641168 0.79199 0.641168 0.791173 0.641419 0.790764 0.641419 0.790356 0.641671 0.789947 0.641671 0.78913 0.641922 0.788721 0.641922 0.787904 0.642174 0.787495 0.642174 0.786678 0.642426 0.786269 0.642426 0.785452 0.642677 0.785043 0.642677 0.784226 0.643432 0.783 0.643432 0.782182 0.643684 0.781774 0.643684 0.780956 0.643936 0.780548 0.643936 0.77973 0.644187 0.779322 0.644187 0.778504 0.644439 0.778096 0.644439 0.777278 0.64469 0.77687 0.64469 0.776052 0.644942 0.775644 0.644942 0.774826 0.645194 0.774418 0.645194 0.774009 0.645445 0.7736 0.645445 0.772783 0.645697 0.772374 0.645697 0.771557 0.645949 0.771148 0.645949 0.770331 0.6462 0.769922 0.6462 0.769105 0.646704 0.768288 0.646704 0.767879 0.646955 0.76747 0.646955 0.767062 0.647207 0.766653 0.647207 0.765836 0.647458 0.765427 0.647458 0.76461 0.64771 0.764201 0.64771 0.763384 0.647962 0.762975 0.647962 0.762566 0.64771 0.762158 0.647962 0.761749 0.648213 0.761749 0.648465 0.76134 0.64922 0.76134 0.649472 0.761749 0.649723 0.761749 0.649975 0.762158 0.650478 0.762158 0.65073 0.762566 0.651233 0.762566 0.651485 0.762975 0.652743 0.762975 0.652994 0.763384 0.653246 0.763384 0.653749 0.764201 0.654001 0.763792 0.654253 0.763792 0.654504 0.764201 0.655008 0.764201 0.655259 0.76461 0.655762 0.76461 0.656014 0.765018 0.656266 0.765018 0.656517 0.765427 0.656517 0.765836 0.657021 0.765836 0.657272 0.766244 0.657524 0.765836 0.657776 0.765836 0.658027 0.766244 0.658279 0.766244 0.65853 0.765836 0.658782 0.766244 0.659285 0.766244 0.659537 0.766653 0.659789 0.766653 0.66004 0.766244 0.66004 0.765427 0.660292 0.765018 0.660292 0.764201 0.660544 0.763792 0.660544 0.762975 0.660795 0.762566 0.660795 0.762158 0.661047 0.761749 0.661047 0.760932 0.661298 0.760523 0.661298 0.759706 0.66155 0.759297 0.66155 0.75848 0.661802 0.758071 0.661802 0.757254 0.662053 0.756845 0.662053 0.756028 0.662305 0.755619 0.662305 0.754802 0.662557 0.754393 0.662557 0.753576 0.662808 0.753167 0.662808 0.752758 0.66306 0.75235 0.66306 0.751532 0.663312 0.751124 0.663312 0.750306 0.663563 0.749898 0.663563 0.749081 0.663815 0.748672 0.663815 0.747855 0.664066 0.747446 0.664066 0.746629 0.664318 0.74622 0.664318 0.745403 0.66457 0.744994 0.66457 0.744585 0.664821 0.744177 0.664821 0.743359 0.665073 0.742951 0.665073 0.742133 0.665325 0.741725 0.665325 0.740907 0.665576 0.740499 0.665576 0.739681 0.665828 0.739273 0.665828 0.738455 0.66608 0.738047 0.66608 0.737229 0.666331 0.736821 0.666331 0.736003 0.666583 0.735595 0.666583 0.735186 0.666834 0.734777 0.666834 0.73396 0.667086 0.733551 0.667086 0.732734 0.667338 0.732325 0.667338 0.731508 0.667589 0.731099 0.667589 0.730282 0.667841 0.729873 0.667841 0.729056 0.668093 0.728647 0.668093 0.72783 0.668344 0.727421 0.668344 0.726604 0.668596 0.726195 0.668596 0.725787 0.668848 0.725378 0.668848 0.724561 0.669099 0.724152 0.669099 0.723335 0.669351 0.722926 0.669351 0.722109 0.669602 0.7217 0.669602 0.720883 0.669854 0.720474 0.669854 0.719657 0.670106 0.719248 0.670106 0.718431 0.670357 0.718022 0.670357 0.717205 0.670609 0.716796 0.670609 0.716387 0.670861 0.715979 0.670861 0.715161 0.671112 0.714753 0.671112 0.713935 0.671364 0.713527 0.671364 0.712709 0.671616 0.712301 0.671616 0.711483 0.671867 0.711075 0.671867 0.710257 0.672119 0.709849 0.672119 0.709031 0.67237 0.708623 0.67237 0.708214 0.672622 0.707805 0.672622 0.706988 0.672874 0.706579 0.672874 0.705762 0.673125 0.705353 0.673125 0.704536 0.673377 0.704128 0.673377 0.70331 0.673629 0.702902 0.673629 0.702084 0.67388 0.701676 0.67388 0.700858 0.674132 0.70045 0.674132 0.699632 0.674383 0.699224 0.674383 0.698815 0.674635 0.698406 0.674635 0.697589 0.674887 0.69718 0.674887 0.696363 0.675138 0.695954 0.675138 0.695137 0.67539 0.694728 0.67539 0.693911 0.675642 0.693502 0.675642 0.692685 0.675893 0.692276 0.675893 0.691459 0.676145 0.69105 0.676145 0.690233 0.676397 0.689824 0.676397 0.689416 0.676648 0.689007 0.676648 0.68819 0.6769 0.687781 0.6769 0.686964 0.677151 0.686555 0.677151 0.685738 0.677403 0.685329 0.677403 0.684512 0.677655 0.684103 0.677655 0.683286 0.677906 0.682877 0.677906 0.68206 0.678158 0.681651 0.678158 0.681242 0.67841 0.680834 0.67841 0.680016 0.678661 0.679608 0.678661 0.67879 0.678913 0.678382 0.678913 0.677973 0.678661 0.677564 0.678913 0.677156 0.678913 0.676747 0.678661 0.676338 0.678158 0.676338 0.677906 0.67593 0.677403 0.67593 0.677151 0.675521 0.676648 0.675521 0.676397 0.675112 0.675893 0.675112 0.675642 0.674704 0.67539 0.674704 0.675138 0.674295 0.674887 0.674295 0.674383 0.673478 0.673125 0.673478 0.672874 0.673069 0.67237 0.673069 0.672119 0.67266 0.671616 0.67266 0.671364 0.672252 0.670861 0.672252 0.670609 0.671843 0.670106 0.671843 0.669854 0.671434 0.669602 0.671434 0.669351 0.671026 0.668848 0.671026 0.668596 0.670617 0.668596 0.670208 0.668093 0.670208 0.667841 0.6698 0.667841 0.669391 0.668093 0.668982 0.668093 0.668165 0.668344 0.667756 0.668344 0.667348 0.668596 0.666939 0.668596 0.666122 0.668848 0.665713 0.668848 0.664896 0.669099 0.664487 0.669099 0.66367 0.669351 0.663261 0.669351 0.662444 0.669602 0.662035 0.669602 0.661218 0.669854 0.660809 0.669854 0.659992 0.670106 0.659583 0.670106 0.658766 0.670357 0.658357 0.670357 0.657949 0.670609 0.65754 0.670609 0.656723 0.670861 0.656314 0.670861 0.655497 0.671112 0.655088 0.671112 0.654271 0.671364 0.653862 0.671364 0.653045 0.671616 0.652636 0.671616 0.651819 0.671867 0.65141 0.671867 0.650593 0.672119 0.650184 0.672119 0.649775 0.67237 0.649367 0.672622 0.649367 0.672874 0.648958 0.673125 0.648958 0.673377 0.649367 0.67388 0.649367 0.674132 0.649775 0.674383 0.649367 0.674887 0.649367 0.674887 0.648958 0.675138 0.648549 0.675138 0.648141 0.67539 0.647732 0.675642 0.647732 0.676397 0.646506 0.676648 0.646915 0.677151 0.646915 0.677403 0.647323 0.677906 0.647323 0.678158 0.647732 0.678661 0.647732 0.678913 0.648141 0.679165 0.648141 0.679416 0.648549 0.679919 0.648549 0.680171 0.648958 0.680674 0.648958 0.680926 0.649367 0.681178 0.649367 0.681429 0.648958 0.681681 0.649367 0.681933 0.649367 0.681933 0.648958 0.682436 0.648141 0.682687 0.648141 0.682687 0.647732 0.682939 0.647323 0.683191 0.647323 0.683191 0.646915 0.683694 0.646097 0.683694 0.64528 0.683946 0.644871 0.683946 0.644054 0.684197 0.643645 0.684197 0.642828 0.684449 0.642419 0.684449 0.641602 0.685204 0.640376 0.685204 0.639559 0.685455 0.63915 0.685455 0.638333 0.685707 0.637924 0.685707 0.637515 0.68621 0.636698 0.68621 0.635881 0.686462 0.635472 0.686462 0.635063 0.686714 0.634655 0.686714 0.633837 0.686965 0.633429 0.686965 0.632611 0.687217 0.632203 0.687217 0.631385 0.687469 0.630977 0.687469 0.628933 0.68772 0.628525 0.68772 0.627707 0.687972 0.627299 0.68772 0.62689 0.68772 0.626481 0.687972 0.626073 0.687972 0.625255 0.688223 0.624847 0.688223 0.624029 0.688475 0.623621 0.688475 0.623212 0.688727 0.622803 0.688727 0.621986 0.688978 0.621577 0.688978 0.618717 0.688727 0.618308 0.688978 0.617899 0.688727 0.617491 0.688727 0.617082 0.688475 0.616673 0.688223 0.616673 0.687972 0.616265 0.68772 0.616265 0.687217 0.615447 0.686714 0.615447 0.686462 0.615039 0.68621 0.615039 0.685959 0.61463 0.685455 0.61463 0.685204 0.614221 0.684701 0.614221 0.684449 0.613813 0.683946 0.613813 0.683191 0.612587 0.683191 0.610544 0.683442 0.610135 0.683191 0.609726 0.683191 0.609318 0.682939 0.609318 0.682687 0.608909 0.682184 0.608909 0.681933 0.6085 0.681933 0.608092 0.681681 0.608092 0.681429 0.607683 0.681429 0.607274 0.681681 0.606866 0.681681 0.606457 0.681933 0.606048 0.681933 0.605231 0.682184 0.604822 0.682184 0.604005 0.682436 0.603596 0.682436 0.602779 0.682687 0.60237 0.682687 0.601553 0.682939 0.601144 0.682939 0.600327 0.683191 0.599918 0.683191 0.599101 0.683946 0.597875 0.683946 0.597058 0.684197 0.596649 0.684197 0.595832 0.684449 0.595423 0.684449 0.594606 0.684701 0.594197 0.684701 0.59338 0.684952 0.592971 0.684952 0.592154 0.685455 0.591336 0.685707 0.591336 0.685959 0.590928 0.68621 0.591336 0.686714 0.591336 0.686965 0.591745 0.687217 0.591336 0.687972 0.591336 0.687972 0.590519 0.688223 0.59011 0.688475 0.59011 0.688978 0.589293 0.68923 0.589293 0.689482 0.589702 0.689985 0.589702 0.690237 0.59011 0.690488 0.59011 0.690991 0.590928 0.691243 0.590928 0.691495 0.591336 0.691998 0.591336 0.69225 0.591745 0.693508 0.591745 0.693759 0.592154 0.694011 0.592154 0.694263 0.591745 0.694514 0.592154 0.694766 0.592154 0.694766 0.591745 0.695269 0.590928 0.695521 0.590928 0.695521 0.59011 0.695773 0.589702 0.695773 0.588884 0.696024 0.588476 0.696276 0.588476 0.696276 0.588067 0.696779 0.58725 0.696779 0.586841 0.697031 0.586432 0.697031 0.585615 0.697282 0.585206 0.697282 0.584389 0.697534 0.58398 0.697534 0.583163 0.697786 0.582754 0.697786 0.581937 0.698037 0.581528 0.698037 0.58112 0.698289 0.580711 0.698289 0.579894 0.698541 0.579485 0.698541 0.578668 0.698792 0.578259 0.698792 0.577442 0.699044 0.577033 0.699044 0.576216 0.699295 0.575807 0.699295 0.57499 0.699547 0.574581 0.699547 0.573764 0.699799 0.573355 0.699799 0.572538 0.70005 0.572129 0.70005 0.57172 0.700302 0.571312 0.700302 0.570494 0.700554 0.570086 0.700554 0.569268 0.700805 0.56886 0.700805 0.568043 0.701057 0.567634 0.701057 0.566817 0.701309 0.566408 0.701309 0.565591 0.70156 0.565182 0.70156 0.561913 0.701812 0.561504 0.70156 0.561095 0.70156 0.559461 0.701309 0.559461 0.700805 0.558643 0.700302 0.558643 0.70005 0.558235 0.699547 0.558235 0.699295 0.557826 0.699044 0.557826 0.698792 0.557417 0.698289 0.557417 0.698037 0.557009 0.697534 0.557009 0.697282 0.5566 0.696779 0.5566 0.696276 0.555783 0.696024 0.555783 0.695773 0.555374 0.696024 0.554965 0.695773 0.554557 0.695773 0.554148 0.696024 0.553739 0.696024 0.552922 0.696276 0.552513 0.696276 0.552105 0.696024 0.551696 0.696276 0.551287 0.696024 0.550879 0.695773 0.550879 0.695521 0.55047 0.695018 0.55047 0.694263 0.549244 0.694263 0.548835 0.694514 0.548427 0.694514 0.547609 0.694766 0.547201 0.694766 0.546383 0.695018 0.545975 0.695018 0.545157 0.695269 0.544749 0.695269 0.54434 0.695521 0.543931 0.695521 0.543114 0.695773 0.542705 0.695773 0.541888 0.696024 0.541479 0.696024 0.540662 0.696276 0.540253 0.696276 0.539436 0.696527 0.539027 0.696527 0.53821 0.696779 0.537801 0.696779 0.536984 0.697031 0.536575 0.697031 0.535758 0.697282 0.535349 0.697282 0.534941 0.697534 0.534532 0.697534 0.533715 0.697786 0.533306 0.698037 0.533306 0.698289 0.533715 0.698792 0.533715 0.699044 0.534123 0.699295 0.534123 0.699547 0.533715 0.70005 0.533715 0.70005 0.532897 0.700554 0.53208 0.700805 0.53208 0.701057 0.531671 0.701309 0.531671 0.70156 0.53208 0.702063 0.53208 0.702315 0.532489 0.702818 0.532489 0.70307 0.532897 0.703573 0.532897 0.703825 0.533306 0.704328 0.533306 0.70458 0.533715 0.704831 0.533715 0.705083 0.534123 0.705586 0.534123 0.705838 0.534532 0.70609 0.534532 0.706341 0.534123 0.706593 0.534532 0.706844 0.534532 0.707096 0.534123 0.707096 0.533715 0.707348 0.533306 0.707599 0.533306 0.707599 0.532897 0.707851 0.532489 0.708103 0.532489 0.708103 0.531671 0.708354 0.531263 0.708354 0.530445 0.708606 0.530037 0.708606 0.529219 0.709109 0.528402 0.709109 0.527993 0.709361 0.527585 0.709612 0.527585 0.709612 0.527176 0.709864 0.526767 0.709864 0.52595 0.710116 0.525541 0.710116 0.524724 0.710367 0.524315 0.710367 0.523498 0.710619 0.523089 0.710619 0.522272 0.710871 0.521864 0.710871 0.521046 0.711122 0.520638 0.711122 0.51982 0.711374 0.519412 0.711374 0.518594 0.711626 0.518186 0.711626 0.517777 0.711877 0.517368 0.711877 0.516551 0.712129 0.516142 0.712129 0.515325 0.71238 0.514916 0.71238 0.514099 0.712632 0.51369 0.712632 0.512873 0.712884 0.512464 0.712884 0.511647 0.713135 0.511238 0.713135 0.510421 0.713387 0.510012 0.713387 0.506743 0.713639 0.506334 0.713639 0.505926 0.71389 0.505517 0.71389 0.5047 0.714142 0.504291 0.714142 0.503882 0.713639 0.503065 0.71389 0.502656 0.71389 0.502248 0.714142 0.501839 0.713135 0.501839 0.712884 0.50143 0.71238 0.50143 0.712129 0.501022 0.712129 0.500613 0.711877 0.500613 0.711626 0.500204 0.711122 0.500204 0.710871 0.499796 0.710367 0.499796 0.710116 0.499387 0.708858 0.499387 0.708354 0.49857 0.708103 0.49857 0.707851 0.498161 0.707851 0.496526 0.708103 0.496118 0.708103 0.495709 0.708354 0.4953 0.708354 0.494483 0.708606 0.494074 0.708606 0.493257 0.708354 0.492848 0.708103 0.492848 0.707851 0.49244 0.707348 0.49244 0.706593 0.491214 0.706844 0.490805 0.706844 0.490396 0.707096 0.489988 0.707096 0.48917 0.707348 0.488762 0.707348 0.487944 0.707599 0.487536 0.707599 0.486718 0.707851 0.48631 0.707851 0.485492 0.708103 0.485084 0.708103 0.484266 0.708354 0.483858 0.708354 0.48304 0.708606 0.482632 0.708606 0.481814 0.708858 0.481406 0.708858 0.480997 0.709109 0.480588 0.709109 0.479771 0.709361 0.479362 0.709361 0.478545 0.709612 0.478136 0.709612 0.477319 0.709864 0.476911 0.709864 0.476093 0.710116 0.475685 0.710116 0.474867 0.710367 0.474459 0.710367 0.473641 0.710619 0.473233 0.710619 0.472415 0.710871 0.472007 0.710871 0.471598 0.711122 0.471189 0.711122 0.470372 0.711374 0.469963 0.711374 0.469146 0.711626 0.468737 0.711626 0.46792 0.711877 0.467511 0.711877 0.466694 0.712129 0.466285 0.712129 0.465468 0.71238 0.465059 0.71238 0.464242 0.712632 0.463833 0.712632 0.463425 0.712884 0.463016 0.712884 0.462199 0.713135 0.46179 0.713135 0.460973 0.713387 0.460564 0.713387 0.459747 0.713639 0.459338 0.713639 0.458521 0.71389 0.458112 0.71389 0.457295 0.714142 0.456886 0.714142 0.456069 0.714394 0.45566 0.714394 0.454843 0.714645 0.454434 0.714645 0.454025 0.714897 0.453617 0.714897 0.452799 0.715148 0.452391 0.715148 0.451573 0.7154 0.451165 0.7154 0.450347 0.715652 0.449939 0.715652 0.449121 0.715903 0.448713 0.715903 0.447895 0.716155 0.447487 0.716155 0.446669 0.716407 0.446261 0.716407 0.445443 0.716658 0.445035 0.716658 0.444626 0.71691 0.444217 0.71691 0.4434 0.717162 0.442991 0.717162 0.442174 0.717413 0.441765 0.717413 0.440948 0.717665 0.440539 0.717665 0.439722 0.717916 0.439313 0.717916 0.438496 0.718168 0.438087 0.718168 0.43727 0.71842 0.436861 0.71842 0.436453 0.718671 0.436044 0.718671 0.435227 0.718923 0.434818 0.718923 0.434001 0.719175 0.433592 0.719175 0.432775 0.719426 0.432366 0.719426 0.431549 0.719678 0.43114 0.719678 0.430323 0.71993 0.429914 0.71993 0.429097 0.720181 0.428688 0.720181 0.427871 0.720433 0.427462 0.720433 0.427054 0.720684 0.426645 0.720684 0.425828 0.720936 0.425419 0.720936 0.424602 0.721188 0.424193 0.721188 0.423376 0.721439 0.422967 0.721439 0.42215 0.721691 0.421741 0.721691 0.420924 0.721943 0.420515 0.721943 0.419698 0.722194 0.419289 0.722194 0.418472 0.722446 0.418063 0.722698 0.418063 0.722698 0.417654 0.722949 0.417246 0.722949 0.415202 0.723201 0.414794 0.723201 0.413976 0.723452 0.413568 0.723452 0.41275 0.723704 0.412342 0.723704 0.411524 0.723956 0.411116 0.723956 0.410298 0.724207 0.40989 0.724207 0.409481 0.724459 0.409072 0.724459 0.408255 0.724711 0.407846 0.724711 0.407029 0.724962 0.40662 0.724962 0.405803 0.725214 0.405394 0.725214 0.404577 0.725466 0.404168 0.725466 0.403351 0.725717 0.402942 0.725717 0.402125 0.725969 0.401716 0.725969 0.400899 0.72622 0.40049 0.72622 0.400082 0.726472 0.399673 0.726472 0.398856 0.726724 0.398447 0.726724 0.39763 0.726975 0.397221 0.726975 0.396404 0.727227 0.395995 0.727227 0.395178 0.727479 0.394769 0.727479 0.393952 0.72773 0.393543 0.72773 0.392726 0.727982 0.392317 0.727982 0.3915 0.728234 0.391091 0.728234 0.390682 0.728485 0.390274 0.728485 0.389456 0.728737 0.389048 0.728737 0.38823 0.728988 0.387822 0.728988 0.387004 0.72924 0.386596 0.72924 0.385779 0.729492 0.38537 0.729492 0.384553 0.729743 0.384144 0.729743 0.383327 0.729995 0.382918 0.729995 0.382509 0.730247 0.382101 0.730247 0.381283 0.730498 0.380875 0.730498 0.380057 0.73075 0.379649 0.73075 0.378831 0.731002 0.378423 0.731002 0.377605 0.731253 0.377197 0.731253 0.376379 0.731505 0.375971 0.731505 0.375153 0.731756 0.374745 0.731756 0.373927 0.732008 0.373519 0.732008 0.37311 0.73226 0.372701 0.73226 0.371884 0.732511 0.371475 0.732511 0.370658 0.732763 0.370249 0.732763 0.369432 0.733015 0.369023 0.733015 0.368206 0.733266 0.367797 0.733266 0.36698 0.733518 0.366571 0.733518 0.365754 0.73377 0.365345 0.73377 0.364528 0.734021 0.364119 0.734021 0.363711 0.734273 0.363302 0.734524 0.363302 0.734524 0.361259 0.735028 0.360441 0.735028 0.360033 0.735279 0.359624 0.735279 0.358807 0.735531 0.358398 0.735531 0.357581 0.736286 0.356355 0.736286 0.354311 0.736537 0.353903 0.736537 0.351859 0.736789 0.351451 0.736789 0.350633 0.737041 0.350225 0.737041 0.349407 0.737292 0.348999 0.737292 0.348181 0.737544 0.347773 0.737544 0.347364 0.737796 0.346955 0.738047 0.346955 0.738047 0.346138 0.738299 0.345729 0.738299 0.344912 0.738551 0.344503 0.738551 0.343686 0.738802 0.343277 0.738802 0.34246 0.739054 0.342051 0.739054 0.341234 0.739305 0.340826 0.739305 0.340008 0.739557 0.3396 0.739557 0.338782 0.739809 0.338374 0.739809 0.337965 0.74006 0.337556 0.74006 0.336739 0.740312 0.33633 0.740312 0.335513 0.740564 0.335104 0.740564 0.334696 0.741067 0.333878 0.741067 0.330609 0.740815 0.3302 0.740312 0.3302 0.74006 0.329792 0.739557 0.329792 0.739305 0.329383 0.738802 0.329383 0.738551 0.328974 0.738047 0.328974 0.737796 0.328566 0.737292 0.328566 0.737041 0.328157 0.736537 0.328157 0.736286 0.327748 0.735783 0.327748 0.735531 0.32734 0.735279 0.32734 0.735028 0.326931 0.734524 0.326931 0.734273 0.326522 0.73377 0.326522 0.733518 0.326114 0.733015 0.326114 0.732763 0.325705 0.73226 0.325705 0.732008 0.325296 0.731505 0.325296 0.731253 0.324888 0.73075 0.324888 0.730498 0.324479 0.730247 0.324479 0.729995 0.32407 0.729492 0.32407 0.72924 0.323662 0.728737 0.323662 0.728485 0.323253 0.727982 0.323253 0.72773 0.322844 0.727227 0.322844 0.726975 0.322436 0.726472 0.322436 0.72622 0.322027 0.725717 0.322027 0.725466 0.321618 0.724962 0.321618 0.724711 0.32121 0.724459 0.32121 0.724207 0.320801 0.723704 0.320801 0.723452 0.320392 0.722949 0.320392 0.722698 0.319984 0.722194 0.319984 0.721943 0.319575 0.721439 0.319575 0.721188 0.319166 0.720684 0.319166 0.720433 0.318758 0.720433 0.318349 0.720181 0.318349 0.71993 0.31794 0.719426 0.31794 0.719175 0.317532 0.718671 0.317532 0.71842 0.317123 0.717916 0.317123 0.717665 0.316714 0.717162 0.316714 0.71691 0.316306 0.716407 0.316306 0.716155 0.315897 0.715652 0.315897 0.7154 0.315488 0.714897 0.315488 0.714645 0.31508 0.714394 0.31508 0.71389 0.314262 0.713639 0.314262 0.713387 0.313854 0.712884 0.313854 0.712632 0.313445 0.712129 0.313445 0.711877 0.313036 0.711374 0.313036 0.711122 0.312628 0.710619 0.312628 0.710367 0.312219 0.710116 0.312219 0.709864 0.31181 0.709361 0.31181 0.709109 0.311402 0.708606 0.311402 0.708354 0.310993 0.707851 0.310993 0.707599 0.310584 0.707096 0.310584 0.706844 0.310176 0.706341 0.310176 0.70609 0.309767 0.705586 0.309767 0.705335 0.309358 0.704831 0.309358 0.70458 0.30895 0.704076 0.30895 0.703825 0.308541 0.703573 0.308541 0.703322 0.308132 0.702818 0.308132 0.702567 0.307724 0.702063 0.307724 0.701812 0.307315 0.70156 0.307315 0.701057 0.306498 0.701057 0.306089 0.701309 0.30568 0.701309 0.303637 0.70156 0.303228 0.701812 0.303228 0.701812 0.30282 0.702315 0.302002 0.702063 0.301594 0.702063 0.301185 0.702315 0.300776 0.702063 0.300776 0.701812 0.300368 0.701309 0.300368 0.701057 0.299959 0.700554 0.299959 0.700302 0.29955 0.699799 0.29955 0.699547 0.299142 0.699044 0.299142 0.698792 0.298733 0.698289 0.298733 0.698037 0.298324 0.697786 0.298324 0.697534 0.297916 0.697031 0.297916 0.696779 0.297507 0.696276 0.297507 0.696024 0.297098 0.695521 0.297098 0.695269 0.29669 0.694766 0.29669 0.694514 0.296281 0.694011 0.296281 0.693759 0.295872 0.693256 0.295872 0.693005 0.295464 0.692501 0.295464 0.69225 0.295055 0.691998 0.295055 0.691746 0.294647 0.691243 0.294647 0.690991 0.294238 0.690488 0.294238 0.690237 0.293829 0.689733 0.293829 0.689482 0.293421 0.688978 0.293421 0.688727 0.293012 0.688223 0.293012 0.687972 0.292603 0.687469 0.292603 0.687217 0.292195 0.686965 0.292195 0.686714 0.291786 0.68621 0.291786 0.685959 0.291377 0.685455 0.291377 0.685204 0.290969 0.684701 0.290969 0.684449 0.29056 0.683946 0.29056 0.683694 0.290151 0.683191 0.290151 0.682939 0.289743 0.682436 0.289743 0.682184 0.289334 0.681681 0.289334 0.681429 0.288925 0.681178 0.288925 0.680926 0.288517 0.680423 0.288517 0.680171 0.288108 0.679668 0.288108 0.679416 0.287699 0.678913 0.287699 0.678661 0.287291 0.678158 0.287291 0.677906 0.286882 0.677403 0.286882 0.677151 0.286473 0.676648 0.286473 0.676397 0.286065 0.675893 0.286065 0.675642 0.285656 0.67539 0.285656 0.675138 0.285247 0.674635 0.285247 0.674383 0.284839 0.67388 0.284839 0.673629 0.28443 0.673125 0.28443 0.672874 0.284021 0.67237 0.284021 0.672119 0.283613 0.671616 0.283613 0.671364 0.283204 0.670861 0.283204 0.670609 0.282795 0.670357 0.282795 0.670106 0.282387 0.669602 0.282387 0.669351 0.281978 0.668848 0.281978 0.668596 0.281569 0.668093 0.281569 0.667841 0.281161 0.667338 0.281161 0.667086 0.280752 0.666583 0.280752 0.666331 0.280343 0.665828 0.280343 0.665576 0.279935 0.665073 0.279935 0.664821 0.279526 0.66457 0.279526 0.664318 0.279117 0.663815 0.279117 0.663563 0.278709 0.66306 0.278709 0.662808 0.2783 0.662305 0.2783 0.662053 0.277891 0.66155 0.277891 0.661298 0.277483 0.660795 0.277483 0.660544 0.277074 0.66004 0.277074 0.659789 0.276665 0.659285 0.276665 0.659034 0.276257 0.658782 0.276257 0.65853 0.275848 0.658027 0.275848 0.657776 0.275439 0.657272 0.275439 0.657021 0.275031 0.656517 0.275031 0.656266 0.274622 0.655762 0.274622 0.655511 0.274213 0.655008 0.274213 0.654756 0.273805 0.654253 0.273805 0.654001 0.273396 0.653498 0.273396 0.653246 0.272987 0.652994 0.272987 0.652743 0.272579 0.65224 0.272579 0.651988 0.27217 0.651485 0.27217 0.651233 0.271761 0.65073 0.271761 0.650478 0.271353 0.649975 0.271353 0.649723 0.270944 0.64922 0.270944 0.648968 0.270535 0.648465 0.270535 0.648213 0.270127 0.647962 0.270127 0.64771 0.269718 0.647207 0.269718 0.646955 0.269309 0.646452 0.269309 0.6462 0.268901 0.645697 0.268901 0.645445 0.268492 0.644942 0.268492 0.64469 0.268083 0.644187 0.268083 0.643936 0.267675 0.643432 0.267675 0.643181 0.267266 0.642677 0.267266 0.642426 0.266857 0.642174 0.266857 0.641922 0.266449 0.641419 0.266449 0.641168 0.26604 0.640664 0.26604 0.640413 0.265631 0.639909 0.265631 0.639658 0.265223 0.639155 0.265223 0.638903 0.264814 0.6384 0.264814 0.638148 0.264405 0.637645 0.264405 0.637393 0.263997 0.63689 0.263997 0.636638 0.263588 0.636387 0.263588 0.636135 0.263179 0.635632 0.263179 0.63538 0.262771 0.634877 0.262771 0.634625 0.262362 0.634122 0.262362 0.63387 0.261953 0.633367 0.261953 0.633115 0.261545 0.632612 0.261545 0.63236 0.261136 0.631857 0.261136 0.631605 0.260727 0.631354 0.260727 0.631102 0.260319 0.630599 0.260319 0.630347 0.25991 0.629844 0.25991 0.629592 0.259501 0.629089 0.259501 0.628837 0.259093 0.628334 0.259093 0.628083 0.258684 0.627579 0.258684 0.627328 0.258275 0.626824 0.258275 0.626573 0.257867 0.626069 0.257867 0.625818 0.257458 0.625566 0.257458 0.625315 0.257049 0.624811 0.257049 0.62456 0.256641 0.624056 0.256641 0.623805 0.256232 0.623301 0.256232 0.62305 0.255823 0.622547 0.255823 0.622295 0.255415 0.621792 0.255415 0.62154 0.255006 0.621037 0.255006 0.620785 0.254597 0.620282 0.254597 0.62003 0.254189 0.619779 0.254189 0.619527 0.25378 0.619024 0.25378 0.618772 0.253371 0.618269 0.253371 0.618017 0.252963 0.617514 0.252963 0.617262 0.252554 0.616759 0.252554 0.616507 0.252145 0.616004 0.252145 0.615752 0.251737 0.615249 0.251737 0.614997 0.251328 0.614746 0.251328 0.614494 0.250919 0.613991 0.250919 0.613739 0.250511 0.613236 0.250511 0.612984 0.250102 0.612481 0.250102 0.612229 0.249694 0.611726 0.249694 0.611475 0.249285 0.610971 0.249285 0.61072 0.248876 0.610216 0.248876 0.609965 0.248468 0.609461 0.248468 0.60921 0.248059 0.608958 0.248059 0.608707 0.24765 0.608203 0.24765 0.607952 0.247242 0.607448 0.247242 0.607197 0.246833 0.606694 0.246833 0.606442 0.246424 0.605939 0.246424 0.605687 0.246016 0.605184 0.246016 0.604932 0.245607 0.604429 0.245607 0.604177 0.245198 0.603674 0.245198 0.603422 0.24479 0.603171 0.24479 0.602919 0.244381 0.602416 0.244381 0.602164 0.243972 0.601661 0.243972 0.601409 0.243564 0.600906 0.243564 0.600654 0.243155 0.600151 0.243155 0.599899 0.242746 0.599396 0.242746 0.599144 0.242338 0.598641 0.242338 0.59839 0.241929 0.598138 0.241929 0.597886 0.24152 0.597383 0.24152 0.597131 0.241112 0.596628 0.241112 0.596376 0.240703 0.595873 0.240703 0.595622 0.240294 0.595118 0.240294 0.594867 0.239886 0.594363 0.239886 0.594112 0.239477 0.593608 0.239477 0.593357 0.239068 0.592854 0.239068 0.592602 0.23866 0.59235 0.23866 0.592099 0.238251 0.591847 0.238251 0.591595 0.23866 0.591595 0.239477 0.591344 0.239886 0.591344 0.240703 0.59084 0.24152 0.590337 0.24152 0.590086 0.241112 0.589582 0.241112 0.589331 0.240703 0.589331 0.240294 0.589079 0.240294 0.588827 0.240703 0.588324 0.240703 0.588072 0.240294 0.587569 0.240294 0.587318 0.239886 0.587066 0.239886 0.586563 0.239068 0.586059 0.239068 0.585808 0.23866 0.585304 0.23866 0.585053 0.238251 0.58455 0.238251 0.584298 0.237842 0.584046 0.237842 0.583795 0.238251 0.58304 0.237025 0.582536 0.237025 0.582285 0.236616 0.581782 0.236616 0.58153 0.236208 0.581027 0.236208 0.580775 0.235799 0.579517 0.235799 0.579265 0.23539 0.578762 0.23539 0.57851 0.234982 0.57851 0.234573 0.578007 0.234573 0.577755 0.234164 0.577504 0.234164 0.577252 0.233756 0.576749 0.233756 0.576497 0.233347 0.575994 0.233347 0.575742 0.232938 0.574484 0.232938 0.573981 0.232121 0.573981 0.231712 0.573729 0.231712 0.573478 0.231304 0.573226 0.231304 0.572974 0.230895 0.572723 0.230895 0.572471 0.231304 0.572219 0.230895 0.571716 0.230895 0.571465 0.230486 0.570961 0.230486 0.57071 0.230078 0.570206 0.230078 0.569955 0.229669 0.569703 0.229669 0.5692 0.228852 0.568697 0.228852 0.568445 0.228443 0.568193 0.228443 0.567942 0.228852 0.56769 0.228443 0.567187 0.228443 0.566935 0.228034 0.566683 0.228034 0.566432 0.227626 0.565929 0.227626 0.565677 0.227217 0.565425 0.227217 0.564922 0.2264 0.563664 0.2264 0.563412 0.225991 0.562909 0.225991 0.562657 0.225582 0.562154 0.225582 0.561902 0.225174 0.561399 0.225174 0.561147 0.224765 0.561147 0.224356 0.560896 0.224356 0.560644 0.223948 0.560393 0.223948 0.560141 0.224356 0.559889 0.223948 0.559386 0.223948 0.559134 0.223539 0.558631 0.223539 0.558379 0.22313 0.557876 0.22313 0.557373 0.222313 0.557121 0.222313 0.55687 0.221904 0.555863 0.221904 0.555611 0.221496 0.555108 0.221496 0.554857 0.221087 0.554353 0.221087 0.554102 0.220678 0.55385 0.220678 0.553347 0.219861 0.552843 0.219861 0.552592 0.219452 0.552089 0.219452 0.551837 0.219044 0.551334 0.219044 0.551082 0.218635 0.55083 0.218635 0.550579 0.218226 0.550075 0.218226 0.549824 0.217818 0.549321 0.217818 0.549069 0.217409 0.548566 0.217409 0.548314 0.217 0.547811 0.217 0.547559 0.216592 0.547056 0.216592 0.546804 0.216183 0.546301 0.216183 0.546049 0.215774 0.545798 0.215774 0.545546 0.215366 0.545043 0.215366 0.544791 0.214957 0.544288 0.214957 0.544036 0.214548 0.543533 0.214548 0.543281 0.21414 0.542778 0.21414 0.542526 0.213731 0.542023 0.213731 0.541772 0.213322 0.541268 0.213322 0.541017 0.212914 0.540513 0.212914 0.540262 0.212505 0.54001 0.212505 0.539758 0.212096 0.539255 0.212096 0.539004 0.211688 0.5385 0.211688 0.538249 0.211279 0.537745 0.211279 0.537494 0.21087 0.53699 0.21087 0.536739 0.210462 0.536236 0.210462 0.535984 0.210053 0.535481 0.210053 0.535229 0.209644 0.534726 0.209644 0.534474 0.209236 0.534222 0.209236 0.533971 0.208827 0.533468 0.208827 0.533216 0.208418 0.532713 0.208418 0.532461 0.20801 0.531958 0.20801 0.531706 0.207601 0.531203 0.207601 0.530951 0.207192 0.530448 0.207192 0.530196 0.206784 0.529693 0.206784 0.529441 0.206375 0.52919 0.206375 0.528938 0.205966 0.528435 0.205966 0.528183 0.205558 0.52768 0.205558 0.527428 0.205149 0.526925 0.205149 0.526673 0.20474 0.52617 0.20474 0.525918 0.204332 0.525415 0.204332 0.525164 0.203923 0.52466 0.203923 0.524409 0.203515 0.523905 0.203515 0.523654 0.203106 0.523402 0.203106 0.52315 0.202697 0.522647 0.202697 0.522396 0.202289 0.521892 0.202289 0.521641 0.20188 0.521137 0.20188 0.520886 0.201471 0.520382 0.201471 0.520131 0.201063 0.519628 0.201063 0.519376 0.200654 0.518873 0.200654 0.518621 0.200245 0.518118 0.200245 0.517866 0.199837 0.518118 0.199428 0.518118 0.199019 0.517866 0.198611 0.518118 0.198202 0.518118 0.197385 0.518369 0.196976 0.518369 0.196567 0.517866 0.196567 0.517614 0.196159 0.517111 0.196159 0.51686 0.19575 0.516356 0.19575 0.516105 0.195341 0.515601 0.195341 0.51535 0.194933 0.514847 0.194933 0.514595 0.194524 0.514343 0.194524 0.514092 0.194115 0.513588 0.194115 0.513337 0.193707 0.512833 0.193707 0.512582 0.193298 0.512079 0.193298 0.511827 0.192889 0.511324 0.192889 0.511072 0.192481 0.510569 0.192481 0.510317 0.192072 0.509814 0.192072 0.509562 0.191663 0.509311 0.191663 0.509059 0.191255 0.508556 0.191255 0.508304 0.190846 0.507801 0.190846 0.507549 0.190437 0.507046 0.190437 0.506794 0.190029 0.506291 0.190029 0.506039 0.18962 0.505536 0.18962 0.505284 0.189211 0.504781 0.189211 0.504529 0.188803 0.504026 0.188803 0.503775 0.188394 0.503523 0.188394 0.503271 0.187985 0.502768 0.187985 0.502516 0.187577 0.502013 0.187577 0.501761 0.187168 0.501258 0.187168 0.501007 0.186759 0.500503 0.186759 0.500252 0.186351 0.499748 0.186351 0.499497 0.185942 0.498993 0.185942 0.498742 0.185533 0.498239 0.185533 0.497987 0.185125 0.497735 0.185125 0.497484 0.184716 0.49698 0.184716 0.496729 0.184307 0.496225 0.184307 0.495974 0.183899 0.495471 0.183899 0.495219 0.18349 0.494716 0.18349 0.494464 0.183081 0.493961 0.183081 0.493709 0.182673 0.493206 0.182673 0.492954 0.182264 0.492451 0.182264 0.492199 0.181855 0.491948 0.181855 0.491696 0.181447 0.491193 0.181447 0.490941 0.181038 0.490438 0.181038 0.490186 0.180629 0.489683 0.180629 0.489431 0.180221 0.488928 0.180221 0.488676 0.179812 0.488173 0.179812 0.487921 0.179403 0.487418 0.179403 0.487167 0.178995 0.486915 0.178995 0.486663 0.178586 0.48616 0.178586 0.485908 0.178177 0.485405 0.178177 0.485153 0.177769 0.48465 0.177769 0.484399 0.17736 0.483895 0.17736 0.483644 0.176951 0.48314 0.176951 0.482889 0.176543 0.482386 0.176543 0.482134 0.176134 0.481631 0.176134 0.481379 0.175725 0.481127 0.175725 0.480876 0.175317 0.480372 0.175317 0.480121 0.174908 0.479618 0.174908 0.479366 0.174499 0.478863 0.174499 0.478611 0.174091 0.478108 0.174091 0.477856 0.173682 0.477353 0.173682 0.477101 0.173273 0.476598 0.173273 0.476346 0.172865 0.475843 0.172865 0.475591 0.172456 0.47534 0.172456 0.475088 0.172047 0.474585 0.172047 0.474333 0.171639 0.47383 0.171639 0.473578 0.17123 0.473075 0.17123 0.472823 0.170821 0.47232 0.170821 0.472068 0.170413 0.471565 0.170413 0.471314 0.170004 0.47081 0.170004 0.470559 0.169595 0.470307 0.169595 0.470055 0.169187 0.469552 0.169187 0.4693 0.168778 0.468797 0.168778 0.468546 0.168369 0.468042 0.168369 0.467791 0.167961 0.467287 0.167961 0.467036 0.167552 0.466532 0.167552 0.466281 0.167143 0.465778 0.167143 0.465526 0.166735 0.465023 0.166735 0.464771 0.166326 0.464268 0.166326 0.464268 0.167143 0.464016 0.167552 0.464016 0.167961 0.463764 0.168369 0.463513 0.168369 0.463261 0.167961 0.462758 0.167961 0.462506 0.167552 0.462003 0.167552 0.461751 0.167143 0.461248 0.167143 0.460996 0.166735 0.460493 0.166735 0.460242 0.166326 0.459738 0.166326 0.459487 0.165917 0.458983 0.165917 0.458732 0.165509 0.45848 0.165509 0.458228 0.1651 0.457725 0.1651 0.457474 0.164691 0.45697 0.164691 0.456719 0.164283 0.456215 0.164283 0.455964 0.163874 0.45546 0.163874 0.455209 0.163465 0.454706 0.163465 0.454454 0.163057 0.453951 0.163057 0.453699 0.162648 0.453447 0.162648 0.453196 0.162239 0.452693 0.162239 0.452441 0.161831 0.452189 0.161831 0.451938 0.162239 0.451686 0.161831 0.451183 0.161831 0.450931 0.161422 0.450428 0.161422 0.449925 0.160605 0.449925 0.160196 0.450176 0.159787 0.450176 0.15897 0.450428 0.158562 0.450428 0.158153 0.449925 0.158153 0.449673 0.157744 0.44917 0.157744 0.448918 0.157336 0.448415 0.157336 0.448163 0.156927 0.447911 0.156927 0.44766 0.156518 0.447157 0.156518 0.446905 0.15611 0.446402 0.15611 0.44615 0.155701 0.445647 0.155701 0.445395 0.155292 0.444892 0.155292 0.44464 0.154884 0.444137 0.154884 0.443885 0.154475 0.443382 0.154475 0.44313 0.154066 0.442627 0.154066 0.442375 0.153658 0.442124 0.153658 0.441872 0.153249 0.441369 0.153249 0.441117 0.15284 0.440614 0.15284 0.440362 0.152432 0.439859 0.152432 0.439607 0.152023 0.439104 0.152023 0.438853 0.151614 0.438349 0.151614 0.438098 0.151206 0.437594 0.151206 0.437343 0.150797 0.437091 0.150797 0.436839 0.150388 0.436336 0.150388 0.436085 0.14998 0.435581 0.14998 0.43533 0.149571 0.434826 0.149571 0.434575 0.149162 0.434071 0.149162 0.43382 0.148754 0.433317 0.148754 0.433065 0.148345 0.432562 0.148345 0.43231 0.147936 0.431807 0.147936 0.431555 0.147528 0.431303 0.147528 0.431052 0.147119 0.430549 0.147119 0.430297 0.14671 0.429794 0.14671 0.429542 0.146302 0.429039 0.146302 0.428787 0.145893 0.428284 0.145893 0.428032 0.145484 0.427529 0.145484 0.427277 0.145076 0.426774 0.145076 0.426522 0.144667 0.426019 0.144667 0.425767 0.144258 0.425516 0.144258 0.425264 0.14385 0.424761 0.14385 0.424509 0.143441 0.424006 0.143441 0.423754 0.143032 0.423251 0.143032 0.422999 0.142624 0.422496 0.142624 0.422245 0.142215 0.421741 0.142215 0.42149 0.141806 0.420986 0.141806 0.420735 0.141398 0.420232 0.141398 0.41998 0.140989 0.419728 0.140989 0.419477 0.14058 0.418973 0.14058 0.418722 0.140172 0.418218 0.140172 0.417967 0.139763 0.417464 0.139763 0.417212 0.139354 0.416709 0.139354 0.416457 0.138946 0.415954 0.138946 0.415702 0.138537 0.415199 0.138537 0.414947 0.138128 0.414696 0.138128 0.414444 0.13772 0.413941 0.13772 0.413689 0.137311 0.413186 0.137311 0.412934 0.136902 0.412431 0.136902 0.412179 0.136494 0.411676 0.136494 0.411424 0.136085 0.410921 0.136085 0.410669 0.135676 0.410166 0.135676 0.409914 0.135268 0.409411 0.135268 0.40916 0.134859 0.408908 0.134859 0.408656 0.13445 0.408153 0.13445 0.407901 0.134042 0.407398 0.134042 0.407146 0.133633 0.406643 0.133633 0.406392 0.133224 0.405888 0.133224 0.405637 0.132816 0.405133 0.132816 0.404882 0.132407 0.404378 0.132407 0.404127 0.131998 0.403624 0.131998 0.403372 0.13159 0.40312 0.13159 0.402869 0.131181 0.402365 0.131181 0.402114 0.130772 0.40161 0.130772 0.401359 0.130364 0.400856 0.130364 0.400604 0.129955 0.400101 0.129955 0.399849 0.129546 0.399346 0.129546 0.399094 0.129138 0.398591 0.129138 0.398339 0.128729 0.398088 0.128729 0.397836 0.12832 0.397333 0.12832 0.397081 0.127912 0.396578 0.127912 0.396326 0.127503 0.395823 0.127503 0.395571 0.127094 0.395068 0.127094 0.394816 0.126686 0.394313 0.126686 0.394061 0.126277 0.393558 0.126277 0.393306 0.125868 0.392803 0.125868 0.392552 0.12546 0.392552 0.126277 0.3923 0.126686 0.3923 0.127094 0.392048 0.127503 0.391797 0.127503 0.391545 0.127912 0.391545 0.12832 0.391293 0.128729 0.390539 0.128729 0.390287 0.129138 0.390035 0.128729 0.389532 0.128729 0.389029 0.127912 0.389029 0.127094 0.38928 0.126686 0.389029 0.126277 0.389029 0.125868 0.38928 0.12546 0.38928 0.125051 0.389029 0.124642 0.38928 0.124234 0.38928 0.123825 0.389029 0.123416 0.388525 0.123416 0.388274 0.123008 0.387771 0.123008 0.387519 0.122599 0.387016 0.122599 0.386764 0.12219 0.386512 0.12219 0.386261 0.121782 0.385757 0.121782 0.385506 0.121373 0.385003 0.121373 0.384751 0.120964 0.384248 0.120964 0.383996 0.120556 0.383493 0.120556 0.383241 0.120147 0.382738 0.120147 0.382486 0.119738 0.381983 0.119738 0.381731 0.11933 0.38148 0.11933 0.381228 0.118921 0.380725 0.118921 0.380473 0.118512 0.37997 0.118512 0.379718 0.118104 0.379215 0.118104 0.378963 0.117695 0.37846 0.117695 0.378208 0.117286 0.377705 0.117286 0.377453 0.116878 0.37695 0.116878 0.376699 0.116469 0.376195 0.116469 0.375944 0.11606 0.375692 0.11606 0.37544 0.115652 0.374937 0.115652 0.374685 0.115243 0.374182 0.115243 0.373931 0.114834 0.373427 0.114834 0.373176 0.114426 0.372672 0.114426 0.372421 0.114017 0.371917 0.114017 0.371666 0.113609 0.371163 0.113609 0.370911 0.1132 0.370408 0.1132 0.370156 0.112791 0.369904 0.112791 0.369653 0.112383 0.369149 0.112383 0.368898 0.111974 0.368395 0.111974 0.368143 0.111565 0.36764 0.111565 0.367388 0.111157 0.366885 0.111157 0.366633 0.110748 0.36613 0.110748 0.365878 0.110339 0.365375 0.110339 0.365123 0.109931 0.364872 0.109931 0.36462 0.109522 0.364117 0.109522 0.363865 0.109113 0.363362 0.109113 0.36311 0.108705 0.362607 0.108705 0.362355 0.108296 0.361852 0.108296 0.3616 0.107887 0.361097 0.107887 0.360845 0.107479 0.360342 0.107479 0.360091 0.10707 0.359587 0.10707 0.359336 0.106661 0.359084 0.106661 0.358832 0.106253 0.358329 0.106253 0.358078 0.105844 0.357574 0.105844 0.357323 0.105435 0.357071 0.105435 0.356819 0.105844 0.356819 0.106253 0.356064 0.107479 0.355813 0.107479 0.355561 0.10707 0.355058 0.10707 0.354806 0.106661 0.354303 0.106661 0.354051 0.106253 0.353548 0.106253 0.353296 0.105844 0.353045 0.105844 0.352793 0.105435 0.35229 0.105435 0.352038 0.105027 0.351535 0.105027 0.351283 0.104618 0.35078 0.104618 0.350528 0.104209 0.350025 0.104209 0.349774 0.103801 0.34927 0.103801 0.349019 0.103392 0.348515 0.103392 0.348264 0.102983 0.34776 0.102983 0.347509 0.102575 0.347257 0.102575 0.347006 0.102166 0.346502 0.102166 0.346251 0.101757 0.345747 0.101757 0.345496 0.101349 0.344992 0.101349 0.344741 0.10094 0.344489 0.10094 0.343986 0.100123 0.343483 0.100123 0.343231 0.099714 0.342979 0.099714 0.342728 0.099305 0.342224 0.099305 0.341973 0.098897 0.34147 0.098897 0.341218 0.098488 0.340715 0.098488 0.340463 0.098079 0.33996 0.098079 0.339708 0.097671 0.339205 0.097671 0.338953 0.097262 0.33845 0.097262 0.338198 0.096853 0.337695 0.096853 0.337443 0.096445 0.337192 0.096445 0.33694 0.096036 0.336437 0.096036 0.336185 0.095627 0.335682 0.095627 0.33543 0.095219 0.334927 0.095219 0.334675 0.09481 0.334172 0.09481 0.33392 0.094401 0.333417 0.094401 0.333166 0.093993 0.332662 0.093993 0.332411 0.093584 0.332159 0.093584 0.331907 0.093175 0.331404 0.093175 0.331152 0.092767 0.330649 0.092767 0.330398 0.092358 0.329894 0.092358 0.329643 0.091949 0.329139 0.091949 0.328888 0.091541 0.328384 0.091541 0.328133 0.091132 0.32763 0.091132 0.327378 0.090723 0.326875 0.090723 0.326623 0.090315 0.326371 0.090315 0.32612 0.089906 0.325617 0.089906 0.325365 0.089497 0.324862 0.089497 0.32461 0.089089 0.324107 0.089089 0.323855 0.08868 0.323352 0.08868 0.3231 0.088271 0.322597 0.088271 0.322345 0.087863 0.321842 0.087863 0.32159 0.087454 0.321087 0.087454 0.320835 0.087045 0.320584 0.087045 0.320332 0.086637 0.319829 0.086637 0.319577 0.086228 0.319074 0.086228 0.318822 0.085819 0.318319 0.085819 0.318067 0.085411 0.317564 0.085411 0.317313 0.085002 0.316809 0.085002 0.316558 0.084593 0.316054 0.084593 0.315803 0.084185 0.315551 0.084185 0.315299 0.083776 0.314796 0.083776 0.314545 0.083367 0.314041 0.083367 0.31379 0.082959 0.314041 0.08255 0.314545 0.08255 0.314545 0.082141 0.314041 0.082141 0.31379 0.081733 0.313035 0.081733 0.313286 0.082141 0.313035 0.08255 0.312531 0.08255 0.31228 0.082141 0.311777 0.082141 0.311525 0.081733 0.311022 0.081733 0.310518 0.080915 0.31077 0.080507
