0 0.603465 0.872878 0.60297 0.873313 0.603465 0.873748 0.60396 0.873748 0.60396 0.873313
0 0.59703 0.870266 0.597525 0.870701 0.597525 0.870266
0 0.643069 0.818459 0.643069 0.81933 0.643564 0.818894
0 0.682178 0.814541 0.681683 0.814976 0.681683 0.815411 0.682178 0.815411 0.682673 0.814976
0 0.65099 0.813235 0.650495 0.81367 0.65099 0.814105 0.651485 0.81367
0 0.65396 0.805398 0.653465 0.805834 0.653465 0.806269 0.654455 0.806269 0.654455 0.805834
0 0.65198 0.803222 0.65099 0.804092 0.65099 0.804528 0.651485 0.804963 0.652475 0.804092 0.652475 0.803657
0 0.655446 0.80148 0.65495 0.801916 0.65495 0.802351 0.655446 0.802351 0.655941 0.802786 0.656931 0.802786 0.655941 0.801916 0.655941 0.80148
0 0.657921 0.800609 0.657426 0.801045 0.657426 0.80148 0.657921 0.80148 0.658416 0.801045
0 0.693564 0.800174 0.694059 0.800609 0.694059 0.800174
0 0.672772 0.800174 0.673267 0.800609 0.673267 0.800174
0 0.658911 0.798868 0.658416 0.799303 0.658911 0.799739 0.659406 0.799739 0.659406 0.799303
0 0.656436 0.797562 0.655941 0.797997 0.656436 0.798433 0.65396 0.800609 0.653465 0.800609 0.653465 0.80148 0.65297 0.801916 0.65297 0.802351 0.653465 0.802351 0.65396 0.802786 0.65396 0.803222 0.654455 0.803222 0.653465 0.802351 0.65396 0.801916 0.65396 0.80148 0.655941 0.799739 0.655941 0.799303 0.657426 0.797997 0.656931 0.797562
0 0.659901 0.793644 0.658911 0.794515 0.658911 0.79495 0.657426 0.796256 0.657921 0.796691 0.658416 0.796691 0.659901 0.795385 0.659901 0.79495 0.660396 0.794515 0.661386 0.795385 0.661881 0.79495 0.661386 0.794515 0.660891 0.794515
0 0.670297 0.791902 0.669802 0.792338 0.671782 0.792338 0.672277 0.792773 0.672277 0.792338 0.671782 0.791902
0 0.482673 0.789726 0.482673 0.790161 0.483168 0.790596 0.483168 0.791032 0.484158 0.791902 0.484158 0.792338 0.484653 0.792338 0.485644 0.791467 0.485644 0.791032 0.485149 0.791032 0.484653 0.791467 0.483663 0.790596 0.483663 0.790161 0.483168 0.789726
0 0.480693 0.78842 0.480198 0.788855 0.480693 0.78929 0.480693 0.788855 0.481188 0.78842
0 0.477723 0.787114 0.478218 0.787549 0.478713 0.787114 0.479208 0.787549 0.479208 0.78842 0.480198 0.787549 0.479208 0.787549 0.478713 0.787114
0 0.475743 0.785372 0.475743 0.785808 0.476238 0.785808 0.476238 0.785372
0 0.473267 0.783631 0.473267 0.784066 0.474257 0.784937 0.474257 0.785372 0.474752 0.785372 0.474752 0.784502 0.473762 0.783631
0 0.691089 0.781454 0.690594 0.781889 0.691089 0.781889
0 0.456931 0.773182 0.456436 0.773618 0.456931 0.774053 0.457426 0.773618
0 0.455446 0.77057 0.455941 0.771006 0.456436 0.77057
0 0.721782 0.7697 0.721287 0.770135 0.721782 0.77057 0.722277 0.77057 0.722772 0.770135 0.722277 0.7697
0 0.453465 0.768829 0.453465 0.769264 0.45396 0.7697 0.454455 0.769264 0.45396 0.768829
0 0.445545 0.763605 0.44505 0.76404 0.445545 0.764475 0.445545 0.764911 0.44604 0.765346 0.44703 0.765346 0.44802 0.766217 0.44802 0.766652 0.448515 0.767088 0.44901 0.766652 0.449505 0.767088 0.45 0.767088 0.450495 0.766652 0.45099 0.767088 0.45099 0.767523 0.450495 0.767958 0.450495 0.768394 0.45099 0.768829 0.451485 0.768394 0.451485 0.767958 0.45198 0.767523 0.451485 0.767523 0.45 0.766217 0.449505 0.766652 0.448515 0.765781 0.44802 0.766217 0.447525 0.765781 0.447525 0.765346 0.44802 0.764911 0.44703 0.764911 0.446535 0.764475 0.44604 0.764475 0.445545 0.76404 0.44604 0.763605
0 0.444059 0.763169 0.443564 0.763605 0.444059 0.76404
0 0.441584 0.761428 0.441089 0.761863 0.441089 0.762299 0.441584 0.762734 0.442079 0.762734 0.442079 0.761863
0 0.439109 0.760122 0.438614 0.760557 0.439109 0.760993 0.439604 0.760993 0.439604 0.760122
0 0.436634 0.758816 0.436139 0.759251 0.436139 0.759687 0.437129 0.759687 0.437624 0.759251 0.437129 0.758816
0 0.434158 0.757074 0.433663 0.75751 0.433663 0.757945 0.434158 0.75838 0.434653 0.75838 0.434653 0.757945 0.435149 0.75751 0.434653 0.75751
0 0.421287 0.747061 0.420792 0.747497 0.420792 0.747932 0.421287 0.747932
0 0.731188 0.745755 0.730693 0.746191 0.731188 0.746626 0.731188 0.746191 0.731683 0.745755
0 0.416337 0.744014 0.415842 0.744449 0.416337 0.744885 0.416832 0.744885 0.416832 0.744449
0 0.741089 0.742273 0.741584 0.742708 0.742079 0.742708 0.742079 0.742273
0 0.410396 0.740966 0.409901 0.741402 0.410396 0.741837 0.410891 0.741402 0.411881 0.742273 0.411881 0.741402 0.410891 0.741402
0 0.408911 0.73966 0.408416 0.740096 0.408416 0.740531 0.409406 0.740531 0.409406 0.73966
0 0.754455 0.734872 0.754455 0.735742 0.75495 0.735307
0 0.740594 0.734436 0.740594 0.734872 0.741584 0.735742 0.742079 0.735742 0.743069 0.736613 0.743564 0.736178 0.743564 0.735742 0.742574 0.735742 0.741089 0.734436
0 0.764356 0.723552 0.763861 0.723988 0.764356 0.723988
0 0.750495 0.722682 0.75 0.723117 0.750495 0.723552 0.75099 0.723552 0.75099 0.723117
0 0.747525 0.721811 0.74802 0.722246 0.748515 0.722246 0.748515 0.721811
0 0.773762 0.712233 0.774257 0.712669 0.774752 0.712669 0.774752 0.712233
0 0.371287 0.712233 0.370792 0.712669 0.370792 0.713104 0.371287 0.713104 0.371782 0.712669 0.372772 0.713539 0.372772 0.713975 0.373267 0.71441 0.373762 0.71441 0.374257 0.713975 0.373267 0.713104 0.373267 0.712669 0.372772 0.712233 0.372277 0.712233 0.371782 0.712669
0 0.777228 0.703962 0.776733 0.704397 0.777228 0.704832 0.777723 0.704832 0.777723 0.704397
0 0.343564 0.693078 0.343069 0.693513 0.343564 0.693949 0.344059 0.693513
0 0.776733 0.691772 0.776733 0.692207 0.777228 0.692643 0.777723 0.692207 0.777228 0.691772
0 0.786139 0.684806 0.785644 0.685242 0.786139 0.685677 0.786634 0.685677 0.786634 0.685242
0 0.797525 0.676535 0.79703 0.67697 0.797525 0.677405 0.79802 0.677405 0.79802 0.67697
0 0.313861 0.672616 0.313366 0.673052 0.313366 0.673487 0.313861 0.673487 0.314356 0.673052
0 0.800495 0.670875 0.8 0.67131 0.800495 0.671746 0.801485 0.670875
0 0.306436 0.669134 0.305941 0.669569 0.306436 0.669569 0.306931 0.670004 0.306931 0.669134
0 0.80198 0.667392 0.801485 0.667828 0.80198 0.668263 0.80198 0.667828 0.802475 0.667392
0 0.813366 0.666522 0.812871 0.666957 0.813366 0.667392 0.813861 0.666957 0.813861 0.666522
0 0.810891 0.66478 0.810891 0.665651 0.811386 0.665215
0 0.290099 0.65825 0.290594 0.658685 0.291089 0.658685 0.290594 0.65825
0 0.822277 0.65172 0.821782 0.652155 0.822277 0.652155 0.822772 0.65259 0.822772 0.652155
0 0.819802 0.650849 0.819802 0.651284 0.820297 0.651284 0.820297 0.650849
0 0.830198 0.649108 0.829703 0.649543 0.830198 0.649978 0.831188 0.649978 0.831188 0.649543 0.830693 0.649108
0 0.837129 0.643013 0.836634 0.643448 0.837129 0.643448
0 0.838119 0.641707 0.838119 0.642142 0.838614 0.642142
0 0.266337 0.639094 0.265842 0.63953 0.266337 0.639965 0.266832 0.639965 0.266832 0.63953
0 0.841089 0.638224 0.840594 0.638659 0.840594 0.639094 0.841089 0.639094 0.841584 0.638659 0.841584 0.638224
0 0.838614 0.636918 0.838119 0.637353 0.838614 0.637788 0.839109 0.637788 0.839604 0.637353 0.839604 0.636918
0 0.840099 0.635176 0.839604 0.635612 0.840099 0.636047 0.840594 0.635612
0 0.825743 0.635176 0.826238 0.635612 0.826733 0.635612 0.826733 0.635176
0 0.84703 0.631694 0.846535 0.632129 0.846535 0.632564 0.84703 0.632564 0.847525 0.632129
0 0.844554 0.630387 0.844059 0.630823 0.844554 0.631258
0 0.834653 0.625163 0.834653 0.625599 0.835149 0.625599 0.835149 0.625163
0 0.84703 0.622551 0.84703 0.622987 0.847525 0.623422 0.84802 0.622987 0.847525 0.622551
0 0.842574 0.619939 0.842574 0.620374 0.843069 0.62081 0.843069 0.619939
0 0.233168 0.61515 0.232673 0.615586 0.232673 0.616021 0.233168 0.616021 0.233663 0.615586
0 0.854455 0.614279 0.854455 0.614715 0.85495 0.614715 0.85495 0.614279
0 0.230693 0.614279 0.230693 0.614715 0.231188 0.614715 0.231188 0.614279
0 0.228713 0.612538 0.228218 0.612973 0.228713 0.612973 0.229208 0.613409 0.229208 0.612973
0 0.849505 0.612103 0.849505 0.612538 0.85 0.612538 0.85 0.612103
0 0.225743 0.611232 0.225743 0.611667 0.226238 0.611667 0.226238 0.611232
0 0.223762 0.609491 0.222772 0.610361 0.223267 0.610361 0.223762 0.610797 0.224257 0.610361 0.224257 0.609926
0 0.221287 0.607749 0.220792 0.608185 0.220792 0.60862 0.221287 0.609055 0.221782 0.609055 0.221782 0.608185
0 0.860891 0.605137 0.860396 0.605572 0.861386 0.606443 0.861386 0.606879 0.861881 0.606879 0.861881 0.606443 0.861386 0.606443 0.860891 0.606008 0.860891 0.605572 0.861386 0.605137
0 0.213366 0.602525 0.212871 0.60296 0.212871 0.603396 0.213861 0.604266 0.213861 0.604702 0.215842 0.604702 0.215842 0.604266 0.215347 0.604702 0.214851 0.604266 0.214851 0.603831 0.214356 0.603831 0.213861 0.603396 0.213861 0.60296
0 0.85396 0.60209 0.853465 0.602525 0.85396 0.60296 0.854455 0.60296 0.85495 0.602525 0.85495 0.60209
0 0.209406 0.600784 0.208911 0.601219 0.209406 0.601654 0.209901 0.601654 0.209901 0.601219
0 0.837129 0.600348 0.838119 0.601219 0.838119 0.600784 0.837624 0.600348
0 0.854455 0.597301 0.85396 0.597736 0.85495 0.598607 0.85495 0.598172 0.855446 0.597736 0.85495 0.597301
0 0.844059 0.596865 0.844554 0.597301 0.84505 0.596865
0 0.20396 0.596865 0.203465 0.597301 0.20396 0.597736 0.204455 0.597301 0.204455 0.596865
0 0.863861 0.595124 0.863861 0.595559 0.863366 0.595995 0.863861 0.595995 0.864356 0.595559
0 0.861881 0.595124 0.861881 0.595559 0.862376 0.595559 0.862376 0.595124
0 0.839109 0.593818 0.839109 0.594689 0.839604 0.594253 0.839604 0.593818
0 0.858416 0.592947 0.858911 0.593383 0.858911 0.592947
0 0.856931 0.592512 0.856436 0.592947 0.856931 0.593383 0.857426 0.592947 0.857426 0.592512
0 0.837129 0.592077 0.836634 0.592512 0.836634 0.592947 0.837129 0.592947 0.837624 0.592512
0 0.878218 0.591206 0.877723 0.591641 0.878218 0.592077 0.878713 0.591641
0 0.842574 0.590335 0.842079 0.590771 0.842079 0.591206 0.842574 0.591206
0 0.853465 0.5899 0.853465 0.590335 0.85396 0.590335 0.85396 0.5899
0 0.887129 0.584676 0.887129 0.585111 0.887624 0.585111 0.888119 0.584676
0 0.874752 0.582499 0.874752 0.582934 0.875248 0.582934 0.875248 0.582499
0 0.869802 0.581628 0.869802 0.582064 0.870297 0.582064
0 0.868317 0.581193 0.868317 0.581628 0.868812 0.581628 0.868812 0.581193
0 0.869802 0.579451 0.869307 0.579887 0.869307 0.580322 0.869802 0.580322 0.870297 0.580758 0.870297 0.580322 0.870792 0.579887 0.870297 0.579451
0 0.176238 0.576839 0.175248 0.57771 0.175743 0.578145 0.175743 0.57771 0.176238 0.577275
0 0.173267 0.575533 0.172772 0.575969 0.173267 0.576404 0.173762 0.575969 0.173762 0.575533
0 0.861386 0.572486 0.861386 0.572921 0.861881 0.572921
0 0.9 0.572051 0.899505 0.572486 0.899505 0.572921 0.9 0.572921
0 0.858416 0.57118 0.858416 0.571615 0.858911 0.572051 0.859406 0.571615 0.858911 0.57118
0 0.158416 0.56552 0.159406 0.566391 0.159406 0.566826 0.159901 0.567262 0.160396 0.566826 0.159406 0.565956 0.159406 0.56552
0 0.154455 0.563343 0.15495 0.563779 0.155446 0.563343
0 0.90198 0.55899 0.901485 0.559425 0.90198 0.559425 0.902475 0.559861 0.90297 0.559425 0.902475 0.559425
0 0.909901 0.558555 0.909901 0.55899 0.910396 0.55899 0.910396 0.558555
0 0.9 0.557684 0.9 0.558119 0.900495 0.558119 0.900495 0.557684
0 0.907921 0.556813 0.907426 0.557249 0.907426 0.557684 0.907921 0.557684
0 0.89505 0.550718 0.895545 0.551154 0.895545 0.550718
0 0.888614 0.549412 0.888614 0.549848 0.889109 0.549848 0.889109 0.549412
0 0.892574 0.548977 0.893069 0.549412 0.893069 0.548977
0 0.890099 0.547671 0.890099 0.548106 0.890594 0.548106 0.890594 0.547671
0 0.131188 0.5468 0.131188 0.547236 0.131683 0.547671 0.132178 0.547236 0.131683 0.547236
0 0.886634 0.543317 0.886139 0.543753 0.886634 0.543753
0 0.888119 0.541576 0.887624 0.542011 0.887624 0.542447 0.888119 0.542447
0 0.917822 0.541141 0.917822 0.541576 0.918317 0.541576
0 0.921782 0.540705 0.921287 0.541141 0.921782 0.541576 0.922277 0.541576 0.922277 0.540705
0 0.903465 0.540705 0.903465 0.541141 0.90396 0.540705
0 0.928713 0.54027 0.929208 0.540705 0.929208 0.54027
0 0.888614 0.538964 0.888119 0.539399 0.888614 0.539835
0 0.121782 0.538964 0.122277 0.539399 0.122772 0.539399 0.122277 0.538964
0 0.916337 0.538093 0.916337 0.538529 0.916832 0.538529 0.916832 0.538093
0 0.913861 0.535916 0.913861 0.537222 0.913861 0.536787 0.914356 0.536352 0.914356 0.535916
0 0.915347 0.535481 0.915347 0.535916 0.915842 0.535916 0.916337 0.535481
0 0.911881 0.535481 0.911881 0.535916 0.912376 0.535481
0 0.891584 0.535481 0.891089 0.535916 0.892079 0.536787 0.892079 0.537222 0.892574 0.537222 0.892574 0.536787 0.892079 0.536787 0.891584 0.536352 0.892079 0.535916
0 0.889604 0.535481 0.889604 0.535916 0.890099 0.535916
0 0.897525 0.53461 0.89703 0.535046 0.897525 0.535481 0.89802 0.535481 0.89802 0.535046
0 0.908911 0.534175 0.908911 0.53461 0.909406 0.53461 0.909406 0.534175
0 0.905446 0.534175 0.90495 0.53461 0.905941 0.53461
0 0.901485 0.534175 0.90099 0.53461 0.90099 0.535046 0.90198 0.535916 0.902475 0.535916 0.90297 0.535481 0.90297 0.535046 0.902475 0.535046
0 0.891089 0.53374 0.891089 0.534175 0.891584 0.534175
0 0.895545 0.533304 0.89505 0.53374 0.89505 0.534175 0.895545 0.534175
0 0.912376 0.532869 0.911881 0.533304 0.912376 0.533304
0 0.906436 0.532869 0.906436 0.533304 0.906931 0.533304 0.906931 0.532869
0 0.90297 0.532869 0.902475 0.533304 0.90297 0.53374 0.903465 0.53374 0.903465 0.533304
0 0.90198 0.530257 0.90198 0.530692 0.902475 0.531128 0.901485 0.531998 0.90099 0.531563 0.9 0.531563 0.9 0.531998 0.900495 0.532434 0.90099 0.531998 0.901485 0.531998 0.90198 0.532434 0.902475 0.531998 0.90396 0.531998 0.904455 0.532434 0.90495 0.531998 0.90495 0.531563 0.903465 0.531563 0.902475 0.530692 0.902475 0.530257
0 0.892574 0.530257 0.891089 0.531563 0.891089 0.531998 0.890594 0.532434 0.891089 0.532434 0.892079 0.531563 0.892574 0.531998 0.892574 0.532434 0.892079 0.532869 0.892574 0.532869 0.893069 0.532434 0.892079 0.531563 0.892079 0.531128 0.892574 0.530692 0.893069 0.530692
0 0.107426 0.528951 0.107426 0.529386 0.107921 0.529386 0.107921 0.528951
0 0.103465 0.526774 0.103465 0.527209 0.10396 0.527209 0.10396 0.526774
0 0.096535 0.521985 0.09604 0.522421 0.096535 0.522856 0.096535 0.523291 0.097525 0.524162 0.09802 0.524162 0.09802 0.522421 0.097525 0.522421 0.09703 0.521985
0 0.093069 0.518067 0.093564 0.518502 0.094059 0.518067
0 0.089604 0.517632 0.089604 0.518502 0.090099 0.518938 0.090594 0.518502 0.090594 0.518067 0.090099 0.517632
0 0.076733 0.507619 0.076733 0.508054 0.077228 0.508489 0.077723 0.508054 0.077228 0.507619
0 0.061881 0.495429 0.061881 0.495864 0.062376 0.4963 0.062871 0.495864 0.062376 0.495864
0 0.059406 0.493687 0.058911 0.494123 0.058911 0.494558 0.059406 0.494993 0.059901 0.494993 0.059901 0.494123
0 0.056931 0.492381 0.056436 0.492817 0.056931 0.493252 0.057426 0.493252 0.057426 0.492817
0 0.277228 0.158903 0.276733 0.159338 0.277228 0.159774 0.277723 0.159338
0 0.367822 0.058772 0.367327 0.059208 0.367822 0.059208
0 0.394554 0.030475 0.394554 0.03091 0.394059 0.031345 0.394059 0.032216 0.393564 0.032651 0.393069 0.032651 0.391089 0.034393 0.391089 0.035263 0.390099 0.036134 0.389604 0.036134 0.389109 0.036569 0.389604 0.037005 0.389604 0.037875 0.389109 0.038311 0.388614 0.037875 0.388119 0.037875 0.388119 0.038311 0.388614 0.038746 0.388119 0.039182 0.387129 0.039182 0.386634 0.039617 0.386634 0.040052 0.387129 0.040488 0.386139 0.041358 0.386139 0.041794 0.385149 0.042664 0.384653 0.042229 0.384158 0.042229 0.383663 0.042664 0.384158 0.0431 0.384158 0.04397 0.383663 0.044406 0.383168 0.04397 0.382673 0.04397 0.382178 0.044406 0.382673 0.044841 0.382673 0.045276 0.382178 0.045712 0.381188 0.045712 0.381188 0.046147 0.381683 0.046582 0.380693 0.047453 0.380693 0.047889 0.378713 0.04963 0.378713 0.050065 0.378218 0.050501 0.377723 0.050065 0.376733 0.050065 0.376238 0.050501 0.376238 0.050936 0.376733 0.051371 0.376733 0.052242 0.375248 0.053548 0.374257 0.053548 0.374257 0.053983 0.374752 0.054419 0.373267 0.055725 0.373267 0.05616 0.372277 0.057031 0.371782 0.056596 0.370792 0.056596 0.370297 0.057031 0.370792 0.057031 0.371287 0.057466 0.371287 0.058337 0.370792 0.058772 0.370297 0.058337 0.369802 0.058337 0.369307 0.058772 0.369802 0.059208 0.369802 0.060078 0.369307 0.060514 0.368812 0.060078 0.368317 0.060078 0.368317 0.060514 0.368812 0.060949 0.367822 0.06182 0.366832 0.060949 0.366337 0.061384 0.366337 0.06182 0.366832 0.062255 0.366337 0.06269 0.365347 0.06269 0.364851 0.063126 0.365842 0.063997 0.365842 0.064432 0.365347 0.064867 0.364851 0.064432 0.363861 0.064432 0.363366 0.064867 0.364356 0.065738 0.363861 0.066173 0.362871 0.066173 0.361881 0.067044 0.361881 0.067479 0.360891 0.06835 0.360396 0.06835 0.359901 0.067915 0.358911 0.067915 0.358416 0.067479 0.357921 0.067915 0.357921 0.06835 0.355941 0.070091 0.355941 0.070527 0.354455 0.071833 0.354455 0.072268 0.352475 0.07401 0.352475 0.074445 0.350495 0.076186 0.350495 0.076622 0.34901 0.077928 0.34901 0.078363 0.34703 0.080104 0.34703 0.08054 0.34505 0.082281 0.34505 0.082717 0.343564 0.084023 0.343564 0.084458 0.341584 0.086199 0.341584 0.086635 0.339604 0.088376 0.339604 0.088811 0.337624 0.090553 0.337624 0.090988 0.336139 0.092294 0.336139 0.09273 0.334158 0.094471 0.334158 0.094906 0.332178 0.096648 0.332178 0.097083 0.330693 0.098389 0.330693 0.098825 0.328713 0.100566 0.328713 0.101001 0.326733 0.102743 0.326733 0.103178 0.325248 0.104484 0.325248 0.104919 0.324257 0.10579 0.324752 0.106226 0.324752 0.106661 0.323267 0.107967 0.322772 0.107967 0.322277 0.108402 0.322772 0.108838 0.321782 0.109708 0.321782 0.110144 0.322277 0.110579 0.322277 0.111014 0.319802 0.113191 0.319307 0.112756 0.318812 0.113191 0.319307 0.113626 0.319307 0.114062 0.319802 0.114497 0.318812 0.115368 0.317822 0.115368 0.316832 0.114497 0.316337 0.114497 0.315842 0.114933 0.315842 0.115368 0.313861 0.117109 0.313861 0.117545 0.312376 0.118851 0.312376 0.119286 0.310396 0.121027 0.310396 0.121463 0.308416 0.123204 0.308416 0.12364 0.306931 0.124946 0.306931 0.125381 0.30495 0.127122 0.30495 0.127558 0.30297 0.129299 0.30297 0.129734 0.301485 0.13104 0.301485 0.131476 0.299505 0.133217 0.299505 0.133653 0.297525 0.135394 0.297525 0.135829 0.295545 0.137571 0.295545 0.138006 0.294059 0.139312 0.294059 0.139747 0.292079 0.141489 0.292079 0.141924 0.290099 0.143666 0.290099 0.144101 0.288614 0.145407 0.288614 0.145842 0.286634 0.147584 0.286634 0.148019 0.284653 0.149761 0.284653 0.150196 0.283168 0.151502 0.283168 0.151937 0.282178 0.152808 0.282673 0.152808 0.283168 0.153243 0.283168 0.153679 0.284653 0.154985 0.283663 0.155855 0.283168 0.155855 0.283168 0.156726 0.282673 0.157162 0.282178 0.157162 0.280693 0.158468 0.280693 0.159338 0.279208 0.160644 0.278713 0.160644 0.278713 0.16108 0.277228 0.162386 0.276733 0.16195 0.276238 0.16195 0.276238 0.162386 0.276733 0.162821 0.276733 0.163256 0.276238 0.163692 0.276238 0.164562 0.275248 0.165433 0.274752 0.165433 0.273762 0.166304 0.272772 0.165433 0.271287 0.165433 0.271287 0.165869 0.269307 0.16761 0.269307 0.168045 0.267327 0.169787 0.267327 0.170222 0.265842 0.171528 0.265842 0.171963 0.263861 0.173705 0.263861 0.17414 0.261881 0.175882 0.261881 0.176317 0.260396 0.177623 0.260396 0.178058 0.258416 0.1798 0.258416 0.180235 0.256436 0.181976 0.256436 0.182412 0.25495 0.183718 0.25495 0.184153 0.25297 0.185895 0.25297 0.18633 0.25099 0.188071 0.25099 0.188507 0.249505 0.189813 0.249505 0.190248 0.247525 0.19199 0.247525 0.192425 0.245545 0.194166 0.245545 0.194602 0.243564 0.196343 0.243564 0.196778 0.242079 0.198084 0.242079 0.19852 0.240099 0.200261 0.240099 0.200697 0.238119 0.202438 0.238119 0.202873 0.236634 0.204179 0.236634 0.204615 0.234653 0.206356 0.234653 0.206791 0.233168 0.208098 0.233663 0.208098 0.234158 0.208533 0.233663 0.208968 0.234158 0.208968 0.234653 0.209404 0.234653 0.21071 0.234158 0.211145 0.234158 0.21158 0.232178 0.213322 0.232178 0.213757 0.230198 0.215498 0.230198 0.215934 0.229703 0.216369 0.229208 0.216369 0.228713 0.215934 0.228218 0.216369 0.228218 0.216805 0.228713 0.21724 0.228713 0.217675 0.226733 0.219417 0.226733 0.219852 0.224752 0.221593 0.224752 0.222029 0.223267 0.223335 0.223267 0.22377 0.221287 0.225512 0.221287 0.225947 0.219307 0.227688 0.219307 0.228124 0.217822 0.22943 0.217822 0.229865 0.215842 0.231606 0.215842 0.232042 0.213861 0.233783 0.213861 0.234219 0.211881 0.23596 0.211881 0.236395 0.210396 0.237701 0.210396 0.238137 0.208416 0.239878 0.208416 0.240313 0.206436 0.242055 0.206436 0.24249 0.20495 0.243796 0.20495 0.244232 0.20297 0.245973 0.20297 0.246408 0.20099 0.24815 0.20099 0.248585 0.199505 0.249891 0.199505 0.250327 0.19802 0.251633 0.197525 0.251197 0.197525 0.250327 0.19703 0.250762 0.19703 0.251197 0.197525 0.251197 0.19802 0.251633 0.197525 0.252068 0.197525 0.252503 0.195545 0.254245 0.195545 0.25468 0.193564 0.256421 0.193564 0.256857 0.192079 0.258163 0.192079 0.258598 0.190099 0.26034 0.190099 0.260775 0.188119 0.262516 0.188119 0.262952 0.186634 0.264258 0.186634 0.264693 0.184653 0.266434 0.184653 0.26687 0.182673 0.268611 0.182673 0.269047 0.181188 0.270353 0.181188 0.270788 0.179208 0.272529 0.179703 0.272965 0.178218 0.274271 0.178218 0.274706 0.176733 0.276012 0.176733 0.276448 0.174752 0.278189 0.174752 0.278624 0.172772 0.280366 0.172772 0.280801 0.171287 0.282107 0.170792 0.282107 0.169802 0.282978 0.169307 0.282978 0.169307 0.283848 0.168317 0.284719 0.168812 0.285155 0.167327 0.286461 0.167327 0.286896 0.166832 0.287331 0.166337 0.287331 0.164356 0.289073 0.164356 0.289508 0.162871 0.290814 0.162871 0.291249 0.160891 0.292991 0.160891 0.293426 0.158911 0.295168 0.158911 0.295603 0.156931 0.297344 0.156931 0.29778 0.155446 0.299086 0.155446 0.299521 0.153465 0.301263 0.153465 0.301698 0.151485 0.303439 0.151485 0.303875 0.15 0.305181 0.15 0.305616 0.14802 0.307357 0.14802 0.307793 0.14604 0.309534 0.14604 0.30997 0.144554 0.311276 0.144554 0.311711 0.142574 0.313452 0.142574 0.313888 0.140594 0.315629 0.140594 0.316064 0.138614 0.317806 0.138614 0.318241 0.137129 0.319547 0.137129 0.319983 0.135149 0.321724 0.135149 0.322159 0.133168 0.323901 0.133168 0.324336 0.131683 0.325642 0.131683 0.326077 0.129703 0.327819 0.129703 0.328254 0.127723 0.329996 0.127723 0.330431 0.126238 0.331737 0.126238 0.332172 0.124257 0.333914 0.124257 0.334349 0.122277 0.336091 0.122277 0.336526 0.120792 0.337832 0.120792 0.338267 0.118812 0.340009 0.118812 0.340444 0.116832 0.342185 0.116832 0.342621 0.114851 0.344362 0.114851 0.344798 0.113366 0.346104 0.113366 0.346539 0.111386 0.34828 0.111386 0.348716 0.109901 0.350022 0.109901 0.350892 0.108911 0.351763 0.108911 0.352199 0.106931 0.35394 0.106931 0.354375 0.10495 0.356117 0.104455 0.356117 0.10396 0.356552 0.10396 0.356987 0.10198 0.358729 0.10198 0.359164 0.100495 0.36047 0.100495 0.360906 0.098515 0.362647 0.098515 0.363082 0.096535 0.364824 0.096535 0.365259 0.09505 0.366565 0.09505 0.367 0.093069 0.368742 0.093069 0.369177 0.091089 0.370919 0.091089 0.371354 0.089604 0.37266 0.089604 0.373095 0.087624 0.374837 0.087624 0.375272 0.085644 0.377013 0.085644 0.377449 0.083663 0.37919 0.083663 0.379626 0.082178 0.380932 0.082178 0.381367 0.080198 0.383108 0.080198 0.383544 0.078218 0.385285 0.078218 0.385721 0.076733 0.387027 0.076733 0.387462 0.074752 0.389203 0.074752 0.389639 0.072772 0.39138 0.072772 0.391815 0.071782 0.392686 0.071287 0.392686 0.070792 0.393121 0.070792 0.393992 0.069307 0.395298 0.069307 0.395734 0.067327 0.397475 0.067327 0.39791 0.065347 0.399652 0.065347 0.400087 0.063861 0.401393 0.063861 0.401828 0.061881 0.40357 0.061881 0.404005 0.060396 0.405311 0.059901 0.405311 0.059406 0.404876 0.059406 0.405747 0.059901 0.406182 0.058416 0.407488 0.058416 0.407923 0.057921 0.408359 0.057426 0.407923 0.056931 0.407923 0.056436 0.408359 0.056436 0.408794 0.056931 0.409229 0.056436 0.409665 0.056436 0.4101 0.055941 0.410535 0.055446 0.4101 0.055446 0.410535 0.055941 0.410971 0.055941 0.411406 0.055446 0.411842 0.05495 0.411842 0.054455 0.411406 0.053465 0.412277 0.05396 0.412712 0.053465 0.413148 0.05297 0.413148 0.052475 0.413583 0.05297 0.414018 0.05099 0.41576 0.05099 0.416195 0.04901 0.417936 0.04901 0.418372 0.04802 0.419242 0.047525 0.418807 0.04703 0.418807 0.04703 0.419242 0.047525 0.419678 0.04703 0.420113 0.04703 0.420549 0.045545 0.421855 0.045545 0.42229 0.043564 0.424031 0.043564 0.424467 0.042079 0.425773 0.041584 0.425773 0.041584 0.426643 0.040099 0.427949 0.040099 0.428385 0.038119 0.430126 0.038119 0.430562 0.036139 0.432303 0.035644 0.431868 0.035149 0.432303 0.035149 0.432738 0.035644 0.433174 0.034653 0.434044 0.034653 0.43448 0.033663 0.43535 0.033168 0.434915 0.033168 0.43535 0.032673 0.435786 0.033168 0.436221 0.033168 0.436657 0.031683 0.437963 0.031683 0.438398 0.030198 0.439704 0.030198 0.440139 0.028218 0.441881 0.027723 0.441881 0.027228 0.442316 0.027228 0.443187 0.026238 0.444057 0.026238 0.444493 0.024752 0.445799 0.024752 0.446234 0.022772 0.447976 0.022772 0.448411 0.020792 0.450152 0.020792 0.450588 0.019307 0.451894 0.019307 0.452329 0.018317 0.4532 0.018317 0.454071 0.017822 0.454506 0.017822 0.455377 0.017327 0.455812 0.017327 0.456247 0.016832 0.456683 0.016832 0.457553 0.017327 0.457989 0.017327 0.458424 0.016832 0.458859 0.016832 0.459295 0.017327 0.45973 0.017327 0.461471 0.017822 0.461471 0.018317 0.461907 0.018317 0.462342 0.018812 0.462778 0.018812 0.463648 0.019307 0.463648 0.020792 0.464954 0.021287 0.464954 0.023267 0.466696 0.023762 0.466696 0.025743 0.468437 0.026238 0.468437 0.027228 0.469308 0.027228 0.469743 0.028218 0.470614 0.028713 0.470614 0.030693 0.472355 0.031188 0.472355 0.033168 0.474097 0.033663 0.474097 0.035644 0.475838 0.036139 0.475838 0.038119 0.477579 0.038614 0.477579 0.040099 0.478886 0.040594 0.478886 0.042079 0.480192 0.042079 0.481062 0.041584 0.481498 0.042079 0.481933 0.042574 0.481933 0.043069 0.482368 0.043069 0.482804 0.043564 0.482804 0.044554 0.481933 0.04505 0.482368 0.045545 0.482368 0.04604 0.482804 0.04505 0.483674 0.045545 0.48411 0.04604 0.48411 0.046535 0.484545 0.046535 0.485416 0.04703 0.485851 0.04703 0.486286 0.047525 0.486722 0.04802 0.486286 0.04901 0.487157 0.049505 0.486722 0.050495 0.487593 0.051485 0.487593 0.05198 0.488028 0.05297 0.488028 0.053465 0.488463 0.05297 0.488899 0.05297 0.489334 0.053465 0.489334 0.054455 0.488463 0.055446 0.489334 0.055446 0.489769 0.056931 0.491075 0.057426 0.491075 0.059406 0.492817 0.059901 0.492817 0.061881 0.494558 0.062376 0.494558 0.062871 0.494993 0.063366 0.494993 0.063861 0.495429 0.063861 0.495864 0.064851 0.495864 0.065842 0.496735 0.065842 0.49717 0.066337 0.497606 0.066832 0.497606 0.067327 0.498041 0.067822 0.498041 0.068812 0.498912 0.068812 0.499782 0.068317 0.500218 0.068317 0.500653 0.068812 0.500653 0.069307 0.501088 0.069802 0.500653 0.070297 0.500653 0.071287 0.501524 0.070792 0.501959 0.070792 0.502394 0.071287 0.502394 0.072277 0.501524 0.072772 0.501959 0.072772 0.502394 0.072277 0.50283 0.072277 0.503265 0.073267 0.502394 0.073762 0.502394 0.074257 0.50283 0.073762 0.503265 0.073762 0.5037 0.074257 0.503265 0.075743 0.504571 0.075743 0.505007 0.076238 0.504571 0.076733 0.504571 0.077228 0.505007 0.077228 0.505442 0.077723 0.505877 0.077723 0.506313 0.078218 0.506748 0.078713 0.506748 0.079208 0.506313 0.080693 0.507619 0.080693 0.508054 0.081683 0.508054 0.082673 0.508925 0.082673 0.50936 0.083168 0.509795 0.084158 0.509795 0.084653 0.510231 0.084653 0.510666 0.085644 0.511537 0.086634 0.511537 0.087129 0.511972 0.087129 0.512407 0.088119 0.513278 0.089109 0.513278 0.089604 0.513714 0.090099 0.513714 0.090594 0.514149 0.090099 0.514584 0.090594 0.514584 0.091089 0.51502 0.091584 0.51502 0.092574 0.51589 0.092574 0.516326 0.093564 0.516326 0.094059 0.516761 0.094554 0.516761 0.09703 0.518938 0.096535 0.519373 0.09505 0.519373 0.09604 0.520244 0.09604 0.520679 0.096535 0.521114 0.09703 0.521114 0.09703 0.520679 0.09802 0.519808 0.098515 0.519808 0.09901 0.520244 0.099505 0.520244 0.10099 0.52155 0.10099 0.521985 0.101485 0.522421 0.101485 0.522856 0.102475 0.523727 0.102475 0.524162 0.10297 0.524162 0.103465 0.523727 0.10396 0.524162 0.10396 0.524597 0.104455 0.524597 0.10495 0.524162 0.105446 0.524597 0.105446 0.525033 0.106436 0.525033 0.107426 0.525903 0.107426 0.526339 0.107921 0.526774 0.108416 0.526774 0.108911 0.527209 0.108416 0.527645 0.108416 0.52808 0.109406 0.528951 0.109901 0.528951 0.110396 0.529386 0.110891 0.529386 0.111386 0.529822 0.111386 0.530257 0.111881 0.530257 0.112376 0.529822 0.113366 0.529822 0.115347 0.531563 0.115842 0.531563 0.117822 0.533304 0.117327 0.53374 0.117327 0.53461 0.118317 0.53374 0.118812 0.53374 0.119802 0.53461 0.119802 0.535046 0.120792 0.535046 0.122277 0.536352 0.122772 0.536352 0.123267 0.536787 0.123267 0.537222 0.122772 0.537658 0.123762 0.538529 0.123762 0.538964 0.124257 0.538964 0.124752 0.538529 0.125248 0.538964 0.125248 0.539399 0.125743 0.539835 0.127723 0.539835 0.128218 0.54027 0.127723 0.540705 0.128218 0.540705 0.129703 0.542011 0.130198 0.542011 0.131188 0.542882 0.131683 0.542882 0.132178 0.543317 0.132178 0.543753 0.132673 0.543753 0.133168 0.544188 0.133168 0.544623 0.133663 0.544623 0.134158 0.544188 0.134653 0.544623 0.134653 0.545494 0.135149 0.545059 0.136634 0.546365 0.136634 0.5468 0.137624 0.5468 0.138614 0.547671 0.138614 0.548106 0.139109 0.548542 0.140099 0.548542 0.141089 0.549412 0.141089 0.549848 0.142079 0.550718 0.142079 0.551154 0.143069 0.551154 0.143564 0.551589 0.144554 0.551589 0.145545 0.55246 0.14604 0.55246 0.146535 0.552895 0.146535 0.55333 0.145545 0.554201 0.144554 0.554201 0.144059 0.554636 0.144554 0.555072 0.14604 0.553766 0.14703 0.554636 0.147525 0.554201 0.148515 0.555072 0.148515 0.555507 0.14901 0.555943 0.15 0.555943 0.150495 0.556378 0.151485 0.556378 0.152475 0.557249 0.152475 0.557684 0.15297 0.557684 0.153465 0.558119 0.153465 0.55899 0.15396 0.558555 0.15495 0.559425 0.155446 0.55899 0.155941 0.559425 0.155941 0.559861 0.155446 0.560296 0.155941 0.560731 0.156436 0.560296 0.157426 0.560296 0.157921 0.560731 0.157921 0.561602 0.158416 0.561602 0.160396 0.563343 0.160396 0.563779 0.161386 0.563779 0.162376 0.56465 0.162871 0.56465 0.163366 0.565085 0.163366 0.566391 0.162871 0.566826 0.162871 0.567262 0.163366 0.567262 0.163861 0.566826 0.164356 0.567262 0.164356 0.567697 0.163366 0.568568 0.163366 0.569003 0.163861 0.568568 0.163861 0.568132 0.164356 0.567697 0.164851 0.568132 0.164851 0.569003 0.165842 0.569874 0.166832 0.569874 0.167327 0.570309 0.166337 0.57118 0.166337 0.571615 0.166832 0.571615 0.167327 0.57118 0.168317 0.572051 0.168812 0.571615 0.169307 0.572051 0.169307 0.572486 0.168812 0.572921 0.168812 0.573357 0.169307 0.573357 0.169307 0.572921 0.170297 0.572051 0.171782 0.573357 0.170792 0.574227 0.170792 0.574663 0.171287 0.575098 0.171782 0.574663 0.171782 0.573792 0.172277 0.573357 0.172772 0.573357 0.173762 0.574227 0.174257 0.574227 0.175743 0.575533 0.175248 0.575969 0.174752 0.575969 0.174752 0.576404 0.175248 0.576404 0.175248 0.575969 0.175743 0.575533 0.176238 0.575533 0.177228 0.576404 0.177228 0.576839 0.178713 0.578145 0.177723 0.579016 0.178218 0.579451 0.179208 0.578581 0.179703 0.578581 0.180693 0.579451 0.179703 0.580322 0.180198 0.580758 0.180693 0.580758 0.181188 0.580322 0.181683 0.580758 0.182673 0.580758 0.183663 0.581628 0.184158 0.581628 0.185149 0.582499 0.185149 0.582934 0.184653 0.58337 0.184653 0.583805 0.185149 0.583805 0.185149 0.58337 0.185644 0.582934 0.186139 0.58337 0.186139 0.58424 0.186634 0.58424 0.187129 0.584676 0.187129 0.585111 0.187624 0.585111 0.188119 0.585546 0.188614 0.585546 0.189109 0.585111 0.190594 0.586417 0.191089 0.586417 0.192079 0.587288 0.191584 0.587723 0.191584 0.588158 0.192079 0.588594 0.192574 0.588158 0.193564 0.588158 0.194059 0.588594 0.194059 0.589029 0.193564 0.589465 0.194059 0.5899 0.194554 0.5899 0.195545 0.590771 0.19604 0.590335 0.197525 0.591641 0.19604 0.592947 0.196535 0.592947 0.19703 0.593383 0.197525 0.592947 0.197525 0.592512 0.19802 0.592077 0.198515 0.592077 0.200495 0.593818 0.20099 0.593818 0.201485 0.594253 0.20198 0.594253 0.202475 0.594689 0.202475 0.595124 0.20198 0.595559 0.201485 0.595559 0.201485 0.595995 0.20198 0.595995 0.20198 0.595559 0.202475 0.595124 0.20297 0.595559 0.203465 0.595559 0.20396 0.595995 0.20495 0.595995 0.205446 0.59643 0.205446 0.596865 0.205941 0.597301 0.206436 0.597301 0.207426 0.59643 0.207921 0.59643 0.208416 0.596865 0.209406 0.596865 0.210396 0.597736 0.209901 0.598172 0.209406 0.598172 0.208911 0.597736 0.208416 0.597736 0.207426 0.598607 0.207921 0.598607 0.208416 0.599042 0.208911 0.599042 0.209406 0.599478 0.210891 0.598172 0.211386 0.598607 0.211386 0.599042 0.212376 0.599042 0.213366 0.599913 0.213366 0.600784 0.212871 0.601219 0.212871 0.601654 0.213366 0.601654 0.213366 0.601219 0.214356 0.600348 0.214851 0.600784 0.214851 0.601219 0.214356 0.601654 0.215347 0.602525 0.215347 0.60296 0.216337 0.60296 0.217327 0.603831 0.217327 0.604266 0.217822 0.604702 0.218317 0.604266 0.218812 0.604702 0.219307 0.604702 0.220297 0.605572 0.219802 0.606008 0.220297 0.606443 0.220792 0.606443 0.221287 0.606879 0.221287 0.606443 0.221782 0.606008 0.222277 0.606008 0.222772 0.606443 0.222277 0.606879 0.223762 0.608185 0.224257 0.607749 0.224752 0.608185 0.224752 0.60862 0.225248 0.609055 0.225743 0.60862 0.226238 0.60862 0.226733 0.609055 0.226733 0.609491 0.228218 0.610797 0.228713 0.610797 0.230198 0.612103 0.230198 0.612538 0.230693 0.612973 0.231188 0.612538 0.231683 0.612973 0.231683 0.613409 0.232178 0.613409 0.232673 0.613844 0.232673 0.614279 0.233663 0.614279 0.234158 0.614715 0.234653 0.614715 0.235149 0.61515 0.235149 0.615586 0.236139 0.615586 0.237129 0.616456 0.237624 0.616456 0.238119 0.616892 0.238119 0.617327 0.238614 0.617762 0.239604 0.617762 0.240594 0.618633 0.240594 0.619068 0.241089 0.619504 0.241584 0.619504 0.242079 0.619939 0.241584 0.620374 0.242079 0.62081 0.242574 0.620374 0.244554 0.622116 0.244554 0.622551 0.24505 0.622987 0.245545 0.622987 0.24604 0.623422 0.245545 0.623857 0.24604 0.623857 0.246535 0.623422 0.24703 0.623857 0.24703 0.624293 0.247525 0.624728 0.24802 0.624728 0.248515 0.624293 0.24901 0.624293 0.249505 0.624728 0.249505 0.625163 0.251485 0.626905 0.25198 0.626905 0.252475 0.62734 0.252475 0.627775 0.25297 0.628211 0.253465 0.627775 0.25396 0.628211 0.25396 0.629081 0.25495 0.629081 0.255941 0.629952 0.256436 0.629517 0.257426 0.630387 0.257426 0.630823 0.256931 0.631258 0.256931 0.631694 0.257426 0.631694 0.257921 0.631258 0.258416 0.631694 0.258911 0.631694 0.259406 0.632129 0.259901 0.632129 0.260396 0.632564 0.260396 0.633 0.260891 0.633435 0.261386 0.633435 0.261881 0.63387 0.261881 0.634306 0.262376 0.634741 0.262871 0.634306 0.264356 0.635612 0.264356 0.636047 0.264851 0.636047 0.265347 0.636482 0.265347 0.636918 0.265842 0.637353 0.266337 0.637353 0.267822 0.638659 0.268317 0.638659 0.269802 0.639965 0.270792 0.639965 0.272277 0.641271 0.272772 0.641271 0.274752 0.643013 0.275248 0.643013 0.277228 0.644754 0.276733 0.645189 0.276238 0.645189 0.276238 0.645625 0.277228 0.644754 0.277723 0.644754 0.279208 0.64606 0.280198 0.64606 0.280693 0.646495 0.280693 0.646931 0.281188 0.647366 0.280693 0.647801 0.280693 0.648237 0.281683 0.648237 0.282178 0.647801 0.284158 0.649543 0.284653 0.649543 0.286634 0.651284 0.287129 0.651284 0.288119 0.652155 0.288119 0.65259 0.288614 0.653026 0.289109 0.65259 0.290099 0.653461 0.290099 0.653896 0.290594 0.654332 0.290099 0.654767 0.290594 0.655202 0.290594 0.655638 0.291089 0.655638 0.291584 0.656073 0.291584 0.657379 0.292079 0.656944 0.292079 0.656508 0.291584 0.656073 0.292079 0.655638 0.292574 0.655638 0.293069 0.656073 0.293069 0.65825 0.294059 0.659121 0.294059 0.659556 0.294554 0.659991 0.294554 0.660427 0.29505 0.660862 0.295545 0.660862 0.29604 0.660427 0.296535 0.660862 0.296535 0.661297 0.29604 0.661733 0.29604 0.662168 0.296535 0.662168 0.29703 0.662603 0.296535 0.663039 0.29703 0.663039 0.297525 0.663474 0.29802 0.663039 0.298515 0.663039 0.29901 0.663474 0.299505 0.663039 0.29901 0.663039 0.298515 0.662603 0.29802 0.662603 0.29703 0.661733 0.297525 0.661297 0.298515 0.661297 0.299505 0.662168 0.300495 0.662168 0.30099 0.662603 0.300495 0.663039 0.30099 0.663039 0.301485 0.663474 0.30198 0.663039 0.30297 0.663039 0.303465 0.663474 0.304455 0.663474 0.30495 0.663909 0.305446 0.663909 0.305941 0.664345 0.305941 0.66478 0.306436 0.66478 0.307426 0.665651 0.307921 0.665651 0.308416 0.666086 0.307426 0.666957 0.308416 0.667828 0.308416 0.667392 0.308911 0.666957 0.309406 0.666957 0.309901 0.667392 0.310396 0.667392 0.310891 0.667828 0.309901 0.668698 0.310396 0.669134 0.310396 0.668698 0.310891 0.668263 0.311386 0.668263 0.311881 0.668698 0.312376 0.668698 0.312871 0.668263 0.313366 0.668263 0.313861 0.668698 0.312376 0.670004 0.312871 0.67044 0.313366 0.67044 0.313861 0.670004 0.314356 0.67044 0.314851 0.67044 0.315347 0.670875 0.314851 0.67131 0.314851 0.671746 0.315347 0.671746 0.315842 0.67131 0.316832 0.672181 0.317327 0.672181 0.318812 0.673487 0.319307 0.673487 0.319802 0.673923 0.319307 0.674358 0.319802 0.674793 0.320792 0.674793 0.321287 0.675229 0.321782 0.675229 0.324257 0.677405 0.324257 0.677841 0.324752 0.677841 0.325248 0.678276 0.324257 0.679147 0.326238 0.680888 0.326238 0.681323 0.325743 0.681759 0.325743 0.682194 0.326733 0.682194 0.327228 0.681759 0.327723 0.681759 0.328218 0.682194 0.328218 0.68263 0.328713 0.683065 0.329703 0.683065 0.330693 0.683936 0.331188 0.683936 0.332673 0.685242 0.333663 0.685242 0.334653 0.686112 0.334653 0.686548 0.335149 0.686548 0.335149 0.686112 0.335644 0.685677 0.336634 0.685677 0.337624 0.686548 0.337624 0.686983 0.337129 0.687418 0.337129 0.687854 0.337624 0.687854 0.338614 0.686983 0.340099 0.688289 0.340099 0.688724 0.340594 0.68916 0.340594 0.69003 0.341089 0.690466 0.341584 0.69003 0.342574 0.690901 0.343564 0.690901 0.344059 0.691337 0.344059 0.691772 0.345545 0.693078 0.345545 0.694384 0.34505 0.694819 0.345545 0.695255 0.345545 0.69569 0.346535 0.696561 0.34703 0.696561 0.34901 0.698302 0.349505 0.698302 0.351485 0.700044 0.35198 0.700044 0.35297 0.700914 0.35297 0.70135 0.353465 0.701785 0.35396 0.70135 0.35495 0.70222 0.35495 0.702656 0.355446 0.703091 0.355941 0.703091 0.356436 0.703526 0.356436 0.703962 0.356931 0.703962 0.357426 0.704397 0.357921 0.704397 0.358416 0.704832 0.358416 0.705268 0.358911 0.705703 0.359901 0.705703 0.360891 0.706574 0.360891 0.707009 0.361881 0.707009 0.362376 0.707444 0.362376 0.70788 0.362871 0.708315 0.363366 0.70788 0.365347 0.709621 0.365842 0.709621 0.367822 0.711363 0.368812 0.711363 0.369307 0.710927 0.368812 0.710492 0.368812 0.710057 0.369307 0.709621 0.370297 0.709621 0.370792 0.710057 0.371287 0.710057 0.372772 0.711363 0.373762 0.711363 0.374257 0.711798 0.374257 0.712233 0.375248 0.713104 0.375743 0.713104 0.376733 0.713975 0.376733 0.71441 0.375743 0.715281 0.375743 0.716587 0.376733 0.717458 0.376733 0.717893 0.377723 0.718764 0.378218 0.718764 0.378713 0.719199 0.378218 0.719634 0.378713 0.719634 0.380693 0.721376 0.381188 0.721376 0.382673 0.722682 0.383168 0.722682 0.385149 0.724423 0.385644 0.724423 0.387624 0.726165 0.388119 0.726165 0.389604 0.727471 0.390099 0.727471 0.392079 0.729212 0.392574 0.729212 0.394554 0.730953 0.395545 0.730953 0.39604 0.731389 0.396535 0.731389 0.39703 0.731824 0.397525 0.731824 0.39802 0.732259 0.398515 0.732259 0.39901 0.732695 0.4 0.732695 0.400495 0.73313 0.40099 0.73313 0.401485 0.732695 0.40198 0.73313 0.40198 0.733566 0.401485 0.734001 0.40198 0.734001 0.40396 0.735742 0.404455 0.735742 0.405446 0.736613 0.406931 0.736613 0.407426 0.737048 0.407426 0.737484 0.408416 0.738354 0.408416 0.73879 0.409406 0.737919 0.409901 0.738354 0.409901 0.73879 0.410891 0.73879 0.411386 0.739225 0.412376 0.739225 0.412871 0.73966 0.412376 0.740096 0.412376 0.740531 0.412871 0.740531 0.414356 0.741837 0.415347 0.741837 0.415842 0.742273 0.415842 0.742708 0.416337 0.743143 0.417822 0.743143 0.418317 0.742708 0.418812 0.743143 0.418812 0.743579 0.418317 0.744014 0.418317 0.744449 0.418812 0.744449 0.418812 0.744014 0.419307 0.743579 0.419802 0.744014 0.419802 0.744885 0.420297 0.744885 0.420792 0.74532 0.420792 0.745755 0.421287 0.745755 0.422277 0.746626 0.422772 0.746191 0.423267 0.746626 0.423267 0.747497 0.423762 0.747061 0.424752 0.747061 0.426733 0.748803 0.427228 0.748803 0.428713 0.750109 0.429208 0.750109 0.430693 0.751415 0.430198 0.75185 0.429703 0.75185 0.429703 0.752286 0.430198 0.752721 0.431188 0.75185 0.431683 0.75185 0.433663 0.753592 0.434158 0.753592 0.434653 0.754027 0.433663 0.754898 0.434158 0.755333 0.434653 0.755333 0.435149 0.754898 0.436634 0.756204 0.436634 0.756639 0.437129 0.757074 0.437624 0.757074 0.438119 0.756639 0.438614 0.756639 0.439109 0.757074 0.439109 0.757945 0.440099 0.757945 0.440594 0.75838 0.440099 0.758816 0.440594 0.759251 0.441089 0.758816 0.442079 0.759687 0.442079 0.760557 0.442574 0.760557 0.443069 0.760993 0.443069 0.760557 0.443564 0.760122 0.44505 0.761428 0.444554 0.761863 0.44505 0.762299 0.445545 0.762299 0.44604 0.761863 0.44703 0.762734 0.44703 0.763169 0.447525 0.763605 0.448515 0.763605 0.449505 0.764475 0.449505 0.764911 0.450495 0.764911 0.45198 0.766217 0.45198 0.766652 0.452475 0.766652 0.45297 0.767088 0.45297 0.767523 0.45396 0.767523 0.454455 0.767958 0.45495 0.767958 0.455446 0.768394 0.455446 0.768829 0.455941 0.768829 0.456931 0.7697 0.457426 0.7697 0.458911 0.771006 0.458416 0.771441 0.457921 0.771441 0.457426 0.771876 0.457921 0.772312 0.458416 0.772312 0.459406 0.771441 0.459901 0.771441 0.461386 0.772747 0.461881 0.772747 0.463366 0.774053 0.462376 0.774924 0.462376 0.775359 0.462871 0.775795 0.464356 0.774488 0.465347 0.775359 0.465347 0.775795 0.464851 0.77623 0.464851 0.776665 0.465347 0.776665 0.465842 0.77623 0.466832 0.77623 0.468317 0.777536 0.468812 0.777536 0.470297 0.778842 0.469307 0.779713 0.469802 0.780148 0.470297 0.780148 0.470792 0.779713 0.471287 0.780148 0.471782 0.780148 0.472277 0.780583 0.472277 0.781019 0.471782 0.781454 0.472277 0.781889 0.472772 0.781889 0.473762 0.781019 0.474752 0.781889 0.474257 0.782325 0.474257 0.78276 0.476238 0.78276 0.476733 0.783195 0.476733 0.784502 0.477723 0.784502 0.478218 0.784937 0.477723 0.785372 0.478218 0.785372 0.478713 0.784937 0.479703 0.785808 0.480693 0.785808 0.481683 0.786678 0.481683 0.787114 0.482178 0.787549 0.483168 0.787549 0.483663 0.787984 0.483663 0.78842 0.484653 0.78929 0.484653 0.789726 0.485149 0.789726 0.485644 0.78929 0.486139 0.789726 0.486139 0.790161 0.487129 0.791032 0.487129 0.791467 0.487624 0.791902 0.487624 0.792338 0.488119 0.792773 0.489109 0.792773 0.489604 0.793209 0.489604 0.793644 0.489109 0.794079 0.489109 0.794515 0.490099 0.795385 0.490594 0.795385 0.492079 0.796691 0.492574 0.796256 0.493069 0.796256 0.494059 0.797127 0.494059 0.797562 0.49505 0.797562 0.49505 0.797127 0.495545 0.796691 0.496535 0.797562 0.497525 0.797562 0.49802 0.797997 0.497525 0.798433 0.49703 0.798433 0.496535 0.798868 0.496535 0.799303 0.497525 0.798433 0.49802 0.798433 0.498515 0.798868 0.498515 0.799303 0.49802 0.799739 0.497525 0.799739 0.49703 0.800174 0.49802 0.800174 0.498515 0.800609 0.49802 0.801045 0.49802 0.80148 0.497525 0.801916 0.49901 0.803222 0.499505 0.803222 0.501485 0.804963 0.50198 0.804963 0.50396 0.806704 0.504455 0.806704 0.505941 0.80801 0.506436 0.80801 0.508416 0.809752 0.508911 0.809752 0.510891 0.811493 0.511386 0.811493 0.513366 0.813235 0.513861 0.813235 0.515347 0.814541 0.515842 0.814541 0.517822 0.816282 0.518317 0.816282 0.520297 0.818024 0.520792 0.818024 0.522277 0.81933 0.522772 0.81933 0.524752 0.821071 0.525248 0.821071 0.527228 0.822812 0.527723 0.822812 0.529208 0.824118 0.530693 0.822812 0.531683 0.823683 0.531683 0.824118 0.532178 0.823683 0.532673 0.823683 0.533168 0.824118 0.533168 0.824554 0.532673 0.824989 0.532673 0.825424 0.532178 0.82586 0.532673 0.826295 0.532673 0.82586 0.533168 0.825424 0.533663 0.825424 0.534158 0.82586 0.533663 0.826295 0.533663 0.826731 0.534653 0.826731 0.535149 0.827166 0.535149 0.828037 0.535644 0.828472 0.536634 0.828472 0.537624 0.829343 0.537624 0.829778 0.538614 0.830649 0.539604 0.830649 0.540099 0.831084 0.540099 0.831519 0.540594 0.831955 0.541089 0.831519 0.542079 0.83239 0.542079 0.832825 0.543564 0.834131 0.544059 0.834131 0.545545 0.835438 0.546535 0.835438 0.547525 0.836308 0.547525 0.836744 0.54802 0.837179 0.54901 0.837179 0.55 0.83805 0.55 0.838485 0.550495 0.83892 0.55099 0.83892 0.552475 0.840226 0.55297 0.840226 0.55396 0.841097 0.55495 0.841097 0.555941 0.841968 0.555941 0.842403 0.557426 0.843709 0.557921 0.843709 0.558416 0.844145 0.558911 0.844145 0.559406 0.84458 0.559406 0.845015 0.560396 0.845015 0.561386 0.845886 0.561386 0.846321 0.561881 0.846757 0.562871 0.845886 0.563366 0.845886 0.564356 0.846757 0.563861 0.847192 0.563861 0.848063 0.564356 0.848498 0.564851 0.848063 0.565347 0.848498 0.566337 0.847627 0.566832 0.848063 0.566832 0.848498 0.566337 0.848933 0.566832 0.849369 0.566832 0.848933 0.567822 0.848063 0.568317 0.848498 0.568317 0.848933 0.567822 0.849369 0.567822 0.849804 0.568317 0.849804 0.568812 0.850239 0.568317 0.850675 0.569307 0.850675 0.569802 0.85111 0.570792 0.85111 0.571287 0.851545 0.571287 0.851981 0.570792 0.852416 0.571287 0.852416 0.571782 0.852852 0.572772 0.852852 0.574257 0.854158 0.574257 0.854593 0.574752 0.855028 0.575248 0.854593 0.577228 0.856334 0.577723 0.856334 0.579208 0.85764 0.579703 0.85764 0.582178 0.859817 0.582178 0.860688 0.582673 0.860688 0.582673 0.860253 0.583168 0.859817 0.583663 0.860253 0.583663 0.860688 0.584158 0.860688 0.584653 0.860253 0.585149 0.860688 0.586139 0.860688 0.586634 0.861123 0.587129 0.861123 0.587624 0.861559 0.587129 0.861994 0.587624 0.861994 0.588614 0.862865 0.587624 0.863735 0.589109 0.865041 0.589109 0.865477 0.590594 0.865477 0.589109 0.864171 0.589109 0.863735 0.588614 0.8633 0.589604 0.862429 0.590099 0.862865 0.590099 0.8633 0.591584 0.864606 0.592079 0.864606 0.593069 0.865477 0.592574 0.865912 0.592079 0.865912 0.591584 0.865477 0.591584 0.865912 0.591089 0.866347 0.592079 0.867218 0.592079 0.867653 0.592574 0.867653 0.593069 0.867218 0.593564 0.867653 0.593564 0.868089 0.594059 0.868524 0.595545 0.867218 0.59604 0.867653 0.596535 0.867218 0.59703 0.867653 0.59703 0.868089 0.597525 0.868524 0.59703 0.86896 0.59604 0.86896 0.596535 0.869395 0.597525 0.868524 0.59901 0.86983 0.59901 0.870266 0.598515 0.870701 0.600495 0.872442 0.601485 0.872442 0.602475 0.871572 0.60297 0.871572 0.603465 0.872007 0.604455 0.872007 0.606436 0.873748 0.606931 0.873748 0.608911 0.87549 0.609406 0.87549 0.610891 0.876796 0.611386 0.876796 0.612871 0.878102 0.613366 0.877667 0.614851 0.878973 0.616832 0.878973 0.617327 0.879408 0.617822 0.878973 0.619802 0.878973 0.620297 0.879408 0.620792 0.878973 0.621287 0.878973 0.622277 0.878102 0.622772 0.878102 0.623267 0.877667 0.623762 0.877667 0.624752 0.876796 0.624752 0.87636 0.626238 0.875054 0.626733 0.87549 0.627228 0.87549 0.627228 0.875054 0.626733 0.874619 0.626733 0.874184 0.628713 0.872442 0.628713 0.872007 0.629208 0.871572 0.629703 0.871572 0.630198 0.871136 0.630693 0.871136 0.632673 0.869395 0.632673 0.86896 0.633168 0.868524 0.633168 0.868089 0.633663 0.867653 0.634158 0.867653 0.634653 0.867218 0.635644 0.867218 0.635149 0.866783 0.635149 0.866347 0.635644 0.865912 0.635149 0.865477 0.637129 0.863735 0.637129 0.8633 0.638614 0.861994 0.639109 0.861994 0.639604 0.861559 0.640099 0.861559 0.641089 0.860688 0.640594 0.860253 0.641089 0.859817 0.641584 0.859817 0.642574 0.858946 0.642079 0.858511 0.643069 0.85764 0.643564 0.858076 0.643564 0.858946 0.644059 0.858511 0.644059 0.858076 0.643564 0.858076 0.643069 0.85764 0.643564 0.857205 0.643564 0.85677 0.645545 0.855028 0.64604 0.855028 0.646535 0.855464 0.64703 0.855464 0.64703 0.855028 0.64604 0.854158 0.647525 0.852852 0.647525 0.852416 0.64802 0.851981 0.64802 0.85111 0.649505 0.849804 0.649505 0.848063 0.65 0.847627 0.65 0.845015 0.649505 0.84458 0.65 0.844145 0.65 0.843709 0.649505 0.843274 0.650495 0.842403 0.650495 0.841968 0.649505 0.841097 0.649505 0.840226 0.64901 0.839791 0.64901 0.839356 0.64802 0.838485 0.64703 0.839356 0.646535 0.839356 0.644554 0.837614 0.644059 0.837614 0.642079 0.835873 0.641584 0.835873 0.640099 0.834567 0.639604 0.834567 0.637624 0.832825 0.637129 0.832825 0.635149 0.831084 0.634653 0.831084 0.633168 0.829778 0.632673 0.829778 0.630693 0.828037 0.630198 0.828037 0.628218 0.826295 0.629208 0.825424 0.629208 0.824989 0.628218 0.824118 0.628713 0.823683 0.628218 0.823248 0.630198 0.821506 0.630198 0.821071 0.631188 0.8202 0.631683 0.8202 0.632178 0.819765 0.631683 0.81933 0.631683 0.818894 0.632673 0.818024 0.632673 0.817588 0.634653 0.815847 0.634653 0.815411 0.635644 0.814541 0.636634 0.814541 0.638119 0.815847 0.638614 0.815411 0.639604 0.816282 0.639604 0.817153 0.638119 0.818459 0.638119 0.818894 0.637624 0.81933 0.638614 0.81933 0.639109 0.819765 0.639604 0.819765 0.640099 0.81933 0.641089 0.8202 0.641584 0.819765 0.640594 0.818894 0.641089 0.818459 0.641089 0.818024 0.641584 0.817588 0.641584 0.817153 0.642079 0.816717 0.643069 0.817588 0.643564 0.817153 0.644059 0.817153 0.644554 0.816717 0.644059 0.816282 0.644554 0.815847 0.64505 0.815847 0.645545 0.815411 0.64505 0.814976 0.645545 0.814541 0.646535 0.814541 0.646535 0.81367 0.647525 0.812799 0.64802 0.812799 0.64802 0.812364 0.64901 0.811493 0.64901 0.810623 0.649505 0.810187 0.65 0.810623 0.65 0.810187 0.650495 0.809752 0.65099 0.809752 0.651485 0.809316 0.651485 0.808881 0.650495 0.809752 0.65 0.809316 0.65 0.808446 0.649505 0.80801 0.649505 0.807575 0.64901 0.80714 0.64802 0.80714 0.64604 0.805398 0.645545 0.805398 0.644554 0.804528 0.645545 0.803657 0.645545 0.803222 0.64703 0.801916 0.64703 0.80148 0.64901 0.799739 0.64901 0.799303 0.65099 0.797562 0.65099 0.797127 0.65297 0.795385 0.65297 0.79495 0.654455 0.793644 0.654455 0.793209 0.656436 0.791467 0.656436 0.791032 0.658416 0.78929 0.658416 0.788855 0.659901 0.787549 0.659901 0.787114 0.661881 0.785372 0.661881 0.784937 0.662871 0.784066 0.663861 0.784937 0.664356 0.784937 0.664851 0.785372 0.665347 0.785372 0.666832 0.784066 0.666832 0.783631 0.667822 0.78276 0.668317 0.78276 0.669802 0.784066 0.670297 0.784066 0.672277 0.785808 0.672772 0.785808 0.674257 0.787114 0.674752 0.787114 0.675248 0.786678 0.675743 0.787114 0.675743 0.787549 0.676733 0.787549 0.677228 0.787984 0.678218 0.787984 0.679703 0.78929 0.680693 0.78929 0.681188 0.789726 0.681683 0.78929 0.681683 0.788855 0.683168 0.787549 0.683663 0.787549 0.684653 0.786678 0.684653 0.786243 0.686634 0.784502 0.686634 0.784066 0.688119 0.78276 0.688119 0.782325 0.690099 0.780583 0.690594 0.780583 0.690099 0.780148 0.690594 0.779713 0.691089 0.779713 0.691584 0.779277 0.691089 0.778842 0.691089 0.778407 0.691584 0.777971 0.692079 0.778407 0.693069 0.778407 0.693564 0.778842 0.694059 0.778842 0.694554 0.778407 0.693564 0.777536 0.693564 0.777101 0.694059 0.776665 0.694554 0.776665 0.69505 0.777101 0.695545 0.777101 0.69604 0.776665 0.695545 0.77623 0.696535 0.775359 0.697525 0.775359 0.698515 0.77623 0.698515 0.776665 0.69901 0.776665 0.699505 0.77623 0.69802 0.774924 0.697525 0.775359 0.69703 0.774924 0.69703 0.774488 0.698515 0.773182 0.699505 0.774053 0.70099 0.772747 0.702475 0.772747 0.70297 0.773182 0.703465 0.773182 0.70396 0.772747 0.703465 0.772312 0.705446 0.77057 0.705941 0.77057 0.705941 0.7697 0.706931 0.768829 0.707426 0.768829 0.707921 0.768394 0.707921 0.767958 0.708911 0.767088 0.708911 0.766217 0.709406 0.765781 0.709901 0.765781 0.711386 0.764475 0.712376 0.765346 0.712871 0.764911 0.712871 0.764475 0.711881 0.763605 0.713366 0.762299 0.713366 0.761863 0.713861 0.761428 0.714356 0.761428 0.714851 0.761863 0.715347 0.761428 0.715347 0.760993 0.714851 0.760557 0.714851 0.759687 0.715347 0.759251 0.716337 0.760122 0.716832 0.759687 0.715842 0.759687 0.715347 0.759251 0.716832 0.757945 0.717327 0.757945 0.717327 0.75751 0.718317 0.756639 0.718812 0.756639 0.720297 0.755333 0.720297 0.754898 0.722277 0.753156 0.722277 0.752721 0.721782 0.752286 0.721782 0.75185 0.722277 0.751415 0.722772 0.75185 0.723267 0.75185 0.723762 0.751415 0.723267 0.75098 0.724257 0.750109 0.724752 0.750109 0.725248 0.749673 0.724752 0.749238 0.724752 0.748803 0.725248 0.748367 0.726238 0.748367 0.726238 0.747932 0.725743 0.747497 0.727228 0.746191 0.727228 0.745755 0.727723 0.74532 0.729208 0.74532 0.729208 0.744449 0.730198 0.743579 0.730198 0.743143 0.731683 0.741837 0.731683 0.741402 0.733663 0.73966 0.733663 0.739225 0.735644 0.737484 0.735644 0.737048 0.737129 0.735742 0.737129 0.734872 0.738119 0.734001 0.738614 0.734001 0.739109 0.733566 0.739109 0.73313 0.738614 0.732695 0.738119 0.732695 0.737624 0.732259 0.738614 0.731389 0.738614 0.730953 0.739109 0.730518 0.738614 0.730083 0.738614 0.730518 0.738119 0.730953 0.737624 0.730518 0.737624 0.730083 0.737129 0.729647 0.737129 0.729212 0.736139 0.728341 0.735149 0.729212 0.734653 0.728777 0.734653 0.727906 0.734158 0.727471 0.734158 0.727035 0.733168 0.726165 0.732178 0.726165 0.731188 0.725294 0.730693 0.725294 0.730198 0.724859 0.730693 0.724423 0.730198 0.724423 0.728218 0.722682 0.727723 0.722682 0.725743 0.72094 0.725248 0.72094 0.724752 0.720505 0.725743 0.719634 0.725743 0.719199 0.727723 0.717458 0.727723 0.717022 0.729208 0.715716 0.729703 0.715716 0.730198 0.716152 0.730693 0.716152 0.732673 0.717893 0.733168 0.717893 0.735149 0.719634 0.735644 0.719634 0.737129 0.72094 0.737624 0.72094 0.738614 0.721811 0.739604 0.721811 0.740594 0.722682 0.740594 0.723117 0.741584 0.723988 0.743069 0.723988 0.744059 0.723117 0.744059 0.722682 0.743564 0.722682 0.743069 0.723117 0.742574 0.722682 0.742574 0.722246 0.744554 0.720505 0.74505 0.72094 0.74604 0.72094 0.74604 0.72007 0.74505 0.72094 0.744554 0.720505 0.744554 0.72007 0.74604 0.718764 0.74604 0.718328 0.74802 0.716587 0.74802 0.716152 0.749505 0.714845 0.749505 0.713975 0.750495 0.713104 0.750495 0.712669 0.752475 0.710927 0.752475 0.710057 0.75297 0.709621 0.753465 0.709621 0.753465 0.709186 0.75396 0.708751 0.754455 0.708751 0.754455 0.708315 0.75495 0.70788 0.75495 0.707444 0.754455 0.707444 0.75396 0.707009 0.754455 0.706574 0.754455 0.706138 0.756436 0.704397 0.756436 0.703962 0.755941 0.703962 0.75495 0.704832 0.75495 0.705268 0.754455 0.705703 0.75396 0.705268 0.75297 0.706138 0.752475 0.706138 0.752475 0.707009 0.75297 0.707444 0.75198 0.708315 0.751485 0.70788 0.75099 0.70788 0.750495 0.708315 0.75 0.70788 0.749505 0.70788 0.747525 0.706138 0.74703 0.706138 0.74505 0.704397 0.744554 0.704397 0.742574 0.702656 0.742079 0.702656 0.740594 0.70135 0.740099 0.70135 0.739604 0.700914 0.739604 0.700479 0.740594 0.699608 0.740594 0.699173 0.741584 0.698302 0.740594 0.697431 0.740099 0.697431 0.739109 0.696561 0.740099 0.69569 0.739604 0.695255 0.740594 0.694384 0.741584 0.694384 0.743069 0.69569 0.744059 0.69569 0.744059 0.695255 0.745545 0.693949 0.746535 0.694819 0.74703 0.694819 0.74901 0.696561 0.749505 0.696561 0.75099 0.697867 0.751485 0.697867 0.753465 0.699608 0.75396 0.699608 0.755941 0.70135 0.756931 0.70135 0.757426 0.700914 0.758416 0.701785 0.758911 0.70135 0.759406 0.701785 0.759406 0.70135 0.759901 0.700914 0.760396 0.70135 0.760396 0.700914 0.761386 0.700044 0.761881 0.700044 0.763366 0.698737 0.763366 0.698302 0.763861 0.697867 0.763861 0.697431 0.764356 0.696996 0.765347 0.697867 0.765842 0.697867 0.765842 0.697431 0.765347 0.696996 0.764851 0.697431 0.764356 0.696996 0.764356 0.696561 0.765842 0.695255 0.766337 0.695255 0.767327 0.694384 0.767822 0.694384 0.768317 0.694819 0.769802 0.693513 0.770792 0.694384 0.771287 0.693949 0.772277 0.694819 0.772772 0.694384 0.772772 0.693949 0.771782 0.693078 0.772772 0.692207 0.773267 0.692643 0.773762 0.692643 0.773762 0.692207 0.773267 0.692207 0.772772 0.691772 0.772772 0.691337 0.774752 0.689595 0.774752 0.68916 0.775743 0.688289 0.774752 0.687418 0.774752 0.686983 0.775743 0.686112 0.776733 0.686112 0.777228 0.686548 0.776733 0.686983 0.776733 0.687418 0.777228 0.687418 0.777723 0.686983 0.777723 0.686548 0.778218 0.686112 0.778713 0.686548 0.779208 0.686112 0.779703 0.686548 0.779703 0.686983 0.780198 0.687418 0.781683 0.686112 0.782178 0.686112 0.783168 0.685242 0.783663 0.685242 0.783663 0.684806 0.785644 0.683065 0.785644 0.68263 0.787129 0.681323 0.787129 0.680888 0.789109 0.679147 0.789109 0.678711 0.791089 0.67697 0.791089 0.676535 0.791584 0.676099 0.792079 0.676099 0.792574 0.676535 0.793069 0.676535 0.792079 0.675664 0.792574 0.675229 0.793069 0.675229 0.793564 0.675664 0.79505 0.675664 0.794554 0.675664 0.793069 0.674358 0.793564 0.673923 0.794554 0.673923 0.79505 0.674358 0.79604 0.673487 0.79604 0.673052 0.795545 0.672616 0.795545 0.672181 0.79604 0.671746 0.797525 0.673052 0.798515 0.672181 0.79802 0.672181 0.79703 0.67131 0.79703 0.670875 0.797525 0.67044 0.797525 0.670004 0.79901 0.668698 0.79901 0.667828 0.8 0.666957 0.8 0.666522 0.800495 0.666086 0.80099 0.666522 0.801485 0.666522 0.802475 0.665651 0.803465 0.666522 0.80396 0.666086 0.80396 0.665651 0.80297 0.66478 0.80396 0.663909 0.80396 0.663474 0.80495 0.662603 0.805446 0.663039 0.806436 0.663039 0.806931 0.663474 0.807426 0.663474 0.808416 0.664345 0.808911 0.663909 0.808911 0.663474 0.807921 0.663474 0.805941 0.661733 0.805941 0.661297 0.806436 0.660862 0.806931 0.661297 0.807921 0.661297 0.808416 0.660862 0.807921 0.660427 0.807426 0.660427 0.806931 0.659991 0.806931 0.659556 0.807426 0.659121 0.807426 0.658685 0.807921 0.65825 0.808416 0.65825 0.808911 0.657815 0.810396 0.657815 0.810396 0.657379 0.809901 0.656944 0.809901 0.656508 0.810396 0.656073 0.810891 0.656073 0.811386 0.655638 0.810891 0.655202 0.812376 0.653896 0.812871 0.654332 0.812871 0.654767 0.813366 0.654767 0.813366 0.654332 0.812871 0.654332 0.812376 0.653896 0.812376 0.653461 0.812871 0.653026 0.813366 0.653026 0.813366 0.65259 0.813861 0.652155 0.813861 0.65172 0.815842 0.649978 0.815842 0.649543 0.816832 0.648672 0.816832 0.647801 0.818317 0.646495 0.818317 0.64606 0.819307 0.645189 0.819802 0.645189 0.819802 0.644754 0.819307 0.644319 0.819802 0.643883 0.819802 0.643013 0.820792 0.642142 0.818812 0.642142 0.818317 0.641707 0.818317 0.641271 0.817822 0.640836 0.817822 0.639965 0.817327 0.63953 0.817822 0.639094 0.817822 0.638659 0.817327 0.638224 0.817822 0.637788 0.818317 0.637788 0.819802 0.639094 0.820297 0.638659 0.820297 0.638224 0.821782 0.636918 0.821287 0.636482 0.821287 0.635612 0.821782 0.635176 0.821782 0.634741 0.822277 0.634306 0.822277 0.63387 0.822772 0.633435 0.823267 0.633435 0.824257 0.634306 0.824257 0.633435 0.823762 0.633435 0.823267 0.633 0.824257 0.632129 0.824752 0.632564 0.825743 0.632564 0.824752 0.631694 0.824752 0.631258 0.825248 0.630823 0.825248 0.629952 0.826733 0.628646 0.826733 0.627775 0.827228 0.62734 0.827723 0.62734 0.828713 0.626469 0.828713 0.626034 0.830693 0.624293 0.830198 0.623857 0.831188 0.622987 0.831188 0.622116 0.831683 0.62168 0.831683 0.621245 0.829703 0.619504 0.829208 0.619504 0.828218 0.618633 0.828218 0.618198 0.827228 0.617327 0.828218 0.616456 0.827723 0.616021 0.827228 0.616456 0.826733 0.616456 0.825743 0.615586 0.826238 0.61515 0.825248 0.614279 0.825248 0.613844 0.825743 0.613409 0.826238 0.613409 0.826733 0.613844 0.827228 0.613844 0.827228 0.613409 0.826238 0.613409 0.824752 0.612103 0.825743 0.611232 0.826733 0.612103 0.827228 0.612103 0.827723 0.612538 0.828218 0.612538 0.828713 0.612973 0.828218 0.613409 0.828713 0.613409 0.828713 0.612973 0.828218 0.612538 0.828713 0.612103 0.829208 0.612103 0.830198 0.612973 0.830198 0.613409 0.828713 0.614715 0.828713 0.61515 0.829208 0.61515 0.829703 0.614715 0.829208 0.614279 0.829703 0.613844 0.830198 0.613844 0.830693 0.613409 0.830693 0.612973 0.830198 0.612973 0.829703 0.612538 0.830198 0.612103 0.829208 0.612103 0.828713 0.611667 0.828218 0.611667 0.827723 0.611232 0.828713 0.610361 0.829208 0.610797 0.829703 0.610797 0.830198 0.610361 0.830198 0.609926 0.830693 0.609491 0.830693 0.609055 0.831188 0.60862 0.830198 0.607749 0.830198 0.607314 0.829703 0.607314 0.829208 0.607749 0.828218 0.606879 0.828218 0.606443 0.828713 0.606008 0.829703 0.606008 0.830198 0.606443 0.830693 0.606008 0.831188 0.606443 0.831683 0.606008 0.830693 0.605137 0.831188 0.604702 0.830693 0.604266 0.829703 0.605137 0.829208 0.604702 0.829208 0.604266 0.828218 0.604266 0.827228 0.603396 0.828218 0.602525 0.828713 0.60296 0.829208 0.602525 0.828713 0.602525 0.828218 0.60209 0.828713 0.601654 0.828218 0.601654 0.827723 0.601219 0.827723 0.600348 0.829703 0.598607 0.829703 0.598172 0.831188 0.596865 0.831188 0.59643 0.830198 0.595559 0.831188 0.594689 0.831683 0.595124 0.832178 0.595124 0.832178 0.594689 0.831683 0.594253 0.831683 0.593818 0.832178 0.593383 0.832673 0.593383 0.833168 0.593818 0.833663 0.593818 0.834158 0.593383 0.833168 0.592512 0.834158 0.591641 0.834653 0.592077 0.835644 0.591206 0.835149 0.590771 0.835149 0.590335 0.835644 0.5899 0.836139 0.590335 0.836139 0.5899 0.835644 0.589465 0.837129 0.588158 0.837624 0.588594 0.837624 0.588158 0.837129 0.587723 0.838614 0.586417 0.838614 0.585546 0.839109 0.585111 0.839604 0.585111 0.840099 0.585546 0.840594 0.585546 0.840594 0.585111 0.840099 0.584676 0.840099 0.583805 0.840594 0.58337 0.841584 0.58424 0.842079 0.583805 0.842079 0.582934 0.841584 0.582499 0.841584 0.582064 0.842079 0.581628 0.842574 0.582064 0.843564 0.582064 0.844554 0.581193 0.844059 0.580758 0.84505 0.579887 0.84505 0.579451 0.846535 0.578145 0.846535 0.57771 0.84703 0.577275 0.847525 0.577275 0.847525 0.576839 0.84901 0.575533 0.85 0.575533 0.85099 0.574663 0.85198 0.575533 0.853465 0.574227 0.853465 0.573792 0.85396 0.573357 0.85495 0.574227 0.856436 0.572921 0.857426 0.573792 0.857921 0.573357 0.857921 0.572921 0.856931 0.572051 0.856931 0.571615 0.855446 0.572921 0.85495 0.572486 0.85495 0.572051 0.856436 0.570744 0.856931 0.570744 0.857426 0.570309 0.856931 0.569874 0.857426 0.569438 0.857921 0.569438 0.858416 0.569874 0.859406 0.569874 0.859901 0.570309 0.861386 0.570309 0.861881 0.569874 0.862376 0.569874 0.861881 0.569438 0.862871 0.568568 0.863861 0.569438 0.863861 0.569874 0.864851 0.569874 0.865842 0.570744 0.866337 0.570309 0.866337 0.569874 0.866832 0.569438 0.867327 0.569438 0.867822 0.569874 0.868317 0.569438 0.868812 0.569874 0.868812 0.570309 0.868317 0.570744 0.868812 0.570744 0.869307 0.57118 0.869307 0.571615 0.868812 0.572051 0.868812 0.572486 0.869307 0.572486 0.870297 0.571615 0.870792 0.572051 0.870792 0.572486 0.871287 0.572486 0.871782 0.572051 0.872277 0.572051 0.872772 0.572486 0.873762 0.572486 0.875743 0.574227 0.876238 0.573792 0.877228 0.574663 0.876733 0.575098 0.876733 0.575533 0.877228 0.575533 0.877723 0.575098 0.878713 0.575098 0.879208 0.575533 0.879208 0.575969 0.879703 0.576404 0.879703 0.576839 0.881188 0.576839 0.881683 0.577275 0.881683 0.57771 0.882178 0.578145 0.883168 0.578145 0.884158 0.579016 0.884158 0.579451 0.884653 0.579887 0.885149 0.579451 0.886139 0.579451 0.888119 0.581193 0.888614 0.580758 0.889604 0.580758 0.890099 0.580322 0.890594 0.580322 0.891584 0.579451 0.892079 0.579451 0.892574 0.579016 0.892574 0.578581 0.894554 0.576839 0.89505 0.576839 0.895545 0.576404 0.895545 0.575533 0.896535 0.574663 0.896535 0.574227 0.89802 0.572921 0.89802 0.572486 0.9 0.570744 0.9 0.570309 0.901485 0.569003 0.901485 0.568132 0.90198 0.567697 0.90198 0.566826 0.901485 0.566391 0.901485 0.565956 0.9 0.56465 0.900495 0.564214 0.900495 0.563779 0.90099 0.563343 0.901485 0.563779 0.901485 0.564214 0.90198 0.564214 0.902475 0.563779 0.90198 0.563343 0.901485 0.563779 0.90099 0.563343 0.90099 0.562908 0.902475 0.561602 0.902475 0.560731 0.90099 0.562037 0.900495 0.561602 0.9 0.561602 0.899505 0.561167 0.900495 0.560296 0.9 0.559861 0.899505 0.559861 0.89901 0.559425 0.899505 0.55899 0.89901 0.55899 0.898515 0.558555 0.898515 0.558119 0.89901 0.557684 0.89901 0.557249 0.898515 0.557249 0.89802 0.556813 0.89802 0.556378 0.897525 0.556378 0.89703 0.555943 0.89703 0.555507 0.89604 0.554636 0.89505 0.554636 0.894554 0.554201 0.894554 0.553766 0.893564 0.553766 0.893069 0.55333 0.892574 0.55333 0.892079 0.552895 0.892079 0.55246 0.891089 0.55246 0.890594 0.552024 0.889604 0.552024 0.889109 0.551589 0.888614 0.551589 0.887129 0.550283 0.887129 0.549848 0.887624 0.549412 0.887129 0.548977 0.887129 0.548106 0.886139 0.547236 0.887129 0.546365 0.888614 0.547671 0.889109 0.547671 0.889109 0.5468 0.887624 0.545494 0.887129 0.545494 0.886634 0.545059 0.886139 0.545059 0.885149 0.544188 0.885149 0.543753 0.884158 0.543753 0.883663 0.543317 0.883663 0.542882 0.884653 0.542011 0.885149 0.542447 0.885149 0.542882 0.885644 0.542882 0.886634 0.542011 0.886634 0.541576 0.887624 0.540705 0.886634 0.539835 0.887129 0.539399 0.887129 0.538529 0.885644 0.539835 0.885644 0.54027 0.884158 0.541576 0.883663 0.541141 0.883663 0.54027 0.883168 0.539835 0.883663 0.539399 0.883663 0.538964 0.884158 0.538529 0.884653 0.538529 0.885149 0.538093 0.885149 0.537222 0.884653 0.536787 0.884653 0.536352 0.885149 0.535916 0.885149 0.535481 0.885644 0.535046 0.885149 0.53461 0.885149 0.534175 0.885644 0.53374 0.886139 0.534175 0.886139 0.53374 0.886634 0.533304 0.886634 0.532434 0.887129 0.531998 0.887624 0.531998 0.888119 0.532434 0.888614 0.531998 0.889109 0.532434 0.889109 0.532869 0.888614 0.533304 0.889109 0.533304 0.889604 0.532869 0.889604 0.532434 0.889109 0.532434 0.888119 0.531563 0.888119 0.531128 0.888614 0.530692 0.889109 0.530692 0.890099 0.529822 0.890594 0.529822 0.890594 0.529386 0.890099 0.528951 0.891089 0.52808 0.891584 0.52808 0.891584 0.527645 0.892079 0.527209 0.892574 0.527645 0.892574 0.52808 0.893069 0.528515 0.893069 0.527645 0.893564 0.527209 0.894059 0.527209 0.89505 0.526339 0.89505 0.525903 0.895545 0.525468 0.89604 0.525468 0.896535 0.525903 0.897525 0.525903 0.89901 0.527209 0.89901 0.527645 0.898515 0.52808 0.89802 0.52808 0.896535 0.526774 0.89604 0.526774 0.89604 0.527645 0.89505 0.528515 0.89505 0.528951 0.894059 0.529822 0.894059 0.530257 0.894554 0.530692 0.89604 0.529386 0.89703 0.530257 0.897525 0.529822 0.897525 0.529386 0.89703 0.529386 0.896535 0.529822 0.89604 0.529386 0.89604 0.528951 0.89703 0.52808 0.897525 0.52808 0.89901 0.529386 0.899505 0.529386 0.9 0.529822 0.899505 0.530257 0.9 0.530692 0.900495 0.530692 0.90099 0.530257 0.90099 0.529822 0.901485 0.529386 0.90198 0.529386 0.902475 0.528951 0.90297 0.529386 0.903465 0.529386 0.90396 0.528951 0.904455 0.528951 0.905446 0.529822 0.90495 0.530257 0.905446 0.530257 0.906436 0.531128 0.906931 0.531128 0.907426 0.530692 0.907921 0.531128 0.907921 0.531563 0.908416 0.531563 0.908416 0.531128 0.907921 0.531128 0.907426 0.530692 0.908416 0.529822 0.908911 0.529822 0.909406 0.530257 0.909901 0.529822 0.910396 0.529822 0.910891 0.530257 0.909406 0.531563 0.909406 0.531998 0.909901 0.531998 0.910396 0.531563 0.911386 0.532434 0.912871 0.531128 0.913366 0.531563 0.913861 0.531563 0.914356 0.531998 0.914356 0.532869 0.915347 0.532869 0.916337 0.53374 0.916337 0.534175 0.917327 0.534175 0.918317 0.535046 0.918812 0.535046 0.920792 0.536787 0.921782 0.536787 0.922277 0.537222 0.922277 0.537658 0.922772 0.537222 0.923267 0.537222 0.923762 0.537658 0.924257 0.537222 0.924752 0.537658 0.926238 0.537658 0.926733 0.538093 0.927228 0.537658 0.928218 0.537658 0.928713 0.538093 0.929208 0.538093 0.929208 0.537658 0.930198 0.536787 0.930693 0.537222 0.931188 0.537222 0.931683 0.536787 0.932178 0.536787 0.933168 0.535916 0.933663 0.535916 0.933663 0.535481 0.935644 0.53374 0.935644 0.533304 0.937624 0.531563 0.937624 0.531128 0.939604 0.529386 0.939604 0.528951 0.941089 0.527645 0.941089 0.527209 0.943069 0.525468 0.943069 0.525033 0.94505 0.523291 0.94505 0.522856 0.946535 0.52155 0.946535 0.521114 0.948515 0.519373 0.948515 0.518938 0.950495 0.517196 0.950495 0.516761 0.95198 0.515455 0.95198 0.51502 0.95396 0.513278 0.95396 0.512843 0.955941 0.511101 0.955941 0.510666 0.957921 0.508925 0.957921 0.508489 0.959406 0.507183 0.959406 0.506748 0.961386 0.505007 0.961386 0.504571 0.963366 0.50283 0.963366 0.502394 0.964851 0.501088 0.964851 0.500653 0.966832 0.498912 0.966832 0.498476 0.968812 0.496735 0.968812 0.4963 0.970297 0.494993 0.970297 0.494558 0.972277 0.492817 0.972277 0.492381 0.974257 0.49064 0.974257 0.490205 0.976238 0.488463 0.976238 0.488028 0.977723 0.486722 0.977723 0.486286 0.979703 0.484545 0.979703 0.48411 0.981683 0.482368 0.981683 0.481933 0.983168 0.480627 0.983168 0.480192 0.985149 0.47845 0.985149 0.478015 0.987129 0.476273 0.987129 0.475838 0.988614 0.474532 0.988614 0.474097 0.990594 0.472355 0.990594 0.47192 0.992574 0.470178 0.992574 0.469743 0.994554 0.468002 0.994554 0.467566 0.99604 0.46626 0.99604 0.465825 0.99802 0.464084 0.99802 0.463648 0.999505 0.462342 0.999505 0.449282 0.997525 0.44754 0.99703 0.44754 0.995545 0.446234 0.99505 0.446234 0.993069 0.444493 0.992574 0.444493 0.990594 0.442751 0.990099 0.442751 0.988614 0.441445 0.988119 0.441445 0.986139 0.439704 0.985644 0.439704 0.983663 0.437963 0.983168 0.437963 0.981683 0.436657 0.981188 0.436657 0.979208 0.434915 0.978713 0.434915 0.976733 0.433174 0.976238 0.433174 0.974257 0.431432 0.973762 0.431432 0.972277 0.430126 0.971782 0.430126 0.969802 0.428385 0.969307 0.428385 0.967327 0.426643 0.966832 0.426643 0.965347 0.425337 0.964851 0.425337 0.962871 0.423596 0.962376 0.423596 0.960396 0.421855 0.959901 0.421855 0.958416 0.420549 0.957921 0.420549 0.955941 0.418807 0.955446 0.418807 0.953465 0.417066 0.95297 0.417066 0.951485 0.41576 0.95099 0.41576 0.94901 0.414018 0.948515 0.414018 0.946535 0.412277 0.94604 0.412277 0.944059 0.410535 0.943564 0.410535 0.942079 0.409229 0.941584 0.409229 0.939604 0.407488 0.939109 0.407488 0.937129 0.405747 0.936634 0.405747 0.935149 0.404441 0.934653 0.404441 0.932673 0.402699 0.932178 0.402699 0.930198 0.400958 0.929703 0.400958 0.928218 0.399652 0.927723 0.399652 0.925743 0.39791 0.925248 0.39791 0.923267 0.396169 0.922772 0.396169 0.920792 0.394428 0.920297 0.394428 0.918812 0.393121 0.918317 0.393121 0.916337 0.39138 0.915842 0.39138 0.913861 0.389639 0.913366 0.389639 0.911881 0.388333 0.911386 0.388333 0.909406 0.386591 0.908911 0.386591 0.906931 0.38485 0.906436 0.38485 0.90495 0.383544 0.904455 0.383544 0.902475 0.381802 0.90198 0.381802 0.9 0.380061 0.899505 0.380061 0.897525 0.37832 0.89703 0.37832 0.895545 0.377013 0.89505 0.377013 0.893069 0.375272 0.892574 0.375272 0.890594 0.373531 0.890099 0.373531 0.888614 0.372225 0.888119 0.372225 0.886139 0.370483 0.885644 0.370483 0.883663 0.368742 0.883168 0.368742 0.881683 0.367436 0.881188 0.367436 0.879208 0.365694 0.878713 0.365694 0.876733 0.363953 0.876238 0.363953 0.874257 0.362212 0.873762 0.362212 0.872277 0.360906 0.871782 0.360906 0.869802 0.359164 0.869307 0.359164 0.867327 0.357423 0.866832 0.357423 0.865347 0.356117 0.864851 0.356117 0.862871 0.354375 0.862376 0.354375 0.860396 0.352634 0.859901 0.352634 0.858416 0.351328 0.857921 0.351328 0.855941 0.349586 0.855446 0.349586 0.853465 0.347845 0.85297 0.347845 0.85099 0.346104 0.850495 0.346104 0.84901 0.344798 0.848515 0.344798 0.846535 0.343056 0.84604 0.343056 0.844059 0.341315 0.843564 0.341315 0.842079 0.340009 0.841584 0.340009 0.839604 0.338267 0.839109 0.338267 0.837129 0.336526 0.836634 0.336526 0.835149 0.33522 0.834653 0.33522 0.832673 0.333478 0.832178 0.333478 0.830198 0.331737 0.829703 0.331737 0.827723 0.329996 0.827228 0.329996 0.825743 0.32869 0.825248 0.32869 0.823267 0.326948 0.822772 0.326948 0.820792 0.325207 0.820297 0.325207 0.818812 0.323901 0.818317 0.323901 0.816337 0.322159 0.815842 0.322159 0.813861 0.320418 0.813366 0.320418 0.811881 0.319112 0.811386 0.319112 0.809406 0.31737 0.808911 0.31737 0.806931 0.315629 0.806436 0.315629 0.804455 0.313888 0.80396 0.313888 0.802475 0.312582 0.80198 0.312582 0.8 0.31084 0.799505 0.31084 0.797525 0.309099 0.79703 0.309099 0.795545 0.307793 0.79505 0.307793 0.793069 0.306051 0.792574 0.306051 0.790594 0.30431 0.790099 0.30431 0.788614 0.303004 0.788119 0.303004 0.786139 0.301263 0.785644 0.301263 0.783663 0.299521 0.783168 0.299521 0.781188 0.29778 0.780693 0.29778 0.779208 0.296474 0.778713 0.296474 0.776733 0.294732 0.776238 0.294732 0.774257 0.292991 0.773762 0.292991 0.772277 0.291685 0.771782 0.291685 0.769802 0.289943 0.769307 0.289943 0.767327 0.288202 0.766832 0.288202 0.765347 0.286896 0.764851 0.286896 0.762871 0.285155 0.762376 0.285155 0.760396 0.283413 0.759901 0.283413 0.757921 0.281672 0.757426 0.281672 0.755941 0.280366 0.755446 0.280366 0.753465 0.278624 0.75297 0.278624 0.75099 0.276883 0.750495 0.276883 0.74901 0.275577 0.748515 0.275577 0.746535 0.273835 0.74604 0.273835 0.744059 0.272094 0.743564 0.272094 0.742079 0.270788 0.741584 0.270788 0.739604 0.269047 0.739109 0.269047 0.737129 0.267305 0.736634 0.267305 0.734653 0.265564 0.734158 0.265564 0.732673 0.264258 0.732178 0.264258 0.730198 0.262516 0.729703 0.262516 0.727723 0.260775 0.727228 0.260775 0.725743 0.259469 0.725248 0.259469 0.723267 0.257727 0.722772 0.257727 0.720792 0.255986 0.720297 0.255986 0.718812 0.25468 0.718317 0.25468 0.716337 0.252939 0.715842 0.252939 0.713861 0.251197 0.713366 0.251197 0.711386 0.249456 0.710891 0.249456 0.709406 0.24815 0.708911 0.24815 0.706931 0.246408 0.706436 0.246408 0.704455 0.244667 0.70396 0.244667 0.702475 0.243361 0.70198 0.243361 0.7 0.24162 0.699505 0.24162 0.697525 0.239878 0.69703 0.239878 0.695545 0.238572 0.69505 0.238572 0.693069 0.236831 0.692574 0.236831 0.690594 0.235089 0.690099 0.235089 0.688119 0.233348 0.687624 0.233348 0.686139 0.232042 0.685644 0.232042 0.683663 0.2303 0.683168 0.2303 0.681188 0.228559 0.680693 0.228559 0.679208 0.227253 0.678713 0.227253 0.676733 0.225512 0.676238 0.225512 0.674257 0.22377 0.673762 0.22377 0.672277 0.222464 0.671782 0.222464 0.669802 0.220723 0.669307 0.220723 0.667327 0.218981 0.666832 0.218981 0.664851 0.21724 0.664356 0.21724 0.662871 0.215934 0.662376 0.215934 0.660396 0.214192 0.659901 0.214192 0.657921 0.212451 0.657426 0.212451 0.655941 0.211145 0.655446 0.211145 0.653465 0.209404 0.65297 0.209404 0.65099 0.207662 0.650495 0.207662 0.64901 0.206356 0.648515 0.206356 0.646535 0.204615 0.64604 0.204615 0.644059 0.202873 0.643564 0.202873 0.641584 0.201132 0.641089 0.201132 0.639604 0.199826 0.639109 0.199826 0.637129 0.198084 0.636634 0.198084 0.634653 0.196343 0.634158 0.196343 0.632673 0.195037 0.632178 0.195037 0.630198 0.193296 0.629703 0.193296 0.627723 0.191554 0.627228 0.191554 0.625743 0.190248 0.625248 0.190248 0.623267 0.188507 0.622772 0.188507 0.620792 0.186765 0.620297 0.186765 0.618317 0.185024 0.617822 0.185024 0.616337 0.183718 0.615842 0.183718 0.613861 0.181976 0.613366 0.181976 0.611386 0.180235 0.610891 0.180235 0.609406 0.178929 0.608911 0.178929 0.606931 0.177188 0.606436 0.177188 0.604455 0.175446 0.60396 0.175446 0.602475 0.17414 0.60198 0.17414 0.6 0.172399 0.599505 0.172399 0.597525 0.170657 0.59703 0.170657 0.59505 0.168916 0.594554 0.168916 0.593069 0.16761 0.592574 0.16761 0.590594 0.165869 0.590099 0.165869 0.588119 0.164127 0.587624 0.164127 0.586139 0.162821 0.585644 0.162821 0.583663 0.16108 0.583168 0.16108 0.581188 0.159338 0.580693 0.159338 0.579208 0.158032 0.578713 0.158032 0.576733 0.156291 0.576238 0.156291 0.574257 0.154549 0.573762 0.154549 0.571782 0.152808 0.571287 0.152808 0.569802 0.151502 0.569307 0.151502 0.567327 0.149761 0.566832 0.149761 0.564851 0.148019 0.564356 0.148019 0.562871 0.146713 0.562376 0.146713 0.560396 0.144972 0.559901 0.144972 0.557921 0.14323 0.557426 0.14323 0.555941 0.141924 0.555446 0.141924 0.553465 0.140183 0.55297 0.140183 0.55099 0.138441 0.550495 0.138441 0.548515 0.1367 0.54802 0.1367 0.546535 0.135394 0.54604 0.135394 0.544059 0.133653 0.543564 0.133653 0.541584 0.131911 0.541089 0.131911 0.539604 0.130605 0.539109 0.130605 0.537129 0.128864 0.536634 0.128864 0.534653 0.127122 0.534158 0.127122 0.532673 0.125816 0.532178 0.125816 0.530198 0.124075 0.529703 0.124075 0.527723 0.122333 0.527228 0.122333 0.525248 0.120592 0.524752 0.120592 0.523267 0.119286 0.522772 0.119286 0.520792 0.117545 0.520297 0.117545 0.518317 0.115803 0.517822 0.115803 0.516337 0.114497 0.515842 0.114497 0.513861 0.112756 0.513366 0.112756 0.511386 0.111014 0.510891 0.111014 0.509406 0.109708 0.508911 0.109708 0.506931 0.107967 0.506436 0.107967 0.504455 0.106226 0.50396 0.106226 0.50198 0.104484 0.501485 0.104484 0.5 0.103178 0.499505 0.103178 0.497525 0.101437 0.49703 0.101437 0.49505 0.099695 0.494554 0.099695 0.493069 0.098389 0.492574 0.098389 0.490594 0.096648 0.490099 0.096648 0.488119 0.094906 0.487624 0.094906 0.486139 0.0936 0.485644 0.0936 0.483663 0.091859 0.483168 0.091859 0.481188 0.090118 0.480693 0.090118 0.478713 0.088376 0.478218 0.088376 0.476733 0.08707 0.476238 0.08707 0.474257 0.085329 0.473762 0.085329 0.471782 0.083587 0.471287 0.083587 0.469802 0.082281 0.469307 0.082281 0.467327 0.08054 0.466832 0.08054 0.464851 0.078798 0.464356 0.078798 0.462871 0.077492 0.462376 0.077492 0.460396 0.075751 0.459901 0.075751 0.457921 0.07401 0.457426 0.07401 0.455446 0.072268 0.45495 0.072268 0.453465 0.070962 0.45297 0.070962 0.45099 0.069221 0.450495 0.069221 0.448515 0.067479 0.44802 0.067479 0.446535 0.066173 0.44604 0.066173 0.444059 0.064432 0.443564 0.064432 0.441584 0.06269 0.441089 0.06269 0.439604 0.061384 0.439109 0.061384 0.437129 0.059643 0.436634 0.059643 0.434653 0.057902 0.434158 0.057902 0.432178 0.05616 0.431683 0.05616 0.430198 0.054854 0.429703 0.054854 0.427723 0.053113 0.427228 0.053113 0.425248 0.051371 0.424752 0.051371 0.423267 0.050065 0.422772 0.050065 0.420792 0.048324 0.420297 0.048324 0.418317 0.046582 0.417822 0.046582 0.416337 0.045276 0.415842 0.045276 0.413861 0.043535 0.413366 0.043535 0.411386 0.041794 0.410891 0.041794 0.409406 0.040488 0.408911 0.040488 0.406931 0.038746 0.406436 0.038746 0.404455 0.037005 0.40396 0.037005 0.40198 0.035263 0.401485 0.035263 0.4 0.033957 0.399505 0.033957 0.397525 0.032216 0.39703 0.032216 0.39505 0.030475
