0 0.300776 0.640929 0.300776 0.641243 0.3011 0.641243 0.3011 0.640929
0 0.480595 0.6199 0.480595 0.620213 0.480918 0.620213
0 0.481889 0.596045 0.481889 0.596359 0.482212 0.596045
0 0.482536 0.581607 0.482536 0.581921 0.482859 0.581921 0.482859 0.581607
0 0.481889 0.57533 0.481889 0.575643 0.482212 0.575643 0.482212 0.57533
0 0.482536 0.56968 0.482859 0.569994 0.482859 0.56968
0 0.482859 0.567169 0.482859 0.567483 0.482536 0.567797 0.482536 0.56811 0.482859 0.56811 0.482859 0.567797 0.483182 0.567483 0.483182 0.567169
0 0.483506 0.541745 0.483506 0.542059 0.483829 0.541745
0 0.483182 0.536095 0.483182 0.536409 0.483506 0.536409 0.483506 0.536095
0 0.483182 0.53484 0.483182 0.535154 0.483506 0.535154 0.483506 0.53484
0 0.483829 0.512869 0.483829 0.513183 0.484153 0.513183 0.484153 0.512869
0 0.484799 0.492153 0.484799 0.492467 0.485123 0.492467 0.485123 0.492153
0 0.484799 0.473635 0.484799 0.473949 0.485123 0.473635
0 0.486093 0.438795 0.486093 0.439109 0.486417 0.439109 0.486417 0.438795
0 0.486417 0.425612 0.486417 0.42624 0.48674 0.42624 0.48674 0.425612
0 0.486093 0.42467 0.486093 0.424984 0.486417 0.424984 0.486417 0.42467
0 0.486093 0.419021 0.486093 0.419648 0.48577 0.419962 0.486093 0.420276 0.486093 0.419335 0.486417 0.419021
0 0.450194 0.344633 0.450194 0.344947 0.450517 0.344947 0.450517 0.344633
0 0.446313 0.344633 0.446313 0.344947 0.446636 0.344947 0.446636 0.344633
0 0.450194 0.343377 0.450194 0.343691 0.450517 0.343691 0.450517 0.343377
0 0.448254 0.343377 0.448254 0.343691 0.44793 0.344005 0.44793 0.344319 0.447607 0.344633 0.447283 0.344633 0.447283 0.344947 0.447607 0.344947 0.447607 0.344633 0.44793 0.344319 0.448254 0.344633 0.448254 0.344947 0.449224 0.344947 0.449224 0.344005 0.4489 0.344005 0.448577 0.343691 0.448577 0.343377
0 0.446313 0.343377 0.446313 0.344005 0.446636 0.344005 0.446636 0.343377
0 0.324709 0.343063 0.324709 0.343377 0.325032 0.343377 0.325032 0.343063
0 0.453752 0.342122 0.453752 0.342436 0.454075 0.342436 0.454075 0.342122
0 0.324709 0.341808 0.324709 0.342122 0.325032 0.342122 0.325032 0.341808
0 0.322768 0.341808 0.322768 0.342122 0.323092 0.342122 0.323092 0.341808
0 0.288486 0.341808 0.288486 0.342122 0.288163 0.342436 0.288163 0.34275 0.288486 0.34275 0.288486 0.342436 0.28881 0.342122 0.28881 0.341808
0 0.440492 0.34118 0.440492 0.341494 0.440815 0.341808 0.440815 0.342122 0.441138 0.342122 0.441138 0.341808 0.440815 0.341494 0.440815 0.34118
0 0.32762 0.340552 0.32762 0.340866 0.327943 0.340866 0.327943 0.340552
0 0.311125 0.340552 0.311125 0.340866 0.311449 0.340866 0.311449 0.340552
0 0.290103 0.340552 0.290103 0.341494 0.28978 0.341808 0.289457 0.341808 0.289457 0.342122 0.28978 0.342122 0.28978 0.341808 0.290103 0.341494 0.290427 0.341808 0.290427 0.342122 0.29075 0.342122 0.29075 0.341808 0.290427 0.341494 0.290427 0.340552
0 0.288163 0.340552 0.288163 0.340866 0.288486 0.340866 0.288486 0.340552
0 0.288163 0.339611 0.288163 0.339925 0.288486 0.339925 0.288486 0.339611
0 0.443079 0.338983 0.443079 0.339297 0.443402 0.339297 0.443402 0.338983
0 0.319534 0.338355 0.319534 0.338669 0.319858 0.338669 0.319858 0.338355
0 0.295602 0.338355 0.295602 0.338669 0.295925 0.338669 0.295925 0.338355
0 0.294631 0.338355 0.294631 0.338669 0.294955 0.338669 0.294955 0.338355
0 0.294631 0.3371 0.294631 0.337414 0.294955 0.337414 0.294955 0.3371
0 0.285899 0.336786 0.285899 0.3371 0.286223 0.3371 0.286223 0.336786
0 0.395537 0.336158 0.395537 0.336472 0.39586 0.336158
0 0.319211 0.336158 0.319211 0.336472 0.319534 0.336786 0.319534 0.3371 0.319858 0.3371 0.319858 0.336786 0.319534 0.336472 0.319534 0.336158
0 0.322445 0.335844 0.322122 0.336158 0.322445 0.336472
0 0.312096 0.335844 0.311772 0.336158 0.312096 0.336158
0 0.294308 0.335844 0.294631 0.336158 0.294631 0.335844
0 0.284929 0.335844 0.284929 0.336158 0.285252 0.336158 0.285252 0.335844
0 0.283959 0.335217 0.283959 0.33553 0.284282 0.335217
0 0.408473 0.334903 0.408473 0.335217 0.408797 0.335217 0.408797 0.334903
0 0.395213 0.334903 0.395213 0.335217 0.395537 0.335217 0.395537 0.334903
0 0.377102 0.334903 0.377102 0.335217 0.377426 0.335217 0.377426 0.334903
0 0.337646 0.334903 0.337646 0.335217 0.337969 0.335217 0.337969 0.334903
0 0.324386 0.334903 0.324386 0.335217 0.324709 0.335217 0.324709 0.334903
0 0.402005 0.334589 0.402005 0.33553 0.402329 0.33553 0.402329 0.334589
0 0.284929 0.334589 0.284929 0.334903 0.285252 0.334903 0.285252 0.334589
0 0.333765 0.333647 0.333765 0.333961 0.334088 0.333961 0.334088 0.333647
0 0.328913 0.333647 0.328913 0.333961 0.329237 0.333961
0 0.311772 0.333647 0.311772 0.333961 0.312096 0.333961 0.312096 0.333647
0 0.363195 0.333333 0.363195 0.333647 0.363519 0.333647 0.363519 0.333333
0 0.283959 0.333333 0.283959 0.333647 0.284282 0.333647 0.284282 0.333333
0 0.404592 0.332706 0.404592 0.333019 0.404916 0.333019 0.404916 0.332706
0 0.350906 0.332706 0.350906 0.333019 0.351229 0.333019 0.351229 0.332706
0 0.284929 0.332392 0.284929 0.332706 0.285252 0.332706 0.285252 0.332392
0 0.446636 0.332078 0.446636 0.332392 0.44696 0.332392 0.44696 0.332078
0 0.419793 0.33145 0.419793 0.331764 0.420116 0.331764 0.420116 0.33145
0 0.333441 0.33145 0.333441 0.331764 0.333765 0.331764 0.333765 0.33145
0 0.296248 0.331136 0.296248 0.33145 0.296572 0.33145 0.296572 0.331136
0 0.285576 0.331136 0.285576 0.33145 0.285899 0.33145 0.285899 0.331136
0 0.391979 0.330508 0.391979 0.330822 0.392303 0.330822 0.392303 0.330508
0 0.358344 0.330508 0.358344 0.330822 0.358668 0.330822 0.358668 0.330508
0 0.385188 0.330195 0.385188 0.330508 0.385511 0.330508 0.385511 0.330195
0 0.341203 0.330195 0.341203 0.330508 0.341527 0.330508 0.341527 0.330195
0 0.337322 0.330195 0.337322 0.330508 0.337646 0.330508 0.337646 0.330195
0 0.293984 0.330195 0.293984 0.330508 0.294308 0.330508 0.294308 0.330195
0 0.284605 0.329881 0.284605 0.330195 0.284929 0.330195 0.284929 0.329881
0 0.347671 0.329253 0.347671 0.329567 0.347995 0.329567 0.347995 0.329253
0 0.336999 0.329253 0.336999 0.329567 0.337322 0.329567 0.337322 0.329253
0 0.333441 0.329253 0.333441 0.329567 0.333765 0.329567 0.333765 0.329253
0 0.34282 0.328939 0.34282 0.329253 0.343144 0.329253 0.343144 0.328939
0 0.34088 0.328939 0.34088 0.329567 0.341527 0.329567 0.341527 0.328939
0 0.293984 0.328939 0.293984 0.329253 0.294308 0.329253 0.294308 0.328939
0 0.282342 0.327684 0.282342 0.327997 0.282665 0.327997 0.282665 0.327684
0 0.230918 0.326742 0.230918 0.334903 0.230595 0.335217 0.230595 0.348399 0.230272 0.348713 0.230272 0.36221 0.229948 0.362524 0.229948 0.375706 0.229625 0.37602 0.229625 0.389517 0.229301 0.389831 0.229301 0.403013 0.228978 0.403327 0.228978 0.41651 0.228655 0.416824 0.228655 0.43032 0.228331 0.430634 0.228331 0.443817 0.228008 0.444131 0.228008 0.457627 0.227684 0.457941 0.227684 0.471124 0.227361 0.471438 0.227361 0.484934 0.227038 0.485248 0.227038 0.498431 0.226714 0.498745 0.226714 0.511927 0.226391 0.512241 0.226391 0.525738 0.226067 0.526051 0.226067 0.539234 0.225744 0.539548 0.225744 0.553045 0.22542 0.553358 0.22542 0.566541 0.225097 0.566855 0.225097 0.580352 0.224774 0.580665 0.224774 0.593848 0.22445 0.594162 0.22445 0.607345 0.224127 0.607659 0.224127 0.621155 0.223803 0.621469 0.223803 0.634652 0.22348 0.634965 0.22348 0.638418 0.226067 0.638418 0.226391 0.638104 0.226714 0.638418 0.227038 0.638418 0.227361 0.638104 0.227684 0.638418 0.228655 0.638418 0.228978 0.638732 0.229301 0.638418 0.230595 0.638418 0.230918 0.638732 0.231242 0.638418 0.231565 0.638732 0.231889 0.638732 0.232212 0.638418 0.232536 0.638732 0.232859 0.638732 0.233182 0.638418 0.234799 0.638418 0.235123 0.638732 0.235123 0.639046 0.23577 0.639046 0.23577 0.638732 0.236093 0.638418 0.23674 0.638418 0.237063 0.638732 0.237387 0.638732 0.23771 0.638418 0.23868 0.638418 0.239004 0.638732 0.239004 0.639046 0.239327 0.639046 0.239327 0.638732 0.239651 0.638418 0.240621 0.638418 0.240944 0.638732 0.241268 0.638732 0.241591 0.638418 0.241915 0.638732 0.241915 0.639046 0.242238 0.63936 0.242238 0.639046 0.242561 0.638732 0.242885 0.639046 0.242885 0.63936 0.243208 0.63936 0.243208 0.639046 0.243532 0.638732 0.243855 0.639046 0.243855 0.63936 0.244179 0.63936 0.244179 0.639046 0.244502 0.638732 0.244825 0.639046 0.245796 0.639046 0.246119 0.63936 0.246119 0.639987 0.256145 0.639987 0.256468 0.640301 0.269405 0.640301 0.269728 0.639987 0.270052 0.639987 0.270375 0.640301 0.271345 0.640301 0.271669 0.639987 0.272639 0.639987 0.272962 0.640301 0.273286 0.640301 0.273286 0.639987 0.273609 0.639674 0.273933 0.639674 0.274256 0.639987 0.274256 0.640615 0.283959 0.640615 0.284282 0.640929 0.297219 0.640929 0.297219 0.640301 0.297865 0.639674 0.298189 0.639674 0.298836 0.640301 0.299159 0.640301 0.299483 0.639987 0.300453 0.639987 0.300776 0.640301 0.301423 0.640301 0.301746 0.639987 0.30207 0.640301 0.30207 0.640615 0.302393 0.640615 0.302717 0.640301 0.30304 0.640301 0.303364 0.639987 0.30401 0.639987 0.304334 0.640301 0.304334 0.640929 0.304657 0.641243 0.312096 0.641243 0.312419 0.641557 0.326326 0.641557 0.326649 0.641871 0.329884 0.641871 0.330207 0.641557 0.330207 0.640929 0.33053 0.640615 0.333765 0.640615 0.334088 0.640929 0.334411 0.640929 0.334735 0.640615 0.340233 0.640615 0.340556 0.640929 0.354463 0.640929 0.354787 0.641243 0.354787 0.641871 0.35511 0.641871 0.35511 0.641557 0.355433 0.641243 0.367723 0.641243 0.368047 0.640929 0.36837 0.640929 0.368693 0.641243 0.372898 0.641243 0.373221 0.641557 0.374838 0.641557 0.375162 0.641243 0.376132 0.641243 0.376455 0.641557 0.382277 0.641557 0.3826 0.641871 0.396507 0.641871 0.396831 0.642185 0.410414 0.642185 0.410737 0.642498 0.413972 0.642498 0.414295 0.642185 0.417206 0.642185 0.417529 0.642498 0.424644 0.642498 0.424968 0.642812 0.438551 0.642812 0.438875 0.643126 0.439198 0.643126 0.439521 0.64344 0.440168 0.64344 0.440492 0.643126 0.446636 0.643126 0.44696 0.64344 0.447283 0.64344 0.447607 0.643126 0.448577 0.643126 0.4489 0.64344 0.449224 0.64344 0.449547 0.643126 0.449871 0.64344 0.450194 0.64344 0.450194 0.643126 0.450517 0.642812 0.450841 0.643126 0.452458 0.643126 0.452781 0.64344 0.458603 0.64344 0.458926 0.643754 0.45925 0.643754 0.459573 0.64344 0.462807 0.64344 0.463131 0.643754 0.463454 0.643754 0.463777 0.64344 0.464424 0.64344 0.464748 0.643754 0.465395 0.643754 0.465071 0.64344 0.465395 0.643126 0.466688 0.643126 0.467012 0.64344 0.468305 0.64344 0.468629 0.643754 0.468952 0.643754 0.469276 0.64344 0.476067 0.64344 0.476391 0.643126 0.476714 0.643126 0.477038 0.642812 0.477361 0.642812 0.478331 0.641871 0.478331 0.641557 0.478655 0.641243 0.478655 0.640929 0.478978 0.640615 0.478978 0.637476 0.479301 0.637163 0.479301 0.628688 0.479625 0.628374 0.479948 0.628374 0.479948 0.62806 0.479625 0.627746 0.479625 0.627433 0.479301 0.627119 0.479301 0.626805 0.479625 0.626491 0.479948 0.626491 0.479948 0.625863 0.480272 0.625549 0.480272 0.624294 0.479948 0.62398 0.480272 0.623666 0.480272 0.623352 0.479948 0.623038 0.479948 0.622411 0.479625 0.622097 0.479625 0.621783 0.479948 0.621469 0.479948 0.61833 0.480272 0.618016 0.480595 0.618016 0.480272 0.618016 0.479948 0.617702 0.479948 0.617075 0.479625 0.616761 0.479948 0.616447 0.479948 0.615819 0.479625 0.615505 0.479625 0.615191 0.480272 0.614564 0.480595 0.614564 0.480595 0.61425 0.480272 0.613936 0.480272 0.613622 0.480595 0.613308 0.480595 0.612367 0.480272 0.612053 0.480272 0.610169 0.480595 0.609856 0.480272 0.609542 0.480272 0.608914 0.480595 0.6086 0.480595 0.608286 0.480272 0.607972 0.480595 0.607659 0.480595 0.60452 0.480272 0.604206 0.480272 0.603892 0.480595 0.603578 0.480595 0.603264 0.480272 0.60295 0.480595 0.602637 0.480595 0.602323 0.480272 0.602009 0.480272 0.600439 0.480595 0.600126 0.481242 0.600126 0.481565 0.599812 0.481889 0.599812 0.482212 0.599498 0.482212 0.59887 0.481889 0.59887 0.481565 0.599184 0.481565 0.599812 0.481242 0.600126 0.480918 0.599812 0.480595 0.599812 0.480272 0.599498 0.480272 0.597615 0.480595 0.597301 0.480918 0.597301 0.480918 0.596987 0.480595 0.596987 0.480272 0.596673 0.480918 0.596045 0.480595 0.595731 0.480595 0.595104 0.480918 0.59479 0.480595 0.594476 0.480595 0.594162 0.480918 0.593848 0.481242 0.593848 0.481242 0.59322 0.480918 0.592906 0.481242 0.592593 0.480595 0.591965 0.480595 0.590082 0.480918 0.589768 0.481242 0.589768 0.480595 0.58914 0.480595 0.587257 0.480918 0.586943 0.480918 0.586629 0.481242 0.586315 0.480918 0.586001 0.480918 0.58506 0.480595 0.584746 0.480918 0.584432 0.480918 0.582549 0.481242 0.582235 0.480918 0.581921 0.480918 0.581607 0.481242 0.581293 0.480918 0.580979 0.480918 0.580352 0.481242 0.580038 0.480918 0.579724 0.480918 0.579096 0.481242 0.578782 0.480918 0.578468 0.480918 0.578154 0.481242 0.577841 0.480918 0.577527 0.480918 0.576899 0.481242 0.576585 0.480918 0.576271 0.480918 0.57533 0.481242 0.575016 0.481242 0.572819 0.480918 0.572505 0.481242 0.572191 0.481242 0.569994 0.480918 0.56968 0.481565 0.569052 0.481242 0.568738 0.481565 0.568424 0.481242 0.56811 0.481565 0.567797 0.481565 0.566855 0.481889 0.566541 0.481889 0.565913 0.482212 0.565599 0.482859 0.565599 0.482536 0.565286 0.482536 0.563716 0.482859 0.563402 0.482859 0.562461 0.482536 0.562461 0.482212 0.562147 0.482536 0.561833 0.482859 0.561833 0.482859 0.561519 0.482536 0.561519 0.482212 0.561205 0.482212 0.560891 0.482536 0.560578 0.482859 0.560578 0.482859 0.560264 0.482536 0.560264 0.482212 0.55995 0.482212 0.559636 0.482536 0.559322 0.482859 0.559636 0.482859 0.559322 0.482536 0.559322 0.482212 0.559008 0.482212 0.558694 0.482536 0.55838 0.482859 0.55838 0.482859 0.558067 0.482536 0.558067 0.482212 0.557753 0.482212 0.557439 0.482536 0.557125 0.482859 0.557125 0.482859 0.556811 0.482536 0.556497 0.482536 0.556183 0.482212 0.555869 0.482212 0.555556 0.482859 0.554928 0.483182 0.554928 0.483182 0.554614 0.482859 0.5543 0.482859 0.553986 0.483182 0.553672 0.483182 0.553358 0.482536 0.552731 0.482536 0.550534 0.482859 0.55022 0.482859 0.549906 0.483182 0.549592 0.483182 0.549278 0.482859 0.548964 0.482859 0.54865 0.483182 0.548336 0.483506 0.548336 0.483506 0.548023 0.483182 0.548023 0.482859 0.547709 0.482859 0.546453 0.483182 0.546139 0.483506 0.546139 0.483506 0.545825 0.483182 0.545825 0.482859 0.545512 0.482859 0.545198 0.483182 0.544884 0.483506 0.544884 0.483506 0.54457 0.483182 0.54457 0.482859 0.544256 0.482212 0.544256 0.481889 0.543942 0.481889 0.543628 0.482212 0.543315 0.482859 0.543315 0.482859 0.543001 0.482536 0.542687 0.482536 0.542373 0.482212 0.542373 0.481889 0.542059 0.482212 0.541745 0.482212 0.541431 0.482536 0.541117 0.482859 0.541117 0.482859 0.540804 0.483182 0.54049 0.483506 0.54049 0.483506 0.540176 0.483829 0.539862 0.483829 0.539548 0.483506 0.539548 0.483506 0.539862 0.483182 0.540176 0.482859 0.539862 0.482859 0.539548 0.482536 0.539234 0.482536 0.53892 0.482859 0.538606 0.482859 0.538293 0.482536 0.537979 0.482536 0.53484 0.482212 0.534526 0.482212 0.532643 0.482536 0.532329 0.482859 0.532643 0.482859 0.532957 0.483182 0.532957 0.483182 0.532643 0.482859 0.532643 0.482536 0.532329 0.482536 0.532015 0.482859 0.531701 0.483182 0.531701 0.483182 0.531387 0.482859 0.531387 0.482536 0.531073 0.482536 0.53076 0.482859 0.530446 0.483182 0.530446 0.482859 0.530446 0.482536 0.53076 0.482212 0.530446 0.482212 0.528562 0.482536 0.528249 0.482536 0.526993 0.482859 0.526679 0.482859 0.526365 0.482536 0.526051 0.482536 0.52511 0.483182 0.524482 0.483182 0.524168 0.482859 0.523854 0.482859 0.52354 0.482536 0.523227 0.482536 0.521343 0.482859 0.52103 0.482859 0.520088 0.482536 0.519774 0.482536 0.518832 0.482859 0.518519 0.482859 0.518205 0.482536 0.517891 0.482536 0.516635 0.482859 0.516321 0.482859 0.516008 0.482536 0.515694 0.482536 0.51538 0.482859 0.515066 0.482859 0.514438 0.483182 0.514124 0.483182 0.513183 0.482859 0.512869 0.483182 0.512555 0.483182 0.511927 0.482859 0.511613 0.482859 0.506905 0.483182 0.506591 0.483506 0.506591 0.483506 0.505964 0.483182 0.505964 0.482859 0.50565 0.482859 0.503139 0.483182 0.502825 0.483182 0.502511 0.482859 0.502197 0.483506 0.501569 0.483506 0.501255 0.484153 0.500628 0.484153 0.500314 0.483829 0.5 0.484153 0.499686 0.484476 0.499686 0.484476 0.498745 0.484799 0.498431 0.484799 0.497489 0.485123 0.497175 0.485123 0.496861 0.484799 0.496547 0.484799 0.496234 0.484476 0.496234 0.484153 0.49592 0.484153 0.495606 0.483182 0.494664 0.483182 0.494036 0.483506 0.493723 0.483506 0.493409 0.483182 0.493095 0.483182 0.492781 0.483506 0.492467 0.483829 0.492467 0.483829 0.492153 0.483506 0.492153 0.483182 0.491839 0.483182 0.490584 0.483506 0.49027 0.483829 0.49027 0.483829 0.489956 0.483506 0.489956 0.483182 0.489642 0.483182 0.487445 0.483829 0.486817 0.483829 0.486503 0.483506 0.48619 0.483506 0.484934 0.483829 0.48462 0.483829 0.484306 0.484153 0.483992 0.484476 0.483992 0.484476 0.481795 0.484799 0.481481 0.484799 0.481168 0.484476 0.480854 0.484476 0.479598 0.484153 0.479284 0.484153 0.47897 0.484476 0.478657 0.484476 0.478343 0.483829 0.478343 0.483506 0.478029 0.484153 0.477401 0.484153 0.477087 0.483829 0.477401 0.483506 0.477087 0.483506 0.47646 0.484153 0.475832 0.484153 0.47489 0.483829 0.474576 0.483829 0.474262 0.483506 0.473949 0.483829 0.473635 0.484153 0.473635 0.484153 0.473321 0.484476 0.473007 0.485123 0.473007 0.485123 0.472693 0.485446 0.472379 0.485446 0.467357 0.48577 0.467043 0.48577 0.466729 0.485446 0.466416 0.485446 0.466102 0.48577 0.465788 0.48577 0.465474 0.485446 0.46516 0.485446 0.460766 0.485123 0.460766 0.485446 0.46108 0.485123 0.461394 0.484476 0.461394 0.484153 0.46108 0.484153 0.460452 0.484476 0.460138 0.484476 0.459824 0.484799 0.45951 0.485123 0.459824 0.485446 0.45951 0.485123 0.459196 0.485446 0.458883 0.485446 0.458569 0.485123 0.458569 0.485123 0.458883 0.484799 0.459196 0.484476 0.458883 0.484476 0.457941 0.484799 0.457627 0.485446 0.457627 0.485446 0.457313 0.48577 0.456999 0.48577 0.456058 0.486093 0.455744 0.486093 0.445072 0.48577 0.444758 0.48577 0.444444 0.485446 0.444444 0.485446 0.444758 0.485123 0.445072 0.484799 0.444758 0.484799 0.444131 0.485123 0.443817 0.48577 0.443817 0.48577 0.44162 0.485446 0.441306 0.485446 0.440678 0.485123 0.440678 0.484799 0.440364 0.484799 0.44005 0.485123 0.439736 0.485123 0.439422 0.485446 0.439109 0.485446 0.436911 0.48577 0.436598 0.486093 0.436598 0.486093 0.436284 0.48577 0.436284 0.48577 0.436598 0.485446 0.436911 0.485123 0.436598 0.485123 0.434401 0.485446 0.434087 0.48577 0.434401 0.48577 0.434087 0.485446 0.434087 0.485123 0.433773 0.485123 0.433459 0.484799 0.433145 0.485123 0.432831 0.485123 0.430634 0.485446 0.43032 0.48577 0.43032 0.48577 0.430006 0.485446 0.430006 0.485123 0.429692 0.485123 0.428437 0.485446 0.428123 0.48577 0.428123 0.48577 0.427809 0.485446 0.427809 0.485123 0.427495 0.485123 0.427181 0.485446 0.426868 0.485446 0.426554 0.485123 0.42624 0.485123 0.425926 0.485446 0.425612 0.485446 0.42467 0.485123 0.424357 0.485446 0.424043 0.485446 0.423729 0.48577 0.423415 0.486093 0.423729 0.486417 0.423729 0.486417 0.423415 0.486093 0.423415 0.48577 0.423101 0.486093 0.422787 0.486417 0.422787 0.486417 0.422473 0.486093 0.422159 0.486093 0.421846 0.48577 0.421846 0.485446 0.421532 0.485446 0.421218 0.485123 0.420904 0.485123 0.419335 0.485446 0.419021 0.485446 0.417765 0.48577 0.417451 0.486093 0.417765 0.486093 0.418079 0.486417 0.418079 0.486417 0.417765 0.486093 0.417765 0.48577 0.417451 0.48577 0.417137 0.486093 0.416824 0.486417 0.416824 0.486417 0.41651 0.486093 0.41651 0.486093 0.416824 0.48577 0.417137 0.485446 0.416824 0.485446 0.416196 0.48577 0.415882 0.486093 0.415882 0.486093 0.415568 0.48577 0.415568 0.485446 0.415254 0.485446 0.413685 0.48577 0.413371 0.486093 0.413371 0.486093 0.413057 0.48577 0.413057 0.485446 0.412743 0.485446 0.410232 0.48577 0.409918 0.486093 0.409918 0.486093 0.409605 0.48577 0.409605 0.485446 0.409291 0.485446 0.408977 0.48577 0.408663 0.486093 0.408663 0.486093 0.408349 0.48577 0.408349 0.485446 0.408035 0.48577 0.407721 0.48577 0.407407 0.485446 0.407094 0.485446 0.40678 0.48577 0.406466 0.48577 0.406152 0.486093 0.405838 0.486417 0.406152 0.486417 0.407407 0.48674 0.407407 0.48674 0.406152 0.486417 0.406152 0.486093 0.405838 0.48674 0.40521 0.487063 0.40521 0.487063 0.403641 0.48674 0.403641 0.48674 0.403955 0.486417 0.404269 0.486417 0.404583 0.486093 0.404896 0.48577 0.404583 0.48577 0.402699 0.486093 0.402385 0.486417 0.402699 0.486417 0.403013 0.48674 0.403013 0.48674 0.402699 0.487063 0.402385 0.487063 0.402072 0.487387 0.401758 0.487387 0.401444 0.486417 0.401444 0.486417 0.401758 0.486093 0.402072 0.48577 0.401758 0.48577 0.40113 0.486093 0.400816 0.486417 0.400816 0.486417 0.400502 0.486093 0.400188 0.486093 0.399874 0.486417 0.399561 0.48674 0.399561 0.48674 0.397991 0.486417 0.397991 0.486417 0.398305 0.486093 0.398619 0.48577 0.398305 0.48577 0.397677 0.486093 0.397363 0.48674 0.397363 0.48674 0.396736 0.486417 0.396736 0.486093 0.39705 0.48577 0.396736 0.48577 0.396422 0.486093 0.396108 0.486417 0.396108 0.486417 0.395794 0.48674 0.39548 0.48674 0.395166 0.487063 0.394852 0.487387 0.394852 0.487387 0.392028 0.48771 0.391714 0.48771 0.378531 0.487387 0.378531 0.487063 0.378217 0.487387 0.377903 0.487387 0.377589 0.48771 0.377276 0.488034 0.377276 0.488034 0.376962 0.48771 0.376962 0.487387 0.376648 0.487387 0.376334 0.488034 0.375706 0.488034 0.368801 0.48771 0.368487 0.488034 0.368173 0.488034 0.365035 0.488357 0.364721 0.488034 0.364407 0.488357 0.364093 0.488357 0.363465 0.488034 0.363151 0.488357 0.362837 0.488357 0.361896 0.488034 0.361896 0.48771 0.361582 0.488034 0.361268 0.488357 0.361268 0.488357 0.36064 0.488034 0.360326 0.488357 0.360013 0.488357 0.359699 0.488034 0.359385 0.488034 0.359071 0.488357 0.358757 0.488357 0.358443 0.488034 0.358129 0.488034 0.351538 0.48771 0.351224 0.488034 0.35091 0.488034 0.350282 0.48771 0.349969 0.488034 0.349655 0.488034 0.349341 0.488357 0.349027 0.488357 0.34275 0.488034 0.342436 0.48771 0.342436 0.487387 0.342122 0.487387 0.341808 0.48771 0.341494 0.488034 0.341494 0.488034 0.34118 0.48771 0.34118 0.487387 0.340866 0.487387 0.338355 0.487063 0.338041 0.487063 0.337728 0.487387 0.337414 0.487387 0.335844 0.486093 0.334589 0.486093 0.334275 0.485446 0.334275 0.485123 0.333961 0.484799 0.333961 0.484476 0.333647 0.484153 0.333647 0.483829 0.333333 0.483506 0.333333 0.483182 0.333019 0.482859 0.333019 0.482536 0.333333 0.480595 0.333333 0.480272 0.333019 0.478331 0.333019 0.478008 0.332706 0.477684 0.332706 0.477038 0.333333 0.475097 0.333333 0.474774 0.333019 0.472833 0.333019 0.47251 0.332706 0.47251 0.332392 0.472186 0.332392 0.472186 0.332706 0.471863 0.333019 0.470246 0.333019 0.469922 0.332706 0.468952 0.332706 0.468629 0.333019 0.467658 0.333019 0.467335 0.333333 0.467012 0.333333 0.466688 0.333647 0.466365 0.333647 0.466365 0.333961 0.466041 0.334275 0.465718 0.334275 0.465071 0.334903 0.464748 0.334903 0.464748 0.335844 0.464424 0.336158 0.464101 0.336158 0.464101 0.336472 0.464424 0.336472 0.464748 0.336786 0.464748 0.337414 0.464424 0.337728 0.464424 0.345888 0.464101 0.346202 0.463454 0.346202 0.463454 0.346516 0.462807 0.347144 0.461837 0.347144 0.461514 0.34683 0.460867 0.34683 0.460543 0.347144 0.458279 0.347144 0.457956 0.34683 0.457956 0.346202 0.457633 0.345888 0.457633 0.344947 0.457956 0.344633 0.458603 0.345261 0.45925 0.345261 0.45925 0.344947 0.458603 0.344319 0.458603 0.344005 0.458279 0.344005 0.457956 0.343691 0.457956 0.343377 0.457633 0.343377 0.457633 0.343691 0.457309 0.344005 0.456016 0.344005 0.455692 0.343691 0.454075 0.343691 0.453752 0.343377 0.453428 0.343377 0.453105 0.343691 0.452458 0.343691 0.452135 0.344005 0.452135 0.346516 0.451811 0.34683 0.442109 0.34683 0.441785 0.346516 0.440168 0.346516 0.439845 0.346202 0.439845 0.345574 0.438551 0.345574 0.438228 0.345261 0.438228 0.342436 0.437904 0.342122 0.437904 0.341494 0.437581 0.34118 0.437581 0.339925 0.437257 0.339611 0.437257 0.339297 0.436287 0.339297 0.435964 0.338983 0.431113 0.338983 0.430789 0.339297 0.430142 0.338669 0.430142 0.338355 0.427878 0.338355 0.427555 0.338041 0.427878 0.337728 0.427555 0.338041 0.427232 0.338041 0.426908 0.337728 0.426585 0.338041 0.426261 0.337728 0.426261 0.337414 0.425938 0.337414 0.425614 0.3371 0.425938 0.336786 0.425938 0.336472 0.425614 0.336472 0.425291 0.336786 0.424321 0.336786 0.423997 0.336472 0.423674 0.336786 0.423351 0.336786 0.423027 0.336472 0.422704 0.336786 0.42238 0.336472 0.422057 0.336472 0.421734 0.336786 0.42141 0.336786 0.421087 0.336472 0.419146 0.336472 0.418823 0.336158 0.417529 0.336158 0.417529 0.336472 0.417206 0.336786 0.416559 0.336786 0.416235 0.336472 0.416235 0.336158 0.413972 0.336158 0.413648 0.336472 0.413325 0.336472 0.412678 0.335844 0.412678 0.336158 0.412354 0.336472 0.412031 0.336158 0.410737 0.336158 0.410414 0.336472 0.409444 0.336472 0.40912 0.336158 0.403299 0.336158 0.402975 0.336472 0.402329 0.336472 0.402005 0.336158 0.402005 0.336786 0.401358 0.337414 0.401035 0.337414 0.401035 0.338041 0.400712 0.338355 0.400712 0.338669 0.401035 0.338983 0.400712 0.339297 0.400712 0.344005 0.400388 0.344319 0.399741 0.344319 0.399418 0.344005 0.398124 0.344005 0.397801 0.343691 0.397801 0.339611 0.397477 0.339297 0.397477 0.338983 0.397801 0.338669 0.397801 0.337728 0.397477 0.337414 0.396507 0.337414 0.396507 0.337728 0.396184 0.338041 0.39586 0.338041 0.395537 0.337728 0.395537 0.337414 0.395213 0.337414 0.395213 0.337728 0.39489 0.338041 0.388422 0.338041 0.388422 0.338355 0.388098 0.338669 0.386481 0.338669 0.386481 0.338983 0.388745 0.338983 0.389069 0.339297 0.389392 0.339297 0.389715 0.339611 0.389715 0.344633 0.389392 0.344947 0.388098 0.344947 0.388098 0.345888 0.387775 0.346202 0.387451 0.346202 0.387128 0.346516 0.386805 0.346202 0.386805 0.344947 0.385834 0.344947 0.385511 0.344633 0.385511 0.339611 0.385188 0.339297 0.385188 0.338355 0.384864 0.338041 0.384217 0.338041 0.383894 0.337728 0.382277 0.337728 0.381953 0.337414 0.381953 0.337728 0.38163 0.338041 0.381307 0.338041 0.380983 0.337728 0.380013 0.337728 0.379366 0.3371 0.379366 0.336786 0.379043 0.336472 0.379366 0.336158 0.379043 0.336158 0.379043 0.336472 0.378719 0.336786 0.378396 0.336786 0.378072 0.336472 0.378396 0.336158 0.378072 0.336158 0.378072 0.336472 0.377749 0.336786 0.375809 0.336786 0.375809 0.3371 0.375485 0.337414 0.375162 0.337414 0.374838 0.3371 0.375162 0.336786 0.375162 0.336472 0.374838 0.336786 0.374515 0.336472 0.374515 0.33553 0.373545 0.33553 0.373221 0.335217 0.371928 0.335217 0.371604 0.334903 0.368047 0.334903 0.367723 0.334589 0.367723 0.334275 0.367076 0.334275 0.366753 0.333961 0.366429 0.333961 0.366106 0.334275 0.365459 0.334275 0.365459 0.334589 0.365136 0.334903 0.364812 0.334589 0.364812 0.333961 0.364489 0.333961 0.364489 0.334275 0.364166 0.334589 0.363842 0.334589 0.363519 0.334903 0.361902 0.334903 0.361578 0.334589 0.361902 0.334275 0.361902 0.333961 0.361578 0.333961 0.361578 0.334275 0.361255 0.334589 0.360931 0.334275 0.360931 0.333961 0.360608 0.333961 0.360608 0.334275 0.360285 0.334589 0.359314 0.334589 0.358991 0.334275 0.358991 0.333333 0.358668 0.333333 0.358668 0.334275 0.358344 0.334589 0.356727 0.334589 0.35608 0.333961 0.35608 0.333647 0.355757 0.333647 0.355757 0.333961 0.355433 0.334275 0.353816 0.334275 0.353493 0.334589 0.353169 0.334275 0.352846 0.334275 0.352523 0.334589 0.349612 0.334589 0.349288 0.334275 0.348965 0.334275 0.348965 0.334589 0.348642 0.334903 0.347671 0.334903 0.347671 0.335217 0.347995 0.33553 0.347995 0.336158 0.347671 0.336472 0.347348 0.336472 0.346701 0.3371 0.346378 0.336786 0.346378 0.336158 0.345408 0.336158 0.344761 0.336786 0.34379 0.336786 0.343467 0.336472 0.343144 0.336472 0.34282 0.336158 0.34282 0.335844 0.34282 0.336158 0.342497 0.336472 0.34185 0.336472 0.341527 0.336786 0.337322 0.336786 0.336999 0.3371 0.336675 0.3371 0.336675 0.339297 0.336352 0.339611 0.336028 0.339611 0.336028 0.339925 0.336352 0.340239 0.336028 0.340552 0.336028 0.340866 0.335705 0.34118 0.335382 0.340866 0.335382 0.340552 0.335058 0.340552 0.334735 0.340239 0.335058 0.339925 0.335382 0.339925 0.335382 0.339611 0.335058 0.339611 0.335058 0.339925 0.334735 0.340239 0.334411 0.339925 0.334411 0.339611 0.334088 0.339611 0.334088 0.339925 0.333441 0.340552 0.333118 0.340552 0.333118 0.340866 0.332794 0.34118 0.332794 0.341494 0.332471 0.341808 0.332471 0.342122 0.332147 0.342436 0.331824 0.342122 0.331824 0.341808 0.330854 0.341808 0.330854 0.342122 0.331177 0.342436 0.331177 0.34275 0.330854 0.343063 0.33053 0.343063 0.33053 0.344005 0.330207 0.344319 0.32956 0.344319 0.329237 0.344005 0.327943 0.344005 0.327943 0.344319 0.32762 0.344633 0.327296 0.344319 0.327296 0.344005 0.326973 0.344005 0.326973 0.344319 0.326649 0.344633 0.326326 0.344319 0.326326 0.344005 0.326003 0.344005 0.326003 0.344319 0.325679 0.344633 0.325356 0.344319 0.325356 0.344005 0.324062 0.344005 0.324062 0.344319 0.323739 0.344633 0.323415 0.344319 0.323415 0.344005 0.323092 0.344005 0.323092 0.344319 0.322768 0.344633 0.321798 0.344633 0.321475 0.344319 0.321475 0.344005 0.321151 0.344005 0.321151 0.344319 0.320828 0.344633 0.320505 0.344319 0.320505 0.344005 0.320181 0.344005 0.320181 0.344319 0.319858 0.344633 0.319534 0.344319 0.319534 0.344005 0.318887 0.344005 0.318564 0.344319 0.315653 0.344319 0.31533 0.344005 0.31533 0.343691 0.315006 0.343377 0.31436 0.343377 0.314036 0.343063 0.313713 0.343063 0.313389 0.34275 0.313389 0.342436 0.313066 0.342436 0.312743 0.342122 0.312743 0.341808 0.312419 0.341808 0.312419 0.342122 0.312096 0.342436 0.311772 0.342122 0.311772 0.341808 0.311449 0.341808 0.311449 0.342122 0.311125 0.342436 0.310802 0.342122 0.310802 0.341808 0.310479 0.341494 0.309832 0.341494 0.309508 0.34118 0.309508 0.340552 0.309185 0.340552 0.308862 0.340239 0.308862 0.339925 0.308538 0.339611 0.308862 0.339297 0.308862 0.337728 0.308538 0.337728 0.308215 0.337414 0.308215 0.335844 0.307891 0.33553 0.308215 0.335217 0.308538 0.335217 0.308538 0.334903 0.308215 0.334589 0.308215 0.333647 0.307891 0.333333 0.308215 0.333019 0.308215 0.332706 0.307891 0.332392 0.308215 0.332078 0.308215 0.33145 0.307891 0.331136 0.307891 0.329881 0.307568 0.329567 0.306598 0.329567 0.306274 0.329253 0.302393 0.329253 0.30207 0.328939 0.30207 0.328625 0.301746 0.328625 0.301423 0.328939 0.300129 0.328939 0.299806 0.329253 0.299159 0.329253 0.299159 0.329567 0.298836 0.329881 0.298836 0.330195 0.298512 0.330508 0.298189 0.330195 0.297865 0.330195 0.297865 0.330508 0.298189 0.330508 0.298512 0.330822 0.298189 0.331136 0.297542 0.331136 0.297542 0.33145 0.297219 0.331764 0.297219 0.332078 0.296895 0.332392 0.296248 0.332392 0.296248 0.337414 0.296572 0.337728 0.296572 0.338983 0.296248 0.339297 0.295925 0.339297 0.295925 0.339611 0.295602 0.339925 0.295278 0.339611 0.295278 0.339297 0.294631 0.339297 0.294631 0.340239 0.294308 0.340552 0.293984 0.340552 0.293984 0.340866 0.293661 0.34118 0.293338 0.340866 0.293338 0.340552 0.293014 0.340552 0.293014 0.341494 0.292691 0.341808 0.292367 0.341494 0.292367 0.34118 0.292044 0.34118 0.292044 0.341494 0.292367 0.341808 0.292367 0.342122 0.293338 0.342122 0.293661 0.342436 0.293661 0.34275 0.293338 0.343063 0.292367 0.343063 0.292044 0.343377 0.291397 0.343377 0.291397 0.343691 0.291074 0.344005 0.29075 0.343691 0.290427 0.343691 0.290103 0.344005 0.28978 0.343691 0.28978 0.343377 0.289457 0.343377 0.289457 0.343691 0.289133 0.344005 0.288486 0.344005 0.288163 0.343691 0.288163 0.343377 0.28784 0.343377 0.28784 0.343691 0.287516 0.344005 0.287193 0.343691 0.287193 0.343377 0.286869 0.343063 0.286869 0.34275 0.285576 0.34275 0.285252 0.342436 0.285252 0.342122 0.285576 0.341808 0.285899 0.341808 0.285899 0.341494 0.286223 0.34118 0.286546 0.341494 0.286546 0.341808 0.287193 0.341808 0.286546 0.34118 0.286546 0.340866 0.286223 0.340866 0.285899 0.340552 0.285899 0.339925 0.286223 0.339611 0.286546 0.339611 0.286546 0.339297 0.286223 0.338983 0.286223 0.338669 0.286546 0.338355 0.287516 0.338355 0.287193 0.338041 0.287193 0.337414 0.286869 0.337414 0.286869 0.337728 0.286546 0.338041 0.285252 0.338041 0.284929 0.338355 0.284605 0.338041 0.284605 0.337414 0.284282 0.3371 0.284282 0.336786 0.283635 0.337414 0.283312 0.3371 0.283312 0.335844 0.282988 0.33553 0.282988 0.335217 0.283312 0.334903 0.283312 0.334589 0.282988 0.334275 0.282988 0.333961 0.283312 0.333647 0.283312 0.333333 0.282988 0.333019 0.283312 0.332706 0.283312 0.332078 0.282988 0.331764 0.282988 0.330822 0.282665 0.330508 0.282665 0.330195 0.282342 0.329881 0.282342 0.329567 0.281695 0.328939 0.281695 0.328625 0.281371 0.328625 0.281048 0.328311 0.280078 0.328311 0.279754 0.327997 0.279754 0.327684 0.273609 0.327684 0.273286 0.32737 0.259702 0.32737 0.259379 0.327056 0.245472 0.327056 0.245149 0.326742
